-1.551969266478802467e+02 2.601841087327674784e-07
-1.548512764771722914e+02 5.207758800864398369e-07
-1.545056263064643076e+02 7.821633636755456021e-07
-1.541599761357563523e+02 1.044777052422652410e-06
-1.538143259650483685e+02 1.309035229198221888e-06
-1.534686757943404132e+02 1.575359415581504253e-06
-1.531230256236324294e+02 1.844174581842705109e-06
-1.527773754529244457e+02 2.115909713893124580e-06
-1.524317252822164619e+02 2.390998359436967501e-06
-1.520860751115084781e+02 2.669879302135077335e-06
-1.517404249408005228e+02 2.952997223535460478e-06
-1.513947747700925390e+02 3.240803527857693854e-06
-1.510491245993845837e+02 3.533756918352600913e-06
-1.507034744286765999e+02 3.832324225442754102e-06
-1.503578242579686446e+02 4.136981161192510373e-06
-1.500121740872606608e+02 4.448212955945257976e-06
-1.496665239165526771e+02 4.766515285367260235e-06
-1.493208737458447217e+02 5.092394908146808065e-06
-1.489752235751367095e+02 5.426370587407392748e-06
-1.486295734044287542e+02 5.768973771831818531e-06
-1.482839232337207704e+02 6.120749566812819725e-06
-1.479382730630128151e+02 6.482257500125579578e-06
-1.475926228923048313e+02 6.854072410221293946e-06
-1.472469727215968760e+02 7.236785379986360032e-06
-1.469013225508888922e+02 7.631004633784450392e-06
-1.465556723801809085e+02 8.037356477675814447e-06
-1.462100222094729247e+02 8.456486311129653057e-06
-1.458643720387649694e+02 8.889059600577695245e-06
-1.455187218680569856e+02 9.335762949411053870e-06
-1.451730716973490019e+02 9.797305123409821053e-06
-1.448274215266410465e+02 1.027441818893318441e-05
-1.444817713559330628e+02 1.076785863108562341e-05
-1.441361211852251074e+02 1.127840853105309034e-05
-1.437904710145171236e+02 1.180687677589260641e-05
-1.434448208438091683e+02 1.235410032707159211e-05
-1.430991706731011845e+02 1.292094546313415275e-05
-1.427535205023932008e+02 1.350830917513430453e-05
-1.424078703316852454e+02 1.411712053385647626e-05
-1.420622201609772617e+02 1.474834210822458884e-05
-1.417165699902692779e+02 1.540297140532658211e-05
-1.413709198195613226e+02 1.608204250526264867e-05
-1.410252696488533388e+02 1.678662755094952110e-05
-1.406796194781453551e+02 1.751783845288734193e-05
-1.403339693074373713e+02 1.827682850905077629e-05
-1.399883191367293875e+02 1.906479427898737168e-05
-1.396426689660214322e+02 1.988297728507754049e-05
-1.392970187953134484e+02 2.073266597990792369e-05
-1.389513686246054647e+02 2.161519769341102798e-05
-1.386057184538975093e+02 2.253196064580379178e-05
-1.382600682831895256e+02 2.348439604093764517e-05
-1.379144181124815702e+02 2.447400027440889303e-05
-1.375687679417735865e+02 2.550232715192575925e-05
-1.372231177710656311e+02 2.657099027272820998e-05
-1.368774676003576474e+02 2.768166540702113093e-05
-1.365318174296496920e+02 2.883609304056908087e-05
-1.361861672589417083e+02 3.003608096317530698e-05
-1.358405170882337245e+02 3.128350698150689099e-05
-1.354948669175257407e+02 3.258032172006227600e-05
-1.351492167468177854e+02 3.392855149873398021e-05
-1.348035665761098016e+02 3.533030136616854730e-05
-1.344579164054018179e+02 3.678775819185676284e-05
-1.341122662346938625e+02 3.830319392080298836e-05
-1.337666160639858788e+02 3.987896890800604610e-05
-1.334209658932779234e+02 4.151753541065307139e-05
-1.330753157225699397e+02 4.322144112139597399e-05
-1.327296655518619843e+02 4.499333297983528152e-05
-1.323840153811540006e+02 4.683596096630934937e-05
-1.320383652104460168e+02 4.875218213911335866e-05
-1.316927150397380331e+02 5.074496478302893991e-05
-1.313470648690300493e+02 5.281739265208243770e-05
-1.310014146983220940e+02 5.497266950399805948e-05
-1.306557645276141102e+02 5.721412362388341279e-05
-1.303101143569061549e+02 5.954521266372495459e-05
-1.299644641861981711e+02 6.196952855155362847e-05
-1.296188140154901873e+02 6.449080262528519153e-05
-1.292731638447822320e+02 6.711291088288056045e-05
-1.289275136740742482e+02 6.983987957563055798e-05
-1.285818635033662645e+02 7.267589079892170542e-05
-1.282362133326582807e+02 7.562528842376903477e-05
-1.278905631619503254e+02 7.869258412220654815e-05
-1.275449129912423416e+02 8.188246373991192226e-05
-1.271992628205343863e+02 8.519979379510101629e-05
-1.268536126498264025e+02 8.864962819212071545e-05
-1.265079624791184472e+02 9.223721518614962491e-05
-1.261623123084104634e+02 9.596800471565488213e-05
-1.258166621377024796e+02 9.984765567929991168e-05
-1.254710119669945101e+02 1.038820438168031377e-04
-1.251253617962865405e+02 1.080772695960544266e-04
-1.247797116255785710e+02 1.124396664981827741e-04
-1.244340614548705872e+02 1.169758095041759690e-04
-1.240884112841626319e+02 1.216925239592859110e-04
-1.237427611134546481e+02 1.265968946436886455e-04
-1.233971109427466644e+02 1.316962751479388237e-04
-1.230514607720386806e+02 1.369982976453540207e-04
-1.227058106013307253e+02 1.425108828468280215e-04
-1.223601604306227415e+02 1.482422504218336142e-04
-1.220145102599147577e+02 1.542009296715429083e-04
-1.216688600892067882e+02 1.603957705429167973e-04
-1.213232099184988186e+02 1.668359549964668867e-04
-1.209775597477908491e+02 1.735310088313965948e-04
-1.206319095770828653e+02 1.804908137239259703e-04
-1.202862594063749100e+02 1.877256197681978587e-04
-1.199406092356669262e+02 1.952460583385029675e-04
-1.195949590649589567e+02 2.030631553838080242e-04
-1.192493088942509729e+02 2.111883451431342991e-04
-1.189036587235430034e+02 2.196334842186367339e-04
-1.185580085528350338e+02 2.284108660806714983e-04
-1.182123583821270500e+02 2.375332361358301590e-04
-1.178667082114190947e+02 2.470138070687055145e-04
-1.175210580407111109e+02 2.568662746992199852e-04
-1.171754078700031414e+02 2.671048343724598999e-04
-1.168297576992951718e+02 2.777441977400026108e-04
-1.164841075285872023e+02 2.887996100195064906e-04
-1.161384573578792185e+02 3.002868678150858285e-04
-1.157928071871712632e+02 3.122223373907300663e-04
-1.154471570164632794e+02 3.246229734525995581e-04
-1.151015068457552957e+02 3.375063384187112982e-04
-1.147558566750473119e+02 3.508906223426442391e-04
-1.144102065043393281e+02 3.647946632347291176e-04
-1.140645563336313728e+02 3.792379679642668335e-04
-1.137189061629233890e+02 3.942407337449263830e-04
-1.133732559922154195e+02 4.098238702132536932e-04
-1.130276058215074499e+02 4.260090219119351909e-04
-1.126819556507994804e+02 4.428185915705369017e-04
-1.123363054800914966e+02 4.602757638044894443e-04
-1.119906553093835129e+02 4.784045294574487857e-04
-1.116450051386755575e+02 4.972297105578236997e-04
-1.112993549679675738e+02 5.167769858390868377e-04
-1.109537047972596042e+02 5.370729168737669972e-04
-1.106080546265516347e+02 5.581449748258542629e-04
-1.102624044558436651e+02 5.800215678307250487e-04
-1.099167542851356814e+02 6.027320689568566384e-04
-1.095711041144277260e+02 6.263068447913080648e-04
-1.092254539437197423e+02 6.507772847139426959e-04
-1.088798037730117585e+02 6.761758306714061141e-04
-1.085341536023037889e+02 7.025360076999180928e-04
-1.081885034315958194e+02 7.298924549922880924e-04
-1.078428532608878498e+02 7.582809576245204365e-04
-1.074972030901798661e+02 7.877384788612069389e-04
-1.071515529194719107e+02 8.183031931501907625e-04
-1.068059027487639270e+02 8.500145196589343295e-04
-1.064602525780559432e+02 8.829131564668486276e-04
-1.061146024073479595e+02 9.170411153246333649e-04
-1.057689522366400041e+02 9.524417570522193590e-04
-1.054233020659320204e+02 9.891598274903690667e-04
-1.050776518952240366e+02 1.027241494012736669e-03
-1.047320017245160813e+02 1.066734382665493648e-03
-1.043863515538080975e+02 1.107687615839222711e-03
-1.040407013831001279e+02 1.150151850392272307e-03
-1.036950512123921442e+02 1.194179316463128779e-03
-1.033494010416841888e+02 1.239823856670349816e-03
-1.030037508709762051e+02 1.287140965781261156e-03
-1.026581007002682355e+02 1.336187831016606839e-03
-1.023124505295602660e+02 1.387023372568291137e-03
-1.019668003588522822e+02 1.439708284773497148e-03
-1.016211501881443127e+02 1.494305077518837295e-03
-1.012755000174363289e+02 1.550878118055947939e-03
-1.009298498467283736e+02 1.609493673303258234e-03
-1.005841996760203898e+02 1.670219952189325782e-03
-1.002385495053124203e+02 1.733127148541290050e-03
-9.989289933460445070e+01 1.798287484103520484e-03
-9.954724916389648115e+01 1.865775251670582667e-03
-9.920159899318849739e+01 1.935666858636054350e-03
-9.885594882248054205e+01 2.008040870433996580e-03
-9.851029865177255829e+01 2.082978054166495160e-03
-9.816464848106457453e+01 2.160561422326621669e-03
-9.781899831035659076e+01 2.240876276414156473e-03
-9.747334813964860700e+01 2.324010250526507143e-03
-9.712769796894065166e+01 2.410053354924493983e-03
-9.678204779823266790e+01 2.499098019272554417e-03
-9.643639762752469835e+01 2.591239135858128956e-03
-9.609074745681672880e+01 2.686574102393862219e-03
-9.574509728610875925e+01 2.785202864504237371e-03
-9.539944711540077549e+01 2.887227957880545304e-03
-9.505379694469279173e+01 2.992754549917297710e-03
-9.470814677398483639e+01 3.101890480807537390e-03
-9.436249660327685262e+01 3.214746304097137759e-03
-9.401684643256889728e+01 3.331435326491680692e-03
-9.367119626186091352e+01 3.452073646973750562e-03
-9.332554609115294397e+01 3.576780195083796663e-03
-9.297989592044496021e+01 3.705676768264606642e-03
-9.263424574973700487e+01 3.838888068305069002e-03
-9.228859557902902111e+01 3.976541736607018540e-03
-9.194294540832105156e+01 4.118768388489915666e-03
-9.159729523761308201e+01 4.265701645980665008e-03
-9.125164506690509825e+01 4.417478169608030601e-03
-9.090599489619712870e+01 4.574237688567527743e-03
-9.056034472548914493e+01 4.736123029479903830e-03
-9.021469455478118959e+01 4.903280143524820812e-03
-8.986904438407320583e+01 5.075858131955911408e-03
-8.952339421336522207e+01 5.254009269785618781e-03
-8.917774404265723831e+01 5.437889027620999675e-03
-8.883209387194928297e+01 5.627656091551496396e-03
-8.848644370124129921e+01 5.823472380941132481e-03
-8.814079353053331545e+01 6.025503064157972100e-03
-8.779514335982536011e+01 6.233916571968667678e-03
-8.744949318911737635e+01 6.448884608552842013e-03
-8.710384301840940680e+01 6.670582160274172827e-03
-8.675819284770142303e+01 6.899187501663614497e-03
-8.641254267699346769e+01 7.134882198933085659e-03
-8.606689250628548393e+01 7.377851110771733306e-03
-8.572124233557752859e+01 7.628282386179856440e-03
-8.537559216486954483e+01 7.886367459553915785e-03
-8.502994199416156107e+01 8.152301042689123756e-03
-8.468429182345359152e+01 8.426281113722358662e-03
-8.433864165274562197e+01 8.708508902894084372e-03
-8.399299148203765242e+01 8.999188875027187839e-03
-8.364734131132966866e+01 9.298528708679271865e-03
-8.330169114062171332e+01 9.606739271964395005e-03
-8.295604096991372955e+01 9.924034594684787505e-03
-8.261039079920576000e+01 1.025063183712867157e-02
-8.226474062849777624e+01 1.058675125506756097e-02
-8.191909045778982090e+01 1.093261616114446673e-02
-8.157344028708182293e+01 1.128845288244642933e-02
-8.122779011637385338e+01 1.165449071431627973e-02
-8.088213994566588383e+01 1.203096187032816691e-02
-8.053648977495790007e+01 1.241810142828258384e-02
-8.019083960424994473e+01 1.281614727229981807e-02
-7.984518943354196097e+01 1.322534003091727778e-02
-7.949953926283399142e+01 1.364592301126697771e-02
-7.915388909212600765e+01 1.407814212912865404e-02
-7.880823892141803810e+01 1.452224583500462060e-02
-7.846258875071005434e+01 1.497848503612097398e-02
-7.811693858000208479e+01 1.544711301439793093e-02
-7.777128840929411524e+01 1.592838534048622232e-02
-7.742563823858614569e+01 1.642255978358187971e-02
-7.707998806787817614e+01 1.692989621741836093e-02
-7.673433789717020659e+01 1.745065652230741796e-02
-7.638868772646222283e+01 1.798510448309594001e-02
-7.604303755575423907e+01 1.853350568348987454e-02
-7.569738738504626951e+01 1.909612739635090789e-02
-7.535173721433829996e+01 1.967323847048516733e-02
-7.500608704363033041e+01 2.026510921350369032e-02
-7.466043687292236086e+01 2.087201127131094874e-02
-7.431478670221437710e+01 2.149421750410171819e-02
-7.396913653150640755e+01 2.213200185886418300e-02
-7.362348636079843800e+01 2.278563923877141573e-02
-7.327783619009045424e+01 2.345540536931223913e-02
-7.293218601938248469e+01 2.414157666151704046e-02
-7.258653584867450093e+01 2.484443007230015266e-02
-7.224088567796653138e+01 2.556424296212446781e-02
-7.189523550725856182e+01 2.630129295007413437e-02
-7.154958533655059227e+01 2.705585776671405249e-02
-7.120393516584262272e+01 2.782821510453629618e-02
-7.085828499513463896e+01 2.861864246662775696e-02
-7.051263482442666941e+01 2.942741701356377595e-02
-7.016698465371868565e+01 3.025481540850080350e-02
-6.982133448301071610e+01 3.110111366116700624e-02
-6.947568431230273234e+01 3.196658697061716126e-02
-6.913003414159476279e+01 3.285150956708269426e-02
-6.878438397088679324e+01 3.375615455316528790e-02
-6.843873380017882369e+01 3.468079374477557597e-02
-6.809308362947085413e+01 3.562569751175081317e-02
-6.774743345876287037e+01 3.659113461857047694e-02
-6.740178328805490082e+01 3.757737206574389421e-02
-6.705613311734693127e+01 3.858467493153652089e-02
-6.671048294663896172e+01 3.961330621488420162e-02
-6.636483277593099217e+01 4.066352667944302807e-02
-6.601918260522300841e+01 4.173559469912219849e-02
-6.567353243451502465e+01 4.282976610536932960e-02
-6.532788226380705510e+01 4.394629403699704812e-02
-6.498223209309908555e+01 4.508542879179430751e-02
-6.463658192239111600e+01 4.624741768128487474e-02
-6.429093175168313223e+01 4.743250488832539274e-02
-6.394528158097516268e+01 4.864093132790050372e-02
-6.359963141026719313e+01 4.987293451191759236e-02
-6.325398123955922358e+01 5.112874841750139621e-02
-6.290833106885123982e+01 5.240860335947670340e-02
-6.256268089814327027e+01 5.371272586757348810e-02
-6.221703072743529361e+01 5.504133856842174238e-02
-6.187138055672732406e+01 5.639466007218332105e-02
-6.152573038601934030e+01 5.777290486507202089e-02
-6.118008021531137075e+01 5.917628320700756006e-02
-6.083443004460339409e+01 6.060500103517083015e-02
-6.048877987389542454e+01 6.205925987426751805e-02
-6.014312970318745499e+01 6.353925675201314849e-02
-5.979747953247947834e+01 6.504518412236807989e-02
-5.945182936177150168e+01 6.657722979487112891e-02
-5.910617919106352502e+01 6.813557687101703952e-02
-5.876052902035555547e+01 6.972040368838360036e-02
-5.841487884964758592e+01 7.133188377151225557e-02
-5.806922867893960927e+01 7.297018579038912212e-02
-5.772357850823163972e+01 7.463547352750091179e-02
-5.737792833752365596e+01 7.632790585172521958e-02
-5.703227816681568640e+01 7.804763670035470835e-02
-5.668662799610770975e+01 7.979481506990974971e-02
-5.634097782539974020e+01 8.156958501453399901e-02
-5.599532765469175644e+01 8.337208565249451531e-02
-5.564967748398378689e+01 8.520245118138299045e-02
-5.530402731327581733e+01 8.706081090146494672e-02
-5.495837714256784068e+01 8.894728924729410069e-02
-5.461272697185987113e+01 9.086200582752609889e-02
-5.426707680115189447e+01 9.280507547310543059e-02
-5.392142663044392492e+01 9.477660829378115048e-02
-5.357577645973595537e+01 9.677670974260001169e-02
-5.323012628902797161e+01 9.880548068793346128e-02
-5.288447611832000206e+01 1.008630174940353119e-01
-5.253882594761201830e+01 1.029494121095855808e-01
-5.219317577690404875e+01 1.050647521626275754e-01
-5.184752560619607209e+01 1.072091210633658170e-01
-5.150187543548810254e+01 1.093825981146836074e-01
-5.115622526478013299e+01 1.115852586286391890e-01
-5.081057509407215633e+01 1.138171740499417522e-01
-5.046492492336418678e+01 1.160784120855288259e-01
-5.011927475265621013e+01 1.183690368400918264e-01
-4.977362458194824058e+01 1.206891089573627479e-01
-4.942797441124027102e+01 1.230386857662588568e-01
-4.908232424053228726e+01 1.254178214323745100e-01
-4.873667406982430350e+01 1.278265671133790582e-01
-4.839102389911633395e+01 1.302649711183135328e-01
-4.804537372840836440e+01 1.327330790709527475e-01
-4.769972355770038774e+01 1.352309340753772016e-01
-4.735407338699241819e+01 1.377585768848539893e-01
-4.700842321628444864e+01 1.403160460720970781e-01
-4.666277304557647199e+01 1.429033782009012654e-01
-4.631712287486850244e+01 1.455206079990480905e-01
-4.597147270416052578e+01 1.481677685312191017e-01
-4.562582253345254912e+01 1.508448913720349671e-01
-4.528017236274457247e+01 1.535520067775292541e-01
-4.493452219203660292e+01 1.562891438552679590e-01
-4.458887202132861916e+01 1.590563307327538534e-01
-4.424322185062064960e+01 1.618535947224376270e-01
-4.389757167991268005e+01 1.646809624838607433e-01
-4.355192150920470340e+01 1.675384601813662833e-01
-4.320627133849673385e+01 1.704261136373847185e-01
-4.286062116778876430e+01 1.733439484796785723e-01
-4.251497099708078053e+01 1.762919902830440699e-01
-4.216932082637281098e+01 1.792702647048903253e-01
-4.182367065566483433e+01 1.822787976118349085e-01
-4.147802048495686478e+01 1.853176151998737753e-01
-4.113237031424888812e+01 1.883867441055342706e-01
-4.078672014354091147e+01 1.914862115071949700e-01
-4.044106997283294191e+01 1.946160452171424027e-01
-4.009541980212497236e+01 1.977762737632580703e-01
-3.974976963141699571e+01 2.009669264592701121e-01
-3.940411946070901905e+01 2.041880334630925553e-01
-3.905846929000104240e+01 2.074396258240684965e-01
-3.871281911929307284e+01 2.107217355173971463e-01
-3.836716894858510329e+01 2.140343954647966340e-01
-3.802151877787711953e+01 2.173776395414530604e-01
-3.767586860716914998e+01 2.207515025699537392e-01
-3.733021843646118043e+01 2.241560202999448859e-01
-3.698456826575320378e+01 2.275912293718967694e-01
-3.663891809504522712e+01 2.310571672663754295e-01
-3.629326792433725046e+01 2.345538722388696706e-01
-3.594761775362928091e+01 2.380813832384429396e-01
-3.560196758292131136e+01 2.416397398104783434e-01
-3.525631741221333471e+01 2.452289819838144036e-01
-3.491066724150535805e+01 2.488491501426742525e-01
-3.456501707079738139e+01 2.525002848824612345e-01
-3.421936690008941184e+01 2.561824268490013878e-01
-3.387371672938143519e+01 2.598956165626591375e-01
-3.352806655867346564e+01 2.636398942276337309e-01
-3.318241638796549609e+01 2.674152995252733200e-01
-3.283676621725751232e+01 2.712218713910029000e-01
-3.249111604654954277e+01 2.750596477797193073e-01
-3.214546587584156612e+01 2.789286654146844735e-01
-3.179981570513359657e+01 2.828289595220861985e-01
-3.145416553442561991e+01 2.867605635548609588e-01
-3.110851536371764681e+01 2.907235089023089691e-01
-3.076286519300967015e+01 2.947178245878477876e-01
-3.041721502230169705e+01 2.987435369562140841e-01
-3.007156485159372750e+01 3.028006693501227309e-01
-2.972591468088575084e+01 3.068892417785194504e-01
-2.938026451017777774e+01 3.110092705755938547e-01
-2.903461433946980463e+01 3.151607680531067768e-01
-2.868896416876182798e+01 3.193437421457351877e-01
-2.834331399805385487e+01 3.235581960530170553e-01
-2.799766382734587822e+01 3.278041278776136491e-01
-2.765201365663790867e+01 3.320815302604941399e-01
-2.730636348592993556e+01 3.363903900163879856e-01
-2.696071331522196246e+01 3.407306877687562574e-01
-2.661506314451398580e+01 3.451023975895956553e-01
-2.626941297380600915e+01 3.495054866407425465e-01
-2.592376280309803604e+01 3.539399148219081193e-01
-2.557811263239006649e+01 3.584056344271673855e-01
-2.523246246168209339e+01 3.629025898094128122e-01
-2.488681229097412029e+01 3.674307170547875256e-01
-2.454116212026614363e+01 3.719899436731342601e-01
-2.419551194955816698e+01 3.765801883011224982e-01
-2.384986177885019387e+01 3.812013604219052776e-01
-2.350421160814222432e+01 3.858533601045093797e-01
-2.315856143743425122e+01 3.905360777616123658e-01
-2.281291126672627456e+01 3.952493939321749528e-01
-2.246726109601830146e+01 3.999931790849390323e-01
-2.212161092531032480e+01 4.047672934496294728e-01
-2.177596075460235170e+01 4.095715868743710630e-01
-2.143031058389438215e+01 4.144058987119146331e-01
-2.108466041318640549e+01 4.192700577353262736e-01
-2.073901024247843239e+01 4.241638820844569335e-01
-2.039336007177045573e+01 4.290871792446592226e-01
-2.004770990106248618e+01 4.340397460589185408e-01
-1.970205973035450953e+01 4.390213687712278823e-01
-1.935640955964653642e+01 4.440318231027902129e-01
-1.901075938893855977e+01 4.490708743604268083e-01
-1.866510921823059022e+01 4.541382775776864333e-01
-1.831945904752261356e+01 4.592337776893281598e-01
-1.797380887681464046e+01 4.643571097276842363e-01
-1.762815870610666735e+01 4.695079990477679655e-01
-1.728250853539869070e+01 4.746861615804966461e-01
-1.693685836469071759e+01 4.798913041009829072e-01
-1.659120819398274804e+01 4.851231245128185265e-01
-1.624555802327477139e+01 4.903813121432332167e-01
-1.589990785256679828e+01 4.956655480420008031e-01
-1.555425768185882340e+01 5.009755052798228192e-01
-1.520860751115084852e+01 5.063108492356456214e-01
-1.486295734044287542e+01 5.116712378617653822e-01
-1.451730716973490232e+01 5.170563219263552002e-01
-1.417165699902692744e+01 5.224657452130944124e-01
-1.382600682831895433e+01 5.278991446696503775e-01
-1.348035665761098123e+01 5.333561504949049237e-01
-1.313470648690300457e+01 5.388363861459009030e-01
-1.278905631619503325e+01 5.443394682593151179e-01
-1.244340614548706014e+01 5.498650064584298391e-01
-1.209775597477908349e+01 5.554126030413393256e-01
-1.175210580407111216e+01 5.609818525280035884e-01
-1.140645563336313728e+01 5.665723410465933751e-01
-1.106080546265516240e+01 5.721836455496491780e-01
-1.071515529194719107e+01 5.778153328291917301e-01
-1.036950512123921619e+01 5.834669583202500842e-01
-1.002385495053124309e+01 5.891380646749396766e-01
-9.678204779823268211e+00 5.948281800840469202e-01
-9.332554609115295108e+00 6.005368163297469808e-01
-8.986904438407320228e+00 6.062634665540266310e-01
-8.641254267699345348e+00 6.120076027249172768e-01
-8.295604096991374021e+00 6.177686727879070361e-01
-7.949953926283399142e+00 6.235460974837034875e-01
-7.604303755575424262e+00 6.293392668295297865e-01
-7.258653584867451158e+00 6.351475362494274357e-01
-6.913003414159477167e+00 6.409702223377468089e-01
-6.567353243451502287e+00 6.468065982755040189e-01
-6.221703072743530072e+00 6.526558888757170163e-01
-5.876052902035556080e+00 6.585172652639865731e-01
-5.530402731327581201e+00 6.643898392047357104e-01
-5.184752560619608097e+00 6.702726570801673667e-01
-4.839102389911634106e+00 6.761646935299349126e-01
-4.493452219203660114e+00 6.820648447607771114e-01
-4.147802048495687011e+00 6.879719215529963572e-01
-3.802151877787712131e+00 6.938846419844489910e-01
-3.456501707079738583e+00 6.998016238876176853e-01
-3.110851536371765036e+00 7.057213770628824046e-01
-2.765201365663790600e+00 7.116422952893365350e-01
-2.419551194955817053e+00 7.175626481556374170e-01
-2.073901024247843505e+00 7.234805727332346281e-01
-1.728250853539869292e+00 7.293940651407520015e-01
-1.382600682831895300e+00 7.353009720262052573e-01
-1.036950512123921753e+00 7.411989819857597306e-01
-6.913003414159476501e-01 7.470856169715363038e-01
-3.456501707079738250e-01 7.529582237186001059e-01
0.000000000000000000e+00 7.588139652131568047e-01
3.456501707079738250e-01 7.646498122399471020e-01
6.913003414159476501e-01 7.704625350373993653e-01
1.036950512123921753e+00 7.762486950871367863e-01
1.382600682831895300e+00 7.820046370745975528e-01
1.728250853539869292e+00 7.877264810489167379e-01
2.073901024247843505e+00 7.934101148055068276e-01
2.419551194955817053e+00 7.990511865153515636e-01
2.765201365663790600e+00 8.046450976514369913e-01
3.110851536371765036e+00 8.101869962392456159e-01
3.456501707079738583e+00 8.156717704537130853e-01
3.802151877787712131e+00 8.210940426300227246e-01
4.147802048495687011e+00 8.264481637286343885e-01
4.493452219203660114e+00 8.317282082919368325e-01
4.839102389911634106e+00 8.369279699757617985e-01
5.184752560619608097e+00 8.420409577331298134e-01
5.530402731327581201e+00 8.470603927212482231e-01
5.876052902035556080e+00 8.519792060148078106e-01
6.221703072743530072e+00 8.567900372503598483e-01
6.567353243451502287e+00 8.614852343151648828e-01
6.913003414159477167e+00 8.660568542125746117e-01
7.258653584867451158e+00 8.704966652298329333e-01
7.604303755575424262e+00 8.747961505653419900e-01
7.949953926283399142e+00 8.789465135955468744e-01
8.295604096991374021e+00 8.829386849234648338e-01
8.641254267699345348e+00 8.867633314053224858e-01
8.986904438407320228e+00 8.904108673321335932e-01
9.332554609115295108e+00 8.938714679369027527e-01
9.678204779823268211e+00 8.971350854096897809e-01
1.002385495053124309e+01 9.001914675922136899e-01
1.036950512123921619e+01 9.030301795000015286e-01
1.071515529194719107e+01 9.056406278329556248e-01
1.106080546265516240e+01 9.080120885650436735e-01
1.140645563336313728e+01 9.101337377224333336e-01
1.175210580407111216e+01 9.119946854072079612e-01
1.209775597477908349e+01 9.135840130760657374e-01
1.244340614548706014e+01 9.148908140569700365e-01
1.278905631619503325e+01 9.159042372166281698e-01
1.313470648690300457e+01 9.166135336950868018e-01
1.348035665761098123e+01 9.170081064825946759e-01
1.382600682831895433e+01 9.170775626148619519e-01
1.417165699902692744e+01 9.168117677079032912e-01
1.451730716973490232e+01 9.162009024695548787e-01
1.486295734044287542e+01 9.152355207756031064e-01
1.520860751115084852e+01 9.139066088553779998e-01
1.555425768185882340e+01 9.122056450733568855e-01
1.589990785256679828e+01 9.101246597605655575e-01
1.624555802327477139e+01 9.076562945129013071e-01
1.659120819398274804e+01 9.047938603404009905e-01
1.693685836469071759e+01 9.015313940513933755e-01
1.728250853539869070e+01 8.978637122419517169e-01
1.762815870610666735e+01 8.937864622683290294e-01
1.797380887681464046e+01 8.892961696038677033e-01
1.831945904752261356e+01 8.843902810139235848e-01
1.866510921823059022e+01 8.790672030146382543e-01
1.901075938893855977e+01 8.733263351397613228e-01
1.935640955964653642e+01 8.671680976075968328e-01
1.970205973035450953e+01 8.605939530345024790e-01
2.004770990106248618e+01 8.536064219230876660e-01
2.039336007177045573e+01 8.462090917391756895e-01
2.073901024247843239e+01 8.384066194645000136e-01
2.108466041318640549e+01 8.302047275955070083e-01
2.143031058389438215e+01 8.216101936446595921e-01
2.177596075460235170e+01 8.126308332787681721e-01
2.212161092531032480e+01 8.032754772991772541e-01
2.246726109601830146e+01 7.935539427387695577e-01
2.281291126672627456e+01 7.834769984131415566e-01
2.315856143743425122e+01 7.730563253144761005e-01
2.350421160814222432e+01 7.623044722800471629e-01
2.384986177885019387e+01 7.512348074059698178e-01
2.419551194955816698e+01 7.398614657000386341e-01
2.454116212026614363e+01 7.281992934819428998e-01
2.488681229097412029e+01 7.162637900543238345e-01
2.523246246168209339e+01 7.040710471603407461e-01
2.557811263239006649e+01 6.916376867404516737e-01
2.592376280309803604e+01 6.789807974849250138e-01
2.626941297380600915e+01 6.661178706581872833e-01
2.661506314451398580e+01 6.530667356478143670e-01
2.696071331522196246e+01 6.398454956591266285e-01
2.730636348592993556e+01 6.264724639467920131e-01
2.765201365663790867e+01 6.129661009385284354e-01
2.799766382734587822e+01 5.993449525733419714e-01
2.834331399805385487e+01 5.856275901387922866e-01
2.868896416876182798e+01 5.718325518563708298e-01
2.903461433946980463e+01 5.579782864312496926e-01
2.938026451017777774e+01 5.440830987478922909e-01
2.972591468088575084e+01 5.301650978613010601e-01
3.007156485159372750e+01 5.162421474059071258e-01
3.041721502230169705e+01 5.023318185167742200e-01
3.076286519300967015e+01 4.884513453329257793e-01
3.110851536371764681e+01 4.746175831293635849e-01
3.145416553442561991e+01 4.608469691089651654e-01
3.179981570513359657e+01 4.471554858667137200e-01
3.214546587584156612e+01 4.335586275254589839e-01
3.249111604654954277e+01 4.200713685284565013e-01
3.283676621725751232e+01 4.067081350677211882e-01
3.318241638796549609e+01 3.934827791195962821e-01
3.352806655867346564e+01 3.804085550517191106e-01
3.387371672938143519e+01 3.674980987620072859e-01
3.421936690008941184e+01 3.547634093075709427e-01
3.456501707079738139e+01 3.422158329822282963e-01
3.491066724150535805e+01 3.298660497967587646e-01
3.525631741221333471e+01 3.177240623181432078e-01
3.560196758292131136e+01 3.057991868245130695e-01
3.594761775362928091e+01 2.941000467319804246e-01
3.629326792433725046e+01 2.826345682495448597e-01
3.663891809504522712e+01 2.714099782198943767e-01
3.698456826575320378e+01 2.604328041036987895e-01
3.733021843646118043e+01 2.497088760616286152e-01
3.767586860716914998e+01 2.392433310903367971e-01
3.802151877787711953e+01 2.290406191663524604e-01
3.836716894858510329e+01 2.191045113463103156e-01
3.871281911929307284e+01 2.094381097726420449e-01
3.905846929000104240e+01 2.000438595262840069e-01
3.940411946070901905e+01 1.909235622657732556e-01
3.974976963141699571e+01 1.820783915855739288e-01
4.009541980212497236e+01 1.735089100211276159e-01
4.044106997283294191e+01 1.652150876198923979e-01
4.078672014354091147e+01 1.571963219938103951e-01
4.113237031424888812e+01 1.494514597605011708e-01
4.147802048495686478e+01 1.419788192721462006e-01
4.182367065566483433e+01 1.347762145266748757e-01
4.216932082637281098e+01 1.278409801471478424e-01
4.251497099708078053e+01 1.211699973102862704e-01
4.286062116778876430e+01 1.147597204988539399e-01
4.320627133849673385e+01 1.086062049483395298e-01
4.355192150920470340e+01 1.027051346526350467e-01
4.389757167991268005e+01 9.705185079266590020e-02
4.424322185062064960e+01 9.164138044757588752e-02
4.458887202132861916e+01 8.646846544815071922e-02
4.493452219203660292e+01 8.152759123219453785e-02
4.528017236274457247e+01 7.681301556261203867e-02
4.562582253345254912e+01 7.231879697226469006e-02
4.597147270416052578e+01 6.803882280233707058e-02
4.631712287486850244e+01 6.396683670715798409e-02
4.666277304557647199e+01 6.009646550350779270e-02
4.700842321628444864e+01 5.642124525118254880e-02
4.735407338699241819e+01 5.293464645690374587e-02
4.769972355770038774e+01 4.963009830657470756e-02
4.804537372840836440e+01 4.650101183638995217e-02
4.839102389911633395e+01 4.354080196747265458e-02
4.873667406982430350e+01 4.074290833612938950e-02
4.908232424053228726e+01 3.810081486593758920e-02
4.942797441124027102e+01 3.560806803606667015e-02
4.977362458194824058e+01 3.325829381431544968e-02
5.011927475265621013e+01 3.104521323224669616e-02
5.046492492336418678e+01 2.896265659191846198e-02
5.081057509407215633e+01 2.700457630338211346e-02
5.115622526478013299e+01 2.516505836324776924e-02
5.150187543548810254e+01 2.343833249222097501e-02
5.184752560619607209e+01 2.181878095976899634e-02
5.219317577690404875e+01 2.030094613125839331e-02
5.253882594761201830e+01 1.887953678050603018e-02
5.288447611832000206e+01 1.754943321566676540e-02
5.323012628902797161e+01 1.630569127455574682e-02
5.357577645973595537e+01 1.514354524636365822e-02
5.392142663044392492e+01 1.405840978399216026e-02
5.426707680115189447e+01 1.304588087156627850e-02
5.461272697185987113e+01 1.210173591458691550e-02
5.495837714256784068e+01 1.122193302207302561e-02
5.530402731327581733e+01 1.040260954919897292e-02
5.564967748398378689e+01 9.640079969725386111e-03
5.599532765469175644e+01 8.930833146346892071e-03
5.634097782539974020e+01 8.271529065904371925e-03
5.668662799610770975e+01 7.658995104456547617e-03
5.703227816681568640e+01 7.090221884107445957e-03
5.737792833752365596e+01 6.562358783163113260e-03
5.772357850823163972e+01 6.072709154616998811e-03
5.806922867893960927e+01 5.618725308723928127e-03
5.841487884964758592e+01 5.198003308471911728e-03
5.876052902035555547e+01 4.808277626200549437e-03
5.910617919106352502e+01 4.447415703558625991e-03
5.945182936177150168e+01 4.113412455616293276e-03
5.979747953247947834e+01 3.804384754391803430e-03
6.014312970318745499e+01 3.518565925000939967e-03
6.048877987389542454e+01 3.254300283539230624e-03
6.083443004460339409e+01 3.010037741990192507e-03
6.118008021531137075e+01 2.784328504096392209e-03
6.152573038601934030e+01 2.575817870106573374e-03
6.187138055672732406e+01 2.383241168796946825e-03
6.221703072743529361e+01 2.205418829580255841e-03
6.256268089814327027e+01 2.041251607320322941e-03
6.290833106885123982e+01 1.889715968035790127e-03
6.325398123955922358e+01 1.749859643674335280e-03
6.359963141026719313e+01 1.620797360258960026e-03
6.394528158097516268e+01 1.501706743700793661e-03
6.429093175168313223e+01 1.391824404453153100e-03
6.463658192239111600e+01 1.290442201764023609e-03
6.498223209309908555e+01 1.196903687133858956e-03
6.532788226380705510e+01 1.110600724675746710e-03
6.567353243451502465e+01 1.030970285868404229e-03
6.601918260522300841e+01 9.574914151994059824e-04
6.636483277593099217e+01 8.896823624554038362e-04
6.671048294663896172e+01 8.270978771487710966e-04
6.705613311734693127e+01 7.693266595145197917e-04
6.740178328805490082e+01 7.159889627320346938e-04
6.774743345876287037e+01 6.667343410824364816e-04
6.809308362947085413e+01 6.212395370843754473e-04
6.843873380017882369e+01 5.792065025217072675e-04
6.878438397088679324e+01 5.403605466143907238e-04
6.913003414159476279e+01 5.044486056174935515e-04
6.947568431230273234e+01 4.712376272755993030e-04
6.982133448301071610e+01 4.405130649837384039e-04
7.016698465371868565e+01 4.120774744703568351e-04
7.051263482442666941e+01 3.857492089657558413e-04
7.085828499513463896e+01 3.613612057866227530e-04
7.120393516584262272e+01 3.387598596635557277e-04
7.154958533655059227e+01 3.178039778785573914e-04
7.189523550725856182e+01 2.983638115735043664e-04
7.224088567796653138e+01 2.803201593078422809e-04
7.258653584867450093e+01 2.635635376564284091e-04
7.293218601938248469e+01 2.479934150640284037e-04
7.327783619009045424e+01 2.335175050218417630e-04
7.362348636079843800e+01 2.200511144420523764e-04
7.396913653150640755e+01 2.075165438363122837e-04
7.431478670221437710e+01 1.958425368237877331e-04
7.466043687292236086e+01 1.849637746181565488e-04
7.500608704363033041e+01 1.748204142439593216e-04
7.535173721433829996e+01 1.653576674441832378e-04
7.569738738504626951e+01 1.565254180951915208e-04
7.604303755575423907e+01 1.482778772949888419e-04
7.638868772646222283e+01 1.405732738151885242e-04
7.673433789717020659e+01 1.333735802032318661e-04
7.707998806787817614e+01 1.266442737139250900e-04
7.742563823858614569e+01 1.203541324149734698e-04
7.777128840929411524e+01 1.144750687351693482e-04
7.811693858000208479e+01 1.089820012844090698e-04
7.846258875071005434e+01 1.038527700321807408e-04
7.880823892141803810e+01 9.906809925230028804e-05
7.915388909212600765e+01 9.461161542309280974e-05
7.949953926283399142e+01 9.046993080035258341e-05
7.984518943354196097e+01 8.663280555913317261e-05
8.019083960424994473e+01 8.309340541018350420e-05
8.053648977495790007e+01 7.984867847886418124e-05
8.088213994566588383e+01 7.689987780891081577e-05
8.122779011637385338e+01 7.425326306922373526e-05
8.157344028708182293e+01 7.192101642025230186e-05
8.191909045778982090e+01 6.992239954912911901e-05
8.226474062849777624e+01 6.828515082614698293e-05
8.261039079920576000e+01 6.704704180825334873e-05
8.295604096991372955e+01 6.625731794767048335e-05
8.330169114062171332e+01 6.597731722105070579e-05
8.364734131132966866e+01 6.627861696012296870e-05
8.399299148203765242e+01 6.723509002611656894e-05
8.433864165274562197e+01 6.890131461828899147e-05
8.468429182345359152e+01 7.126251342390237478e-05
8.502994199416156107e+01 7.412824874105728486e-05
8.537559216486954483e+01 7.689736993761253159e-05
8.572124233557752859e+01 7.781545123246800253e-05
8.606689250628548393e+01 7.248709446027953602e-05
8.641254267699346769e+01 7.170856301756549681e-05
8.675819284770142303e+01 6.473876739599903013e-05
8.710384301840940680e+01 5.628984968704425800e-05
8.744949318911737635e+01 4.817984407556802687e-05
8.779514335982536011e+01 4.097528459381915287e-05
8.814079353053331545e+01 3.480143396675952850e-05
8.848644370124129921e+01 2.960208580494273629e-05
8.883209387194928297e+01 2.525581075878308867e-05
8.917774404265723831e+01 2.162935099468299047e-05
8.952339421336522207e+01 1.859957316319318612e-05
8.986904438407320583e+01 1.606058814208924889e-05
9.021469455478118959e+01 1.392442076154047337e-05
9.056034472548914493e+01 1.211920207123099980e-05
9.090599489619712870e+01 1.058666335240470879e-05
9.125164506690509825e+01 9.279671576412382733e-06
9.159729523761308201e+01 8.160072063649355791e-06
9.194294540832105156e+01 7.196897943463871161e-06
9.228859557902902111e+01 6.364923542457423936e-06
9.263424574973700487e+01 5.643511620973032124e-06
9.297989592044496021e+01 5.015700675494611457e-06
9.332554609115294397e+01 4.467483888432459448e-06
9.367119626186091352e+01 3.987239190502332665e-06
9.401684643256889728e+01 3.565277805244240089e-06
9.436249660327685262e+01 3.193485504880101048e-06
9.470814677398483639e+01 2.865036443821297385e-06
9.505379694469279173e+01 2.574163917151024847e-06
9.539944711540077549e+01 2.315975919044231567e-06
9.574509728610875925e+01 2.086306051501705523e-06
9.609074745681672880e+01 1.881592476555907867e-06
9.643639762752469835e+01 1.698779192893127054e-06
9.678204779823266790e+01 1.535235149794514000e-06
9.712769796894065166e+01 1.388687702860309558e-06
9.747334813964860700e+01 1.257167624816313058e-06
9.781899831035659076e+01 1.138963491434603540e-06
9.816464848106457453e+01 1.032583683298689511e-06
9.851029865177255829e+01 9.367246150773330476e-07
9.885594882248054205e+01 8.502440765282705580e-07
9.920159899318849739e+01 7.721387781140371492e-07
9.954724916389648115e+01 7.015253696027849539e-07
9.989289933460445070e+01 6.376243540684074194e-07
1.002385495053124203e+02 5.797463967457776651e-07
1.005841996760203898e+02 5.272806528381076850e-07
1.009298498467283736e+02 4.796847632943998906e-07
1.012755000174363289e+02 4.364762858813190130e-07
1.016211501881443127e+02 3.972253069107009563e-07
1.019668003588522822e+02 3.615480749829775594e-07
1.023124505295602660e+02 3.291014844104893042e-07
1.026581007002682355e+02 2.995783039648295263e-07
1.030037508709762051e+02 2.727030130578950437e-07
1.033494010416841888e+02 2.482281876552067533e-07
1.036950512123921442e+02 2.259313332615539838e-07
1.040407013831001279e+02 2.056121231236030955e-07
1.043863515538080975e+02 1.870899671982987269e-07
1.047320017245160813e+02 1.702018830909193553e-07
1.050776518952240366e+02 1.548006189045824319e-07
1.054233020659320204e+02 1.407529968221103546e-07
1.057689522366400041e+02 1.279384501369978731e-07
1.061146024073479595e+02 1.162477313281394918e-07
1.064602525780559432e+02 1.055817652351975905e-07
1.068059027487639270e+02 9.585062579082763140e-08
1.071515529194719107e+02 8.697263347385393385e-08
1.074972030901798661e+02 7.887354735412776612e-08
1.078428532608878498e+02 7.148584182898070443e-08
1.081885034315958194e+02 6.474806440892198912e-08
1.085341536023037889e+02 5.860425485890037658e-08
1.088798037730117585e+02 5.300342928098614958e-08
1.092254539437197423e+02 4.789911060075944758e-08
1.095711041144277260e+02 4.324891001332876830e-08
1.099167542851356814e+02 3.901414413164184459e-08
1.102624044558436651e+02 3.515949509521743496e-08
1.106080546265516347e+02 3.165269659038977413e-08
1.109537047972596042e+02 2.846425125864991782e-08
1.112993549679675738e+02 2.556717492244288347e-08
1.116450051386755575e+02 2.293676577496394639e-08
1.119906553093835129e+02 2.055039483792954858e-08
1.123363054800914966e+02 1.838730700410993925e-08
1.126819556507994804e+02 1.642845563368202319e-08
1.130276058215074499e+02 1.465634327551912251e-08
1.133732559922154195e+02 1.305487744573035664e-08
1.137189061629233890e+02 1.160924602065608684e-08
1.140645563336313728e+02 1.030580134234307872e-08
1.144102065043393281e+02 9.131951711960085167e-09
1.147558566750473119e+02 8.076073305058726461e-09
1.151015068457552957e+02 7.127421179852875656e-09
1.154471570164632794e+02 6.276056541075919024e-09
1.157928071871712632e+02 5.512774917239105390e-09
1.161384573578792185e+02 4.829042948589468679e-09
1.164841075285872023e+02 4.216943804484060167e-09
1.168297576992951718e+02 3.669118828282714113e-09
1.171754078700031414e+02 3.178724865808001210e-09
1.175210580407111109e+02 2.739380325521249316e-09
1.178667082114190947e+02 2.345130701609377864e-09
1.182123583821270500e+02 1.990396702744045387e-09
1.185580085528350338e+02 1.669941122003392308e-09
1.189036587235430034e+02 1.378825189276553173e-09
1.192493088942509729e+02 1.112373103491437664e-09
1.195949590649589567e+02 8.661349737294432587e-10
1.199406092356669262e+02 6.358432653908478181e-10
1.202862594063749100e+02 4.173810889075869289e-10
1.206319095770828653e+02 2.067440297411365559e-10
