-1.553697517332342386e+02 1.025638546167169984e+00
-1.550241015625262548e+02 1.025638556266194712e+00
-1.546784513918182995e+02 1.025638555973736210e+00
-1.543328012211103442e+02 1.025638555127525997e+00
-1.539871510504023604e+02 1.025638553856200508e+00
-1.536415008796943766e+02 1.025638552161929118e+00
-1.532958507089864213e+02 1.025638550046960473e+00
-1.529502005382784375e+02 1.025638547509285070e+00
-1.526045503675704538e+02 1.025638544547702535e+00
-1.522589001968624700e+02 1.025638541155463379e+00
-1.519132500261545147e+02 1.025638537331526212e+00
-1.515675998554465309e+02 1.025638533067356084e+00
-1.512219496847385471e+02 1.025638528360173440e+00
-1.508762995140305918e+02 1.025638523199764007e+00
-1.505306493433226365e+02 1.025638517579511078e+00
-1.501849991726146527e+02 1.025638511492019456e+00
-1.498393490019066689e+02 1.025638504926850381e+00
-1.494936988311986852e+02 1.025638497874883370e+00
-1.491480486604907014e+02 1.025638490323962593e+00
-1.488023984897827177e+02 1.025638482261084450e+00
-1.484567483190747623e+02 1.025638473676797391e+00
-1.481110981483668070e+02 1.025638464556327678e+00
-1.477654479776588232e+02 1.025638454886123929e+00
-1.474197978069508395e+02 1.025638444647313685e+00
-1.470741476362428841e+02 1.025638433828913509e+00
-1.467284974655349004e+02 1.025638422412295636e+00
-1.463828472948269166e+02 1.025638410377776921e+00
-1.460371971241189613e+02 1.025638397709053518e+00
-1.456915469534109775e+02 1.025638384384289337e+00
-1.453458967827029937e+02 1.025638370380542064e+00
-1.450002466119950100e+02 1.025638355680387193e+00
-1.446545964412870546e+02 1.025638340258520520e+00
-1.443089462705790993e+02 1.025638324088377518e+00
-1.439632960998711155e+02 1.025638307146583772e+00
-1.436176459291631318e+02 1.025638289406282988e+00
-1.432719957584551764e+02 1.025638270841382482e+00
-1.429263455877471927e+02 1.025638251417732683e+00
-1.425806954170392373e+02 1.025638231106408060e+00
-1.422350452463312536e+02 1.025638209879208507e+00
-1.418893950756232698e+02 1.025638187697466730e+00
-1.415437449049152860e+02 1.025638164527498120e+00
-1.411980947342073307e+02 1.025638140334021342e+00
-1.408524445634993469e+02 1.025638115077751822e+00
-1.405067943927913632e+02 1.025638088717592877e+00
-1.401611442220833794e+02 1.025638061214998675e+00
-1.398154940513754241e+02 1.025638032522875775e+00
-1.394698438806674403e+02 1.025638002598696863e+00
-1.391241937099594566e+02 1.025637971393440484e+00
-1.387785435392514728e+02 1.025637938858153797e+00
-1.384328933685435175e+02 1.025637904943792700e+00
-1.380872431978355621e+02 1.025637869592324503e+00
-1.377415930271275784e+02 1.025637832749960232e+00
-1.373959428564195946e+02 1.025637794360387156e+00
-1.370502926857116393e+02 1.025637754360232634e+00
-1.367046425150036839e+02 1.025637712687808012e+00
-1.363589923442957001e+02 1.025637669276445507e+00
-1.360133421735877164e+02 1.025637624060890429e+00
-1.356676920028797326e+02 1.025637576964022912e+00
-1.353220418321717489e+02 1.025637527916613001e+00
-1.349763916614637935e+02 1.025637476839562856e+00
-1.346307414907558098e+02 1.025637423654683023e+00
-1.342850913200478544e+02 1.025637368273629724e+00
-1.339394411493398707e+02 1.025637310613232378e+00
-1.335937909786318869e+02 1.025637250582078108e+00
-1.332481408079239316e+02 1.025637188084735474e+00
-1.329024906372159762e+02 1.025637123023874331e+00
-1.325568404665079925e+02 1.025637055297855538e+00
-1.322111902958000087e+02 1.025636984798361961e+00
-1.318655401250920249e+02 1.025636911416902386e+00
-1.315198899543840412e+02 1.025636835040154793e+00
-1.311742397836760574e+02 1.025636755545322965e+00
-1.308285896129681021e+02 1.025636672808838190e+00
-1.304829394422601467e+02 1.025636586701783814e+00
-1.301372892715521630e+02 1.025636497089628563e+00
-1.297916391008441792e+02 1.025636403834195187e+00
-1.294459889301361954e+02 1.025636306786846585e+00
-1.291003387594282401e+02 1.025636205799243417e+00
-1.287546885887202563e+02 1.025636100709933052e+00
-1.284090384180122726e+02 1.025635991359536758e+00
-1.280633882473043172e+02 1.025635877577230737e+00
-1.277177380765963335e+02 1.025635759187002893e+00
-1.273720879058883639e+02 1.025635636000833184e+00
-1.270264377351803944e+02 1.025635507831724968e+00
-1.266807875644724248e+02 1.025635374482234186e+00
-1.263351373937644553e+02 1.025635235739745799e+00
-1.259894872230564715e+02 1.025635091396131182e+00
-1.256438370523484878e+02 1.025634941225261443e+00
-1.252981868816405324e+02 1.025634784998042948e+00
-1.249525367109325487e+02 1.025634622468910129e+00
-1.246068865402245791e+02 1.025634453393073242e+00
-1.242612363695166096e+02 1.025634277506259906e+00
-1.239155861988086400e+02 1.025634094539756624e+00
-1.235699360281006562e+02 1.025633904213401060e+00
-1.232242858573926725e+02 1.025633706235089759e+00
-1.228786356866847029e+02 1.025633500300367595e+00
-1.225329855159767334e+02 1.025633286096397923e+00
-1.221873353452687496e+02 1.025633063297011427e+00
-1.218416851745607801e+02 1.025632831557788949e+00
-1.214960350038527963e+02 1.025632590531059485e+00
-1.211503848331448410e+02 1.025632339847684982e+00
-1.208047346624368572e+02 1.025632079127491103e+00
-1.204590844917288877e+02 1.025631807976497001e+00
-1.201134343210209181e+02 1.025631525979746383e+00
-1.197677841503129343e+02 1.025631232716154306e+00
-1.194221339796049648e+02 1.025630927742363196e+00
-1.190764838088969952e+02 1.025630610594243430e+00
-1.187308336381890115e+02 1.025630280799607830e+00
-1.183851834674810419e+02 1.025629937861984642e+00
-1.180395332967730724e+02 1.025629581266440882e+00
-1.176938831260651028e+02 1.025629210481111553e+00
-1.173482329553571333e+02 1.025628824949760043e+00
-1.170025827846491495e+02 1.025628424097595692e+00
-1.166569326139411942e+02 1.025628007328359903e+00
-1.163112824432332104e+02 1.025627574025502753e+00
-1.159656322725252409e+02 1.025627123544725183e+00
-1.156199821018172713e+02 1.025626655217469096e+00
-1.152743319311092876e+02 1.025626168356664536e+00
-1.149286817604013038e+02 1.025625662242414915e+00
-1.145830315896933200e+02 1.025625136129847403e+00
-1.142373814189853505e+02 1.025624589250281771e+00
-1.138917312482773809e+02 1.025624020799124070e+00
-1.135460810775693972e+02 1.025623429950184518e+00
-1.132004309068614418e+02 1.025622815841292113e+00
-1.128547807361534581e+02 1.025622177577541372e+00
-1.125091305654454885e+02 1.025621514238876930e+00
-1.121634803947375048e+02 1.025620824861185110e+00
-1.118178302240295352e+02 1.025620108452621748e+00
-1.114721800533215657e+02 1.025619363981299825e+00
-1.111265298826135961e+02 1.025618590378266193e+00
-1.107808797119056123e+02 1.025617786538335130e+00
-1.104352295411976570e+02 1.025616951314199277e+00
-1.100895793704896732e+02 1.025616083517015165e+00
-1.097439291997817037e+02 1.025615181912769014e+00
-1.093982790290737341e+02 1.025614245229492294e+00
-1.090526288583657504e+02 1.025613272144534127e+00
-1.087069786876577666e+02 1.025612261287254023e+00
-1.083613285169498113e+02 1.025611211243963705e+00
-1.080156783462418275e+02 1.025610120545073833e+00
-1.076700281755338580e+02 1.025608987671956740e+00
-1.073243780048258884e+02 1.025607811048584894e+00
-1.069787278341179189e+02 1.025606589050568784e+00
-1.066330776634099351e+02 1.025605319992047182e+00
-1.062874274927019513e+02 1.025604002125820369e+00
-1.059417773219939818e+02 1.025602633650110951e+00
-1.055961271512860122e+02 1.025601212695342435e+00
-1.052504769805780285e+02 1.025599737330646244e+00
-1.049048268098700589e+02 1.025598205557211928e+00
-1.045591766391620894e+02 1.025596615305892412e+00
-1.042135264684541198e+02 1.025594964441375767e+00
-1.038678762977461361e+02 1.025593250750943763e+00
-1.035222261270381665e+02 1.025591471950616063e+00
-1.031765759563301970e+02 1.025589625676003980e+00
-1.028309257856222132e+02 1.025587709486186272e+00
-1.024852756149142579e+02 1.025585720856541982e+00
-1.021396254442062741e+02 1.025583657178097630e+00
-1.017939752734982903e+02 1.025581515754678152e+00
-1.014483251027903208e+02 1.025579293804303571e+00
-1.011026749320823512e+02 1.025576988447350901e+00
-1.007570247613743817e+02 1.025574596716613440e+00
-1.004113745906664121e+02 1.025572115540921203e+00
-1.000657244199584284e+02 1.025569541755071201e+00
-9.972007424925047303e+01 1.025566872087701142e+00
-9.937442407854248927e+01 1.025564103164434915e+00
-9.902877390783451972e+01 1.025561231502152948e+00
-9.868312373712655017e+01 1.025558253503255024e+00
-9.833747356641856641e+01 1.025555165460769524e+00
-9.799182339571058264e+01 1.025551963548041234e+00
-9.764617322500259888e+01 1.025548643817072891e+00
-9.730052305429462933e+01 1.025545202201197492e+00
-9.695487288358665978e+01 1.025541634497896926e+00
-9.660922271287867602e+01 1.025537936384560034e+00
-9.626357254217072068e+01 1.025534103401087638e+00
-9.591792237146273692e+01 1.025530130947786223e+00
-9.557227220075476737e+01 1.025526014289882326e+00
-9.522662203004678361e+01 1.025521748546546652e+00
-9.488097185933881406e+01 1.025517328690662922e+00
-9.453532168863084451e+01 1.025512749544315261e+00
-9.418967151792287495e+01 1.025508005776221143e+00
-9.384402134721490540e+01 1.025503091894729657e+00
-9.349837117650693585e+01 1.025498002247431595e+00
-9.315272100579895209e+01 1.025492731020547277e+00
-9.280707083509098254e+01 1.025487272225052315e+00
-9.246142066438301299e+01 1.025481619704707414e+00
-9.211577049367502923e+01 1.025475767122022042e+00
-9.177012032296707389e+01 1.025469707961679688e+00
-9.142447015225909013e+01 1.025463435520742816e+00
-9.107881998155110637e+01 1.025456942911911362e+00
-9.073316981084313682e+01 1.025450223053452570e+00
-9.038751964013516726e+01 1.025443268663426055e+00
-9.004186946942719771e+01 1.025436072262726706e+00
-8.969621929871921395e+01 1.025428626169173851e+00
-8.935056912801123019e+01 1.025420922484818753e+00
-8.900491895730326064e+01 1.025412953107440961e+00
-8.865926878659529109e+01 1.025404709711134954e+00
-8.831361861588730733e+01 1.025396183748688017e+00
-8.796796844517933778e+01 1.025387366451893323e+00
-8.762231827447136823e+01 1.025378248818307414e+00
-8.727666810376339868e+01 1.025368821611155390e+00
-8.693101793305541491e+01 1.025359075357131111e+00
-8.658536776234744536e+01 1.025349000341674754e+00
-8.623971759163947581e+01 1.025338586599762403e+00
-8.589406742093150626e+01 1.025327823917682846e+00
-8.554841725022353671e+01 1.025316701828061339e+00
-8.520276707951555295e+01 1.025305209598058154e+00
-8.485711690880756919e+01 1.025293336235248987e+00
-8.451146673809961385e+01 1.025281070480153822e+00
-8.416581656739163009e+01 1.025268400800713131e+00
-8.382016639668366054e+01 1.025255315384439481e+00
-8.347451622597569099e+01 1.025241802143882941e+00
-8.312886605526772144e+01 1.025227848706374401e+00
-8.278321588455975188e+01 1.025213442403540398e+00
-8.243756571385176812e+01 1.025198570285217770e+00
-8.209191554314379857e+01 1.025183219095601395e+00
-8.174626537243582902e+01 1.025167375284395277e+00
-8.140061520172784526e+01 1.025151024991621806e+00
-8.105496503101986150e+01 1.025134154051931867e+00
-8.070931486031189195e+01 1.025116747987884880e+00
-8.036366468960392240e+01 1.025098792005188608e+00
-8.001801451889595285e+01 1.025080270989920717e+00
-7.967236434818798330e+01 1.025061169503535652e+00
-7.932671417747999953e+01 1.025041471782015101e+00
-7.898106400677201577e+01 1.025021161730476082e+00
-7.863541383606404622e+01 1.025000222921987003e+00
-7.828976366535607667e+01 1.024978638587267454e+00
-7.794411349464809291e+01 1.024956391622009466e+00
-7.759846332394013757e+01 1.024933464576324837e+00
-7.725281315323215381e+01 1.024909839650364418e+00
-7.690716298252419847e+01 1.024885498701065378e+00
-7.656151281181621471e+01 1.024860423224195349e+00
-7.621586264110823095e+01 1.024834594369249396e+00
-7.587021247040024718e+01 1.024807992916708210e+00
-7.552456229969229184e+01 1.024780599294524253e+00
-7.517891212898430808e+01 1.024752393566091602e+00
-7.483326195827635274e+01 1.024723355423885263e+00
-7.448761178756836898e+01 1.024693464194303294e+00
-7.414196161686038522e+01 1.024662698835532737e+00
-7.379631144615242988e+01 1.024631037932832722e+00
-7.345066127544444612e+01 1.024598459693235153e+00
-7.310501110473646236e+01 1.024564941951205510e+00
-7.275936093402849281e+01 1.024530462160615496e+00
-7.241371076332052326e+01 1.024494997397276785e+00
-7.206806059261253949e+01 1.024458524354501909e+00
-7.172241042190458415e+01 1.024421019342506511e+00
-7.137676025119660039e+01 1.024382458289840425e+00
-7.103111008048863084e+01 1.024342816737404016e+00
-7.068545990978066129e+01 1.024302069840895335e+00
-7.033980973907267753e+01 1.024260192372969058e+00
-6.999415956836469377e+01 1.024217158711139053e+00
-6.964850939765672422e+01 1.024172942854172597e+00
-6.930285922694875467e+01 1.024127518404706061e+00
-6.895720905624077091e+01 1.024080858581924325e+00
-6.861155888553281557e+01 1.024032936211718203e+00
-6.826590871482483180e+01 1.023983723738251195e+00
-6.792025854411686225e+01 1.023933193210442516e+00
-6.757460837340889270e+01 1.023881316291705978e+00
-6.722895820270090894e+01 1.023828064258444748e+00
-6.688330803199295360e+01 1.023773407999529539e+00
-6.653765786128496984e+01 1.023717318017103084e+00
-6.619200769057700029e+01 1.023659764433512365e+00
-6.584635751986901653e+01 1.023600716979233605e+00
-6.550070734916104698e+01 1.023540145006074153e+00
-6.515505717845306322e+01 1.023478017489459990e+00
-6.480940700774510788e+01 1.023414303017386784e+00
-6.446375683703712411e+01 1.023348969809725562e+00
-6.411810666632914035e+01 1.023281985703504926e+00
-6.377245649562117791e+01 1.023213318167151664e+00
-6.342680632491320836e+01 1.023142934298934881e+00
-6.308115615420523170e+01 1.023070800832718064e+00
-6.273550598349725504e+01 1.022996884130719542e+00
-6.238985581278927839e+01 1.022921150201909990e+00
-6.204420564208130884e+01 1.022843564695217644e+00
-6.169855547137333218e+01 1.022764092903003075e+00
-6.135290530066535553e+01 1.022682699778057369e+00
-6.100725512995738598e+01 1.022599349914460554e+00
-6.066160495924940932e+01 1.022514007577675743e+00
-6.031595478854143977e+01 1.022426636694945046e+00
-5.997030461783346311e+01 1.022337200856298312e+00
-5.962465444712549356e+01 1.022245663340762833e+00
-5.927900427641750980e+01 1.022151987097816850e+00
-5.893335410570954025e+01 1.022056134769598001e+00
-5.858770393500157070e+01 1.021958068698491928e+00
-5.824205376429360115e+01 1.021857750921431940e+00
-5.789640359358562449e+01 1.021755143188481485e+00
-5.755075342287764784e+01 1.021650206974699771e+00
-5.720510325216967118e+01 1.021542903477044462e+00
-5.685945308146169452e+01 1.021433193627707681e+00
-5.651380291075372497e+01 1.021321038114134883e+00
-5.616815274004574832e+01 1.021206397375195474e+00
-5.582250256933777166e+01 1.021089231623157678e+00
-5.547685239862980211e+01 1.020969500848079914e+00
-5.513120222792183256e+01 1.020847164839210786e+00
-5.478555205721385590e+01 1.020722183190420296e+00
-5.443990188650587925e+01 1.020594515319677820e+00
-5.409425171579790970e+01 1.020464120481633596e+00
-5.374860154508994015e+01 1.020330957787969339e+00
-5.340295137438196349e+01 1.020194986223198930e+00
-5.305730120367398683e+01 1.020056164655088304e+00
-5.271165103296601018e+01 1.019914451866723359e+00
-5.236600086225803352e+01 1.019769806576901194e+00
-5.202035069155006397e+01 1.019622187448642192e+00
-5.167470052084208731e+01 1.019471553125682606e+00
-5.132905035013411776e+01 1.019317862254239815e+00
-5.098340017942614111e+01 1.019161073507676374e+00
-5.063775000871817156e+01 1.019001145616641901e+00
-5.029209983801020201e+01 1.018838037397711060e+00
-4.994644966730222535e+01 1.018671707783619373e+00
-4.960079949659425580e+01 1.018502115861805279e+00
-4.925514932588627914e+01 1.018329220899890641e+00
-4.890949915517829538e+01 1.018152982400069240e+00
-4.856384898447031873e+01 1.017973360119163173e+00
-4.821819881376234918e+01 1.017790314127079876e+00
-4.787254864305437252e+01 1.017603804841353154e+00
-4.752689847234640297e+01 1.017413793077770690e+00
-4.718124830163843342e+01 1.017220240103793749e+00
-4.683559813093046387e+01 1.017023107685823158e+00
-4.648994796022248721e+01 1.016822358145607730e+00
-4.614429778951451055e+01 1.016617954422414760e+00
-4.579864761880654100e+01 1.016409860130681020e+00
-4.545299744809855724e+01 1.016198039634550243e+00
-4.510734727739058769e+01 1.015982458104163433e+00
-4.476169710668261104e+01 1.015763081599672324e+00
-4.441604693597463438e+01 1.015539877140910541e+00
-4.407039676526666483e+01 1.015312812790815311e+00
-4.372474659455869528e+01 1.015081857743236338e+00
-4.337909642385071862e+01 1.014846982407063170e+00
-4.303344625314274907e+01 1.014608158510020619e+00
-4.268779608243477242e+01 1.014365359182864079e+00
-4.234214591172679576e+01 1.014118559078393211e+00
-4.199649574101881910e+01 1.013867734474316107e+00
-4.165084557031084955e+01 1.013612863383464902e+00
-4.130519539960288000e+01 1.013353925683309953e+00
-4.095954522889489624e+01 1.013090903236671947e+00
-4.061389505818692669e+01 1.012823780023822895e+00
-4.026824488747895714e+01 1.012552542282971757e+00
-3.992259471677098759e+01 1.012277178655873078e+00
-3.957694454606300383e+01 1.011997680336910177e+00
-3.923129437535503428e+01 1.011714041228778616e+00
-3.888564420464705762e+01 1.011426258114845878e+00
-3.853999403393908807e+01 1.011134330829000838e+00
-3.819434386323111141e+01 1.010838262436141832e+00
-3.784869369252313476e+01 1.010538059413316647e+00
-3.750304352181516521e+01 1.010233731856521322e+00
-3.715739335110718855e+01 1.009925293678768821e+00
-3.681174318039921900e+01 1.009612762821920251e+00
-3.646609300969123524e+01 1.009296161474564357e+00
-3.612044283898326569e+01 1.008975516309388532e+00
-3.577479266827529614e+01 1.008650858712554221e+00
-3.542914249756732659e+01 1.008322225036276665e+00
-3.508349232685934282e+01 1.007989656845198256e+00
-3.473784215615137327e+01 1.007653201194460335e+00
-3.439219198544339662e+01 1.007312910892431246e+00
-3.404654181473541996e+01 1.006968844789447814e+00
-3.370089164402745041e+01 1.006621068063503488e+00
-3.335524147331948086e+01 1.006269652533508641e+00
-3.300959130261150420e+01 1.005914676960714349e+00
-3.266394113190352755e+01 1.005556227365694388e+00
-3.231829096119555800e+01 1.005194397373617710e+00
-3.197264079048758134e+01 1.004829288535061593e+00
-3.162699061977960824e+01 1.004461010680278044e+00
-3.128134044907163513e+01 1.004089682276712470e+00
-3.093569027836365848e+01 1.003715430791152885e+00
-3.059004010765568182e+01 1.003338393059836520e+00
-3.024438993694771227e+01 1.002958715670579926e+00
-2.989873976623973917e+01 1.002576555345730647e+00
-2.955308959553176607e+01 1.002192079344190967e+00
-2.920743942482378941e+01 1.001805465850716503e+00
-2.886178925411581631e+01 1.001416904391975615e+00
-2.851613908340784320e+01 1.001026596229503962e+00
-2.817048891269986655e+01 1.000634754792647074e+00
-2.782483874199189344e+01 1.000241606078632772e+00
-2.747918857128392034e+01 9.998473890828268873e-01
-2.713353840057595079e+01 9.994523562079514756e-01
-2.678788822986797413e+01 9.990567736834712331e-01
-2.644223805915999748e+01 9.986609219902226053e-01
-2.609658788845202082e+01 9.982650962577064302e-01
-2.575093771774405127e+01 9.978696066842918100e-01
-2.540528754703608172e+01 9.974747789294344802e-01
-2.505963737632810506e+01 9.970809545124922346e-01
-2.471398720562013196e+01 9.966884911736795249e-01
-2.436833703491215530e+01 9.962977632689566931e-01
-2.402268686420418220e+01 9.959091620919486854e-01
-2.367703669349620910e+01 9.955230962314635113e-01
-2.333138652278823599e+01 9.951399918629256769e-01
-2.298573635208026289e+01 9.947602930495222928e-01
-2.264008618137228979e+01 9.943844619980252153e-01
-2.229443601066431313e+01 9.940129792886290838e-01
-2.194878583995633647e+01 9.936463440762679511e-01
-2.160313566924836692e+01 9.932850742479261141e-01
-2.125748549854039382e+01 9.929297065481196283e-01
-2.091183532783242072e+01 9.925807966496250634e-01
-2.056618515712444406e+01 9.922389191860272462e-01
-2.022053498641647096e+01 9.919046677236882381e-01
-1.987488481570849785e+01 9.915786546938941681e-01
-1.952923464500052120e+01 9.912615112418755592e-01
-1.918358447429254809e+01 9.909538870333159943e-01
-1.883793430358457499e+01 9.906564499693598647e-01
-1.849228413287660189e+01 9.903698858557224982e-01
-1.814663396216862878e+01 9.900948979911031733e-01
-1.780098379146065213e+01 9.898322066458364876e-01
-1.745533362075267902e+01 9.895825484879204881e-01
-1.710968345004470592e+01 9.893466759211548833e-01
-1.676403327933673282e+01 9.891253563130556481e-01
-1.641838310862875971e+01 9.889193711461906622e-01
-1.607273293792078306e+01 9.887295150596138171e-01
-1.572708276721280996e+01 9.885565948016987736e-01
-1.538143259650483685e+01 9.884014280809793052e-01
-1.503578242579686197e+01 9.882648423169303475e-01
-1.469013225508888887e+01 9.881476732648938333e-01
-1.434448208438091399e+01 9.880507635891669915e-01
-1.399883191367294089e+01 9.879749612717323437e-01
-1.365318174296496778e+01 9.879211179749703975e-01
-1.330753157225699290e+01 9.878900872632249142e-01
-1.296188140154901802e+01 9.878827227541618905e-01
-1.261623123084104670e+01 9.878998761819353103e-01
-1.227058106013307182e+01 9.879423953393815516e-01
-1.192493088942509871e+01 9.880111219851694937e-01
-1.157928071871712561e+01 9.881068896325684303e-01
-1.123363054800914895e+01 9.882305212964338503e-01
-1.088798037730117585e+01 9.883828271819442568e-01
-1.054233020659320275e+01 9.885646022982004233e-01
-1.019668003588522964e+01 9.887766240536688400e-01
-9.851029865177256539e+00 9.890196498122965085e-01
-9.505379694469281660e+00 9.892944144302573406e-01
-9.159729523761306780e+00 9.896016277772795577e-01
-8.814079353053333676e+00 9.899419722704853042e-01
-8.468429182345360573e+00 9.903161004085248020e-01
-8.122779011637387470e+00 9.907246323513709818e-01
-7.777128840929411702e+00 9.911681534970617768e-01
-7.431478670221437710e+00 9.916472121591538569e-01
-7.085828499513464607e+00 9.921623172521762957e-01
-6.740178328805489727e+00 9.927139360428878234e-01
-6.394528158097516624e+00 9.933024920261712687e-01
-6.048877987389543520e+00 9.939283628117774327e-01
-5.703227816681568640e+00 9.945918781408955578e-01
-5.357577645973594649e+00 9.952933179505913941e-01
-5.011927475265620657e+00 9.960329105763148227e-01
-4.666277304557647554e+00 9.968108309923366939e-01
-4.320627133849673562e+00 9.976271991619827251e-01
-3.974976963141699571e+00 9.984820784493017021e-01
-3.629326792433725579e+00 9.993754741451202905e-01
-3.283676621725751588e+00 1.000307332011324046e+00
-2.938026451017777596e+00 1.001277536901681531e+00
-2.592376280309803604e+00 1.002285911430589316e+00
-2.246726109601830501e+00 1.003332214685184187e+00
-1.901075938893856510e+00 1.004416140913624522e+00
-1.555425768185882296e+00 1.005537318287466286e+00
-1.209775597477908526e+00 1.006695307612716084e+00
-8.641254267699347569e-01 1.007889601023226334e+00
-5.184752560619607653e-01 1.009119620656072414e+00
-1.728250853539869125e-01 1.010384717301515023e+00
1.728250853539869125e-01 1.011684168974152476e+00
5.184752560619607653e-01 1.013017179463932438e+00
8.641254267699347569e-01 1.014382876800702604e+00
1.209775597477908526e+00 1.015780311680665182e+00
1.555425768185882296e+00 1.017208455835400205e+00
1.901075938893856510e+00 1.018666200384267473e+00
2.246726109601830501e+00 1.020152354133254891e+00
2.592376280309803604e+00 1.021665641856406959e+00
2.938026451017777596e+00 1.023204702623872642e+00
3.283676621725751588e+00 1.024768088160457724e+00
3.629326792433725579e+00 1.026354261241383403e+00
3.974976963141699571e+00 1.027961594261012079e+00
4.320627133849673562e+00 1.029588367919126446e+00
4.666277304557647554e+00 1.031232770092338491e+00
5.011927475265620657e+00 1.032892894964847486e+00
5.357577645973594649e+00 1.034566742482584178e+00
5.703227816681568640e+00 1.036252218143004500e+00
6.048877987389543520e+00 1.037947133170705527e+00
6.394528158097516624e+00 1.039649205197145099e+00
6.740178328805489727e+00 1.041356059444191962e+00
7.085828499513464607e+00 1.043065230540717092e+00
7.431478670221437710e+00 1.044774164912356529e+00
7.777128840929411702e+00 1.046480223913302421e+00
8.122779011637387470e+00 1.048180687708584857e+00
8.468429182345360573e+00 1.049872759916828491e+00
8.814079353053333676e+00 1.051553573132590680e+00
9.159729523761306780e+00 1.053220195299576112e+00
9.505379694469281660e+00 1.054869636991124793e+00
9.851029865177256539e+00 1.056498859597404305e+00
1.019668003588522964e+01 1.058104784462171821e+00
1.054233020659320275e+01 1.059684302895173458e+00
1.088798037730117585e+01 1.061234287184746439e+00
1.123363054800914895e+01 1.062751602365745285e+00
1.157928071871712561e+01 1.064233118955376645e+00
1.192493088942509871e+01 1.065675726358180198e+00
1.227058106013307182e+01 1.067076347082307697e+00
1.261623123084104670e+01 1.068431951478095332e+00
1.296188140154901802e+01 1.069739573046969427e+00
1.330753157225699290e+01 1.070996324171810565e+00
1.365318174296496778e+01 1.072199412063157498e+00
1.399883191367294089e+01 1.073346154839173394e+00
1.434448208438091399e+01 1.074433997581351496e+00
1.469013225508888887e+01 1.075460528177608843e+00
1.503578242579686197e+01 1.076423492777686119e+00
1.538143259650483685e+01 1.077320810697822262e+00
1.572708276721280996e+01 1.078150588563039802e+00
1.607273293792078306e+01 1.078911133544051992e+00
1.641838310862875971e+01 1.079600965483507702e+00
1.676403327933673282e+01 1.080218827750785371e+00
1.710968345004470592e+01 1.080763696678777697e+00
1.745533362075267902e+01 1.081234789433932475e+00
1.780098379146065213e+01 1.081631570194704350e+00
1.814663396216862878e+01 1.081953754543699242e+00
1.849228413287660189e+01 1.082201312005926397e+00
1.883793430358457499e+01 1.082374466657620271e+00
1.918358447429254809e+01 1.082473695801932756e+00
1.952923464500052120e+01 1.082499726721594335e+00
1.987488481570849785e+01 1.082453531520856771e+00
2.022053498641647096e+01 1.082336320129037466e+00
2.056618515712444406e+01 1.082149531560174127e+00
2.091183532783242072e+01 1.081894823529382377e+00
2.125748549854039382e+01 1.081574060560459793e+00
2.160313566924836692e+01 1.081189300740313719e+00
2.194878583995633647e+01 1.080742781293956734e+00
2.229443601066431313e+01 1.080236903150154193e+00
2.264008618137228979e+01 1.079674214695905077e+00
2.298573635208026289e+01 1.079057394908776946e+00
2.333138652278823599e+01 1.078389236067819557e+00
2.367703669349620910e+01 1.077672626223480590e+00
2.402268686420418220e+01 1.076910531632884194e+00
2.436833703491215530e+01 1.076105979318689121e+00
2.471398720562013196e+01 1.075262039927294522e+00
2.505963737632810506e+01 1.074381811042755430e+00
2.540528754703608172e+01 1.073468401081575818e+00
2.575093771774405127e+01 1.072524913905085420e+00
2.609658788845202082e+01 1.071554434235736153e+00
2.644223805915999748e+01 1.070560013979529712e+00
2.678788822986797413e+01 1.069544659509460205e+00
2.713353840057595079e+01 1.068511319971399809e+00
2.747918857128392034e+01 1.067462876637958580e+00
2.782483874199189344e+01 1.066402133334894087e+00
2.817048891269986655e+01 1.065331807943109776e+00
2.851613908340784320e+01 1.064254524968049509e+00
2.886178925411581631e+01 1.063172809152163945e+00
2.920743942482378941e+01 1.062089080109458905e+00
2.955308959553176607e+01 1.061005647932128815e+00
2.989873976623973917e+01 1.059924709732853909e+00
3.024438993694771227e+01 1.058848347062315121e+00
3.059004010765568182e+01 1.057778524159600719e+00
3.093569027836365848e+01 1.056717086961249219e+00
3.128134044907163513e+01 1.055665762817751041e+00
3.162699061977960824e+01 1.054626160852961680e+00
3.197264079048758134e+01 1.053599772909595167e+00
3.231829096119555800e+01 1.052587975019038558e+00
3.266394113190352755e+01 1.051592029328469957e+00
3.300959130261150420e+01 1.050613086443403343e+00
3.335524147331948086e+01 1.049652188120921092e+00
3.370089164402745041e+01 1.048710270273983669e+00
3.404654181473541996e+01 1.047788166223297734e+00
3.439219198544339662e+01 1.046886610168938470e+00
3.473784215615137327e+01 1.046006240834339129e+00
3.508349232685934282e+01 1.045147605243700095e+00
3.542914249756732659e+01 1.044311162602592269e+00
3.577479266827529614e+01 1.043497288252470678e+00
3.612044283898326569e+01 1.042706277669566806e+00
3.646609300969123524e+01 1.041938350481427689e+00
3.681174318039921900e+01 1.041193654488757003e+00
3.715739335110718855e+01 1.040472269670731587e+00
3.750304352181516521e+01 1.039774212144333410e+00
3.784869369252313476e+01 1.039099438092385919e+00
3.819434386323111141e+01 1.038447847617812059e+00
3.853999403393908807e+01 1.037819288538999407e+00
3.888564420464705762e+01 1.037213560099798704e+00
3.923129437535503428e+01 1.036630416598698368e+00
3.957694454606300383e+01 1.036069570922605765e+00
3.992259471677098759e+01 1.035530697994138327e+00
4.026824488747895714e+01 1.035013438113034479e+00
4.061389505818692669e+01 1.034517400191018233e+00
4.095954522889489624e+01 1.034042164892480242e+00
4.130519539960288000e+01 1.033587287657473208e+00
4.165084557031084955e+01 1.033152301622681568e+00
4.199649574101881910e+01 1.032736720427818167e+00
4.234214591172679576e+01 1.032340040913282797e+00
4.268779608243477242e+01 1.031961745699899513e+00
4.303344625314274907e+01 1.031601305665228452e+00
4.337909642385071862e+01 1.031258182294191750e+00
4.372474659455869528e+01 1.030931829923335652e+00
4.407039676526666483e+01 1.030621697868231657e+00
4.441604693597463438e+01 1.030327232434701923e+00
4.476169710668261104e+01 1.030047878817352602e+00
4.510734727739058769e+01 1.029783082879159872e+00
4.545299744809855724e+01 1.029532292823485573e+00
4.579864761880654100e+01 1.029294960746484300e+00
4.614429778951451055e+01 1.029070544080318061e+00
4.648994796022248721e+01 1.028858506917279758e+00
4.683559813093046387e+01 1.028658321238071771e+00
4.718124830163843342e+01 1.028469468011671495e+00
4.752689847234640297e+01 1.028291438208385200e+00
4.787254864305437252e+01 1.028123733690462727e+00
4.821819881376234918e+01 1.027965868015167761e+00
4.856384898447031873e+01 1.027817367124838510e+00
4.890949915517829538e+01 1.027677769954990605e+00
4.925514932588627914e+01 1.027546628935417594e+00
4.960079949659425580e+01 1.027423510413978391e+00
4.994644966730222535e+01 1.027307994989250517e+00
5.029209983801020201e+01 1.027199677763121821e+00
5.063775000871817156e+01 1.027098168512738052e+00
5.098340017942614111e+01 1.027003091800101853e+00
5.132905035013411776e+01 1.026914087004425324e+00
5.167470052084208731e+01 1.026830808294637354e+00
5.202035069155006397e+01 1.026752924544824586e+00
5.236600086225803352e+01 1.026680119198312369e+00
5.271165103296601018e+01 1.026612090071733707e+00
5.305730120367398683e+01 1.026548549133578403e+00
5.340295137438196349e+01 1.026489222224650444e+00
5.374860154508994015e+01 1.026433848758256051e+00
5.409425171579790970e+01 1.026382181382559544e+00
5.443990188650587925e+01 1.026333985614982014e+00
5.478555205721385590e+01 1.026289039463331054e+00
5.513120222792183256e+01 1.026247133021762625e+00
5.547685239862980211e+01 1.026208068053015232e+00
5.582250256933777166e+01 1.026171657560260408e+00
5.616815274004574832e+01 1.026137725354126617e+00
5.651380291075372497e+01 1.026106105613624475e+00
5.685945308146169452e+01 1.026076642437678155e+00
5.720510325216967118e+01 1.026049189413663854e+00
5.755075342287764784e+01 1.026023609169111062e+00
5.789640359358562449e+01 1.025999772945855204e+00
5.824205376429360115e+01 1.025977560166859925e+00
5.858770393500157070e+01 1.025956858022768481e+00
5.893335410570954025e+01 1.025937561057841396e+00
5.927900427641750980e+01 1.025919570776702816e+00
5.962465444712549356e+01 1.025902795254156619e+00
5.997030461783346311e+01 1.025887148763044543e+00
6.031595478854143977e+01 1.025872551414328537e+00
6.066160495924940932e+01 1.025858928806181014e+00
6.100725512995738598e+01 1.025846211699123600e+00
6.135290530066535553e+01 1.025834335688379895e+00
6.169855547137333218e+01 1.025823240905862743e+00
6.204420564208130884e+01 1.025812871726951458e+00
6.238985581278927839e+01 1.025803176499323843e+00
6.273550598349725504e+01 1.025794107275696421e+00
6.308115615420523170e+01 1.025785619570448670e+00
6.342680632491320836e+01 1.025777672122499373e+00
6.377245649562117791e+01 1.025770226678472286e+00
6.411810666632914035e+01 1.025763247780583143e+00
6.446375683703712411e+01 1.025756702570246315e+00
6.480940700774510788e+01 1.025750560608011064e+00
6.515505717845306322e+01 1.025744793698819102e+00
6.550070734916104698e+01 1.025739375729012748e+00
6.584635751986901653e+01 1.025734282515382567e+00
6.619200769057700029e+01 1.025729491664400195e+00
6.653765786128496984e+01 1.025724982442119515e+00
6.688330803199295360e+01 1.025720735647665860e+00
6.722895820270090894e+01 1.025716733498089006e+00
6.757460837340889270e+01 1.025712959526200674e+00
6.792025854411686225e+01 1.025709398475313172e+00
6.826590871482483180e+01 1.025706036210617400e+00
6.861155888553281557e+01 1.025702859632278807e+00
6.895720905624077091e+01 1.025699856597061865e+00
6.930285922694875467e+01 1.025697015841293691e+00
6.964850939765672422e+01 1.025694326916479993e+00
6.999415956836469377e+01 1.025691780118455743e+00
7.033980973907267753e+01 1.025689366437736449e+00
7.068545990978066129e+01 1.025687077498126820e+00
7.103111008048863084e+01 1.025684905505294342e+00
7.137676025119660039e+01 1.025682843202946781e+00
7.172241042190458415e+01 1.025680883825201395e+00
7.206806059261253949e+01 1.025679021058348184e+00
7.241371076332052326e+01 1.025677248997981517e+00
7.275936093402849281e+01 1.025675562113416595e+00
7.310501110473646236e+01 1.025673955214794209e+00
7.345066127544444612e+01 1.025672423416329471e+00
7.379631144615242988e+01 1.025670962102942729e+00
7.414196161686038522e+01 1.025669566904678032e+00
7.448761178756836898e+01 1.025668233655948836e+00
7.483326195827635274e+01 1.025666958368677051e+00
7.517891212898430808e+01 1.025665737197425598e+00
7.552456229969229184e+01 1.025664566399890676e+00
7.587021247040024718e+01 1.025663442302193973e+00
7.621586264110823095e+01 1.025662361249501719e+00
7.656151281181621471e+01 1.025661319559763474e+00
7.690716298252419847e+01 1.025660313461913997e+00
7.725281315323215381e+01 1.025659339020905447e+00
7.759846332394013757e+01 1.025658392056111756e+00
7.794411349464809291e+01 1.025657468023709162e+00
7.828976366535607667e+01 1.025656561884434437e+00
7.863541383606404622e+01 1.025655667923164538e+00
7.898106400677201577e+01 1.025654779512827242e+00
7.932671417747999953e+01 1.025653888814842984e+00
7.967236434818798330e+01 1.025652986373179809e+00
8.001801451889595285e+01 1.025652060562689094e+00
8.036366468960392240e+01 1.025651096856090350e+00
8.070931486031189195e+01 1.025650076798539256e+00
8.105496503101986150e+01 1.025648976594691231e+00
8.140061520172784526e+01 1.025647765128593569e+00
8.174626537243582902e+01 1.025646401146671938e+00
8.209191554314379857e+01 1.025644829235555777e+00
8.243756571385176812e+01 1.025642974031159449e+00
8.278321588455975188e+01 1.025640731812009099e+00
8.312886605526772144e+01 1.025637958343575740e+00
8.347451622597569099e+01 1.025634451459500829e+00
8.382016639668366054e+01 1.025629926911994616e+00
8.416581656739163009e+01 1.025623987496161016e+00
8.451146673809961385e+01 1.025616092069577157e+00
8.485711690880756919e+01 1.025605556705447396e+00
8.520276707951555295e+01 1.025591776929824395e+00
8.554841725022353671e+01 1.025576509076371545e+00
8.589406742093150626e+01 1.025584187937256031e+00
8.623971759163947581e+01 1.025735472281670724e+00
8.658536776234744536e+01 1.025737020594245319e+00
8.693101793305541491e+01 1.025716073193181366e+00
8.727666810376339868e+01 1.025697959476196131e+00
8.762231827447136823e+01 1.025684213009891099e+00
8.796796844517933778e+01 1.025673956393558628e+00
8.831361861588730733e+01 1.025666292297770621e+00
8.865926878659529109e+01 1.025660522368460725e+00
8.900491895730326064e+01 1.025656135136283842e+00
8.935056912801123019e+01 1.025652763324963246e+00
8.969621929871921395e+01 1.025650144108152695e+00
9.004186946942719771e+01 1.025648088584246942e+00
9.038751964013516726e+01 1.025646459868623683e+00
9.073316981084313682e+01 1.025645157777917760e+00
9.107881998155110637e+01 1.025644108206974270e+00
9.142447015225909013e+01 1.025643255751940375e+00
9.177012032296707389e+01 1.025642558557100958e+00
9.211577049367502923e+01 1.025641984684842578e+00
9.246142066438301299e+01 1.025641509533906870e+00
9.280707083509098254e+01 1.025641113984568920e+00
9.315272100579895209e+01 1.025640783052544025e+00
9.349837117650693585e+01 1.025640504902205929e+00
9.384402134721490540e+01 1.025640270116209063e+00
9.418967151792287495e+01 1.025640071149867660e+00
9.453532168863084451e+01 1.025639901919875419e+00
9.488097185933881406e+01 1.025639757491725979e+00
9.522662203004678361e+01 1.025639633840190523e+00
9.557227220075476737e+01 1.025639527664402140e+00
9.591792237146273692e+01 1.025639436244075942e+00
9.626357254217072068e+01 1.025639357326940448e+00
9.660922271287867602e+01 1.025639289040039426e+00
9.695487288358665978e+01 1.025639229819432563e+00
9.730052305429462933e+01 1.025639178354119219e+00
9.764617322500259888e+01 1.025639133541115466e+00
9.799182339571058264e+01 1.025639094449220190e+00
9.833747356641856641e+01 1.025639060289700311e+00
9.868312373712655017e+01 1.025639030392416329e+00
9.902877390783451972e+01 1.025639004186331027e+00
9.937442407854248927e+01 1.025638981183503162e+00
9.972007424925047303e+01 1.025638960965900015e+00
1.000657244199584284e+02 1.025638943174484341e+00
1.004113745906664121e+02 1.025638927500163167e+00
1.007570247613743817e+02 1.025638913676242048e+00
1.011026749320823512e+02 1.025638901472122555e+00
1.014483251027903208e+02 1.025638890688007621e+00
1.017939752734982903e+02 1.025638881150450432e+00
1.021396254442062741e+02 1.025638872708619420e+00
1.024852756149142579e+02 1.025638865231102814e+00
1.028309257856222132e+02 1.025638858603233228e+00
1.031765759563301970e+02 1.025638852724786831e+00
1.035222261270381665e+02 1.025638847508042240e+00
1.038678762977461361e+02 1.025638842876102519e+00
1.042135264684541198e+02 1.025638838761478322e+00
1.045591766391620894e+02 1.025638835104848212e+00
1.049048268098700589e+02 1.025638831854020161e+00
1.052504769805780285e+02 1.025638828963011617e+00
1.055961271512860122e+02 1.025638826391275016e+00
1.059417773219939818e+02 1.025638824103010327e+00
1.062874274927019513e+02 1.025638822066580857e+00
1.066330776634099351e+02 1.025638820254003658e+00
1.069787278341179189e+02 1.025638818640506100e+00
1.073243780048258884e+02 1.025638817204143516e+00
1.076700281755338580e+02 1.025638815925449920e+00
1.080156783462418275e+02 1.025638814787158015e+00
1.083613285169498113e+02 1.025638813773929181e+00
1.087069786876577666e+02 1.025638812872142536e+00
1.090526288583657504e+02 1.025638812069677552e+00
1.093982790290737341e+02 1.025638811355762847e+00
1.097439291997817037e+02 1.025638810720801652e+00
1.100895793704896732e+02 1.025638810156251690e+00
1.104352295411976570e+02 1.025638809654503714e+00
1.107808797119056123e+02 1.025638809208768709e+00
1.111265298826135961e+02 1.025638808813003289e+00
1.114721800533215657e+02 1.025638808461807328e+00
1.118178302240295352e+02 1.025638808150354464e+00
1.121634803947375048e+02 1.025638807874352354e+00
1.125091305654454885e+02 1.025638807629958293e+00
1.128547807361534581e+02 1.025638807413735476e+00
1.132004309068614418e+02 1.025638807222619242e+00
1.135460810775693972e+02 1.025638807053872004e+00
1.138917312482773809e+02 1.025638806905038614e+00
1.142373814189853505e+02 1.025638806773932155e+00
1.145830315896933200e+02 1.025638806658596636e+00
1.149286817604013038e+02 1.025638806557283234e+00
1.152743319311092876e+02 1.025638806468432307e+00
1.156199821018172713e+02 1.025638806390653190e+00
1.159656322725252409e+02 1.025638806322703545e+00
1.163112824432332104e+02 1.025638806263479585e+00
1.166569326139411942e+02 1.025638806212003207e+00
1.170025827846491495e+02 1.025638806167407990e+00
1.173482329553571333e+02 1.025638806128922331e+00
1.176938831260651028e+02 1.025638806095873878e+00
1.180395332967730724e+02 1.025638806067670883e+00
1.183851834674810419e+02 1.025638806043803752e+00
1.187308336381890115e+02 1.025638806023832394e+00
1.190764838088969952e+02 1.025638806007376003e+00
1.194221339796049648e+02 1.025638805994124381e+00
1.197677841503129343e+02 1.025638805983823065e+00
1.201134343210209181e+02 1.025638805976269996e+00
1.204590844917288877e+02 1.025638805971317735e+00
1.208047346624368572e+02 1.025638805968864586e+00
