-1.551969266478802467e+02 9.010073171088298550e+05
-1.548512764771722914e+02 1.795535006830879953e+06
-1.545056263064643076e+02 2.686262932030456141e+06
-1.541599761357563523e+02 3.577041879244960845e+06
-1.538143259650483685e+02 4.470948478739408776e+06
-1.534686757943404132e+02 5.370332288207673468e+06
-1.531230256236324294e+02 6.277133604219119996e+06
-1.527773754529244457e+02 7.193057320564096794e+06
-1.524317252822164619e+02 8.119718086373849772e+06
-1.520860751115084781e+02 9.058668026921711862e+06
-1.517404249408005228e+02 1.001144909685482271e+07
-1.513947747700925390e+02 1.097960633786343783e+07
-1.510491245993845837e+02 1.196468855646375753e+07
-1.507034744286765999e+02 1.296827837991008535e+07
-1.503578242579686446e+02 1.399196159729243256e+07
-1.500121740872606608e+02 1.503737009658926912e+07
-1.496665239165526771e+02 1.610615082907317393e+07
-1.493208737458447217e+02 1.719999496123004705e+07
-1.489752235751367095e+02 1.832062250745453313e+07
-1.486295734044287542e+02 1.946979747086413577e+07
-1.482839232337207704e+02 2.064932791829936951e+07
-1.479382730630128151e+02 2.186105430406326801e+07
-1.475926228923048313e+02 2.310687816974254698e+07
-1.472469727215968760e+02 2.438874157921425626e+07
-1.469013225508888922e+02 2.570864760759023204e+07
-1.465556723801809085e+02 2.706864550097979233e+07
-1.462100222094729247e+02 2.847085018622224033e+07
-1.458643720387649694e+02 2.991744144172709435e+07
-1.455187218680569856e+02 3.141065139236027747e+07
-1.451730716973490019e+02 3.295280029001127928e+07
-1.448274215266410465e+02 3.454626638151740283e+07
-1.444817713559330628e+02 3.619350210350304842e+07
-1.441361211852251074e+02 3.789705020207538456e+07
-1.437904710145171236e+02 3.965952437262548506e+07
-1.434448208438091683e+02 4.148363336401990801e+07
-1.430991706731011845e+02 4.337216915105069429e+07
-1.427535205023932008e+02 4.532802019130019844e+07
-1.424078703316852454e+02 4.735417511533156782e+07
-1.420622201609772617e+02 4.945371745226918906e+07
-1.417165699902692779e+02 5.162984792577297986e+07
-1.413709198195613226e+02 5.388587224971030653e+07
-1.410252696488533388e+02 5.622520805672296137e+07
-1.406796194781453551e+02 5.865139853103808314e+07
-1.403339693074373713e+02 6.116811074971040338e+07
-1.399883191367293875e+02 6.377913726253140718e+07
-1.396426689660214322e+02 6.648841108038603514e+07
-1.392970187953134484e+02 6.929999972226947546e+07
-1.389513686246054647e+02 7.221812110707271099e+07
-1.386057184538975093e+02 7.524713594317604601e+07
-1.382600682831895256e+02 7.839156949527099729e+07
-1.379144181124815702e+02 8.165611112961284816e+07
-1.375687679417735865e+02 8.504560828492698073e+07
-1.372231177710656311e+02 8.856509494257973135e+07
-1.368774676003576474e+02 9.221977422237612307e+07
-1.365318174296496920e+02 9.601505001637679338e+07
-1.361861672589417083e+02 9.995650868006573617e+07
-1.358405170882337245e+02 1.040499458441622704e+08
-1.354948669175257407e+02 1.083013632462159544e+08
-1.351492167468177854e+02 1.127169786686806679e+08
-1.348035665761098016e+02 1.173032297746277601e+08
-1.344579164054018179e+02 1.220667938373480737e+08
-1.341122662346938625e+02 1.270145781673847884e+08
-1.337666160639858788e+02 1.321537500104681551e+08
-1.334209658932779234e+02 1.374917187621418834e+08
-1.330753157225699397e+02 1.430361685765081346e+08
-1.327296655518619843e+02 1.487950566247933805e+08
-1.323840153811540006e+02 1.547766179064310193e+08
-1.320383652104460168e+02 1.609893879877309501e+08
-1.316927150397380331e+02 1.674421986973074079e+08
-1.313470648690300493e+02 1.741441920489858985e+08
-1.310014146983220940e+02 1.811048411699948311e+08
-1.306557645276141102e+02 1.883339390638254583e+08
-1.303101143569061549e+02 1.958416399492456913e+08
-1.299644641861981711e+02 2.036384389063130915e+08
-1.296188140154901873e+02 2.117351955112892091e+08
-1.292731638447822320e+02 2.201431587514015138e+08
-1.289275136740742482e+02 2.288739545759399235e+08
-1.285818635033662645e+02 2.379396253458580673e+08
-1.282362133326582807e+02 2.473526085691603720e+08
-1.278905631619503254e+02 2.571257824476085305e+08
-1.275449129912423416e+02 2.672724522161734402e+08
-1.271992628205343863e+02 2.778063889078674316e+08
-1.268536126498264025e+02 2.887418200584427714e+08
-1.265079624791184472e+02 3.000934570147418976e+08
-1.261623123084104634e+02 3.118764998727221489e+08
-1.258166621377024796e+02 3.241066650836559534e+08
-1.254710119669945101e+02 3.368001792360507250e+08
-1.251253617962865405e+02 3.499738230018476248e+08
-1.247797116255785710e+02 3.636449087190789580e+08
-1.244340614548705872e+02 3.778313404502057433e+08
-1.240884112841626319e+02 3.925515825929557681e+08
-1.237427611134546481e+02 4.078247195560374856e+08
-1.233971109427466644e+02 4.236704318942287564e+08
-1.230514607720386806e+02 4.401090525842154026e+08
-1.227058106013307253e+02 4.571615421734232903e+08
-1.223601604306227415e+02 4.748495496406928897e+08
-1.220145102599147577e+02 4.931953834649456143e+08
-1.216688600892067882e+02 5.122220655470163226e+08
-1.213232099184988186e+02 5.319533403810970187e+08
-1.209775597477908491e+02 5.524136668195350170e+08
-1.206319095770828653e+02 5.736282825194206238e+08
-1.202862594063749100e+02 5.956231764855390787e+08
-1.199406092356669262e+02 6.184251399438965321e+08
-1.195949590649589567e+02 6.420617626724700928e+08
-1.192493088942509729e+02 6.665614687120525837e+08
-1.189036587235430034e+02 6.919535227756990194e+08
-1.185580085528350338e+02 7.182680524610418081e+08
-1.182123583821270500e+02 7.455360712780494690e+08
-1.178667082114190947e+02 7.737894893184591532e+08
-1.175210580407111109e+02 8.030611413832551241e+08
-1.171754078700031414e+02 8.333847952899254560e+08
-1.168297576992951718e+02 8.647951896170845032e+08
-1.164841075285872023e+02 8.973280239081834555e+08
-1.161384573578792185e+02 9.310200016557327509e+08
-1.157928071871712632e+02 9.659088384734494686e+08
-1.154471570164632794e+02 1.002033281554537177e+09
-1.151015068457552957e+02 1.039433132117641568e+09
-1.147558566750473119e+02 1.078149254955402851e+09
-1.144102065043393281e+02 1.118223608530709505e+09
-1.140645563336313728e+02 1.159699250038711309e+09
-1.137189061629233890e+02 1.202620365155147076e+09
-1.133732559922154195e+02 1.247032272831709146e+09
-1.130276058215074499e+02 1.292981452503758192e+09
-1.126819556507994804e+02 1.340515554488651991e+09
-1.123363054800914966e+02 1.389683416068632603e+09
-1.119906553093835129e+02 1.440535084928979158e+09
-1.116450051386755575e+02 1.493121818470771313e+09
-1.112993549679675738e+02 1.547496114110661745e+09
-1.109537047972596042e+02 1.603711718091502190e+09
-1.106080546265516347e+02 1.661823631164726973e+09
-1.102624044558436651e+02 1.721888133362370014e+09
-1.099167542851356814e+02 1.783962783503589153e+09
-1.095711041144277260e+02 1.848106443666153908e+09
-1.092254539437197423e+02 1.914379280113169909e+09
-1.088798037730117585e+02 1.982842772905658484e+09
-1.085341536023037889e+02 2.053559729623116732e+09
-1.081885034315958194e+02 2.126594286748003721e+09
-1.078428532608878498e+02 2.202011926962347507e+09
-1.074972030901798661e+02 2.279879471695718765e+09
-1.071515529194719107e+02 2.360265091163465500e+09
-1.068059027487639270e+02 2.443238314190043449e+09
-1.064602525780559432e+02 2.528870019739231586e+09
-1.061146024073479595e+02 2.617232442329441071e+09
-1.057689522366400041e+02 2.708399176087797165e+09
-1.054233020659320204e+02 2.802445173161067009e+09
-1.050776518952240366e+02 2.899446728358759880e+09
-1.047320017245160813e+02 2.999481495179584980e+09
-1.043863515538080975e+02 3.102628466461569309e+09
-1.040407013831001279e+02 3.208967974814990997e+09
-1.036950512123921442e+02 3.318581675355484009e+09
-1.033494010416841888e+02 3.431552549053513527e+09
-1.030037508709762051e+02 3.547964879941504955e+09
-1.026581007002682355e+02 3.667904253381833553e+09
-1.023124505295602660e+02 3.791457530291044235e+09
-1.019668003588522822e+02 3.918712844151579857e+09
-1.016211501881443127e+02 4.049759572178226948e+09
-1.012755000174363289e+02 4.184688332403736591e+09
-1.009298498467283736e+02 4.323590948826828003e+09
-1.005841996760203898e+02 4.466560428631078720e+09
-1.002385495053124203e+02 4.613690967504328728e+09
-9.989289933460445070e+01 4.765077881990249634e+09
-9.954724916389648115e+01 4.920817627495439529e+09
-9.920159899318849739e+01 5.081007728051362038e+09
-9.885594882248054205e+01 5.245746792013901711e+09
-9.851029865177255829e+01 5.415134449157335281e+09
-9.816464848106457453e+01 5.589271336907337189e+09
-9.781899831035659076e+01 5.768259060600405693e+09
-9.747334813964860700e+01 5.952200166038780212e+09
-9.712769796894065166e+01 6.141198106661215782e+09
-9.678204779823266790e+01 6.335357198023838997e+09
-9.643639762752469835e+01 6.534782598903413773e+09
-9.609074745681672880e+01 6.739580262092811584e+09
-9.574509728610875925e+01 6.949856898928776741e+09
-9.539944711540077549e+01 7.165719951144333839e+09
-9.505379694469279173e+01 7.387277548010501862e+09
-9.470814677398483639e+01 7.614638458955043793e+09
-9.436249660327685262e+01 7.847912077726618767e+09
-9.401684643256889728e+01 8.087208363942510605e+09
-9.367119626186091352e+01 8.332637818969200134e+09
-9.332554609115294397e+01 8.584311449066979408e+09
-9.297989592044496021e+01 8.842340725353420258e+09
-9.263424574973700487e+01 9.106837544643375397e+09
-9.228859557902902111e+01 9.377914215187097549e+09
-9.194294540832105156e+01 9.655683397742916107e+09
-9.159729523761308201e+01 9.940258104255477905e+09
-9.125164506690509825e+01 1.023175164646698189e+10
-9.090599489619712870e+01 1.053027762075514793e+10
-9.056034472548914493e+01 1.083594988750292397e+10
-9.021469455478118959e+01 1.114888254396840668e+10
-8.986904438407320583e+01 1.146918991607045174e+10
-8.952339421336522207e+01 1.179698652722572899e+10
-8.917774404265723831e+01 1.213238711403695869e+10
-8.883209387194928297e+01 1.247550659246748924e+10
-8.848644370124129921e+01 1.282646008130737305e+10
-8.814079353053331545e+01 1.318536289006810760e+10
-8.779514335982536011e+01 1.355233051964846992e+10
-8.744949318911737635e+01 1.392747871569663239e+10
-8.710384301840940680e+01 1.431092342792093277e+10
-8.675819284770142303e+01 1.470278089699658394e+10
-8.641254267699346769e+01 1.510316764301398849e+10
-8.606689250628548393e+01 1.551220052327926254e+10
-8.572124233557752859e+01 1.592999678104808044e+10
-8.537559216486954483e+01 1.635667408709496689e+10
-8.502994199416156107e+01 1.679235062640941429e+10
-8.468429182345359152e+01 1.723714514058898544e+10
-8.433864165274562197e+01 1.769117703107096100e+10
-8.399299148203765242e+01 1.815456643043104553e+10
-8.364734131132966866e+01 1.862743431473416901e+10
-8.330169114062171332e+01 1.910990261622097778e+10
-8.295604096991372955e+01 1.960209431250320053e+10
-8.261039079920576000e+01 2.010413360606353378e+10
-8.226474062849777624e+01 2.061614601798330688e+10
-8.191909045778982090e+01 2.113825857346785355e+10
-8.157344028708182293e+01 2.167059994338776779e+10
-8.122779011637385338e+01 2.221330064441113663e+10
-8.088213994566588383e+01 2.276649320339488220e+10
-8.053648977495790007e+01 2.333031238217007828e+10
-8.019083960424994473e+01 2.390489537385481262e+10
-7.984518943354196097e+01 2.449038203823704529e+10
-7.949953926283399142e+01 2.508691514725959015e+10
-7.915388909212600765e+01 2.569464063752269363e+10
-7.880823892141803810e+01 2.631370787369995499e+10
-7.846258875071005434e+01 2.694426994472299576e+10
-7.811693858000208479e+01 2.758648394079647827e+10
-7.777128840929411524e+01 2.824051128848660660e+10
-7.742563823858614569e+01 2.890651806314555359e+10
-7.707998806787817614e+01 2.958467532948290253e+10
-7.673433789717020659e+01 3.027515950761524582e+10
-7.638868772646222283e+01 3.097815272542469406e+10
-7.604303755575423907e+01 3.169384322539044571e+10
-7.569738738504626951e+01 3.242242574520831680e+10
-7.535173721433829996e+01 3.316410194585359192e+10
-7.500608704363033041e+01 3.391908082686354446e+10
-7.466043687292236086e+01 3.468757918148680878e+10
-7.431478670221437710e+01 3.546982204747155762e+10
-7.396913653150640755e+01 3.626604317804808807e+10
-7.362348636079843800e+01 3.707648552336627960e+10
-7.327783619009045424e+01 3.790140173857534790e+10
-7.293218601938248469e+01 3.874105468421882629e+10
-7.258653584867450093e+01 3.959571795338470459e+10
-7.224088567796653138e+01 4.046567641428586578e+10
-7.189523550725856182e+01 4.135122675049205780e+10
-7.154958533655059227e+01 4.225267803088447571e+10
-7.120393516584262272e+01 4.317035226546363068e+10
-7.085828499513463896e+01 4.410458501678439331e+10
-7.051263482442666941e+01 4.505572594819301605e+10
-7.016698465371868565e+01 4.602413947772476196e+10
-6.982133448301071610e+01 4.701020534709954071e+10
-6.947568431230273234e+01 4.801431926313980103e+10
-6.913003414159476279e+01 4.903689352224713135e+10
-6.878438397088679324e+01 5.007835764315493774e+10
-6.843873380017882369e+01 5.113915901087367249e+10
-6.809308362947085413e+01 5.221976352058666992e+10
-6.774743345876287037e+01 5.332065624363148499e+10
-6.740178328805490082e+01 5.444234205655760193e+10
-6.705613311734693127e+01 5.558534634436626434e+10
-6.671048294663896172e+01 5.675021562656840515e+10
-6.636483277593099217e+01 5.793751823641916656e+10
-6.601918260522300841e+01 5.914784500604905701e+10
-6.567353243451502465e+01 6.038180990553050995e+10
-6.532788226380705510e+01 6.164005073443463898e+10
-6.498223209309908555e+01 6.292322977649368286e+10
-6.463658192239111600e+01 6.423203447070819855e+10
-6.429093175168313223e+01 6.556717807105698395e+10
-6.394528158097516268e+01 6.692940031594187927e+10
-6.359963141026719313e+01 6.831946806542201996e+10
-6.325398123955922358e+01 6.973817596959918213e+10
-6.290833106885123982e+01 7.118634709823637390e+10
-6.256268089814327027e+01 7.266483358420860291e+10
-6.221703072743529361e+01 7.417451726494110107e+10
-6.187138055672732406e+01 7.571631026925959778e+10
-6.152573038601934030e+01 7.729115566913560486e+10
-6.118008021531137075e+01 7.890002804880110168e+10
-6.083443004460339409e+01 8.054393411489913940e+10
-6.048877987389542454e+01 8.222391325858003235e+10
-6.014312970318745499e+01 8.394103812629029846e+10
-5.979747953247947834e+01 8.569641517114590454e+10
-5.945182936177150168e+01 8.749118519143533325e+10
-5.910617919106352502e+01 8.932652383246603394e+10
-5.876052902035555547e+01 9.120364210684925842e+10
-5.841487884964758592e+01 9.312378686656753540e+10
-5.806922867893960927e+01 9.508824127398101807e+10
-5.772357850823163972e+01 9.709832523663838196e+10
-5.737792833752365596e+01 9.915539583772457886e+10
-5.703227816681568640e+01 1.012608477287242737e+11
-5.668662799610770975e+01 1.034161135108574829e+11
-5.634097782539974020e+01 1.056226640776216125e+11
-5.599532765469175644e+01 1.078820089409088745e+11
-5.564967748398378689e+01 1.101956965164507751e+11
-5.530402731327581733e+01 1.125653144037695618e+11
-5.495837714256784068e+01 1.149924896019137115e+11
-5.461272697185987113e+01 1.174788887059712677e+11
-5.426707680115189447e+01 1.200262180775087585e+11
-5.392142663044392492e+01 1.226362239561365509e+11
-5.357577645973595537e+01 1.253106925509398041e+11
-5.323012628902797161e+01 1.280514500672236023e+11
-5.288447611832000206e+01 1.308603627113613434e+11
-5.253882594761201830e+01 1.337393366242371216e+11
-5.219317577690404875e+01 1.366903177723462524e+11
-5.184752560619607209e+01 1.397152917954976196e+11
-5.150187543548810254e+01 1.428162837676987915e+11
-5.115622526478013299e+01 1.459953579269659729e+11
-5.081057509407215633e+01 1.492546173003935547e+11
-5.046492492336418678e+01 1.525962033065951233e+11
-5.011927475265621013e+01 1.560222952267797546e+11
-4.977362458194824058e+01 1.595351096513718872e+11
-4.942797441124027102e+01 1.631368997861799316e+11
-4.908232424053228726e+01 1.668299547061288757e+11
-4.873667406982430350e+01 1.706165984887713318e+11
-4.839102389911633395e+01 1.744991892581825867e+11
-4.804537372840836440e+01 1.784801180838634033e+11
-4.769972355770038774e+01 1.825618078209394226e+11
-4.735407338699241819e+01 1.867467117532517090e+11
-4.700842321628444864e+01 1.910373121489200745e+11
-4.666277304557647199e+01 1.954361186625137024e+11
-4.631712287486850244e+01 1.999456665585203552e+11
-4.597147270416052578e+01 2.045685148139242859e+11
-4.562582253345254912e+01 2.093072440168924561e+11
-4.528017236274457247e+01 2.141644540799085083e+11
-4.493452219203660292e+01 2.191427617901235352e+11
-4.458887202132861916e+01 2.242447981127318420e+11
-4.424322185062064960e+01 2.294732053043811951e+11
-4.389757167991268005e+01 2.348306337911870117e+11
-4.355192150920470340e+01 2.403197387870796814e+11
-4.320627133849673385e+01 2.459431766695696411e+11
-4.286062116778876430e+01 2.517036010876798096e+11
-4.251497099708078053e+01 2.576036587531365967e+11
-4.216932082637281098e+01 2.636459849778337097e+11
-4.182367065566483433e+01 2.698331988519171753e+11
-4.147802048495686478e+01 2.761678981041624756e+11
-4.113237031424888812e+01 2.826526536356568604e+11
-4.078672014354091147e+01 2.892900036390585938e+11
-4.044106997283294191e+01 2.960824473812992554e+11
-4.009541980212497236e+01 3.030324385712449951e+11
-3.974976963141699571e+01 3.101423782996508789e+11
-3.940411946070901905e+01 3.174146075588619385e+11
-3.905846929000104240e+01 3.248513993124071045e+11
-3.871281911929307284e+01 3.324549500865867310e+11
-3.836716894858510329e+01 3.402273710866277466e+11
-3.802151877787711953e+01 3.481706787979951172e+11
-3.767586860716914998e+01 3.562867850939891357e+11
-3.733021843646118043e+01 3.645774867695224609e+11
-3.698456826575320378e+01 3.730444545663375244e+11
-3.663891809504522712e+01 3.816892216125303955e+11
-3.629326792433725046e+01 3.905131712831351929e+11
-3.594761775362928091e+01 3.995175244669431763e+11
-3.560196758292131136e+01 4.087033262721899414e+11
-3.525631741221333471e+01 4.180714320462916870e+11
-3.491066724150535805e+01 4.276224928562565308e+11
-3.456501707079738139e+01 4.373569402973478394e+11
-3.421936690008941184e+01 4.472749706882811890e+11
-3.387371672938143519e+01 4.573765286438213501e+11
-3.352806655867346564e+01 4.676612900151423950e+11
-3.318241638796549609e+01 4.781286442098460083e+11
-3.283676621725751232e+01 4.887776759150750122e+11
-3.249111604654954277e+01 4.996071461923397827e+11
-3.214546587584156612e+01 5.106154730325673828e+11
-3.179981570513359657e+01 5.218007113150385742e+11
-3.145416553442561991e+01 5.331605322584450073e+11
-3.110851536371764681e+01 5.446922023535852051e+11
-3.076286519300967015e+01 5.563925618573630371e+11
-3.041721502230169705e+01 5.682580028422235107e+11
-3.007156485159372750e+01 5.802844469067235107e+11
-2.972591468088575084e+01 5.924673225539548340e+11
-2.938026451017777774e+01 6.048015423580726318e+11
-2.903461433946980463e+01 6.172814799291605225e+11
-2.868896416876182798e+01 6.299009468329538574e+11
-2.834331399805385487e+01 6.426531694849455566e+11
-2.799766382734587822e+01 6.555307661912702637e+11
-2.765201365663790867e+01 6.685257243824097900e+11
-2.730636348592993556e+01 6.816293782089748535e+11
-2.696071331522196246e+01 6.948323866175477295e+11
-2.661506314451398580e+01 7.081247120313660889e+11
-2.626941297380600915e+01 7.214955998395338135e+11
-2.592376280309803604e+01 7.349335587950010986e+11
-2.557811263239006649e+01 7.484263425697912598e+11
-2.523246246168209339e+01 7.619609325973497314e+11
-2.488681229097412029e+01 7.755235224432363281e+11
-2.454116212026614363e+01 7.890995039029581299e+11
-2.419551194955816698e+01 8.026734550524291992e+11
-2.384986177885019387e+01 8.162291304746311035e+11
-2.350421160814222432e+01 8.297494539490998535e+11
-2.315856143743425122e+01 8.432165137917939453e+11
-2.281291126672627456e+01 8.566115611728487549e+11
-2.246726109601830146e+01 8.699150116625512695e+11
-2.212161092531032480e+01 8.831064502492167969e+11
-2.177596075460235170e+01 8.961646401790950928e+11
-2.143031058389438215e+01 9.090675358346444092e+11
-2.108466041318640549e+01 9.217922999933007812e+11
-2.073901024247843239e+01 9.343153257084990234e+11
-2.039336007177045573e+01 9.466122631321136475e+11
-2.004770990106248618e+01 9.586580515327293701e+11
-1.970205973035450953e+01 9.704269567735528564e+11
-1.935640955964653642e+01 9.818926145279167480e+11
-1.901075938893855977e+01 9.930280794387008057e+11
-1.866510921823059022e+01 1.003805880464781494e+12
-1.831945904752261356e+01 1.014198082607862793e+12
-1.797380887681464046e+01 1.024176355159842651e+12
-1.762815870610666735e+01 1.033712046628281616e+12
-1.728250853539869070e+01 1.042776266444392944e+12
-1.693685836469071759e+01 1.051339973464042358e+12
-1.659120819398274804e+01 1.059374071332949951e+12
-1.624555802327477139e+01 1.066849510588193848e+12
-1.589990785256679828e+01 1.073737397477917847e+12
-1.555425768185882340e+01 1.080009109277869141e+12
-1.520860751115084852e+01 1.085636415888495483e+12
-1.486295734044287542e+01 1.090591607407056641e+12
-1.451730716973490232e+01 1.094847627313082397e+12
-1.417165699902692744e+01 1.098378210777408203e+12
-1.382600682831895433e+01 1.101158027581104980e+12
-1.348035665761098123e+01 1.103162828998877441e+12
-1.313470648690300457e+01 1.104369597935816650e+12
-1.278905631619503325e+01 1.104756701528875977e+12
-1.244340614548706014e+01 1.104304045294969727e+12
-1.209775597477908349e+01 1.102993227857929443e+12
-1.175210580407111216e+01 1.100807695186462646e+12
-1.140645563336313728e+01 1.097732893197604004e+12
-1.106080546265516240e+01 1.093756417476577271e+12
-1.071515529194719107e+01 1.088868158843458862e+12
-1.036950512123921619e+01 1.083060443376858276e+12
-1.002385495053124309e+01 1.076328165479430542e+12
-9.678204779823268211e+00 1.068668912555318359e+12
-9.332554609115295108e+00 1.060083079754303101e+12
-8.986904438407320228e+00 1.050573973328135132e+12
-8.641254267699345348e+00 1.040147901061503296e+12
-8.295604096991374021e+00 1.028814248311539551e+12
-7.949953926283399142e+00 1.016585538191367432e+12
-7.604303755575424262e+00 1.003477474533053345e+12
-7.258653584867451158e+00 9.895089663054996338e+11
-6.913003414159477167e+00 9.747021322910334473e+11
-6.567353243451502287e+00 9.590822849509863281e+11
-6.221703072743530072e+00 9.426778925703707275e+11
-5.876052902035556080e+00 9.255205188985002441e+11
-5.530402731327581201e+00 9.076447397658293457e+11
-5.184752560619608097e+00 8.890880363332669678e+11
-4.839102389911634106e+00 8.698906648839094238e+11
-4.493452219203660114e+00 8.500955032970864258e+11
-4.147802048495687011e+00 8.297478746541125488e+11
-3.802151877787712131e+00 8.088953486848298340e+11
-3.456501707079738583e+00 7.875875220479748535e+11
-3.110851536371765036e+00 7.658757787270903320e+11
-2.765201365663790600e+00 7.438130321394825439e+11
-2.419551194955817053e+00 7.214534508277023926e+11
-2.073901024247843505e+00 6.988521698387580566e+11
-1.728250853539869292e+00 6.760649902222114258e+11
-1.382600682831895300e+00 6.531480692533239746e+11
-1.036950512123921753e+00 6.301576041948925781e+11
-6.913003414159476501e-01 6.071495126088350830e+11
-3.456501707079738250e-01 5.841791123488027344e+11
0.000000000000000000e+00 5.613008044375823975e+11
3.456501707079738250e-01 5.385677620860760498e+11
6.913003414159476501e-01 5.160316291110286255e+11
1.036950512123921753e+00 4.937422309255162964e+11
1.382600682831895300e+00 4.717473012023486328e+11
1.728250853539869292e+00 4.500922271156019287e+11
2.073901024247843505e+00 4.288198158683986816e+11
2.419551194955817053e+00 4.079700849436050415e+11
2.765201365663790600e+00 3.875800782312246094e+11
3.110851536371765036e+00 3.676837098314523315e+11
3.456501707079738583e+00 3.483116369471109619e+11
3.802151877787712131e+00 3.294911629005786743e+11
4.147802048495687011e+00 3.112461708872953491e+11
4.493452219203660114e+00 2.935970886250386963e+11
4.839102389911634106e+00 2.765608836640601807e+11
5.184752560619608097e+00 2.601510886817222900e+11
5.530402731327581201e+00 2.443778556854328308e+11
5.876052902035556080e+00 2.292480376480765991e+11
6.221703072743530072e+00 2.147652957758926392e+11
6.567353243451502287e+00 2.009302302811654053e+11
6.913003414159477167e+00 1.877405322691002197e+11
7.258653584867451158e+00 1.751911541185473022e+11
7.604303755575424262e+00 1.632744955831860962e+11
7.949953926283399142e+00 1.519806027211831055e+11
8.295604096991374021e+00 1.412973767042399292e+11
8.641254267699345348e+00 1.312107895521579285e+11
8.986904438407320228e+00 1.217051038937961578e+11
9.332554609115295108e+00 1.127630939494938812e+11
9.678204779823268211e+00 1.043662650724575653e+11
1.002385495053124309e+01 9.649506937654014587e+10
1.036950512123921619e+01 8.912911518617367554e+10
1.071515529194719107e+01 8.224736829614178467e+10
1.106080546265516240e+01 7.582834328442022705e+10
1.140645563336313728e+01 6.985028340595103455e+10
1.175210580407111216e+01 6.429132787326185608e+10
1.209775597477908349e+01 5.912966561669425201e+10
1.244340614548706014e+01 5.434367488949504852e+10
1.278905631619503325e+01 4.991204835160467529e+10
1.313470648690300457e+01 4.581390351374720764e+10
1.348035665761098123e+01 4.202887864883162689e+10
1.382600682831895433e+01 3.853721448213201904e+10
1.417165699902692744e+01 3.531982215273016357e+10
1.451730716973490232e+01 3.235833808765158463e+10
1.486295734044287542e+01 2.963516655325249100e+10
1.520860751115084852e+01 2.713351074703800964e+10
1.555425768185882340e+01 2.483739336116639328e+10
1.589990785256679828e+01 2.273166759546324158e+10
1.624555802327477139e+01 2.080201961970734024e+10
1.659120819398274804e+01 1.903496348659189987e+10
1.693685836469071759e+01 1.741782948116009140e+10
1.728250853539869070e+01 1.593874686063521385e+10
1.762815870610666735e+01 1.458662189462239265e+10
1.797380887681464046e+01 1.335111206142630196e+10
1.831945904752261356e+01 1.222259719489671707e+10
1.866510921823059022e+01 1.119214830930190277e+10
1.901075938893855977e+01 1.025149476009719086e+10
1.935640955964653642e+01 9.392990327954055786e+09
1.970205973035450953e+01 8.609578743006797791e+09
2.004770990106248618e+01 7.894759097899814606e+09
2.039336007177045573e+01 7.242551533134508133e+09
2.073901024247843239e+01 6.647463516467037201e+09
2.108466041318640549e+01 6.104456981094099045e+09
2.143031058389438215e+01 5.608916535091742516e+09
2.177596075460235170e+01 5.156618907360636711e+09
2.212161092531032480e+01 4.743703753193456650e+09
2.246726109601830146e+01 4.366645905550778389e+09
2.281291126672627456e+01 4.022229125883323193e+09
2.315856143743425122e+01 3.707521380857017994e+09
2.350421160814222432e+01 3.419851648005766392e+09
2.384986177885019387e+01 3.156788234122375011e+09
2.419551194955816698e+01 2.916118574492908955e+09
2.454116212026614363e+01 2.695830468661979675e+09
2.488681229097412029e+01 2.494094698807552338e+09
2.523246246168209339e+01 2.309248969734984875e+09
2.557811263239006649e+01 2.139783104542814493e+09
2.592376280309803604e+01 1.984325426898030996e+09
2.626941297380600915e+01 1.841630259284237862e+09
2.661506314451398580e+01 1.710566466295249224e+09
2.696071331522196246e+01 1.590106972714639425e+09
2.730636348592993556e+01 1.479319187729048491e+09
2.765201365663790867e+01 1.377356268751335382e+09
2.799766382734587822e+01 1.283449160984967470e+09
2.834331399805385487e+01 1.196899351889855385e+09
2.868896416876182798e+01 1.117072282880765915e+09
2.903461433946980463e+01 1.043391363987113714e+09
2.938026451017777774e+01 9.753325405881320238e+08
2.972591468088575084e+01 9.124193647529207468e+08
3.007156485159372750e+01 8.542185270622631311e+08
3.041721502230169705e+01 8.003358080373826027e+08
3.076286519300967015e+01 7.504124114355173111e+08
3.110851536371764681e+01 7.041216446730681658e+08
3.145416553442561991e+01 6.611659144569474459e+08
3.179981570513359657e+01 6.212740083808008432e+08
3.214546587584156612e+01 5.841986357333707809e+08
3.249111604654954277e+01 5.497142031051571369e+08
3.283676621725751232e+01 5.176148025548231006e+08
3.318241638796549609e+01 4.877123920715594292e+08
3.352806655867346564e+01 4.598351499445599318e+08
3.387371672938143519e+01 4.338259863198730350e+08
3.421936690008941184e+01 4.095411968170626163e+08
3.456501707079738139e+01 3.868492444684932232e+08
3.491066724150535805e+01 3.656296575672235489e+08
3.525631741221333471e+01 3.457720321798470616e+08
3.560196758292131136e+01 3.271751291745283008e+08
3.594761775362928091e+01 3.097460565757563114e+08
3.629326792433725046e+01 2.933995289639851451e+08
3.663891809504522712e+01 2.780571964332453609e+08
3.698456826575320378e+01 2.636470363501154482e+08
3.733021843646118043e+01 2.501028018167212009e+08
3.767586860716914998e+01 2.373635213495926857e+08
3.802151877787711953e+01 2.253730448006772995e+08
3.836716894858510329e+01 2.140796310516391098e+08
3.871281911929307284e+01 2.034355734508219957e+08
3.905846929000104240e+01 1.933968593455246985e+08
3.940411946070901905e+01 1.839228604387464821e+08
3.974976963141699571e+01 1.749760510049346983e+08
4.009541980212497236e+01 1.665217512905296683e+08
4.044106997283294191e+01 1.585278937020775080e+08
4.078672014354091147e+01 1.509648096130343974e+08
4.113237031424888812e+01 1.438050348248882592e+08
4.147802048495686478e+01 1.370231319270882607e+08
4.182367065566483433e+01 1.305955279569345117e+08
4.216932082637281098e+01 1.245003659341219515e+08
4.251497099708078053e+01 1.187173689719672650e+08
4.286062116778876430e+01 1.132277158074911088e+08
4.320627133849673385e+01 1.080139266932572871e+08
4.355192150920470340e+01 1.030597587127061784e+08
4.389757167991268005e+01 9.835010966715484858e+07
4.424322185062064960e+01 9.387092976186399162e+07
4.458887202132861916e+01 8.960914040903717279e+07
4.493452219203660292e+01 8.555255951638387144e+07
4.528017236274457247e+01 8.168983271431685984e+07
4.562582253345254912e+01 7.801036999886687100e+07
4.597147270416052578e+01 7.450428735043674707e+07
4.631712287486850244e+01 7.116235290987640619e+07
4.666277304557647199e+01 6.797593734816929698e+07
4.700842321628444864e+01 6.493696808311118186e+07
4.735407338699241819e+01 6.203788705157373101e+07
4.769972355770038774e+01 5.927161175152707100e+07
4.804537372840836440e+01 5.663149931131473929e+07
4.839102389911633395e+01 5.411131335272243619e+07
4.873667406982430350e+01 5.170519344628411531e+07
4.908232424053228726e+01 4.940762695970010012e+07
4.942797441124027102e+01 4.721342312995980680e+07
4.977362458194824058e+01 4.511768919468617439e+07
5.011927475265621013e+01 4.311580843250089139e+07
5.046492492336418678e+01 4.120341997440918535e+07
5.081057509407215633e+01 3.937640026416347921e+07
5.115622526478013299e+01 3.763084603430862725e+07
5.150187543548810254e+01 3.596305869196280837e+07
5.184752560619607209e+01 3.436953001105553657e+07
5.219317577690404875e+01 3.284692902715936303e+07
5.253882594761201830e+01 3.139209004228936136e+07
5.288447611832000206e+01 3.000200165965206549e+07
5.323012628902797161e+01 2.867379675366343930e+07
5.357577645973595537e+01 2.740474330888361484e+07
5.392142663044392492e+01 2.619223604715475067e+07
5.426707680115189447e+01 2.503378877767861262e+07
5.461272697185987113e+01 2.392702741279801354e+07
5.495837714256784068e+01 2.286968357441473752e+07
5.530402731327581733e+01 2.185958874853289500e+07
5.564967748398378689e+01 2.089466893326339126e+07
5.599532765469175644e+01 1.997293973174760491e+07
5.634097782539974020e+01 1.909250184125278145e+07
5.668662799610770975e+01 1.825153690369400382e+07
5.703227816681568640e+01 1.744830367997729406e+07
5.737792833752365596e+01 1.668113450696831942e+07
5.772357850823163972e+01 1.594843201629330590e+07
5.806922867893960927e+01 1.524866607878601924e+07
5.841487884964758592e+01 1.458037095380966552e+07
5.876052902035555547e+01 1.394214261765827425e+07
5.910617919106352502e+01 1.333263625423674658e+07
5.945182936177150168e+01 1.275056388591304235e+07
5.979747953247947834e+01 1.219469213158069924e+07
6.014312970318745499e+01 1.166384007859517634e+07
6.048877987389542454e+01 1.115687725263796747e+07
6.083443004460339409e+01 1.067272168323636055e+07
6.118008021531137075e+01 1.021033804116818495e+07
6.152573038601934030e+01 9.768735857963273302e+06
6.187138055672732406e+01 9.346967808901874349e+06
6.221703072743529361e+01 8.944128056200973690e+06
6.256268089814327027e+01 8.559350647817704827e+06
6.290833106885123982e+01 8.191807971811822616e+06
6.325398123955922358e+01 7.840709259619547985e+06
6.359963141026719313e+01 7.505299135284016840e+06
6.394528158097516268e+01 7.184856206299960613e+06
6.429093175168313223e+01 6.878691704269128852e+06
6.463658192239111600e+01 6.586148162802804261e+06
6.498223209309908555e+01 6.306598135477418080e+06
6.532788226380705510e+01 6.039442954010782763e+06
6.567353243451502465e+01 5.784111527226884849e+06
6.601918260522300841e+01 5.540059177868408151e+06
6.636483277593099217e+01 5.306766515651112422e+06
6.671048294663896172e+01 5.083738345121349208e+06
6.705613311734693127e+01 4.870502615043375641e+06
6.740178328805490082e+01 4.666609403181308880e+06
6.774743345876287037e+01 4.471629933859949000e+06
6.809308362947085413e+01 4.285155636053676717e+06
6.843873380017882369e+01 4.106797233053795062e+06
6.878438397088679324e+01 3.936183866268271580e+06
6.913003414159476279e+01 3.772962253852870781e+06
6.947568431230273234e+01 3.616795884194730781e+06
6.982133448301071610e+01 3.467364241152868140e+06
7.016698465371868565e+01 3.324362066840484738e+06
7.051263482442666941e+01 3.187498647948184982e+06
7.085828499513463896e+01 3.056497139791327063e+06
7.120393516584262272e+01 2.931093922988498118e+06
7.154958533655059227e+01 2.811037987325205933e+06
7.189523550725856182e+01 2.696090347859730013e+06
7.224088567796653138e+01 2.586023490880579688e+06
7.258653584867450093e+01 2.480620852452112827e+06
7.293218601938248469e+01 2.379676329448087141e+06
7.327783619009045424e+01 2.282993819551347289e+06
7.362348636079843800e+01 2.190386796953029931e+06
7.396913653150640755e+01 2.101677924672958441e+06
7.431478670221437710e+01 2.016698698606957681e+06
7.466043687292236086e+01 1.935289139030018123e+06
7.500608704363033041e+01 1.857297525901105022e+06
7.535173721433829996e+01 1.782580187327481573e+06
7.569738738504626951e+01 1.711001355079504661e+06
7.604303755575423907e+01 1.642433091880074935e+06
7.638868772646222283e+01 1.576755316904008854e+06
7.673433789717020659e+01 1.513855947431632550e+06
7.707998806787817614e+01 1.453631194691402139e+06
7.742563823858614569e+01 1.395986063050752738e+06
7.777128840929411524e+01 1.340835113129873760e+06
7.811693858000208479e+01 1.288103586350589292e+06
7.846258875071005434e+01 1.237729017660295125e+06
7.880823892141803810e+01 1.189663526106218575e+06
7.915388909212600765e+01 1.143877058660564246e+06
7.949953926283399142e+01 1.100361968658923870e+06
7.984518943354196097e+01 1.059139511411537183e+06
8.019083960424994473e+01 1.020269115191049408e+06
8.053648977495790007e+01 9.838616993453169707e+05
8.088213994566588383e+01 9.500989785655027954e+05
8.122779011637385338e+01 9.192616896046488546e+05
8.157344028708182293e+01 8.917712438162211329e+05
8.191909045778982090e+01 8.682517024657255970e+05
8.226474062849777624e+01 8.496225849159434438e+05
8.261039079920576000e+01 8.372381884834136581e+05
8.295604096991372955e+01 8.330957506024830509e+05
8.330169114062171332e+01 8.401405836192677962e+05
8.364734131132966866e+01 8.626918674628053559e+05
8.399299148203765242e+01 9.069667430061089108e+05
8.433864165274562197e+01 9.814998754805686185e+05
8.468429182345359152e+01 1.096692736642797710e+06
8.502994199416156107e+01 1.261226382543305634e+06
8.537559216486954483e+01 1.469925435938179493e+06
8.572124233557752859e+01 1.674893226008361904e+06
8.606689250628548393e+01 1.748327272680711932e+06
8.641254267699346769e+01 1.540367606906688306e+06
8.675819284770142303e+01 1.216863291236486053e+06
8.710384301840940680e+01 9.105908284804115538e+05
8.744949318911737635e+01 6.670390332033049781e+05
8.779514335982536011e+01 4.869402712465905934e+05
8.814079353053331545e+01 3.574961803142708377e+05
8.848644370124129921e+01 2.651132757991015096e+05
8.883209387194928297e+01 1.989419711479321122e+05
8.917774404265723831e+01 1.511241090710614517e+05
8.952339421336522207e+01 1.161790177573745168e+05
8.986904438407320583e+01 9.033099339754333778e+04
9.021469455478118959e+01 7.097885839084457257e+04
9.056034472548914493e+01 5.631929235592698387e+04
9.090599489619712870e+01 4.509022051189434569e+04
9.125164506690509825e+01 3.639863584047338372e+04
9.159729523761308201e+01 2.960535731660311649e+04
9.194294540832105156e+01 2.424757360871570199e+04
9.228859557902902111e+01 1.998637890411247281e+04
9.263424574973700487e+01 1.657089933701666450e+04
9.297989592044496021e+01 1.381349699561570014e+04
9.332554609115294397e+01 1.157245372313665939e+04
9.367119626186091352e+01 9.739739937162743445e+03
9.401684643256889728e+01 8.232288079861524238e+03
9.436249660327685262e+01 6.985699752578170774e+03
9.470814677398483639e+01 5.949664695387526990e+03
9.505379694469279173e+01 5.084592733841170229e+03
9.539944711540077549e+01 4.359117285664524388e+03
9.574509728610875925e+01 3.748226681219216971e+03
9.609074745681672880e+01 3.231855803968828241e+03
9.643639762752469835e+01 2.793816103432054661e+03
9.678204779823266790e+01 2.420975600844358269e+03
9.712769796894065166e+01 2.102627956327201900e+03
9.747334813964860700e+01 1.830001996431502675e+03
9.781899831035659076e+01 1.595879401559218422e+03
9.816464848106457453e+01 1.394293634817477596e+03
9.851029865177255829e+01 1.220293179340403640e+03
9.885594882248054205e+01 1.069752400273796184e+03
9.920159899318849739e+01 9.392220160129593296e+02
9.954724916389648115e+01 8.258063212688763315e+02
9.989289933460445070e+01 7.270680845561515753e+02
1.002385495053124203e+02 6.409484909489675601e+02
1.005841996760203898e+02 5.657033431303990483e+02
1.009298498467283736e+02 4.998502948661395635e+02
1.012755000174363289e+02 4.421271686918789214e+02
1.016211501881443127e+02 3.914549810649659207e+02
1.019668003588522822e+02 3.469101749401964980e+02
1.023124505295602660e+02 3.077001288901896032e+02
1.026581007002682355e+02 2.731424404504351742e+02
1.030037508709762051e+02 2.426491760708720733e+02
1.033494010416841888e+02 2.157121061108579454e+02
1.036950512123921442e+02 1.918911748651167954e+02
1.040407013831001279e+02 1.708049613802506030e+02
1.043863515538080975e+02 1.521218142423243762e+02
1.047320017245160813e+02 1.355529978866495355e+02
1.050776518952240366e+02 1.208472386785767725e+02
1.054233020659320204e+02 1.077841822923986115e+02
1.057689522366400041e+02 9.617214370703851500e+01
1.061146024073479595e+02 8.584249776774106522e+01
1.064602525780559432e+02 7.664744992357958608e+01
1.068059027487639270e+02 6.845778622918399492e+01
1.071515529194719107e+02 6.115908879029354495e+01
1.074972030901798661e+02 5.465057447387241041e+01
1.078428532608878498e+02 4.884464905441873839e+01
1.081885034315958194e+02 4.366231390855345040e+01
1.085341536023037889e+02 3.903500126109452140e+01
1.088798037730117585e+02 3.490145322598774413e+01
1.092254539437197423e+02 3.120751443272859404e+01
1.095711041144277260e+02 2.790562396268990497e+01
1.099167542851356814e+02 2.495292825776300560e+01
1.102624044558436651e+02 2.231198618674960699e+01
1.106080546265516347e+02 1.994878863656506240e+01
1.109537047972596042e+02 1.783401311621501151e+01
1.112993549679675738e+02 1.594104334814689494e+01
1.116450051386755575e+02 1.424578263271746614e+01
1.119906553093835129e+02 1.272769071107266292e+01
1.123363054800914966e+02 1.136789667430384831e+01
1.126819556507994804e+02 1.014932338691850155e+01
1.130276058215074499e+02 9.057558451706483993e+00
1.133732559922154195e+02 8.078624954166697236e+00
1.137189061629233890e+02 7.201107031665681113e+00
1.140645563336313728e+02 6.414086515973524527e+00
1.144102065043393281e+02 5.707951686394456381e+00
1.147558566750473119e+02 5.074469850152361516e+00
1.151015068457552957e+02 4.505439420439572906e+00
1.154471570164632794e+02 3.994577007104270550e+00
1.157928071871712632e+02 3.535174106204507005e+00
1.161384573578792185e+02 3.122015296590935574e+00
1.164841075285872023e+02 2.749843682624856012e+00
1.168297576992951718e+02 2.414190384589719685e+00
1.171754078700031414e+02 2.110856107174800655e+00
1.175210580407111109e+02 1.835807453169104209e+00
1.178667082114190947e+02 1.586078994286190813e+00
1.182123583821270500e+02 1.358207607999686539e+00
1.185580085528350338e+02 1.149196760150841712e+00
1.189036587235430034e+02 9.561432342592262046e-01
1.192493088942509729e+02 7.766518767294785519e-01
1.195949590649589567e+02 6.084519575325272323e-01
1.199406092356669262e+02 4.489409504758323788e-01
1.202862594063749100e+02 2.955785411503779603e-01
1.206319095770828653e+02 1.468198036480534985e-01
