# Profil de ElecX au temps 3.000000000000013e-12 
# simu : /Volumes/MERCURE/JOBS/Zeq1_tanh_50mic_3p5e22_B0_20ps/GNU/ElecX@y-c.set
# col 0 : abscisse (um)
# col 1 : ElecX (V/m)
0.00000000e+00	0.00000000e+00
1.00000000e+00	1.51047461e+02
2.00000000e+00	2.66666834e+01
3.00000000e+00	-1.04058676e+02
4.00000000e+00	2.00126430e+01
5.00000000e+00	8.22294523e+00
6.00000000e+00	5.29888049e+00
7.00000000e+00	4.34665335e+00
8.00000000e+00	3.83112239e+00
9.00000000e+00	3.49347936e+00
1.00000000e+01	3.25801092e+00
1.10000000e+01	3.09320893e+00
1.20000000e+01	2.98249319e+00
1.30000000e+01	2.91482749e+00
1.40000000e+01	2.88280404e+00
1.50000000e+01	2.88021124e+00
1.60000000e+01	2.90227351e+00
1.70000000e+01	2.94544480e+00
1.80000000e+01	3.00622090e+00
1.90000000e+01	3.08220911e+00
2.00000000e+01	3.17151208e+00
2.10000000e+01	3.27229303e+00
2.20000000e+01	3.38374458e+00
2.30000000e+01	3.50449026e+00
2.40000000e+01	3.63422461e+00
2.50000000e+01	3.77209767e+00
2.60000000e+01	3.91797105e+00
2.70000000e+01	4.07171245e+00
2.80000000e+01	4.23314625e+00
2.90000000e+01	4.40214595e+00
3.00000000e+01	4.57901770e+00
3.10000000e+01	4.76375323e+00
3.20000000e+01	4.95645789e+00
3.30000000e+01	5.15754385e+00
3.40000000e+01	5.36715496e+00
3.50000000e+01	5.58540473e+00
3.60000000e+01	5.81288950e+00
3.70000000e+01	6.04966758e+00
3.80000000e+01	6.29635311e+00
3.90000000e+01	6.55310432e+00
4.00000000e+01	6.82041049e+00
4.10000000e+01	7.09869257e+00
4.20000000e+01	7.38830649e+00
4.30000000e+01	7.68988478e+00
4.40000000e+01	8.00360323e+00
4.50000000e+01	8.33033213e+00
4.60000000e+01	8.67020850e+00
4.70000000e+01	9.02414584e+00
4.80000000e+01	9.39244562e+00
4.90000000e+01	9.77583956e+00
5.00000000e+01	1.01748058e+01
5.10000000e+01	1.05900051e+01
5.20000000e+01	1.10222708e+01
5.30000000e+01	1.14721482e+01
5.40000000e+01	1.19403105e+01
5.50000000e+01	1.24277005e+01
5.60000000e+01	1.29348275e+01
5.70000000e+01	1.34627843e+01
5.80000000e+01	1.40123021e+01
5.90000000e+01	1.45841556e+01
6.00000000e+01	1.51792818e+01
6.10000000e+01	1.57988499e+01
6.20000000e+01	1.64436100e+01
6.30000000e+01	1.71147375e+01
6.40000000e+01	1.78132062e+01
6.50000000e+01	1.85402085e+01
6.60000000e+01	1.92968488e+01
6.70000000e+01	2.00844287e+01
6.80000000e+01	2.09040472e+01
6.90000000e+01	2.17571482e+01
7.00000000e+01	2.26451597e+01
7.10000000e+01	2.35692759e+01
7.20000000e+01	2.45311336e+01
7.30000000e+01	2.55323658e+01
7.40000000e+01	2.65742595e+01
7.50000000e+01	2.76587802e+01
7.60000000e+01	2.87875292e+01
7.70000000e+01	2.99624203e+01
7.80000000e+01	3.11853026e+01
7.90000000e+01	3.24579343e+01
8.00000000e+01	3.37825515e+01
8.10000000e+01	3.51613388e+01
8.20000000e+01	3.65961926e+01
8.30000000e+01	3.80897854e+01
8.40000000e+01	3.96442203e+01
8.50000000e+01	4.12621585e+01
8.60000000e+01	4.29461869e+01
8.70000000e+01	4.46986765e+01
8.80000000e+01	4.65229283e+01
8.90000000e+01	4.84215993e+01
9.00000000e+01	5.03976020e+01
9.10000000e+01	5.24544236e+01
9.20000000e+01	5.45951721e+01
9.30000000e+01	5.68232029e+01
9.40000000e+01	5.91422394e+01
9.50000000e+01	6.15557812e+01
9.60000000e+01	6.40680101e+01
9.70000000e+01	6.66825967e+01
9.80000000e+01	6.94039852e+01
9.90000000e+01	7.22364237e+01
1.00000000e+02	7.51844114e+01
1.01000000e+02	7.82527748e+01
1.02000000e+02	8.14462571e+01
1.03000000e+02	8.47701902e+01
1.04000000e+02	8.82297050e+01
1.05000000e+02	9.18304294e+01
1.06000000e+02	9.55781340e+01
1.07000000e+02	9.94786204e+01
1.08000000e+02	1.03538478e+02
1.09000000e+02	1.07763909e+02
1.10000000e+02	1.12161852e+02
1.11000000e+02	1.16739163e+02
1.12000000e+02	1.21503440e+02
1.13000000e+02	1.26461992e+02
1.14000000e+02	1.31622994e+02
1.15000000e+02	1.36994613e+02
1.16000000e+02	1.42585435e+02
1.17000000e+02	1.48404379e+02
1.18000000e+02	1.54460877e+02
1.19000000e+02	1.60764523e+02
1.20000000e+02	1.67325386e+02
1.21000000e+02	1.74153993e+02
1.22000000e+02	1.81261325e+02
1.23000000e+02	1.88658648e+02
1.24000000e+02	1.96357938e+02
1.25000000e+02	2.04371357e+02
1.26000000e+02	2.12711826e+02
1.27000000e+02	2.21392767e+02
1.28000000e+02	2.30427775e+02
1.29000000e+02	2.39831713e+02
1.30000000e+02	2.49619247e+02
1.31000000e+02	2.59806328e+02
1.32000000e+02	2.70409100e+02
1.33000000e+02	2.81444572e+02
1.34000000e+02	2.92930377e+02
1.35000000e+02	3.04884982e+02
1.36000000e+02	3.17327360e+02
1.37000000e+02	3.30277506e+02
1.38000000e+02	3.43756272e+02
1.39000000e+02	3.57784971e+02
1.40000000e+02	3.72386200e+02
1.41000000e+02	3.87583370e+02
1.42000000e+02	4.03400731e+02
1.43000000e+02	4.19863467e+02
1.44000000e+02	4.36998115e+02
1.45000000e+02	4.54831987e+02
1.46000000e+02	4.73393662e+02
1.47000000e+02	4.92712852e+02
1.48000000e+02	5.12820366e+02
1.49000000e+02	5.33748513e+02
1.50000000e+02	5.55530656e+02
1.51000000e+02	5.78201770e+02
1.52000000e+02	6.01797993e+02
1.53000000e+02	6.26357228e+02
1.54000000e+02	6.51918626e+02
1.55000000e+02	6.78523135e+02
1.56000000e+02	7.06213353e+02
1.57000000e+02	7.35033653e+02
1.58000000e+02	7.65029858e+02
1.59000000e+02	7.96250294e+02
1.60000000e+02	8.28744696e+02
1.61000000e+02	8.62565264e+02
1.62000000e+02	8.97765844e+02
1.63000000e+02	9.34402852e+02
1.64000000e+02	9.72535059e+02
1.65000000e+02	1.01222320e+03
1.66000000e+02	1.05353098e+03
1.67000000e+02	1.09652444e+03
1.68000000e+02	1.14127215e+03
1.69000000e+02	1.18784605e+03
1.70000000e+02	1.23632046e+03
1.71000000e+02	1.28677294e+03
1.72000000e+02	1.33928406e+03
1.73000000e+02	1.39393800e+03
1.74000000e+02	1.45082227e+03
1.75000000e+02	1.51002763e+03
1.76000000e+02	1.57164894e+03
1.77000000e+02	1.63578456e+03
1.78000000e+02	1.70253745e+03
1.79000000e+02	1.77201406e+03
1.80000000e+02	1.84432569e+03
1.81000000e+02	1.91958790e+03
1.82000000e+02	1.99792109e+03
1.83000000e+02	2.07945070e+03
1.84000000e+02	2.16430676e+03
1.85000000e+02	2.25262540e+03
1.86000000e+02	2.34454761e+03
1.87000000e+02	2.44022044e+03
1.88000000e+02	2.53979703e+03
1.89000000e+02	2.64343645e+03
1.90000000e+02	2.75130455e+03
1.91000000e+02	2.86357374e+03
1.92000000e+02	2.98042355e+03
1.93000000e+02	3.10204098e+03
1.94000000e+02	3.22862029e+03
1.95000000e+02	3.36036398e+03
1.96000000e+02	3.49748258e+03
1.97000000e+02	3.64019560e+03
1.98000000e+02	3.78873081e+03
1.99000000e+02	3.94332591e+03
2.00000000e+02	4.10422807e+03
2.01000000e+02	4.27169447e+03
2.02000000e+02	4.44599264e+03
2.03000000e+02	4.62740150e+03
2.04000000e+02	4.81621065e+03
2.05000000e+02	5.01272202e+03
2.06000000e+02	5.21724988e+03
2.07000000e+02	5.43012080e+03
2.08000000e+02	5.65167506e+03
2.09000000e+02	5.88226675e+03
2.10000000e+02	6.12226419e+03
2.11000000e+02	6.37205100e+03
2.12000000e+02	6.63202614e+03
2.13000000e+02	6.90260507e+03
2.14000000e+02	7.18421980e+03
2.15000000e+02	7.47732045e+03
2.16000000e+02	7.78237501e+03
2.17000000e+02	8.09987062e+03
2.18000000e+02	8.43031455e+03
2.19000000e+02	8.77423417e+03
2.20000000e+02	9.13217899e+03
2.21000000e+02	9.50472009e+03
2.22000000e+02	9.89245259e+03
2.23000000e+02	1.02959952e+04
2.24000000e+02	1.07159920e+04
2.25000000e+02	1.11531134e+04
2.26000000e+02	1.16080570e+04
2.27000000e+02	1.20815485e+04
2.28000000e+02	1.25743434e+04
2.29000000e+02	1.30872281e+04
2.30000000e+02	1.36210202e+04
2.31000000e+02	1.41765714e+04
2.32000000e+02	1.47547672e+04
2.33000000e+02	1.53565300e+04
2.34000000e+02	1.59828185e+04
2.35000000e+02	1.66346314e+04
2.36000000e+02	1.73130073e+04
2.37000000e+02	1.80190269e+04
2.38000000e+02	1.87538153e+04
2.39000000e+02	1.95185426e+04
2.40000000e+02	2.03144269e+04
2.41000000e+02	2.11427353e+04
2.42000000e+02	2.20047863e+04
2.43000000e+02	2.29019520e+04
2.44000000e+02	2.38356601e+04
2.45000000e+02	2.48073957e+04
2.46000000e+02	2.58187046e+04
2.47000000e+02	2.68711946e+04
2.48000000e+02	2.79665392e+04
2.49000000e+02	2.91064788e+04
2.50000000e+02	3.02928248e+04
2.51000000e+02	3.15274615e+04
2.52000000e+02	3.28123494e+04
2.53000000e+02	3.41495281e+04
2.54000000e+02	3.55411196e+04
2.55000000e+02	3.69893314e+04
2.56000000e+02	3.84964603e+04
2.57000000e+02	4.00648953e+04
2.58000000e+02	4.16971220e+04
2.59000000e+02	4.33957257e+04
2.60000000e+02	4.51633961e+04
2.61000000e+02	4.70029309e+04
2.62000000e+02	4.89172404e+04
2.63000000e+02	5.09093517e+04
2.64000000e+02	5.29824135e+04
2.65000000e+02	5.51397008e+04
2.66000000e+02	5.73846199e+04
2.67000000e+02	5.97207139e+04
2.68000000e+02	6.21516671e+04
2.69000000e+02	6.46813121e+04
2.70000000e+02	6.73136340e+04
2.71000000e+02	7.00527774e+04
2.72000000e+02	7.29030523e+04
2.73000000e+02	7.58689406e+04
2.74000000e+02	7.89551028e+04
2.75000000e+02	8.21663848e+04
2.76000000e+02	8.55078252e+04
2.77000000e+02	8.89846630e+04
2.78000000e+02	9.26023447e+04
2.79000000e+02	9.63665332e+04
2.80000000e+02	1.00283115e+05
2.81000000e+02	1.04358210e+05
2.82000000e+02	1.08598180e+05
2.83000000e+02	1.13009636e+05
2.84000000e+02	1.17599452e+05
2.85000000e+02	1.22374771e+05
2.86000000e+02	1.27343016e+05
2.87000000e+02	1.32511903e+05
2.88000000e+02	1.37889448e+05
2.89000000e+02	1.43483983e+05
2.90000000e+02	1.49304162e+05
2.91000000e+02	1.55358978e+05
2.92000000e+02	1.61657775e+05
2.93000000e+02	1.68210258e+05
2.94000000e+02	1.75026508e+05
2.95000000e+02	1.82116996e+05
2.96000000e+02	1.89492597e+05
2.97000000e+02	1.97164606e+05
2.98000000e+02	2.05144749e+05
2.99000000e+02	2.13445203e+05
3.00000000e+02	2.22078610e+05
3.01000000e+02	2.31058095e+05
3.02000000e+02	2.40397280e+05
3.03000000e+02	2.50110305e+05
3.04000000e+02	2.60211843e+05
3.05000000e+02	2.70717120e+05
3.06000000e+02	2.81641936e+05
3.07000000e+02	2.93002680e+05
3.08000000e+02	3.04816354e+05
3.09000000e+02	3.17100590e+05
3.10000000e+02	3.29873676e+05
3.11000000e+02	3.43154572e+05
3.12000000e+02	3.56962937e+05
3.13000000e+02	3.71319147e+05
3.14000000e+02	3.86244322e+05
3.15000000e+02	4.01760346e+05
3.16000000e+02	4.17889894e+05
3.17000000e+02	4.34656455e+05
3.18000000e+02	4.52084358e+05
3.19000000e+02	4.70198794e+05
3.20000000e+02	4.89025846e+05
3.21000000e+02	5.08592513e+05
3.22000000e+02	5.28926734e+05
3.23000000e+02	5.50057421e+05
3.24000000e+02	5.72014477e+05
3.25000000e+02	5.94828833e+05
3.26000000e+02	6.18532467e+05
3.27000000e+02	6.43158435e+05
3.28000000e+02	6.68740898e+05
3.29000000e+02	6.95315152e+05
3.30000000e+02	7.22917648e+05
3.31000000e+02	7.51586028e+05
3.32000000e+02	7.81359146e+05
3.33000000e+02	8.12277096e+05
3.34000000e+02	8.44381237e+05
3.35000000e+02	8.77714224e+05
3.36000000e+02	9.12320023e+05
3.37000000e+02	9.48243945e+05
3.38000000e+02	9.85532663e+05
3.39000000e+02	1.02423423e+06
3.40000000e+02	1.06439812e+06
3.41000000e+02	1.10607522e+06
3.42000000e+02	1.14931787e+06
3.43000000e+02	1.19417985e+06
3.44000000e+02	1.24071643e+06
3.45000000e+02	1.28898436e+06
3.46000000e+02	1.33904189e+06
3.47000000e+02	1.39094877e+06
3.48000000e+02	1.44476625e+06
3.49000000e+02	1.50055708e+06
3.50000000e+02	1.55838552e+06
3.51000000e+02	1.61831732e+06
3.52000000e+02	1.68041972e+06
3.53000000e+02	1.74476143e+06
3.54000000e+02	1.81141261e+06
3.55000000e+02	1.88044483e+06
3.56000000e+02	1.95193107e+06
3.57000000e+02	2.02594566e+06
3.58000000e+02	2.10256425e+06
3.59000000e+02	2.18186374e+06
3.60000000e+02	2.26392225e+06
3.61000000e+02	2.34881905e+06
3.62000000e+02	2.43663447e+06
3.63000000e+02	2.52744983e+06
3.64000000e+02	2.62134737e+06
3.65000000e+02	2.71841011e+06
3.66000000e+02	2.81872179e+06
3.67000000e+02	2.92236670e+06
3.68000000e+02	3.02942959e+06
3.69000000e+02	3.13999551e+06
3.70000000e+02	3.25414968e+06
3.71000000e+02	3.37197727e+06
3.72000000e+02	3.49356327e+06
3.73000000e+02	3.61899231e+06
3.74000000e+02	3.74834839e+06
3.75000000e+02	3.88171472e+06
3.76000000e+02	4.01917346e+06
3.77000000e+02	4.16080546e+06
3.78000000e+02	4.30669003e+06
3.79000000e+02	4.45690461e+06
3.80000000e+02	4.61152450e+06
3.81000000e+02	4.77062255e+06
3.82000000e+02	4.93426879e+06
3.83000000e+02	5.10253012e+06
3.84000000e+02	5.27546993e+06
3.85000000e+02	5.45314769e+06
3.86000000e+02	5.63561858e+06
3.87000000e+02	5.82293303e+06
3.88000000e+02	6.01513631e+06
3.89000000e+02	6.21226806e+06
3.90000000e+02	6.41436179e+06
3.91000000e+02	6.62144443e+06
3.92000000e+02	6.83353578e+06
3.93000000e+02	7.05064797e+06
3.94000000e+02	7.27278495e+06
3.95000000e+02	7.49994192e+06
3.96000000e+02	7.73210470e+06
3.97000000e+02	7.96924921e+06
3.98000000e+02	8.21134081e+06
3.99000000e+02	8.45833370e+06
4.00000000e+02	8.71017028e+06
4.01000000e+02	8.96678053e+06
4.02000000e+02	9.22808134e+06
4.03000000e+02	9.49397585e+06
4.04000000e+02	9.76435285e+06
4.05000000e+02	1.00390860e+07
4.06000000e+02	1.03180334e+07
4.07000000e+02	1.06010366e+07
4.08000000e+02	1.08879202e+07
4.09000000e+02	1.11784913e+07
4.10000000e+02	1.14725386e+07
4.11000000e+02	1.17698320e+07
4.12000000e+02	1.20701219e+07
4.13000000e+02	1.23731389e+07
4.14000000e+02	1.26785930e+07
4.15000000e+02	1.29861732e+07
4.16000000e+02	1.32955473e+07
4.17000000e+02	1.36063613e+07
4.18000000e+02	1.39182392e+07
4.19000000e+02	1.42307828e+07
4.20000000e+02	1.45435716e+07
4.21000000e+02	1.48561626e+07
4.22000000e+02	1.51680904e+07
4.23000000e+02	1.54788675e+07
4.24000000e+02	1.57879845e+07
4.25000000e+02	1.60949106e+07
4.26000000e+02	1.63990939e+07
4.27000000e+02	1.66999624e+07
4.28000000e+02	1.69969252e+07
4.29000000e+02	1.72893727e+07
4.30000000e+02	1.75766789e+07
4.31000000e+02	1.78582022e+07
4.32000000e+02	1.81332875e+07
4.33000000e+02	1.84012679e+07
4.34000000e+02	1.86614673e+07
4.35000000e+02	1.89132022e+07
4.36000000e+02	1.91557851e+07
4.37000000e+02	1.93885269e+07
4.38000000e+02	1.96107405e+07
4.39000000e+02	1.98217439e+07
4.40000000e+02	2.00208642e+07
4.41000000e+02	2.02074413e+07
4.42000000e+02	2.03808320e+07
4.43000000e+02	2.05404145e+07
4.44000000e+02	2.06855926e+07
4.45000000e+02	2.08158004e+07
4.46000000e+02	2.09305067e+07
4.47000000e+02	2.10292199e+07
4.48000000e+02	2.11114921e+07
4.49000000e+02	2.11769241e+07
4.50000000e+02	2.12251693e+07
4.51000000e+02	2.12559377e+07
4.52000000e+02	2.12689998e+07
4.53000000e+02	2.12641895e+07
4.54000000e+02	2.12414073e+07
4.55000000e+02	2.12006223e+07
4.56000000e+02	2.11418737e+07
4.57000000e+02	2.10652722e+07
4.58000000e+02	2.09709996e+07
4.59000000e+02	2.08593089e+07
4.60000000e+02	2.07305227e+07
4.61000000e+02	2.05850310e+07
4.62000000e+02	2.04232888e+07
4.63000000e+02	2.02458122e+07
4.64000000e+02	2.00531747e+07
4.65000000e+02	1.98460018e+07
4.66000000e+02	1.96249662e+07
4.67000000e+02	1.93907819e+07
4.68000000e+02	1.91441984e+07
4.69000000e+02	1.88859941e+07
4.70000000e+02	1.86169705e+07
4.71000000e+02	1.83379457e+07
4.72000000e+02	1.80497480e+07
4.73000000e+02	1.77532107e+07
4.74000000e+02	1.74491656e+07
4.75000000e+02	1.71384387e+07
4.76000000e+02	1.68218446e+07
4.77000000e+02	1.65001828e+07
4.78000000e+02	1.61742334e+07
4.79000000e+02	1.58447542e+07
4.80000000e+02	1.55124776e+07
4.81000000e+02	1.51781084e+07
4.82000000e+02	1.48423217e+07
4.83000000e+02	1.45057619e+07
4.84000000e+02	1.41690413e+07
4.85000000e+02	1.38327394e+07
4.86000000e+02	1.34974027e+07
4.87000000e+02	1.31635445e+07
4.88000000e+02	1.28316450e+07
4.89000000e+02	1.25021518e+07
4.90000000e+02	1.21754802e+07
4.91000000e+02	1.18520139e+07
4.92000000e+02	1.15321060e+07
4.93000000e+02	1.12160797e+07
4.94000000e+02	1.09042291e+07
4.95000000e+02	1.05968205e+07
4.96000000e+02	1.02940934e+07
4.97000000e+02	9.99626142e+06
4.98000000e+02	9.70351372e+06
4.99000000e+02	9.41601585e+06
5.00000000e+02	9.13391106e+06
5.01000000e+02	8.85732140e+06
5.02000000e+02	8.58634891e+06
5.03000000e+02	8.32107669e+06
5.04000000e+02	8.06157006e+06
5.05000000e+02	7.80787763e+06
5.06000000e+02	7.56003242e+06
5.07000000e+02	7.31805285e+06
5.08000000e+02	7.08194379e+06
5.09000000e+02	6.85169756e+06
5.10000000e+02	6.62729484e+06
5.11000000e+02	6.40870564e+06
5.12000000e+02	6.19589015e+06
5.13000000e+02	5.98879958e+06
5.14000000e+02	5.78737701e+06
5.15000000e+02	5.59155810e+06
5.16000000e+02	5.40127188e+06
5.17000000e+02	5.21644142e+06
5.18000000e+02	5.03698445e+06
5.19000000e+02	4.86281407e+06
5.20000000e+02	4.69383923e+06
5.21000000e+02	4.52996535e+06
5.22000000e+02	4.37109483e+06
5.23000000e+02	4.21712747e+06
5.24000000e+02	4.06796099e+06
5.25000000e+02	3.92349141e+06
5.26000000e+02	3.78361345e+06
5.27000000e+02	3.64822087e+06
5.28000000e+02	3.51720682e+06
5.29000000e+02	3.39046412e+06
5.30000000e+02	3.26788557e+06
5.31000000e+02	3.14936420e+06
5.32000000e+02	3.03479346e+06
5.33000000e+02	2.92406749e+06
5.34000000e+02	2.81708127e+06
5.35000000e+02	2.71373081e+06
5.36000000e+02	2.61391329e+06
5.37000000e+02	2.51752722e+06
5.38000000e+02	2.42447255e+06
5.39000000e+02	2.33465077e+06
5.40000000e+02	2.24796501e+06
5.41000000e+02	2.16432012e+06
5.42000000e+02	2.08362274e+06
5.43000000e+02	2.00578137e+06
5.44000000e+02	1.93070638e+06
5.45000000e+02	1.85831010e+06
5.46000000e+02	1.78850683e+06
5.47000000e+02	1.72121283e+06
5.48000000e+02	1.65634639e+06
5.49000000e+02	1.59382780e+06
5.50000000e+02	1.53357938e+06
5.51000000e+02	1.47552544e+06
5.52000000e+02	1.41959232e+06
5.53000000e+02	1.36570835e+06
5.54000000e+02	1.31380382e+06
5.55000000e+02	1.26381100e+06
5.56000000e+02	1.21566410e+06
5.57000000e+02	1.16929922e+06
5.58000000e+02	1.12465437e+06
5.59000000e+02	1.08166940e+06
5.60000000e+02	1.04028598e+06
5.61000000e+02	1.00044758e+06
5.62000000e+02	9.62099421e+05
5.63000000e+02	9.25188450e+05
5.64000000e+02	8.89663290e+05
5.65000000e+02	8.55474212e+05
5.66000000e+02	8.22573099e+05
5.67000000e+02	7.90913398e+05
5.68000000e+02	7.60450093e+05
5.69000000e+02	7.31139659e+05
5.70000000e+02	7.02940024e+05
5.71000000e+02	6.75810535e+05
5.72000000e+02	6.49711914e+05
5.73000000e+02	6.24606224e+05
5.74000000e+02	6.00456828e+05
5.75000000e+02	5.77228355e+05
5.76000000e+02	5.54886661e+05
5.77000000e+02	5.33398793e+05
5.78000000e+02	5.12732955e+05
5.79000000e+02	4.92858468e+05
5.80000000e+02	4.73745742e+05
5.81000000e+02	4.55366238e+05
5.82000000e+02	4.37692435e+05
5.83000000e+02	4.20697800e+05
5.84000000e+02	4.04356752e+05
5.85000000e+02	3.88644636e+05
5.86000000e+02	3.73537689e+05
5.87000000e+02	3.59013012e+05
5.88000000e+02	3.45048542e+05
5.89000000e+02	3.31623022e+05
5.90000000e+02	3.18715974e+05
5.91000000e+02	3.06307675e+05
5.92000000e+02	2.94379128e+05
5.93000000e+02	2.82912040e+05
5.94000000e+02	2.71888794e+05
5.95000000e+02	2.61292429e+05
5.96000000e+02	2.51106613e+05
5.97000000e+02	2.41315628e+05
5.98000000e+02	2.31904339e+05
5.99000000e+02	2.22858181e+05
6.00000000e+02	2.14163133e+05
6.01000000e+02	2.05805703e+05
6.02000000e+02	1.97772907e+05
6.03000000e+02	1.90052250e+05
6.04000000e+02	1.82631709e+05
6.05000000e+02	1.75499718e+05
6.06000000e+02	1.68645145e+05
6.07000000e+02	1.62057284e+05
6.08000000e+02	1.55725835e+05
6.09000000e+02	1.49640890e+05
6.10000000e+02	1.43792917e+05
6.11000000e+02	1.38172749e+05
6.12000000e+02	1.32771567e+05
6.13000000e+02	1.27580893e+05
6.14000000e+02	1.22592568e+05
6.15000000e+02	1.17798749e+05
6.16000000e+02	1.13191893e+05
6.17000000e+02	1.08764747e+05
6.18000000e+02	1.04510334e+05
6.19000000e+02	1.00421948e+05
6.20000000e+02	9.64931384e+04
6.21000000e+02	9.27177053e+04
6.22000000e+02	8.90896860e+04
6.23000000e+02	8.56033480e+04
6.24000000e+02	8.22531802e+04
6.25000000e+02	7.90338844e+04
6.26000000e+02	7.59403657e+04
6.27000000e+02	7.29677279e+04
6.28000000e+02	7.01112627e+04
6.29000000e+02	6.73664449e+04
6.30000000e+02	6.47289241e+04
6.31000000e+02	6.21945183e+04
6.32000000e+02	5.97592075e+04
6.33000000e+02	5.74191274e+04
6.34000000e+02	5.51705645e+04
6.35000000e+02	5.30099481e+04
6.36000000e+02	5.09338470e+04
6.37000000e+02	4.89389630e+04
6.38000000e+02	4.70221256e+04
6.39000000e+02	4.51802884e+04
6.40000000e+02	4.34105228e+04
6.41000000e+02	4.17100137e+04
6.42000000e+02	4.00760568e+04
6.43000000e+02	3.85060515e+04
6.44000000e+02	3.69974994e+04
6.45000000e+02	3.55479994e+04
6.46000000e+02	3.41552435e+04
6.47000000e+02	3.28170136e+04
6.48000000e+02	3.15311782e+04
6.49000000e+02	3.02956893e+04
6.50000000e+02	2.91085783e+04
6.51000000e+02	2.79679526e+04
6.52000000e+02	2.68719947e+04
6.53000000e+02	2.58189578e+04
6.54000000e+02	2.48071630e+04
6.55000000e+02	2.38349965e+04
6.56000000e+02	2.29009076e+04
6.57000000e+02	2.20034071e+04
6.58000000e+02	2.11410630e+04
6.59000000e+02	2.03124996e+04
6.60000000e+02	1.95163944e+04
6.61000000e+02	1.87514776e+04
6.62000000e+02	1.80165275e+04
6.63000000e+02	1.73103723e+04
6.64000000e+02	1.66318842e+04
6.65000000e+02	1.59799794e+04
6.66000000e+02	1.53536181e+04
6.67000000e+02	1.47517992e+04
6.68000000e+02	1.41735626e+04
6.69000000e+02	1.36179842e+04
6.70000000e+02	1.30841772e+04
6.71000000e+02	1.25712882e+04
6.72000000e+02	1.20784985e+04
6.73000000e+02	1.16050212e+04
6.74000000e+02	1.11500989e+04
6.75000000e+02	1.07130057e+04
6.76000000e+02	1.02930425e+04
6.77000000e+02	9.88953890e+03
6.78000000e+02	9.50184953e+03
6.79000000e+02	9.12935571e+03
6.80000000e+02	8.77146095e+03
6.81000000e+02	8.42759429e+03
6.82000000e+02	8.09720527e+03
6.83000000e+02	7.77976626e+03
6.84000000e+02	7.47477028e+03
6.85000000e+02	7.18172891e+03
6.86000000e+02	6.90017419e+03
6.87000000e+02	6.62965606e+03
6.88000000e+02	6.36974163e+03
6.89000000e+02	6.12001596e+03
6.90000000e+02	5.88007944e+03
6.91000000e+02	5.64954817e+03
6.92000000e+02	5.42805355e+03
6.93000000e+02	5.21523857e+03
6.94000000e+02	5.01073756e+03
6.95000000e+02	4.81396580e+03
6.96000000e+02	4.62218516e+03
6.97000000e+02	4.41553516e+03
6.98000000e+02	3.99352794e+03
6.99000000e+02	3.04699852e+03
7.00000000e+02	0.00000000e+00
