# Profil de ElecX au temps 6.000000000000061e-12 
# simu : /Volumes/MERCURE/JOBS/Zeq1_tanh_50mic_3p5e22_B0_20ps/GNU/ElecX@y-c.set
# col 0 : abscisse (um)
# col 1 : ElecX (V/m)
0.00000000e+00	0.00000000e+00
1.00000000e+00	2.87810195e+02
2.00000000e+00	7.58570547e+01
3.00000000e+00	-2.13651060e+02
4.00000000e+00	3.27198393e+01
5.00000000e+00	1.08650424e+01
6.00000000e+00	6.27134484e+00
7.00000000e+00	5.16494086e+00
8.00000000e+00	4.66419675e+00
9.00000000e+00	4.35309283e+00
1.00000000e+01	4.13233554e+00
1.10000000e+01	3.96776102e+00
1.20000000e+01	3.84455609e+00
1.30000000e+01	3.75422125e+00
1.40000000e+01	3.69200665e+00
1.50000000e+01	3.65425112e+00
1.60000000e+01	3.63863037e+00
1.70000000e+01	3.64307575e+00
1.80000000e+01	3.66606422e+00
1.90000000e+01	3.70620544e+00
2.00000000e+01	3.76228257e+00
2.10000000e+01	3.83334975e+00
2.20000000e+01	3.91866966e+00
2.30000000e+01	4.01718737e+00
2.40000000e+01	4.12847707e+00
2.50000000e+01	4.25156629e+00
2.60000000e+01	4.38634041e+00
2.70000000e+01	4.53243765e+00
2.80000000e+01	4.68916411e+00
2.90000000e+01	4.85656560e+00
3.00000000e+01	5.03448269e+00
3.10000000e+01	5.22286343e+00
3.20000000e+01	5.42142176e+00
3.30000000e+01	5.63037058e+00
3.40000000e+01	5.84983096e+00
3.50000000e+01	6.07984803e+00
3.60000000e+01	6.32060433e+00
3.70000000e+01	6.57237042e+00
3.80000000e+01	6.83545318e+00
3.90000000e+01	7.11012687e+00
4.00000000e+01	7.39656202e+00
4.10000000e+01	7.69535416e+00
4.20000000e+01	8.00684379e+00
4.30000000e+01	8.33152026e+00
4.40000000e+01	8.66959097e+00
4.50000000e+01	9.02202832e+00
4.60000000e+01	9.38890585e+00
4.70000000e+01	9.77110177e+00
4.80000000e+01	1.01688951e+01
4.90000000e+01	1.05831635e+01
5.00000000e+01	1.10145045e+01
5.10000000e+01	1.14634331e+01
5.20000000e+01	1.19308914e+01
5.30000000e+01	1.24174309e+01
5.40000000e+01	1.29238249e+01
5.50000000e+01	1.34510986e+01
5.60000000e+01	1.39998038e+01
5.70000000e+01	1.45709496e+01
5.80000000e+01	1.51655120e+01
5.90000000e+01	1.57842938e+01
6.00000000e+01	1.64283085e+01
6.10000000e+01	1.70987456e+01
6.20000000e+01	1.77964687e+01
6.30000000e+01	1.85227629e+01
6.40000000e+01	1.92785154e+01
6.50000000e+01	2.00654091e+01
6.60000000e+01	2.08841930e+01
6.70000000e+01	2.17364429e+01
6.80000000e+01	2.26234721e+01
6.90000000e+01	2.35468013e+01
7.00000000e+01	2.45076502e+01
7.10000000e+01	2.55078943e+01
7.20000000e+01	2.65489240e+01
7.30000000e+01	2.76322698e+01
7.40000000e+01	2.87600305e+01
7.50000000e+01	2.99336953e+01
7.60000000e+01	3.11553380e+01
7.70000000e+01	3.24268305e+01
7.80000000e+01	3.37501754e+01
7.90000000e+01	3.51275090e+01
8.00000000e+01	3.65612397e+01
8.10000000e+01	3.80531900e+01
8.20000000e+01	3.96061117e+01
8.30000000e+01	4.12226869e+01
8.40000000e+01	4.29048432e+01
8.50000000e+01	4.46558110e+01
8.60000000e+01	4.64782810e+01
8.70000000e+01	4.83750261e+01
8.80000000e+01	5.03493167e+01
8.90000000e+01	5.24040769e+01
9.00000000e+01	5.45427203e+01
9.10000000e+01	5.67686199e+01
9.20000000e+01	5.90854339e+01
9.30000000e+01	6.14967178e+01
9.40000000e+01	6.40064840e+01
9.50000000e+01	6.66185071e+01
9.60000000e+01	6.93373787e+01
9.70000000e+01	7.21670151e+01
9.80000000e+01	7.51122345e+01
9.90000000e+01	7.81775688e+01
1.00000000e+02	8.13680038e+01
1.01000000e+02	8.46887234e+01
1.02000000e+02	8.81448438e+01
1.03000000e+02	9.17421169e+01
1.04000000e+02	9.54861870e+01
1.05000000e+02	9.93830328e+01
1.06000000e+02	1.03438878e+02
1.07000000e+02	1.07660224e+02
1.08000000e+02	1.12053969e+02
1.09000000e+02	1.16627017e+02
1.10000000e+02	1.21386406e+02
1.11000000e+02	1.26340269e+02
1.12000000e+02	1.31496415e+02
1.13000000e+02	1.36862732e+02
1.14000000e+02	1.42448165e+02
1.15000000e+02	1.48261526e+02
1.16000000e+02	1.54312099e+02
1.17000000e+02	1.60609657e+02
1.18000000e+02	1.67164218e+02
1.19000000e+02	1.73986140e+02
1.20000000e+02	1.81086542e+02
1.21000000e+02	1.88476741e+02
1.22000000e+02	1.96168576e+02
1.23000000e+02	2.04174265e+02
1.24000000e+02	2.12506570e+02
1.25000000e+02	2.21179018e+02
1.26000000e+02	2.30205292e+02
1.27000000e+02	2.39600129e+02
1.28000000e+02	2.49378141e+02
1.29000000e+02	2.59555244e+02
1.30000000e+02	2.70147693e+02
1.31000000e+02	2.81172484e+02
1.32000000e+02	2.92647004e+02
1.33000000e+02	3.04589929e+02
1.34000000e+02	3.17020150e+02
1.35000000e+02	3.29957828e+02
1.36000000e+02	3.43423192e+02
1.37000000e+02	3.57438150e+02
1.38000000e+02	3.72025212e+02
1.39000000e+02	3.87207347e+02
1.40000000e+02	4.03009119e+02
1.41000000e+02	4.19455770e+02
1.42000000e+02	4.36573516e+02
1.43000000e+02	4.54389878e+02
1.44000000e+02	4.72933224e+02
1.45000000e+02	4.92233279e+02
1.46000000e+02	5.12320899e+02
1.47000000e+02	5.33228518e+02
1.48000000e+02	5.54988903e+02
1.49000000e+02	5.77637596e+02
1.50000000e+02	6.01210362e+02
1.51000000e+02	6.25745146e+02
1.52000000e+02	6.51281124e+02
1.53000000e+02	6.77859139e+02
1.54000000e+02	7.05521655e+02
1.55000000e+02	7.34312994e+02
1.56000000e+02	7.64279181e+02
1.57000000e+02	7.95468350e+02
1.58000000e+02	8.27929978e+02
1.59000000e+02	8.61716436e+02
1.60000000e+02	8.96881400e+02
1.61000000e+02	9.33481505e+02
1.62000000e+02	9.71574800e+02
1.63000000e+02	1.01122275e+03
1.64000000e+02	1.05248845e+03
1.65000000e+02	1.09543790e+03
1.66000000e+02	1.14013996e+03
1.67000000e+02	1.18666599e+03
1.68000000e+02	1.23509039e+03
1.69000000e+02	1.28549095e+03
1.70000000e+02	1.33794769e+03
1.71000000e+02	1.39254510e+03
1.72000000e+02	1.44936996e+03
1.73000000e+02	1.50851357e+03
1.74000000e+02	1.57007034e+03
1.75000000e+02	1.63413870e+03
1.76000000e+02	1.70082106e+03
1.77000000e+02	1.77022417e+03
1.78000000e+02	1.84245899e+03
1.79000000e+02	1.91764094e+03
1.80000000e+02	1.99589033e+03
1.81000000e+02	2.07733223e+03
1.82000000e+02	2.16209675e+03
1.83000000e+02	2.25031973e+03
1.84000000e+02	2.34214172e+03
1.85000000e+02	2.43771004e+03
1.86000000e+02	2.53717707e+03
1.87000000e+02	2.64070202e+03
1.88000000e+02	2.74845032e+03
1.89000000e+02	2.86059410e+03
1.90000000e+02	2.97731285e+03
1.91000000e+02	3.09879293e+03
1.92000000e+02	3.22522851e+03
1.93000000e+02	3.35682179e+03
1.94000000e+02	3.49378278e+03
1.95000000e+02	3.63633064e+03
1.96000000e+02	3.78469294e+03
1.97000000e+02	3.93910681e+03
1.98000000e+02	4.09981899e+03
1.99000000e+02	4.26708615e+03
2.00000000e+02	4.44117553e+03
2.01000000e+02	4.62236539e+03
2.02000000e+02	4.81094477e+03
2.03000000e+02	5.00721508e+03
2.04000000e+02	5.21148986e+03
2.05000000e+02	5.42409511e+03
2.06000000e+02	5.64537049e+03
2.07000000e+02	5.87566920e+03
2.08000000e+02	6.11535893e+03
2.09000000e+02	6.36482231e+03
2.10000000e+02	6.62445743e+03
2.11000000e+02	6.89467892e+03
2.12000000e+02	7.17591791e+03
2.13000000e+02	7.46862299e+03
2.14000000e+02	7.77326136e+03
2.15000000e+02	8.09031914e+03
2.16000000e+02	8.42030190e+03
2.17000000e+02	8.76373587e+03
2.18000000e+02	9.12116897e+03
2.19000000e+02	9.49317110e+03
2.20000000e+02	9.88033518e+03
2.21000000e+02	1.02832785e+04
2.22000000e+02	1.07026435e+04
2.23000000e+02	1.11390980e+04
2.24000000e+02	1.15933377e+04
2.25000000e+02	1.20660863e+04
2.26000000e+02	1.25580967e+04
2.27000000e+02	1.30701525e+04
2.28000000e+02	1.36030688e+04
2.29000000e+02	1.41576942e+04
2.30000000e+02	1.47349112e+04
2.31000000e+02	1.53356385e+04
2.32000000e+02	1.59608316e+04
2.33000000e+02	1.66114850e+04
2.34000000e+02	1.72886333e+04
2.35000000e+02	1.79933529e+04
2.36000000e+02	1.87267640e+04
2.37000000e+02	1.94900319e+04
2.38000000e+02	2.02843688e+04
2.39000000e+02	2.11110366e+04
2.40000000e+02	2.19713474e+04
2.41000000e+02	2.28666663e+04
2.42000000e+02	2.37984144e+04
2.43000000e+02	2.47680691e+04
2.44000000e+02	2.57771678e+04
2.45000000e+02	2.68273097e+04
2.46000000e+02	2.79201590e+04
2.47000000e+02	2.90574461e+04
2.48000000e+02	3.02409717e+04
2.49000000e+02	3.14726083e+04
2.50000000e+02	3.27543043e+04
2.51000000e+02	3.40880859e+04
2.52000000e+02	3.54760611e+04
2.53000000e+02	3.69204221e+04
2.54000000e+02	3.84234493e+04
2.55000000e+02	3.99875142e+04
2.56000000e+02	4.16150835e+04
2.57000000e+02	4.33087226e+04
2.58000000e+02	4.50710993e+04
2.59000000e+02	4.69049882e+04
2.60000000e+02	4.88132747e+04
2.61000000e+02	5.07989592e+04
2.62000000e+02	5.28651614e+04
2.63000000e+02	5.50151259e+04
2.64000000e+02	5.72522258e+04
2.65000000e+02	5.95799685e+04
2.66000000e+02	6.20020006e+04
2.67000000e+02	6.45221135e+04
2.68000000e+02	6.71442485e+04
2.69000000e+02	6.98725031e+04
2.70000000e+02	7.27111365e+04
2.71000000e+02	7.56645766e+04
2.72000000e+02	7.87374254e+04
2.73000000e+02	8.19344663e+04
2.74000000e+02	8.52606705e+04
2.75000000e+02	8.87212049e+04
2.76000000e+02	9.23214388e+04
2.77000000e+02	9.60669519e+04
2.78000000e+02	9.99635412e+04
2.79000000e+02	1.04017231e+05
2.80000000e+02	1.08234280e+05
2.81000000e+02	1.12621189e+05
2.82000000e+02	1.17184714e+05
2.83000000e+02	1.21931870e+05
2.84000000e+02	1.26869945e+05
2.85000000e+02	1.32006506e+05
2.86000000e+02	1.37349415e+05
2.87000000e+02	1.42906833e+05
2.88000000e+02	1.48687235e+05
2.89000000e+02	1.54699420e+05
2.90000000e+02	1.60952523e+05
2.91000000e+02	1.67456026e+05
2.92000000e+02	1.74219771e+05
2.93000000e+02	1.81253974e+05
2.94000000e+02	1.88569234e+05
2.95000000e+02	1.96176551e+05
2.96000000e+02	2.04087336e+05
2.97000000e+02	2.12313428e+05
2.98000000e+02	2.20867106e+05
2.99000000e+02	2.29761107e+05
3.00000000e+02	2.39008637e+05
3.01000000e+02	2.48623390e+05
3.02000000e+02	2.58619565e+05
3.03000000e+02	2.69011876e+05
3.04000000e+02	2.79815578e+05
3.05000000e+02	2.91046475e+05
3.06000000e+02	3.02720945e+05
3.07000000e+02	3.14855953e+05
3.08000000e+02	3.27469071e+05
3.09000000e+02	3.40578498e+05
3.10000000e+02	3.54203076e+05
3.11000000e+02	3.68362309e+05
3.12000000e+02	3.83076389e+05
3.13000000e+02	3.98366206e+05
3.14000000e+02	4.14253373e+05
3.15000000e+02	4.30760251e+05
3.16000000e+02	4.47909961e+05
3.17000000e+02	4.65726408e+05
3.18000000e+02	4.84234304e+05
3.19000000e+02	5.03459187e+05
3.20000000e+02	5.23427442e+05
3.21000000e+02	5.44166323e+05
3.22000000e+02	5.65703972e+05
3.23000000e+02	5.88069444e+05
3.24000000e+02	6.11292723e+05
3.25000000e+02	6.35404748e+05
3.26000000e+02	6.60437429e+05
3.27000000e+02	6.86423671e+05
3.28000000e+02	7.13397389e+05
3.29000000e+02	7.41393534e+05
3.30000000e+02	7.70448107e+05
3.31000000e+02	8.00598181e+05
3.32000000e+02	8.31881915e+05
3.33000000e+02	8.64338573e+05
3.34000000e+02	8.98008540e+05
3.35000000e+02	9.32933338e+05
3.36000000e+02	9.69155639e+05
3.37000000e+02	1.00671927e+06
3.38000000e+02	1.04566925e+06
3.39000000e+02	1.08605177e+06
3.40000000e+02	1.12791421e+06
3.41000000e+02	1.17130515e+06
3.42000000e+02	1.21627438e+06
3.43000000e+02	1.26287289e+06
3.44000000e+02	1.31115289e+06
3.45000000e+02	1.36116777e+06
3.46000000e+02	1.41297215e+06
3.47000000e+02	1.46662180e+06
3.48000000e+02	1.52217372e+06
3.49000000e+02	1.57968605e+06
3.50000000e+02	1.63921809e+06
3.51000000e+02	1.70083025e+06
3.52000000e+02	1.76458409e+06
3.53000000e+02	1.83054221e+06
3.54000000e+02	1.89876827e+06
3.55000000e+02	1.96932695e+06
3.56000000e+02	2.04228388e+06
3.57000000e+02	2.11770562e+06
3.58000000e+02	2.19565960e+06
3.59000000e+02	2.27621408e+06
3.60000000e+02	2.35943805e+06
3.61000000e+02	2.44540119e+06
3.62000000e+02	2.53417379e+06
3.63000000e+02	2.62582668e+06
3.64000000e+02	2.72043112e+06
3.65000000e+02	2.81805872e+06
3.66000000e+02	2.91878135e+06
3.67000000e+02	3.02267101e+06
3.68000000e+02	3.12979973e+06
3.69000000e+02	3.24023944e+06
3.70000000e+02	3.35406185e+06
3.71000000e+02	3.47133829e+06
3.72000000e+02	3.59213958e+06
3.73000000e+02	3.71653587e+06
3.74000000e+02	3.84459649e+06
3.75000000e+02	3.97638973e+06
3.76000000e+02	4.11198272e+06
3.77000000e+02	4.25144118e+06
3.78000000e+02	4.39482925e+06
3.79000000e+02	4.54220929e+06
3.80000000e+02	4.69364163e+06
3.81000000e+02	4.84918433e+06
3.82000000e+02	5.00889297e+06
3.83000000e+02	5.17282041e+06
3.84000000e+02	5.34101645e+06
3.85000000e+02	5.51352764e+06
3.86000000e+02	5.69039696e+06
3.87000000e+02	5.87166350e+06
3.88000000e+02	6.05736220e+06
3.89000000e+02	6.24752350e+06
3.90000000e+02	6.44217299e+06
3.91000000e+02	6.64133114e+06
3.92000000e+02	6.84501286e+06
3.93000000e+02	7.05322717e+06
3.94000000e+02	7.26597684e+06
3.95000000e+02	7.48325797e+06
3.96000000e+02	7.70505957e+06
3.97000000e+02	7.93136320e+06
3.98000000e+02	8.16214248e+06
3.99000000e+02	8.39736268e+06
4.00000000e+02	8.63698027e+06
4.01000000e+02	8.88094241e+06
4.02000000e+02	9.12918651e+06
4.03000000e+02	9.38163972e+06
4.04000000e+02	9.63821842e+06
4.05000000e+02	9.89882772e+06
4.06000000e+02	1.01633609e+07
4.07000000e+02	1.04316988e+07
4.08000000e+02	1.07037096e+07
4.09000000e+02	1.09792477e+07
4.10000000e+02	1.12581536e+07
4.11000000e+02	1.15402532e+07
4.12000000e+02	1.18253571e+07
4.13000000e+02	1.21132602e+07
4.14000000e+02	1.24037409e+07
4.15000000e+02	1.26965607e+07
4.16000000e+02	1.29914634e+07
4.17000000e+02	1.32881749e+07
4.18000000e+02	1.35864022e+07
4.19000000e+02	1.38858330e+07
4.20000000e+02	1.41861353e+07
4.21000000e+02	1.44869569e+07
4.22000000e+02	1.47879246e+07
4.23000000e+02	1.50886442e+07
4.24000000e+02	1.53887000e+07
4.25000000e+02	1.56876545e+07
4.26000000e+02	1.59850480e+07
4.27000000e+02	1.62803988e+07
4.28000000e+02	1.65732030e+07
4.29000000e+02	1.68629345e+07
4.30000000e+02	1.71490456e+07
4.31000000e+02	1.74309668e+07
4.32000000e+02	1.77081080e+07
4.33000000e+02	1.79798589e+07
4.34000000e+02	1.82455902e+07
4.35000000e+02	1.85046545e+07
4.36000000e+02	1.87563882e+07
4.37000000e+02	1.90001131e+07
4.38000000e+02	1.92351382e+07
4.39000000e+02	1.94607629e+07
4.40000000e+02	1.96762789e+07
4.41000000e+02	1.98809740e+07
4.42000000e+02	2.00741352e+07
4.43000000e+02	2.02550529e+07
4.44000000e+02	2.04230251e+07
4.45000000e+02	2.05773619e+07
4.46000000e+02	2.07173909e+07
4.47000000e+02	2.08424622e+07
4.48000000e+02	2.09519544e+07
4.49000000e+02	2.10452803e+07
4.50000000e+02	2.11218931e+07
4.51000000e+02	2.11812928e+07
4.52000000e+02	2.12230319e+07
4.53000000e+02	2.12467223e+07
4.54000000e+02	2.12520406e+07
4.55000000e+02	2.12387339e+07
4.56000000e+02	2.12066251e+07
4.57000000e+02	2.11556172e+07
4.58000000e+02	2.10856969e+07
4.59000000e+02	2.09969380e+07
4.60000000e+02	2.08895026e+07
4.61000000e+02	2.07636424e+07
4.62000000e+02	2.06196977e+07
4.63000000e+02	2.04580963e+07
4.64000000e+02	2.02793500e+07
4.65000000e+02	2.00840507e+07
4.66000000e+02	1.98728649e+07
4.67000000e+02	1.96465273e+07
4.68000000e+02	1.94058333e+07
4.69000000e+02	1.91516309e+07
4.70000000e+02	1.88848115e+07
4.71000000e+02	1.86063015e+07
4.72000000e+02	1.83170522e+07
4.73000000e+02	1.80180307e+07
4.74000000e+02	1.77102112e+07
4.75000000e+02	1.73945661e+07
4.76000000e+02	1.70720580e+07
4.77000000e+02	1.67436328e+07
4.78000000e+02	1.64102131e+07
4.79000000e+02	1.60726926e+07
4.80000000e+02	1.57319317e+07
4.81000000e+02	1.53887540e+07
4.82000000e+02	1.50439432e+07
4.83000000e+02	1.46982413e+07
4.84000000e+02	1.43523471e+07
4.85000000e+02	1.40069162e+07
4.86000000e+02	1.36625602e+07
4.87000000e+02	1.33198476e+07
4.88000000e+02	1.29793045e+07
4.89000000e+02	1.26414157e+07
4.90000000e+02	1.23066258e+07
4.91000000e+02	1.19753411e+07
4.92000000e+02	1.16479308e+07
4.93000000e+02	1.13247287e+07
4.94000000e+02	1.10060352e+07
4.95000000e+02	1.06921187e+07
4.96000000e+02	1.03832175e+07
4.97000000e+02	1.00795411e+07
4.98000000e+02	9.78127232e+06
4.99000000e+02	9.48856862e+06
5.00000000e+02	9.20156362e+06
5.01000000e+02	8.92036869e+06
5.02000000e+02	8.64507430e+06
5.03000000e+02	8.37575150e+06
5.04000000e+02	8.11245316e+06
5.05000000e+02	7.85521530e+06
5.06000000e+02	7.60405830e+06
5.07000000e+02	7.35898807e+06
5.08000000e+02	7.11999718e+06
5.09000000e+02	6.88706590e+06
5.10000000e+02	6.66016325e+06
5.11000000e+02	6.43924796e+06
5.12000000e+02	6.22426936e+06
5.13000000e+02	6.01516830e+06
5.14000000e+02	5.81187793e+06
5.15000000e+02	5.61432449e+06
5.16000000e+02	5.42242809e+06
5.17000000e+02	5.23610332e+06
5.18000000e+02	5.05525996e+06
5.19000000e+02	4.87980357e+06
5.20000000e+02	4.70963606e+06
5.21000000e+02	4.54465624e+06
5.22000000e+02	4.38476028e+06
5.23000000e+02	4.22984220e+06
5.24000000e+02	4.07979430e+06
5.25000000e+02	3.93450756e+06
5.26000000e+02	3.79387198e+06
5.27000000e+02	3.65777694e+06
5.28000000e+02	3.52611152e+06
5.29000000e+02	3.39876476e+06
5.30000000e+02	3.27562595e+06
5.31000000e+02	3.15658485e+06
5.32000000e+02	3.04153190e+06
5.33000000e+02	2.93035844e+06
5.34000000e+02	2.82295684e+06
5.35000000e+02	2.71922073e+06
5.36000000e+02	2.61904506e+06
5.37000000e+02	2.52232630e+06
5.38000000e+02	2.42896249e+06
5.39000000e+02	2.33885335e+06
5.40000000e+02	2.25190041e+06
5.41000000e+02	2.16800701e+06
5.42000000e+02	2.08707840e+06
5.43000000e+02	2.00902180e+06
5.44000000e+02	1.93374642e+06
5.45000000e+02	1.86116347e+06
5.46000000e+02	1.79118625e+06
5.47000000e+02	1.72373009e+06
5.48000000e+02	1.65871242e+06
5.49000000e+02	1.59605273e+06
5.50000000e+02	1.53567260e+06
5.51000000e+02	1.47749568e+06
5.52000000e+02	1.42144766e+06
5.53000000e+02	1.36745630e+06
5.54000000e+02	1.31545136e+06
5.55000000e+02	1.26536461e+06
5.56000000e+02	1.21712980e+06
5.57000000e+02	1.17068261e+06
5.58000000e+02	1.12596064e+06
5.59000000e+02	1.08290340e+06
5.60000000e+02	1.04145222e+06
5.61000000e+02	1.00155025e+06
5.62000000e+02	9.63142440e+05
5.63000000e+02	9.26175452e+05
5.64000000e+02	8.90597669e+05
5.65000000e+02	8.56359136e+05
5.66000000e+02	8.23411518e+05
5.67000000e+02	7.91708071e+05
5.68000000e+02	7.61203594e+05
5.69000000e+02	7.31854392e+05
5.70000000e+02	7.03618238e+05
5.71000000e+02	6.76454330e+05
5.72000000e+02	6.50323257e+05
5.73000000e+02	6.25186955e+05
5.74000000e+02	6.01008669e+05
5.75000000e+02	5.77752920e+05
5.76000000e+02	5.55385463e+05
5.77000000e+02	5.33873250e+05
5.78000000e+02	5.13184396e+05
5.79000000e+02	4.93288143e+05
5.80000000e+02	4.74154822e+05
5.81000000e+02	4.55755824e+05
5.82000000e+02	4.38063562e+05
5.83000000e+02	4.21051440e+05
5.84000000e+02	4.04693821e+05
5.85000000e+02	3.88965995e+05
5.86000000e+02	3.73844148e+05
5.87000000e+02	3.59305336e+05
5.88000000e+02	3.45327450e+05
5.89000000e+02	3.31889191e+05
5.90000000e+02	3.18970045e+05
5.91000000e+02	3.06550252e+05
5.92000000e+02	2.94610782e+05
5.93000000e+02	2.83133307e+05
5.94000000e+02	2.72100184e+05
5.95000000e+02	2.61494422e+05
5.96000000e+02	2.51299665e+05
5.97000000e+02	2.41500167e+05
5.98000000e+02	2.32080773e+05
5.99000000e+02	2.23026895e+05
6.00000000e+02	2.14324493e+05
6.01000000e+02	2.05960054e+05
6.02000000e+02	1.97920576e+05
6.03000000e+02	1.90193548e+05
6.04000000e+02	1.82766932e+05
6.05000000e+02	1.75629144e+05
6.06000000e+02	1.68769041e+05
6.07000000e+02	1.62175902e+05
6.08000000e+02	1.55839414e+05
6.09000000e+02	1.49749658e+05
6.10000000e+02	1.43897090e+05
6.11000000e+02	1.38272532e+05
6.12000000e+02	1.32867157e+05
6.13000000e+02	1.27672475e+05
6.14000000e+02	1.22680320e+05
6.15000000e+02	1.17882840e+05
6.16000000e+02	1.13272483e+05
6.17000000e+02	1.08841988e+05
6.18000000e+02	1.04584374e+05
6.19000000e+02	1.00492924e+05
6.20000000e+02	9.65611840e+04
6.21000000e+02	9.27829467e+04
6.22000000e+02	8.91522434e+04
6.23000000e+02	8.56633364e+04
6.24000000e+02	8.23107094e+04
6.25000000e+02	7.90890590e+04
6.26000000e+02	7.59932856e+04
6.27000000e+02	7.30184889e+04
6.28000000e+02	7.01599557e+04
6.29000000e+02	6.74131570e+04
6.30000000e+02	6.47737381e+04
6.31000000e+02	6.22375143e+04
6.32000000e+02	5.98004611e+04
6.33000000e+02	5.74587118e+04
6.34000000e+02	5.52085486e+04
6.35000000e+02	5.30463984e+04
6.36000000e+02	5.09688274e+04
6.37000000e+02	4.89725339e+04
6.38000000e+02	4.70543455e+04
6.39000000e+02	4.52112129e+04
6.40000000e+02	4.34402048e+04
6.41000000e+02	4.17385045e+04
6.42000000e+02	4.01034050e+04
6.43000000e+02	3.85323043e+04
6.44000000e+02	3.70227011e+04
6.45000000e+02	3.55721932e+04
6.46000000e+02	3.41784705e+04
6.47000000e+02	3.28393128e+04
6.48000000e+02	3.15525874e+04
6.49000000e+02	3.03162447e+04
6.50000000e+02	2.91283142e+04
6.51000000e+02	2.79869020e+04
6.52000000e+02	2.68901903e+04
6.53000000e+02	2.58364296e+04
6.54000000e+02	2.48239398e+04
6.55000000e+02	2.38511066e+04
6.56000000e+02	2.29163778e+04
6.57000000e+02	2.20182631e+04
6.58000000e+02	2.11553295e+04
6.59000000e+02	2.03261999e+04
6.60000000e+02	1.95295521e+04
6.61000000e+02	1.87641135e+04
6.62000000e+02	1.80286631e+04
6.63000000e+02	1.73220273e+04
6.64000000e+02	1.66430775e+04
6.65000000e+02	1.59907299e+04
6.66000000e+02	1.53639434e+04
6.67000000e+02	1.47617162e+04
6.68000000e+02	1.41830877e+04
6.69000000e+02	1.36271331e+04
6.70000000e+02	1.30929641e+04
6.71000000e+02	1.25797285e+04
6.72000000e+02	1.20866057e+04
6.73000000e+02	1.16128083e+04
6.74000000e+02	1.11575788e+04
6.75000000e+02	1.07201904e+04
6.76000000e+02	1.02999438e+04
6.77000000e+02	9.89616814e+03
6.78000000e+02	9.50821749e+03
6.79000000e+02	9.13547249e+03
6.80000000e+02	8.77733703e+03
6.81000000e+02	8.43323790e+03
6.82000000e+02	8.10262724e+03
6.83000000e+02	7.78497506e+03
6.84000000e+02	7.47977336e+03
6.85000000e+02	7.18653543e+03
6.86000000e+02	6.90479133e+03
6.87000000e+02	6.63409148e+03
6.88000000e+02	6.37400236e+03
6.89000000e+02	6.12410929e+03
6.90000000e+02	5.88401100e+03
6.91000000e+02	5.65332389e+03
6.92000000e+02	5.43166946e+03
6.93000000e+02	5.21862806e+03
6.94000000e+02	5.01341410e+03
6.95000000e+02	4.81295158e+03
6.96000000e+02	4.60220178e+03
6.97000000e+02	4.31692284e+03
6.98000000e+02	3.62180534e+03
6.99000000e+02	2.51573619e+03
7.00000000e+02	0.00000000e+00
