# Profil de FluxX au temps 1.200000000000016e-11 
# simu : /Volumes/MERCURE/JOBS/Zeq1_tanh_50mic_3p5e22_B0_20ps/GNU/FluxX@y-c.set
# col 0 : abscisse (um)
# col 1 : FluxX (W/cm2)
0.00000000e+00	0.00000000e+00
1.00000000e+00	1.64094788e+07
2.00000000e+00	-2.45662752e+07
3.00000000e+00	1.80611946e+07
4.00000000e+00	2.38703700e+07
5.00000000e+00	2.52375784e+07
6.00000000e+00	2.53708456e+07
7.00000000e+00	2.52393222e+07
8.00000000e+00	2.50912833e+07
9.00000000e+00	2.49722430e+07
1.00000000e+01	2.48892709e+07
1.10000000e+01	2.48447570e+07
1.20000000e+01	2.48412485e+07
1.30000000e+01	2.48814236e+07
1.40000000e+01	2.49676019e+07
1.50000000e+01	2.51020162e+07
1.60000000e+01	2.52866941e+07
1.70000000e+01	2.55236296e+07
1.80000000e+01	2.58144874e+07
1.90000000e+01	2.61611104e+07
2.00000000e+01	2.65649446e+07
2.10000000e+01	2.70266629e+07
2.20000000e+01	2.75477525e+07
2.30000000e+01	2.81290550e+07
2.40000000e+01	2.87718859e+07
2.50000000e+01	2.94777297e+07
2.60000000e+01	3.02468136e+07
2.70000000e+01	3.10799844e+07
2.80000000e+01	3.19784533e+07
2.90000000e+01	3.29428229e+07
3.00000000e+01	3.39745450e+07
3.10000000e+01	3.50747940e+07
3.20000000e+01	3.62440270e+07
3.30000000e+01	3.74839320e+07
3.40000000e+01	3.87955193e+07
3.50000000e+01	4.01803542e+07
3.60000000e+01	4.16397401e+07
3.70000000e+01	4.31752891e+07
3.80000000e+01	4.47891604e+07
3.90000000e+01	4.64827711e+07
4.00000000e+01	4.82586870e+07
4.10000000e+01	5.01191681e+07
4.20000000e+01	5.20660469e+07
4.30000000e+01	5.41028967e+07
4.40000000e+01	5.62315158e+07
4.50000000e+01	5.84549296e+07
4.60000000e+01	6.07766131e+07
4.70000000e+01	6.31996963e+07
4.80000000e+01	6.57279432e+07
4.90000000e+01	6.83644697e+07
5.00000000e+01	7.11135591e+07
5.10000000e+01	7.39793684e+07
5.20000000e+01	7.69659700e+07
5.30000000e+01	8.00781658e+07
5.40000000e+01	8.33205101e+07
5.50000000e+01	8.66974679e+07
5.60000000e+01	9.02153356e+07
5.70000000e+01	9.38792603e+07
5.80000000e+01	9.76944190e+07
5.90000000e+01	1.01667237e+08
6.00000000e+01	1.05803540e+08
6.10000000e+01	1.10110213e+08
6.20000000e+01	1.14593821e+08
6.30000000e+01	1.19261793e+08
6.40000000e+01	1.24121129e+08
6.50000000e+01	1.29179371e+08
6.60000000e+01	1.34445115e+08
6.70000000e+01	1.39926076e+08
6.80000000e+01	1.45631802e+08
6.90000000e+01	1.51570859e+08
7.00000000e+01	1.57752492e+08
7.10000000e+01	1.64186985e+08
7.20000000e+01	1.70884507e+08
7.30000000e+01	1.77855856e+08
7.40000000e+01	1.85111799e+08
7.50000000e+01	1.92664431e+08
7.60000000e+01	2.00525282e+08
7.70000000e+01	2.08707233e+08
7.80000000e+01	2.17223211e+08
7.90000000e+01	2.26086862e+08
8.00000000e+01	2.35312275e+08
8.10000000e+01	2.44914361e+08
8.20000000e+01	2.54908534e+08
8.30000000e+01	2.65310499e+08
8.40000000e+01	2.76136865e+08
8.50000000e+01	2.87405949e+08
8.60000000e+01	2.99134459e+08
8.70000000e+01	3.11341455e+08
8.80000000e+01	3.24046819e+08
8.90000000e+01	3.37271042e+08
9.00000000e+01	3.51034752e+08
9.10000000e+01	3.65360366e+08
9.20000000e+01	3.80270491e+08
9.30000000e+01	3.95788905e+08
9.40000000e+01	4.11940634e+08
9.50000000e+01	4.28751728e+08
9.60000000e+01	4.46248900e+08
9.70000000e+01	4.64460153e+08
9.80000000e+01	4.83414501e+08
9.90000000e+01	5.03142269e+08
1.00000000e+02	5.23675366e+08
1.01000000e+02	5.45046304e+08
1.02000000e+02	5.67289543e+08
1.03000000e+02	5.90440351e+08
1.04000000e+02	6.14535746e+08
1.05000000e+02	6.39614814e+08
1.06000000e+02	6.65717388e+08
1.07000000e+02	6.92884635e+08
1.08000000e+02	7.21160764e+08
1.09000000e+02	7.50591172e+08
1.10000000e+02	7.81222195e+08
1.11000000e+02	8.13103053e+08
1.12000000e+02	8.46285156e+08
1.13000000e+02	8.80821536e+08
1.14000000e+02	9.16767005e+08
1.15000000e+02	9.54179339e+08
1.16000000e+02	9.93118721e+08
1.17000000e+02	1.03364667e+09
1.18000000e+02	1.07582887e+09
1.19000000e+02	1.11973189e+09
1.20000000e+02	1.16542656e+09
1.21000000e+02	1.21298618e+09
1.22000000e+02	1.26248617e+09
1.23000000e+02	1.31400626e+09
1.24000000e+02	1.36762861e+09
1.25000000e+02	1.42343891e+09
1.26000000e+02	1.48152697e+09
1.27000000e+02	1.54198513e+09
1.28000000e+02	1.60491027e+09
1.29000000e+02	1.67040320e+09
1.30000000e+02	1.73856859e+09
1.31000000e+02	1.80951541e+09
1.32000000e+02	1.88335751e+09
1.33000000e+02	1.96021224e+09
1.34000000e+02	2.04020312e+09
1.35000000e+02	2.12345786e+09
1.36000000e+02	2.21010975e+09
1.37000000e+02	2.30029729e+09
1.38000000e+02	2.39416476e+09
1.39000000e+02	2.49186235e+09
1.40000000e+02	2.59354568e+09
1.41000000e+02	2.69937828e+09
1.42000000e+02	2.80952903e+09
1.43000000e+02	2.92417422e+09
1.44000000e+02	3.04349678e+09
1.45000000e+02	3.16768787e+09
1.46000000e+02	3.29694570e+09
1.47000000e+02	3.43147740e+09
1.48000000e+02	3.57149797e+09
1.49000000e+02	3.71723096e+09
1.50000000e+02	3.86890971e+09
1.51000000e+02	4.02677693e+09
1.52000000e+02	4.19108462e+09
1.53000000e+02	4.36209552e+09
1.54000000e+02	4.54008300e+09
1.55000000e+02	4.72533158e+09
1.56000000e+02	4.91813741e+09
1.57000000e+02	5.11880856e+09
1.58000000e+02	5.32766612e+09
1.59000000e+02	5.54504338e+09
1.60000000e+02	5.77128809e+09
1.61000000e+02	6.00676168e+09
1.62000000e+02	6.25184074e+09
1.63000000e+02	6.50691668e+09
1.64000000e+02	6.77239708e+09
1.65000000e+02	7.04870615e+09
1.66000000e+02	7.33628530e+09
1.67000000e+02	7.63559417e+09
1.68000000e+02	7.94711035e+09
1.69000000e+02	8.27133249e+09
1.70000000e+02	8.60877689e+09
1.71000000e+02	8.95998372e+09
1.72000000e+02	9.32551384e+09
1.73000000e+02	9.70595041e+09
1.74000000e+02	1.01019016e+10
1.75000000e+02	1.05139989e+10
1.76000000e+02	1.09429008e+10
1.77000000e+02	1.13892916e+10
1.78000000e+02	1.18538843e+10
1.79000000e+02	1.23374201e+10
1.80000000e+02	1.28406708e+10
1.81000000e+02	1.33644396e+10
1.82000000e+02	1.39095621e+10
1.83000000e+02	1.44769079e+10
1.84000000e+02	1.50673823e+10
1.85000000e+02	1.56819274e+10
1.86000000e+02	1.63215226e+10
1.87000000e+02	1.69871884e+10
1.88000000e+02	1.76799858e+10
1.89000000e+02	1.84010199e+10
1.90000000e+02	1.91514397e+10
1.91000000e+02	1.99324411e+10
1.92000000e+02	2.07452694e+10
1.93000000e+02	2.15912186e+10
1.94000000e+02	2.24716371e+10
1.95000000e+02	2.33879272e+10
1.96000000e+02	2.43415478e+10
1.97000000e+02	2.53340173e+10
1.98000000e+02	2.63669159e+10
1.99000000e+02	2.74418877e+10
2.00000000e+02	2.85606424e+10
2.01000000e+02	2.97249608e+10
2.02000000e+02	3.09366943e+10
2.03000000e+02	3.21977702e+10
2.04000000e+02	3.35101936e+10
2.05000000e+02	3.48760502e+10
2.06000000e+02	3.62975106e+10
2.07000000e+02	3.77768333e+10
2.08000000e+02	3.93163672e+10
2.09000000e+02	4.09185573e+10
2.10000000e+02	4.25859462e+10
2.11000000e+02	4.43211801e+10
2.12000000e+02	4.61270117e+10
2.13000000e+02	4.80063047e+10
2.14000000e+02	4.99620382e+10
2.15000000e+02	5.19973117e+10
2.16000000e+02	5.41153493e+10
2.17000000e+02	5.63195050e+10
2.18000000e+02	5.86132675e+10
2.19000000e+02	6.10002666e+10
2.20000000e+02	6.34842777e+10
2.21000000e+02	6.60692274e+10
2.22000000e+02	6.87592010e+10
2.23000000e+02	7.15584469e+10
2.24000000e+02	7.44713843e+10
2.25000000e+02	7.75026098e+10
2.26000000e+02	8.06569039e+10
2.27000000e+02	8.39392381e+10
2.28000000e+02	8.73547834e+10
2.29000000e+02	9.09089177e+10
2.30000000e+02	9.46072330e+10
2.31000000e+02	9.84555451e+10
2.32000000e+02	1.02459902e+11
2.33000000e+02	1.06626591e+11
2.34000000e+02	1.10962153e+11
2.35000000e+02	1.15473385e+11
2.36000000e+02	1.20167358e+11
2.37000000e+02	1.25051420e+11
2.38000000e+02	1.30133215e+11
2.39000000e+02	1.35420684e+11
2.40000000e+02	1.40922088e+11
2.41000000e+02	1.46646012e+11
2.42000000e+02	1.52601379e+11
2.43000000e+02	1.58797466e+11
2.44000000e+02	1.65243913e+11
2.45000000e+02	1.71950742e+11
2.46000000e+02	1.78928367e+11
2.47000000e+02	1.86187610e+11
2.48000000e+02	1.93739718e+11
2.49000000e+02	2.01596378e+11
2.50000000e+02	2.09769733e+11
2.51000000e+02	2.18272399e+11
2.52000000e+02	2.27117483e+11
2.53000000e+02	2.36318602e+11
2.54000000e+02	2.45889901e+11
2.55000000e+02	2.55846071e+11
2.56000000e+02	2.66202374e+11
2.57000000e+02	2.76974657e+11
2.58000000e+02	2.88179378e+11
2.59000000e+02	2.99833627e+11
2.60000000e+02	3.11955149e+11
2.61000000e+02	3.24562366e+11
2.62000000e+02	3.37674402e+11
2.63000000e+02	3.51311112e+11
2.64000000e+02	3.65493100e+11
2.65000000e+02	3.80241750e+11
2.66000000e+02	3.95579254e+11
2.67000000e+02	4.11528639e+11
2.68000000e+02	4.28113793e+11
2.69000000e+02	4.45359500e+11
2.70000000e+02	4.63291466e+11
2.71000000e+02	4.81936351e+11
2.72000000e+02	5.01321802e+11
2.73000000e+02	5.21476487e+11
2.74000000e+02	5.42430125e+11
2.75000000e+02	5.64213523e+11
2.76000000e+02	5.86858612e+11
2.77000000e+02	6.10398479e+11
2.78000000e+02	6.34867411e+11
2.79000000e+02	6.60300922e+11
2.80000000e+02	6.86735802e+11
2.81000000e+02	7.14210151e+11
2.82000000e+02	7.42763419e+11
2.83000000e+02	7.72436444e+11
2.84000000e+02	8.03271500e+11
2.85000000e+02	8.35312332e+11
2.86000000e+02	8.68604202e+11
2.87000000e+02	9.03193931e+11
2.88000000e+02	9.39129941e+11
2.89000000e+02	9.76462301e+11
2.90000000e+02	1.01524277e+12
2.91000000e+02	1.05552484e+12
2.92000000e+02	1.09736378e+12
2.93000000e+02	1.14081669e+12
2.94000000e+02	1.18594253e+12
2.95000000e+02	1.23280217e+12
2.96000000e+02	1.28145846e+12
2.97000000e+02	1.33197622e+12
2.98000000e+02	1.38442233e+12
2.99000000e+02	1.43886577e+12
3.00000000e+02	1.49537763e+12
3.01000000e+02	1.55403117e+12
3.02000000e+02	1.61490189e+12
3.03000000e+02	1.67806751e+12
3.04000000e+02	1.74360805e+12
3.05000000e+02	1.81160587e+12
3.06000000e+02	1.88214565e+12
3.07000000e+02	1.95531449e+12
3.08000000e+02	2.03120191e+12
3.09000000e+02	2.10989985e+12
3.10000000e+02	2.19150274e+12
3.11000000e+02	2.27610750e+12
3.12000000e+02	2.36381353e+12
3.13000000e+02	2.45472278e+12
3.14000000e+02	2.54893969e+12
3.15000000e+02	2.64657127e+12
3.16000000e+02	2.74772701e+12
3.17000000e+02	2.85251895e+12
3.18000000e+02	2.96106163e+12
3.19000000e+02	3.07347206e+12
3.20000000e+02	3.18986973e+12
3.21000000e+02	3.31037653e+12
3.22000000e+02	3.43511674e+12
3.23000000e+02	3.56421697e+12
3.24000000e+02	3.69780611e+12
3.25000000e+02	3.83601524e+12
3.26000000e+02	3.97897754e+12
3.27000000e+02	4.12682827e+12
3.28000000e+02	4.27970457e+12
3.29000000e+02	4.43774541e+12
3.30000000e+02	4.60109145e+12
3.31000000e+02	4.76988491e+12
3.32000000e+02	4.94426938e+12
3.33000000e+02	5.12438969e+12
3.34000000e+02	5.31039171e+12
3.35000000e+02	5.50242216e+12
3.36000000e+02	5.70062838e+12
3.37000000e+02	5.90515811e+12
3.38000000e+02	6.11615924e+12
3.39000000e+02	6.33377952e+12
3.40000000e+02	6.55816630e+12
3.41000000e+02	6.78946622e+12
3.42000000e+02	7.02782485e+12
3.43000000e+02	7.27338639e+12
3.44000000e+02	7.52629326e+12
3.45000000e+02	7.78668572e+12
3.46000000e+02	8.05470147e+12
3.47000000e+02	8.33047520e+12
3.48000000e+02	8.61413814e+12
3.49000000e+02	8.90581757e+12
3.50000000e+02	9.20563631e+12
3.51000000e+02	9.51371221e+12
3.52000000e+02	9.83015756e+12
3.53000000e+02	1.01550786e+13
3.54000000e+02	1.04885747e+13
3.55000000e+02	1.08307381e+13
3.56000000e+02	1.11816530e+13
3.57000000e+02	1.15413947e+13
3.58000000e+02	1.19100296e+13
3.59000000e+02	1.22876137e+13
3.60000000e+02	1.26741922e+13
3.61000000e+02	1.30697989e+13
3.62000000e+02	1.34744553e+13
3.63000000e+02	1.38881696e+13
3.64000000e+02	1.43109361e+13
3.65000000e+02	1.47427345e+13
3.66000000e+02	1.51835287e+13
3.67000000e+02	1.56332662e+13
3.68000000e+02	1.60918774e+13
3.69000000e+02	1.65592741e+13
3.70000000e+02	1.70353494e+13
3.71000000e+02	1.75199763e+13
3.72000000e+02	1.80130068e+13
3.73000000e+02	1.85142715e+13
3.74000000e+02	1.90235782e+13
3.75000000e+02	1.95407113e+13
3.76000000e+02	2.00654308e+13
3.77000000e+02	2.05974716e+13
3.78000000e+02	2.11365426e+13
3.79000000e+02	2.16823257e+13
3.80000000e+02	2.22344756e+13
3.81000000e+02	2.27926183e+13
3.82000000e+02	2.33563508e+13
3.83000000e+02	2.39252406e+13
3.84000000e+02	2.44988245e+13
3.85000000e+02	2.50766086e+13
3.86000000e+02	2.56580674e+13
3.87000000e+02	2.62426434e+13
3.88000000e+02	2.68297468e+13
3.89000000e+02	2.74187550e+13
3.90000000e+02	2.80090127e+13
3.91000000e+02	2.85998311e+13
3.92000000e+02	2.91904883e+13
3.93000000e+02	2.97802293e+13
3.94000000e+02	3.03682657e+13
3.95000000e+02	3.09537765e+13
3.96000000e+02	3.15359078e+13
3.97000000e+02	3.21137737e+13
3.98000000e+02	3.26864567e+13
3.99000000e+02	3.32530084e+13
4.00000000e+02	3.38124505e+13
4.01000000e+02	3.43637754e+13
4.02000000e+02	3.49059479e+13
4.03000000e+02	3.54379061e+13
4.04000000e+02	3.59585629e+13
4.05000000e+02	3.64668081e+13
4.06000000e+02	3.69615095e+13
4.07000000e+02	3.74415156e+13
4.08000000e+02	3.79056576e+13
4.09000000e+02	3.83527517e+13
4.10000000e+02	3.87816018e+13
4.11000000e+02	3.91910024e+13
4.12000000e+02	3.95797417e+13
4.13000000e+02	3.99466049e+13
4.14000000e+02	4.02903776e+13
4.15000000e+02	4.06098498e+13
4.16000000e+02	4.09038195e+13
4.17000000e+02	4.11710973e+13
4.18000000e+02	4.14105110e+13
4.19000000e+02	4.16209098e+13
4.20000000e+02	4.18011696e+13
4.21000000e+02	4.19501982e+13
4.22000000e+02	4.20669407e+13
4.23000000e+02	4.21503851e+13
4.24000000e+02	4.21995683e+13
4.25000000e+02	4.22135818e+13
4.26000000e+02	4.21915787e+13
4.27000000e+02	4.21327794e+13
4.28000000e+02	4.20364785e+13
4.29000000e+02	4.19020516e+13
4.30000000e+02	4.17289620e+13
4.31000000e+02	4.15167678e+13
4.32000000e+02	4.12651284e+13
4.33000000e+02	4.09738117e+13
4.34000000e+02	4.06427008e+13
4.35000000e+02	4.02718008e+13
4.36000000e+02	3.98612451e+13
4.37000000e+02	3.94113014e+13
4.38000000e+02	3.89223782e+13
4.39000000e+02	3.83950293e+13
4.40000000e+02	3.78299595e+13
4.41000000e+02	3.72280280e+13
4.42000000e+02	3.65902522e+13
4.43000000e+02	3.59178102e+13
4.44000000e+02	3.52120424e+13
4.45000000e+02	3.44744512e+13
4.46000000e+02	3.37067010e+13
4.47000000e+02	3.29106150e+13
4.48000000e+02	3.20881718e+13
4.49000000e+02	3.12414996e+13
4.50000000e+02	3.03728689e+13
4.51000000e+02	2.94846831e+13
4.52000000e+02	2.85794676e+13
4.53000000e+02	2.76598563e+13
4.54000000e+02	2.67285766e+13
4.55000000e+02	2.57884322e+13
4.56000000e+02	2.48422840e+13
4.57000000e+02	2.38930292e+13
4.58000000e+02	2.29435794e+13
4.59000000e+02	2.19968361e+13
4.60000000e+02	2.10556670e+13
4.61000000e+02	2.01228797e+13
4.62000000e+02	1.92011973e+13
4.63000000e+02	1.82932323e+13
4.64000000e+02	1.74014629e+13
4.65000000e+02	1.65282098e+13
4.66000000e+02	1.56756154e+13
4.67000000e+02	1.48456248e+13
4.68000000e+02	1.40399706e+13
4.69000000e+02	1.32601603e+13
4.70000000e+02	1.25074675e+13
4.71000000e+02	1.17829275e+13
4.72000000e+02	1.10873365e+13
4.73000000e+02	1.04212543e+13
4.74000000e+02	9.78501178e+12
4.75000000e+02	9.17872108e+12
4.76000000e+02	8.60228921e+12
4.77000000e+02	8.05543418e+12
4.78000000e+02	7.53770317e+12
4.79000000e+02	7.04849212e+12
4.80000000e+02	6.58706619e+12
4.81000000e+02	6.15258039e+12
4.82000000e+02	5.74409997e+12
4.83000000e+02	5.36062002e+12
4.84000000e+02	5.00108390e+12
4.85000000e+02	4.66440023e+12
4.86000000e+02	4.34945821e+12
4.87000000e+02	4.05514119e+12
4.88000000e+02	3.78033832e+12
4.89000000e+02	3.52395448e+12
4.90000000e+02	3.28491848e+12
4.91000000e+02	3.06218959e+12
4.92000000e+02	2.85476268e+12
4.93000000e+02	2.66167201e+12
4.94000000e+02	2.48199390e+12
4.95000000e+02	2.31484841e+12
4.96000000e+02	2.15940023e+12
4.97000000e+02	2.01485885e+12
4.98000000e+02	1.88047821e+12
4.99000000e+02	1.75555590e+12
5.00000000e+02	1.63943203e+12
5.01000000e+02	1.53148782e+12
5.02000000e+02	1.43114403e+12
5.03000000e+02	1.33785922e+12
5.04000000e+02	1.25112802e+12
5.05000000e+02	1.17047921e+12
5.06000000e+02	1.09547396e+12
5.07000000e+02	1.02570393e+12
5.08000000e+02	9.60789499e+11
5.09000000e+02	9.00378019e+11
5.10000000e+02	8.44142102e+11
5.11000000e+02	7.91777994e+11
5.12000000e+02	7.43004016e+11
5.13000000e+02	6.97559082e+11
5.14000000e+02	6.55201283e+11
5.15000000e+02	6.15706557e+11
5.16000000e+02	5.78867432e+11
5.17000000e+02	5.44491841e+11
5.18000000e+02	5.12402017e+11
5.19000000e+02	4.82433445e+11
5.20000000e+02	4.54433899e+11
5.21000000e+02	4.28262529e+11
5.22000000e+02	4.03789017e+11
5.23000000e+02	3.80892789e+11
5.24000000e+02	3.59462283e+11
5.25000000e+02	3.39394272e+11
5.26000000e+02	3.20593229e+11
5.27000000e+02	3.02970745e+11
5.28000000e+02	2.86444986e+11
5.29000000e+02	2.70940192e+11
5.30000000e+02	2.56386215e+11
5.31000000e+02	2.42718083e+11
5.32000000e+02	2.29875616e+11
5.33000000e+02	2.17803046e+11
5.34000000e+02	2.06448690e+11
5.35000000e+02	1.95764629e+11
5.36000000e+02	1.85706429e+11
5.37000000e+02	1.76232867e+11
5.38000000e+02	1.67305691e+11
5.39000000e+02	1.58889391e+11
5.40000000e+02	1.50950993e+11
5.41000000e+02	1.43459865e+11
5.42000000e+02	1.36387541e+11
5.43000000e+02	1.29707556e+11
5.44000000e+02	1.23395297e+11
5.45000000e+02	1.17427864e+11
5.46000000e+02	1.11783940e+11
5.47000000e+02	1.06443675e+11
5.48000000e+02	1.01388578e+11
5.49000000e+02	9.66014123e+10
5.50000000e+02	9.20661069e+10
5.51000000e+02	8.77676696e+10
5.52000000e+02	8.36921091e+10
5.53000000e+02	7.98263602e+10
5.54000000e+02	7.61582182e+10
5.55000000e+02	7.26762772e+10
5.56000000e+02	6.93698713e+10
5.57000000e+02	6.62290235e+10
5.58000000e+02	6.32443952e+10
5.59000000e+02	6.04072429e+10
5.60000000e+02	5.77093734e+10
5.61000000e+02	5.51431099e+10
5.62000000e+02	5.27012515e+10
5.63000000e+02	5.03770430e+10
5.64000000e+02	4.81641439e+10
5.65000000e+02	4.60565992e+10
5.66000000e+02	4.40488145e+10
5.67000000e+02	4.21355306e+10
5.68000000e+02	4.03118013e+10
5.69000000e+02	3.85729738e+10
5.70000000e+02	3.69146667e+10
5.71000000e+02	3.53327545e+10
5.72000000e+02	3.38233498e+10
5.73000000e+02	3.23827886e+10
5.74000000e+02	3.10076148e+10
5.75000000e+02	2.96945674e+10
5.76000000e+02	2.84405691e+10
5.77000000e+02	2.72427127e+10
5.78000000e+02	2.60982529e+10
5.79000000e+02	2.50045933e+10
5.80000000e+02	2.39592794e+10
5.81000000e+02	2.29599896e+10
5.82000000e+02	2.20045266e+10
5.83000000e+02	2.10908102e+10
5.84000000e+02	2.02168697e+10
5.85000000e+02	1.93808378e+10
5.86000000e+02	1.85809451e+10
5.87000000e+02	1.78155132e+10
5.88000000e+02	1.70829498e+10
5.89000000e+02	1.63817444e+10
5.90000000e+02	1.57104634e+10
5.91000000e+02	1.50677435e+10
5.92000000e+02	1.44522922e+10
5.93000000e+02	1.38628790e+10
5.94000000e+02	1.32983350e+10
5.95000000e+02	1.27575493e+10
5.96000000e+02	1.22394640e+10
5.97000000e+02	1.17430735e+10
5.98000000e+02	1.12674200e+10
5.99000000e+02	1.08115917e+10
6.00000000e+02	1.03747201e+10
6.01000000e+02	9.95597835e+09
6.02000000e+02	9.55457781e+09
6.03000000e+02	9.16976752e+09
6.04000000e+02	8.80083142e+09
6.05000000e+02	8.44708560e+09
6.06000000e+02	8.10787857e+09
6.07000000e+02	7.78258874e+09
6.08000000e+02	7.47062310e+09
6.09000000e+02	7.17141460e+09
6.10000000e+02	6.88442301e+09
6.11000000e+02	6.60913103e+09
6.12000000e+02	6.34504658e+09
6.13000000e+02	6.09169717e+09
6.14000000e+02	5.84863320e+09
6.15000000e+02	5.61542442e+09
6.16000000e+02	5.39165864e+09
6.17000000e+02	5.17694312e+09
6.18000000e+02	4.97090118e+09
6.19000000e+02	4.77317384e+09
6.20000000e+02	4.58341614e+09
6.21000000e+02	4.40129946e+09
6.22000000e+02	4.22650803e+09
6.23000000e+02	4.05874093e+09
6.24000000e+02	3.89770963e+09
6.25000000e+02	3.74313750e+09
6.26000000e+02	3.59476050e+09
6.27000000e+02	3.45232528e+09
6.28000000e+02	3.31558893e+09
6.29000000e+02	3.18431955e+09
6.30000000e+02	3.05829480e+09
6.31000000e+02	2.93730096e+09
6.32000000e+02	2.82113429e+09
6.33000000e+02	2.70959934e+09
6.34000000e+02	2.60250823e+09
6.35000000e+02	2.49968124e+09
6.36000000e+02	2.40094641e+09
6.37000000e+02	2.30613831e+09
6.38000000e+02	2.21509891e+09
6.39000000e+02	2.12767646e+09
6.40000000e+02	2.04372584e+09
6.41000000e+02	1.96310737e+09
6.42000000e+02	1.88568660e+09
6.43000000e+02	1.81133629e+09
6.44000000e+02	1.73993285e+09
6.45000000e+02	1.67135888e+09
6.46000000e+02	1.60549955e+09
6.47000000e+02	1.54224836e+09
6.48000000e+02	1.48149993e+09
6.49000000e+02	1.42315513e+09
6.50000000e+02	1.36711774e+09
6.51000000e+02	1.31329468e+09
6.52000000e+02	1.26159971e+09
6.53000000e+02	1.21194689e+09
6.54000000e+02	1.16425512e+09
6.55000000e+02	1.11844638e+09
6.56000000e+02	1.07444631e+09
6.57000000e+02	1.03218251e+09
6.58000000e+02	9.91586216e+08
6.59000000e+02	9.52590973e+08
6.60000000e+02	9.15133975e+08
6.61000000e+02	8.79153658e+08
6.62000000e+02	8.44591611e+08
6.63000000e+02	8.11391460e+08
6.64000000e+02	7.79499880e+08
6.65000000e+02	7.48864453e+08
6.66000000e+02	7.19435785e+08
6.67000000e+02	6.91166118e+08
6.68000000e+02	6.64009385e+08
6.69000000e+02	6.37921933e+08
6.70000000e+02	6.12861073e+08
6.71000000e+02	5.88786462e+08
6.72000000e+02	5.65659645e+08
6.73000000e+02	5.43442536e+08
6.74000000e+02	5.22099538e+08
6.75000000e+02	5.01595926e+08
6.76000000e+02	4.81898794e+08
6.77000000e+02	4.62976063e+08
6.78000000e+02	4.44797692e+08
6.79000000e+02	4.27333693e+08
6.80000000e+02	4.10556428e+08
6.81000000e+02	3.94438628e+08
6.82000000e+02	3.78954242e+08
6.83000000e+02	3.64078461e+08
6.84000000e+02	3.49787360e+08
6.85000000e+02	3.36057666e+08
6.86000000e+02	3.22867664e+08
6.87000000e+02	3.10195720e+08
6.88000000e+02	2.98021416e+08
6.89000000e+02	2.86325233e+08
6.90000000e+02	2.75087892e+08
6.91000000e+02	2.64288230e+08
6.92000000e+02	2.53895087e+08
6.93000000e+02	2.43831706e+08
6.94000000e+02	2.33848538e+08
6.95000000e+02	2.23137492e+08
6.96000000e+02	2.09402910e+08
6.97000000e+02	1.87350429e+08
6.98000000e+02	1.47303444e+08
6.99000000e+02	8.58304328e+07
7.00000000e+02	0.00000000e+00
