# Profil de FluxX au temps 1.009999999999998e-12 
# simu : /Volumes/MERCURE/JOBS/Zeq1_tanh_50mic_3p5e22_B0_20ps/GNU/FluxX@y-c.set
# col 0 : abscisse (um)
# col 1 : FluxX (W/cm2)
0.00000000e+00	0.00000000e+00
1.00000000e+00	1.47719371e+07
2.00000000e+00	-2.80205451e+07
3.00000000e+00	1.25340500e+07
4.00000000e+00	1.61745041e+07
5.00000000e+00	1.55709233e+07
6.00000000e+00	1.41376352e+07
7.00000000e+00	1.29052407e+07
8.00000000e+00	1.20805026e+07
9.00000000e+00	1.16240137e+07
1.00000000e+01	1.14529587e+07
1.10000000e+01	1.14923295e+07
1.20000000e+01	1.16836283e+07
1.30000000e+01	1.19855642e+07
1.40000000e+01	1.23682932e+07
1.50000000e+01	1.28121886e+07
1.60000000e+01	1.33035594e+07
1.70000000e+01	1.38341786e+07
1.80000000e+01	1.43981177e+07
1.90000000e+01	1.49920810e+07
2.00000000e+01	1.56146461e+07
2.10000000e+01	1.62644252e+07
2.20000000e+01	1.69418926e+07
2.30000000e+01	1.76469068e+07
2.40000000e+01	1.83803565e+07
2.50000000e+01	1.91426031e+07
2.60000000e+01	1.99355792e+07
2.70000000e+01	2.07594410e+07
2.80000000e+01	2.16158669e+07
2.90000000e+01	2.25068784e+07
3.00000000e+01	2.34326978e+07
3.10000000e+01	2.43956708e+07
3.20000000e+01	2.53975205e+07
3.30000000e+01	2.64387986e+07
3.40000000e+01	2.75222494e+07
3.50000000e+01	2.86492139e+07
3.60000000e+01	2.98215858e+07
3.70000000e+01	3.10413171e+07
3.80000000e+01	3.23105972e+07
3.90000000e+01	3.36306324e+07
4.00000000e+01	3.50044419e+07
4.10000000e+01	3.64341877e+07
4.20000000e+01	3.79218395e+07
4.30000000e+01	3.94698376e+07
4.40000000e+01	4.10808545e+07
4.50000000e+01	4.27577478e+07
4.60000000e+01	4.45031066e+07
4.70000000e+01	4.63194036e+07
4.80000000e+01	4.82101892e+07
4.90000000e+01	5.01777391e+07
5.00000000e+01	5.22255485e+07
5.10000000e+01	5.43569548e+07
5.20000000e+01	5.65749301e+07
5.30000000e+01	5.88837261e+07
5.40000000e+01	6.12871472e+07
5.50000000e+01	6.37884917e+07
5.60000000e+01	6.63919313e+07
5.70000000e+01	6.91013607e+07
5.80000000e+01	7.19213918e+07
5.90000000e+01	7.48563574e+07
6.00000000e+01	7.79112939e+07
6.10000000e+01	8.10910217e+07
6.20000000e+01	8.44001798e+07
6.30000000e+01	8.78446067e+07
6.40000000e+01	9.14295013e+07
6.50000000e+01	9.51609153e+07
6.60000000e+01	9.90445675e+07
6.70000000e+01	1.03086655e+08
6.80000000e+01	1.07293655e+08
6.90000000e+01	1.11672348e+08
7.00000000e+01	1.16229593e+08
7.10000000e+01	1.20972982e+08
7.20000000e+01	1.25910036e+08
7.30000000e+01	1.31048366e+08
7.40000000e+01	1.36396586e+08
7.50000000e+01	1.41962876e+08
7.60000000e+01	1.47756873e+08
7.70000000e+01	1.53787019e+08
7.80000000e+01	1.60063068e+08
7.90000000e+01	1.66595269e+08
8.00000000e+01	1.73394190e+08
8.10000000e+01	1.80470575e+08
8.20000000e+01	1.87835497e+08
8.30000000e+01	1.95501418e+08
8.40000000e+01	2.03479929e+08
8.50000000e+01	2.11783968e+08
8.60000000e+01	2.20427178e+08
8.70000000e+01	2.29422729e+08
8.80000000e+01	2.38785432e+08
8.90000000e+01	2.48530270e+08
9.00000000e+01	2.58673218e+08
9.10000000e+01	2.69230031e+08
9.20000000e+01	2.80217451e+08
9.30000000e+01	2.91653370e+08
9.40000000e+01	3.03556291e+08
9.50000000e+01	3.15944353e+08
9.60000000e+01	3.28837909e+08
9.70000000e+01	3.42258041e+08
9.80000000e+01	3.56225989e+08
9.90000000e+01	3.70763593e+08
1.00000000e+02	3.85894648e+08
1.01000000e+02	4.01643362e+08
1.02000000e+02	4.18034656e+08
1.03000000e+02	4.35094905e+08
1.04000000e+02	4.52851173e+08
1.05000000e+02	4.71332581e+08
1.06000000e+02	4.90567953e+08
1.07000000e+02	5.10588441e+08
1.08000000e+02	5.31425966e+08
1.09000000e+02	5.53113388e+08
1.10000000e+02	5.75686260e+08
1.11000000e+02	5.99180336e+08
1.12000000e+02	6.23633466e+08
1.13000000e+02	6.49084186e+08
1.14000000e+02	6.75573488e+08
1.15000000e+02	7.03143634e+08
1.16000000e+02	7.31839367e+08
1.17000000e+02	7.61706133e+08
1.18000000e+02	7.92791849e+08
1.19000000e+02	8.25145703e+08
1.20000000e+02	8.58820157e+08
1.21000000e+02	8.93869189e+08
1.22000000e+02	9.30348152e+08
1.23000000e+02	9.68315903e+08
1.24000000e+02	1.00783331e+09
1.25000000e+02	1.04896333e+09
1.26000000e+02	1.09177182e+09
1.27000000e+02	1.13632744e+09
1.28000000e+02	1.18270106e+09
1.29000000e+02	1.23096749e+09
1.30000000e+02	1.28120326e+09
1.31000000e+02	1.33348966e+09
1.32000000e+02	1.38790952e+09
1.33000000e+02	1.44455016e+09
1.34000000e+02	1.50350253e+09
1.35000000e+02	1.56486048e+09
1.36000000e+02	1.62872254e+09
1.37000000e+02	1.69519073e+09
1.38000000e+02	1.76437152e+09
1.39000000e+02	1.83637538e+09
1.40000000e+02	1.91131773e+09
1.41000000e+02	1.98931823e+09
1.42000000e+02	2.07050229e+09
1.43000000e+02	2.15499922e+09
1.44000000e+02	2.24294422e+09
1.45000000e+02	2.33447823e+09
1.46000000e+02	2.42974762e+09
1.47000000e+02	2.52890466e+09
1.48000000e+02	2.63210813e+09
1.49000000e+02	2.73952353e+09
1.50000000e+02	2.85132214e+09
1.51000000e+02	2.96768281e+09
1.52000000e+02	3.08879201e+09
1.53000000e+02	3.21484386e+09
1.54000000e+02	3.34603910e+09
1.55000000e+02	3.48258836e+09
1.56000000e+02	3.62470985e+09
1.57000000e+02	3.77263113e+09
1.58000000e+02	3.92658851e+09
1.59000000e+02	4.08682842e+09
1.60000000e+02	4.25360743e+09
1.61000000e+02	4.42719193e+09
1.62000000e+02	4.60785997e+09
1.63000000e+02	4.79590077e+09
1.64000000e+02	4.99161442e+09
1.65000000e+02	5.19531454e+09
1.66000000e+02	5.40732696e+09
1.67000000e+02	5.62799044e+09
1.68000000e+02	5.85765832e+09
1.69000000e+02	6.09669805e+09
1.70000000e+02	6.34549177e+09
1.71000000e+02	6.60443756e+09
1.72000000e+02	6.87394971e+09
1.73000000e+02	7.15445920e+09
1.74000000e+02	7.44641426e+09
1.75000000e+02	7.75028248e+09
1.76000000e+02	8.06654945e+09
1.77000000e+02	8.39572165e+09
1.78000000e+02	8.73832501e+09
1.79000000e+02	9.09490739e+09
1.80000000e+02	9.46603919e+09
1.81000000e+02	9.85231421e+09
1.82000000e+02	1.02543495e+10
1.83000000e+02	1.06727890e+10
1.84000000e+02	1.11083010e+10
1.85000000e+02	1.15615821e+10
1.86000000e+02	1.20333573e+10
1.87000000e+02	1.25243808e+10
1.88000000e+02	1.30354377e+10
1.89000000e+02	1.35673456e+10
1.90000000e+02	1.41209543e+10
1.91000000e+02	1.46971489e+10
1.92000000e+02	1.52968507e+10
1.93000000e+02	1.59210186e+10
1.94000000e+02	1.65706500e+10
1.95000000e+02	1.72467840e+10
1.96000000e+02	1.79505013e+10
1.97000000e+02	1.86829255e+10
1.98000000e+02	1.94452285e+10
1.99000000e+02	2.02386280e+10
2.00000000e+02	2.10643922e+10
2.01000000e+02	2.19238409e+10
2.02000000e+02	2.28183474e+10
2.03000000e+02	2.37493403e+10
2.04000000e+02	2.47183080e+10
2.05000000e+02	2.57267982e+10
2.06000000e+02	2.67764217e+10
2.07000000e+02	2.78688562e+10
2.08000000e+02	2.90058461e+10
2.09000000e+02	3.01892073e+10
2.10000000e+02	3.14208299e+10
2.11000000e+02	3.27026810e+10
2.12000000e+02	3.40368072e+10
2.13000000e+02	3.54253391e+10
2.14000000e+02	3.68704931e+10
2.15000000e+02	3.83745765e+10
2.16000000e+02	3.99399907e+10
2.17000000e+02	4.15692333e+10
2.18000000e+02	4.32649053e+10
2.19000000e+02	4.50297121e+10
2.20000000e+02	4.68664704e+10
2.21000000e+02	4.87781097e+10
2.22000000e+02	5.07676797e+10
2.23000000e+02	5.28383541e+10
2.24000000e+02	5.49934346e+10
2.25000000e+02	5.72363581e+10
2.26000000e+02	5.95707004e+10
2.27000000e+02	6.20001825e+10
2.28000000e+02	6.45286769e+10
2.29000000e+02	6.71602129e+10
2.30000000e+02	6.98989832e+10
2.31000000e+02	7.27493512e+10
2.32000000e+02	7.57158563e+10
2.33000000e+02	7.88032229e+10
2.34000000e+02	8.20163662e+10
2.35000000e+02	8.53604009e+10
2.36000000e+02	8.88406489e+10
2.37000000e+02	9.24626477e+10
2.38000000e+02	9.62321584e+10
2.39000000e+02	1.00155177e+11
2.40000000e+02	1.04237939e+11
2.41000000e+02	1.08486935e+11
2.42000000e+02	1.12908918e+11
2.43000000e+02	1.17510911e+11
2.44000000e+02	1.22300224e+11
2.45000000e+02	1.27284460e+11
2.46000000e+02	1.32471530e+11
2.47000000e+02	1.37869665e+11
2.48000000e+02	1.43487425e+11
2.49000000e+02	1.49333718e+11
2.50000000e+02	1.55417809e+11
2.51000000e+02	1.61749337e+11
2.52000000e+02	1.68338330e+11
2.53000000e+02	1.75195216e+11
2.54000000e+02	1.82330846e+11
2.55000000e+02	1.89756504e+11
2.56000000e+02	1.97483928e+11
2.57000000e+02	2.05525328e+11
2.58000000e+02	2.13893401e+11
2.59000000e+02	2.22601355e+11
2.60000000e+02	2.31662926e+11
2.61000000e+02	2.41092399e+11
2.62000000e+02	2.50904630e+11
2.63000000e+02	2.61115068e+11
2.64000000e+02	2.71739779e+11
2.65000000e+02	2.82795468e+11
2.66000000e+02	2.94299507e+11
2.67000000e+02	3.06269957e+11
2.68000000e+02	3.18725599e+11
2.69000000e+02	3.31685956e+11
2.70000000e+02	3.45171327e+11
2.71000000e+02	3.59202816e+11
2.72000000e+02	3.73802359e+11
2.73000000e+02	3.88992759e+11
2.74000000e+02	4.04797720e+11
2.75000000e+02	4.21241876e+11
2.76000000e+02	4.38350834e+11
2.77000000e+02	4.56151202e+11
2.78000000e+02	4.74670636e+11
2.79000000e+02	4.93937868e+11
2.80000000e+02	5.13982757e+11
2.81000000e+02	5.34836325e+11
2.82000000e+02	5.56530800e+11
2.83000000e+02	5.79099664e+11
2.84000000e+02	6.02577694e+11
2.85000000e+02	6.27001013e+11
2.86000000e+02	6.52407139e+11
2.87000000e+02	6.78835031e+11
2.88000000e+02	7.06325146e+11
2.89000000e+02	7.34919489e+11
2.90000000e+02	7.64661672e+11
2.91000000e+02	7.95596964e+11
2.92000000e+02	8.27772354e+11
2.93000000e+02	8.61236611e+11
2.94000000e+02	8.96040342e+11
2.95000000e+02	9.32236058e+11
2.96000000e+02	9.69878237e+11
2.97000000e+02	1.00902339e+12
2.98000000e+02	1.04973013e+12
2.99000000e+02	1.09205924e+12
3.00000000e+02	1.13607374e+12
3.01000000e+02	1.18183898e+12
3.02000000e+02	1.22942267e+12
3.03000000e+02	1.27889500e+12
3.04000000e+02	1.33032870e+12
3.05000000e+02	1.38379912e+12
3.06000000e+02	1.43938428e+12
3.07000000e+02	1.49716500e+12
3.08000000e+02	1.55722496e+12
3.09000000e+02	1.61965074e+12
3.10000000e+02	1.68453199e+12
3.11000000e+02	1.75196143e+12
3.12000000e+02	1.82203497e+12
3.13000000e+02	1.89485180e+12
3.14000000e+02	1.97051444e+12
3.15000000e+02	2.04912887e+12
3.16000000e+02	2.13080457e+12
3.17000000e+02	2.21565462e+12
3.18000000e+02	2.30379578e+12
3.19000000e+02	2.39534856e+12
3.20000000e+02	2.49043729e+12
3.21000000e+02	2.58919022e+12
3.22000000e+02	2.69173956e+12
3.23000000e+02	2.79822157e+12
3.24000000e+02	2.90877660e+12
3.25000000e+02	3.02354915e+12
3.26000000e+02	3.14268794e+12
3.27000000e+02	3.26634595e+12
3.28000000e+02	3.39468044e+12
3.29000000e+02	3.52785299e+12
3.30000000e+02	3.66602954e+12
3.31000000e+02	3.80938037e+12
3.32000000e+02	3.95808012e+12
3.33000000e+02	4.11230779e+12
3.34000000e+02	4.27224669e+12
3.35000000e+02	4.43808440e+12
3.36000000e+02	4.61001275e+12
3.37000000e+02	4.78822773e+12
3.38000000e+02	4.97292938e+12
3.39000000e+02	5.16432171e+12
3.40000000e+02	5.36261256e+12
3.41000000e+02	5.56801342e+12
3.42000000e+02	5.78073928e+12
3.43000000e+02	6.00100844e+12
3.44000000e+02	6.22904219e+12
3.45000000e+02	6.46506463e+12
3.46000000e+02	6.70930231e+12
3.47000000e+02	6.96198394e+12
3.48000000e+02	7.22333994e+12
3.49000000e+02	7.49360210e+12
3.50000000e+02	7.77300307e+12
3.51000000e+02	8.06177585e+12
3.52000000e+02	8.36015327e+12
3.53000000e+02	8.66836734e+12
3.54000000e+02	8.98664862e+12
3.55000000e+02	9.31522548e+12
3.56000000e+02	9.65432332e+12
3.57000000e+02	1.00041638e+13
3.58000000e+02	1.03649637e+13
3.59000000e+02	1.07369344e+13
3.60000000e+02	1.11202804e+13
3.61000000e+02	1.15151982e+13
3.62000000e+02	1.19218756e+13
3.63000000e+02	1.23404898e+13
3.64000000e+02	1.27712066e+13
3.65000000e+02	1.32141786e+13
3.66000000e+02	1.36695437e+13
3.67000000e+02	1.41374240e+13
3.68000000e+02	1.46179232e+13
3.69000000e+02	1.51111259e+13
3.70000000e+02	1.56170949e+13
3.71000000e+02	1.61358698e+13
3.72000000e+02	1.66674646e+13
3.73000000e+02	1.72118661e+13
3.74000000e+02	1.77690310e+13
3.75000000e+02	1.83388846e+13
3.76000000e+02	1.89213177e+13
3.77000000e+02	1.95161845e+13
3.78000000e+02	2.01233005e+13
3.79000000e+02	2.07424394e+13
3.80000000e+02	2.13733313e+13
3.81000000e+02	2.20156595e+13
3.82000000e+02	2.26690586e+13
3.83000000e+02	2.33331114e+13
3.84000000e+02	2.40073469e+13
3.85000000e+02	2.46912374e+13
3.86000000e+02	2.53841963e+13
3.87000000e+02	2.60855758e+13
3.88000000e+02	2.67946645e+13
3.89000000e+02	2.75106853e+13
3.90000000e+02	2.82327937e+13
3.91000000e+02	2.89600756e+13
3.92000000e+02	2.96915462e+13
3.93000000e+02	3.04261481e+13
3.94000000e+02	3.11627511e+13
3.95000000e+02	3.19001504e+13
3.96000000e+02	3.26370672e+13
3.97000000e+02	3.33721481e+13
3.98000000e+02	3.41039660e+13
3.99000000e+02	3.48310205e+13
4.00000000e+02	3.55517398e+13
4.01000000e+02	3.62644822e+13
4.02000000e+02	3.69675390e+13
4.03000000e+02	3.76591377e+13
4.04000000e+02	3.83374453e+13
4.05000000e+02	3.90005734e+13
4.06000000e+02	3.96465830e+13
4.07000000e+02	4.02734906e+13
4.08000000e+02	4.08792748e+13
4.09000000e+02	4.14618837e+13
4.10000000e+02	4.20192434e+13
4.11000000e+02	4.25492664e+13
4.12000000e+02	4.30498619e+13
4.13000000e+02	4.35189461e+13
4.14000000e+02	4.39544531e+13
4.15000000e+02	4.43543472e+13
4.16000000e+02	4.47166349e+13
4.17000000e+02	4.50393783e+13
4.18000000e+02	4.53207083e+13
4.19000000e+02	4.55588386e+13
4.20000000e+02	4.57520798e+13
4.21000000e+02	4.58988538e+13
4.22000000e+02	4.59977082e+13
4.23000000e+02	4.60473304e+13
4.24000000e+02	4.60465620e+13
4.25000000e+02	4.59944118e+13
4.26000000e+02	4.58900696e+13
4.27000000e+02	4.57329182e+13
4.28000000e+02	4.55225447e+13
4.29000000e+02	4.52587509e+13
4.30000000e+02	4.49415624e+13
4.31000000e+02	4.45712361e+13
4.32000000e+02	4.41482660e+13
4.33000000e+02	4.36733878e+13
4.34000000e+02	4.31475804e+13
4.35000000e+02	4.25720666e+13
4.36000000e+02	4.19483107e+13
4.37000000e+02	4.12780147e+13
4.38000000e+02	4.05631109e+13
4.39000000e+02	3.98057538e+13
4.40000000e+02	3.90083081e+13
4.41000000e+02	3.81733356e+13
4.42000000e+02	3.73035793e+13
4.43000000e+02	3.64019452e+13
4.44000000e+02	3.54714833e+13
4.45000000e+02	3.45153652e+13
4.46000000e+02	3.35368617e+13
4.47000000e+02	3.25393186e+13
4.48000000e+02	3.15261312e+13
4.49000000e+02	3.05007187e+13
4.50000000e+02	2.94664983e+13
4.51000000e+02	2.84268594e+13
4.52000000e+02	2.73851378e+13
4.53000000e+02	2.63445911e+13
4.54000000e+02	2.53083753e+13
4.55000000e+02	2.42795229e+13
4.56000000e+02	2.32609223e+13
4.57000000e+02	2.22552995e+13
4.58000000e+02	2.12652027e+13
4.59000000e+02	2.02929883e+13
4.60000000e+02	1.93408103e+13
4.61000000e+02	1.84106117e+13
4.62000000e+02	1.75041197e+13
4.63000000e+02	1.66228421e+13
4.64000000e+02	1.57680677e+13
4.65000000e+02	1.49408683e+13
4.66000000e+02	1.41421034e+13
4.67000000e+02	1.33724269e+13
4.68000000e+02	1.26322960e+13
4.69000000e+02	1.19219810e+13
4.70000000e+02	1.12415773e+13
4.71000000e+02	1.05910180e+13
4.72000000e+02	9.97008725e+12
4.73000000e+02	9.37843446e+12
4.74000000e+02	8.81558843e+12
4.75000000e+02	8.28097169e+12
4.76000000e+02	7.77391459e+12
4.77000000e+02	7.29366902e+12
4.78000000e+02	6.83942153e+12
4.79000000e+02	6.41030581e+12
4.80000000e+02	6.00541438e+12
4.81000000e+02	5.62380943e+12
4.82000000e+02	5.26453267e+12
4.83000000e+02	4.92661436e+12
4.84000000e+02	4.60908132e+12
4.85000000e+02	4.31096402e+12
4.86000000e+02	4.03130279e+12
4.87000000e+02	3.76915316e+12
4.88000000e+02	3.52359040e+12
4.89000000e+02	3.29371330e+12
4.90000000e+02	3.07864724e+12
4.91000000e+02	2.87754664e+12
4.92000000e+02	2.68959687e+12
4.93000000e+02	2.51401555e+12
4.94000000e+02	2.35005356e+12
4.95000000e+02	2.19699548e+12
4.96000000e+02	2.05415979e+12
4.97000000e+02	1.92089877e+12
4.98000000e+02	1.79659811e+12
4.99000000e+02	1.68067631e+12
5.00000000e+02	1.57258398e+12
5.01000000e+02	1.47180288e+12
5.02000000e+02	1.37784499e+12
5.03000000e+02	1.29025133e+12
5.04000000e+02	1.20859088e+12
5.05000000e+02	1.13245937e+12
5.06000000e+02	1.06147801e+12
5.07000000e+02	9.95292331e+11
5.08000000e+02	9.33570897e+11
5.09000000e+02	8.76004118e+11
5.10000000e+02	8.22303041e+11
5.11000000e+02	7.72198181e+11
5.12000000e+02	7.25438389e+11
5.13000000e+02	6.81789748e+11
5.14000000e+02	6.41034521e+11
5.15000000e+02	6.02970131e+11
5.16000000e+02	5.67408201e+11
5.17000000e+02	5.34173622e+11
5.18000000e+02	5.03103686e+11
5.19000000e+02	4.74047250e+11
5.20000000e+02	4.46863953e+11
5.21000000e+02	4.21423478e+11
5.22000000e+02	3.97604857e+11
5.23000000e+02	3.75295814e+11
5.24000000e+02	3.54392153e+11
5.25000000e+02	3.34797185e+11
5.26000000e+02	3.16421192e+11
5.27000000e+02	2.99180920e+11
5.28000000e+02	2.82999120e+11
5.29000000e+02	2.67804101e+11
5.30000000e+02	2.53529337e+11
5.31000000e+02	2.40113076e+11
5.32000000e+02	2.27498001e+11
5.33000000e+02	2.15630895e+11
5.34000000e+02	2.04462346e+11
5.35000000e+02	1.93946459e+11
5.36000000e+02	1.84040603e+11
5.37000000e+02	1.74705164e+11
5.38000000e+02	1.65903326e+11
5.39000000e+02	1.57600862e+11
5.40000000e+02	1.49765944e+11
5.41000000e+02	1.42368964e+11
5.42000000e+02	1.35382373e+11
5.43000000e+02	1.28780527e+11
5.44000000e+02	1.22539548e+11
5.45000000e+02	1.16637196e+11
5.46000000e+02	1.11052744e+11
5.47000000e+02	1.05766874e+11
5.48000000e+02	1.00761572e+11
5.49000000e+02	9.60200292e+10
5.50000000e+02	9.15265613e+10
5.51000000e+02	8.72665234e+10
5.52000000e+02	8.32262364e+10
5.53000000e+02	7.93929178e+10
5.54000000e+02	7.57546173e+10
5.55000000e+02	7.23001594e+10
5.56000000e+02	6.90190854e+10
5.57000000e+02	6.59016062e+10
5.58000000e+02	6.29385540e+10
5.59000000e+02	6.01213382e+10
5.60000000e+02	5.74419065e+10
5.61000000e+02	5.48927070e+10
5.62000000e+02	5.24666551e+10
5.63000000e+02	5.01570995e+10
5.64000000e+02	4.79577947e+10
5.65000000e+02	4.58628718e+10
5.66000000e+02	4.38668158e+10
5.67000000e+02	4.19644379e+10
5.68000000e+02	4.01508584e+10
5.69000000e+02	3.84214827e+10
5.70000000e+02	3.67719850e+10
5.71000000e+02	3.51982890e+10
5.72000000e+02	3.36965531e+10
5.73000000e+02	3.22631546e+10
5.74000000e+02	3.08946755e+10
5.75000000e+02	2.95878902e+10
5.76000000e+02	2.83397526e+10
5.77000000e+02	2.71473852e+10
5.78000000e+02	2.60080693e+10
5.79000000e+02	2.49192339e+10
5.80000000e+02	2.38784472e+10
5.81000000e+02	2.28834088e+10
5.82000000e+02	2.19319402e+10
5.83000000e+02	2.10219791e+10
5.84000000e+02	2.01515712e+10
5.85000000e+02	1.93188644e+10
5.86000000e+02	1.85221035e+10
5.87000000e+02	1.77596232e+10
5.88000000e+02	1.70298427e+10
5.89000000e+02	1.63312626e+10
5.90000000e+02	1.56624593e+10
5.91000000e+02	1.50220798e+10
5.92000000e+02	1.44088392e+10
5.93000000e+02	1.38215161e+10
5.94000000e+02	1.32589492e+10
5.95000000e+02	1.27200340e+10
5.96000000e+02	1.22037203e+10
5.97000000e+02	1.17090068e+10
5.98000000e+02	1.12349426e+10
5.99000000e+02	1.07806206e+10
6.00000000e+02	1.03451783e+10
6.01000000e+02	9.92779228e+09
6.02000000e+02	9.52767881e+09
6.03000000e+02	9.14409055e+09
6.04000000e+02	8.77631461e+09
6.05000000e+02	8.42367154e+09
6.06000000e+02	8.08551292e+09
6.07000000e+02	7.76122030e+09
6.08000000e+02	7.45020278e+09
6.09000000e+02	7.15189652e+09
6.10000000e+02	6.86576388e+09
6.11000000e+02	6.59129010e+09
6.12000000e+02	6.32798425e+09
6.13000000e+02	6.07537708e+09
6.14000000e+02	5.83302069e+09
6.15000000e+02	5.60048593e+09
6.16000000e+02	5.37736301e+09
6.17000000e+02	5.16326096e+09
6.18000000e+02	4.95780408e+09
6.19000000e+02	4.76063500e+09
6.20000000e+02	4.57141017e+09
6.21000000e+02	4.38980178e+09
6.22000000e+02	4.21549668e+09
6.23000000e+02	4.04819351e+09
6.24000000e+02	3.88760554e+09
6.25000000e+02	3.73345710e+09
6.26000000e+02	3.58548500e+09
6.27000000e+02	3.44343680e+09
6.28000000e+02	3.30707027e+09
6.29000000e+02	3.17615472e+09
6.30000000e+02	3.05046823e+09
6.31000000e+02	2.92979856e+09
6.32000000e+02	2.81394168e+09
6.33000000e+02	2.70270285e+09
6.34000000e+02	2.59589511e+09
6.35000000e+02	2.49333969e+09
6.36000000e+02	2.39486463e+09
6.37000000e+02	2.30030544e+09
6.38000000e+02	2.20950469e+09
6.39000000e+02	2.12231060e+09
6.40000000e+02	2.03857802e+09
6.41000000e+02	1.95816882e+09
6.42000000e+02	1.88094887e+09
6.43000000e+02	1.80679066e+09
6.44000000e+02	1.73557130e+09
6.45000000e+02	1.66717340e+09
6.46000000e+02	1.60148397e+09
6.47000000e+02	1.53839455e+09
6.48000000e+02	1.47780167e+09
6.49000000e+02	1.41960587e+09
6.50000000e+02	1.36371075e+09
6.51000000e+02	1.31002538e+09
6.52000000e+02	1.25846114e+09
6.53000000e+02	1.20893452e+09
6.54000000e+02	1.16136357e+09
6.55000000e+02	1.11567084e+09
6.56000000e+02	1.07178153e+09
6.57000000e+02	1.02962420e+09
6.58000000e+02	9.89130127e+08
6.59000000e+02	9.50233224e+08
6.60000000e+02	9.12869951e+08
6.61000000e+02	8.76979856e+08
6.62000000e+02	8.42504441e+08
6.63000000e+02	8.09387903e+08
6.64000000e+02	7.77575710e+08
6.65000000e+02	7.47016943e+08
6.66000000e+02	7.17661548e+08
6.67000000e+02	6.89462118e+08
6.68000000e+02	6.62373266e+08
6.69000000e+02	6.36350583e+08
6.70000000e+02	6.11352608e+08
6.71000000e+02	5.87338010e+08
6.72000000e+02	5.64268407e+08
6.73000000e+02	5.42106362e+08
6.74000000e+02	5.20815979e+08
6.75000000e+02	5.00363415e+08
6.76000000e+02	4.80714886e+08
6.77000000e+02	4.61839121e+08
6.78000000e+02	4.43705380e+08
6.79000000e+02	4.26285060e+08
6.80000000e+02	4.09548865e+08
6.81000000e+02	3.93471188e+08
6.82000000e+02	3.78024983e+08
6.83000000e+02	3.63186017e+08
6.84000000e+02	3.48929965e+08
6.85000000e+02	3.35234166e+08
6.86000000e+02	3.22076271e+08
6.87000000e+02	3.09435722e+08
6.88000000e+02	2.97291389e+08
6.89000000e+02	2.85624193e+08
6.90000000e+02	2.74415325e+08
6.91000000e+02	2.63646587e+08
6.92000000e+02	2.53300843e+08
6.93000000e+02	2.43361112e+08
6.94000000e+02	2.33812015e+08
6.95000000e+02	2.24637404e+08
6.96000000e+02	2.15816388e+08
6.97000000e+02	2.07236882e+08
6.98000000e+02	1.96489397e+08
6.99000000e+02	1.66916605e+08
7.00000000e+02	0.00000000e+00
