# Profil de FluxX au temps 1.300000000000017e-11 
# simu : /Volumes/MERCURE/JOBS/Zeq1_tanh_50mic_3p5e22_B0_20ps/GNU/FluxX@y-c.set
# col 0 : abscisse (um)
# col 1 : FluxX (W/cm2)
0.00000000e+00	0.00000000e+00
1.00000000e+00	1.64674502e+07
2.00000000e+00	-2.44478537e+07
3.00000000e+00	1.82393870e+07
4.00000000e+00	2.41072061e+07
5.00000000e+00	2.55319245e+07
6.00000000e+00	2.57205892e+07
7.00000000e+00	2.56424646e+07
8.00000000e+00	2.55465141e+07
9.00000000e+00	2.54771045e+07
1.00000000e+01	2.54416130e+07
1.10000000e+01	2.54419660e+07
1.20000000e+01	2.54811288e+07
1.30000000e+01	2.55613219e+07
1.40000000e+01	2.56849037e+07
1.50000000e+01	2.58541708e+07
1.60000000e+01	2.60719563e+07
1.70000000e+01	2.63396372e+07
1.80000000e+01	2.66593821e+07
1.90000000e+01	2.70325083e+07
2.00000000e+01	2.74613683e+07
2.10000000e+01	2.79466060e+07
2.20000000e+01	2.84900497e+07
2.30000000e+01	2.90933487e+07
2.40000000e+01	2.97570803e+07
2.50000000e+01	3.04833502e+07
2.60000000e+01	3.12724197e+07
2.70000000e+01	3.21260641e+07
2.80000000e+01	3.30448061e+07
2.90000000e+01	3.40304461e+07
3.00000000e+01	3.50838465e+07
3.10000000e+01	3.62066185e+07
3.20000000e+01	3.73998124e+07
3.30000000e+01	3.86645299e+07
3.40000000e+01	4.00025784e+07
3.50000000e+01	4.14155852e+07
3.60000000e+01	4.29052361e+07
3.70000000e+01	4.44732437e+07
3.80000000e+01	4.61210914e+07
3.90000000e+01	4.78517243e+07
4.00000000e+01	4.96668668e+07
4.10000000e+01	5.15686513e+07
4.20000000e+01	5.35599339e+07
4.30000000e+01	5.56431447e+07
4.40000000e+01	5.78211391e+07
4.50000000e+01	6.00971565e+07
4.60000000e+01	6.24743681e+07
4.70000000e+01	6.49557417e+07
4.80000000e+01	6.75455201e+07
4.90000000e+01	7.02473005e+07
5.00000000e+01	7.30647156e+07
5.10000000e+01	7.60022537e+07
5.20000000e+01	7.90640827e+07
5.30000000e+01	8.22554453e+07
5.40000000e+01	8.55802660e+07
5.50000000e+01	8.90444038e+07
5.60000000e+01	9.26529319e+07
5.70000000e+01	9.64112376e+07
5.80000000e+01	1.00325613e+08
5.90000000e+01	1.04401970e+08
6.00000000e+01	1.08646184e+08
6.10000000e+01	1.13066116e+08
6.20000000e+01	1.17667638e+08
6.30000000e+01	1.22457894e+08
6.40000000e+01	1.27445278e+08
6.50000000e+01	1.32637525e+08
6.60000000e+01	1.38042062e+08
6.70000000e+01	1.43668447e+08
6.80000000e+01	1.49525346e+08
6.90000000e+01	1.55621616e+08
7.00000000e+01	1.61967571e+08
7.10000000e+01	1.68573413e+08
7.20000000e+01	1.75448672e+08
7.30000000e+01	1.82605533e+08
7.40000000e+01	1.90054706e+08
7.50000000e+01	1.97807926e+08
7.60000000e+01	2.05878370e+08
7.70000000e+01	2.14277878e+08
7.80000000e+01	2.23020576e+08
7.90000000e+01	2.32120175e+08
8.00000000e+01	2.41591757e+08
8.10000000e+01	2.51449663e+08
8.20000000e+01	2.61710163e+08
8.30000000e+01	2.72389520e+08
8.40000000e+01	2.83504661e+08
8.50000000e+01	2.95073584e+08
8.60000000e+01	3.07115253e+08
8.70000000e+01	3.19647771e+08
8.80000000e+01	3.32692148e+08
8.90000000e+01	3.46268427e+08
9.00000000e+01	3.60399244e+08
9.10000000e+01	3.75106580e+08
9.20000000e+01	3.90414476e+08
9.30000000e+01	4.06347063e+08
9.40000000e+01	4.22929429e+08
9.50000000e+01	4.40188772e+08
9.60000000e+01	4.58152738e+08
9.70000000e+01	4.76849743e+08
9.80000000e+01	4.96309781e+08
9.90000000e+01	5.16563817e+08
1.00000000e+02	5.37644320e+08
1.01000000e+02	5.59585228e+08
1.02000000e+02	5.82421748e+08
1.03000000e+02	6.06189650e+08
1.04000000e+02	6.30927955e+08
1.05000000e+02	6.56675566e+08
1.06000000e+02	6.83474170e+08
1.07000000e+02	7.11366492e+08
1.08000000e+02	7.40396627e+08
1.09000000e+02	7.70611520e+08
1.10000000e+02	8.02059491e+08
1.11000000e+02	8.34790774e+08
1.12000000e+02	8.68857648e+08
1.13000000e+02	9.04314799e+08
1.14000000e+02	9.41219116e+08
1.15000000e+02	9.79629157e+08
1.16000000e+02	1.01960674e+09
1.17000000e+02	1.06121552e+09
1.18000000e+02	1.10452195e+09
1.19000000e+02	1.14959618e+09
1.20000000e+02	1.19650925e+09
1.21000000e+02	1.24533670e+09
1.22000000e+02	1.29615683e+09
1.23000000e+02	1.34905065e+09
1.24000000e+02	1.40410291e+09
1.25000000e+02	1.46140146e+09
1.26000000e+02	1.52103800e+09
1.27000000e+02	1.58310826e+09
1.28000000e+02	1.64771097e+09
1.29000000e+02	1.71495006e+09
1.30000000e+02	1.78493261e+09
1.31000000e+02	1.85777053e+09
1.32000000e+02	1.93358083e+09
1.33000000e+02	2.01248457e+09
1.34000000e+02	2.09460774e+09
1.35000000e+02	2.18008177e+09
1.36000000e+02	2.26904322e+09
1.37000000e+02	2.36163445e+09
1.38000000e+02	2.45800391e+09
1.39000000e+02	2.55830499e+09
1.40000000e+02	2.66269852e+09
1.41000000e+02	2.77135172e+09
1.42000000e+02	2.88443772e+09
1.43000000e+02	3.00213793e+09
1.44000000e+02	3.12464025e+09
1.45000000e+02	3.25214057e+09
1.46000000e+02	3.38484279e+09
1.47000000e+02	3.52295889e+09
1.48000000e+02	3.66670984e+09
1.49000000e+02	3.81632589e+09
1.50000000e+02	3.97204531e+09
1.51000000e+02	4.13411755e+09
1.52000000e+02	4.30280218e+09
1.53000000e+02	4.47836806e+09
1.54000000e+02	4.66109591e+09
1.55000000e+02	4.85127802e+09
1.56000000e+02	5.04921823e+09
1.57000000e+02	5.25523322e+09
1.58000000e+02	5.46965211e+09
1.59000000e+02	5.69281714e+09
1.60000000e+02	5.92508550e+09
1.61000000e+02	6.16682812e+09
1.62000000e+02	6.41843102e+09
1.63000000e+02	6.68029615e+09
1.64000000e+02	6.95284249e+09
1.65000000e+02	7.23650473e+09
1.66000000e+02	7.53173658e+09
1.67000000e+02	7.83900935e+09
1.68000000e+02	8.15881386e+09
1.69000000e+02	8.49166070e+09
1.70000000e+02	8.83808132e+09
1.71000000e+02	9.19862934e+09
1.72000000e+02	9.57388014e+09
1.73000000e+02	9.96443314e+09
1.74000000e+02	1.03709117e+10
1.75000000e+02	1.07939649e+10
1.76000000e+02	1.12342672e+10
1.77000000e+02	1.16925222e+10
1.78000000e+02	1.21694607e+10
1.79000000e+02	1.26658440e+10
1.80000000e+02	1.31824640e+10
1.81000000e+02	1.37201449e+10
1.82000000e+02	1.42797445e+10
1.83000000e+02	1.48621553e+10
1.84000000e+02	1.54683059e+10
1.85000000e+02	1.60991633e+10
1.86000000e+02	1.67557329e+10
1.87000000e+02	1.74390614e+10
1.88000000e+02	1.81502380e+10
1.89000000e+02	1.88903960e+10
1.90000000e+02	1.96607151e+10
1.91000000e+02	2.04624223e+10
1.92000000e+02	2.12967945e+10
1.93000000e+02	2.21651610e+10
1.94000000e+02	2.30689042e+10
1.95000000e+02	2.40094629e+10
1.96000000e+02	2.49883343e+10
1.97000000e+02	2.60070761e+10
1.98000000e+02	2.70673096e+10
1.99000000e+02	2.81707206e+10
2.00000000e+02	2.93190648e+10
2.01000000e+02	3.05141674e+10
2.02000000e+02	3.17579283e+10
2.03000000e+02	3.30523249e+10
2.04000000e+02	3.43994130e+10
2.05000000e+02	3.58013321e+10
2.06000000e+02	3.72603094e+10
2.07000000e+02	3.87786601e+10
2.08000000e+02	4.03587944e+10
2.09000000e+02	4.20032198e+10
2.10000000e+02	4.37145433e+10
2.11000000e+02	4.54954790e+10
2.12000000e+02	4.73488492e+10
2.13000000e+02	4.92775909e+10
2.14000000e+02	5.12847590e+10
2.15000000e+02	5.33735307e+10
2.16000000e+02	5.55472116e+10
2.17000000e+02	5.78092406e+10
2.18000000e+02	6.01631947e+10
2.19000000e+02	6.26127944e+10
2.20000000e+02	6.51619094e+10
2.21000000e+02	6.78145658e+10
2.22000000e+02	7.05749494e+10
2.23000000e+02	7.34474151e+10
2.24000000e+02	7.64364920e+10
2.25000000e+02	7.95468899e+10
2.26000000e+02	8.27835075e+10
2.27000000e+02	8.61514390e+10
2.28000000e+02	8.96559827e+10
2.29000000e+02	9.33026476e+10
2.30000000e+02	9.70971625e+10
2.31000000e+02	1.01045484e+11
2.32000000e+02	1.05153807e+11
2.33000000e+02	1.09428572e+11
2.34000000e+02	1.13876474e+11
2.35000000e+02	1.18504478e+11
2.36000000e+02	1.23319819e+11
2.37000000e+02	1.28330024e+11
2.38000000e+02	1.33542914e+11
2.39000000e+02	1.38966621e+11
2.40000000e+02	1.44609598e+11
2.41000000e+02	1.50480631e+11
2.42000000e+02	1.56588850e+11
2.43000000e+02	1.62943748e+11
2.44000000e+02	1.69555186e+11
2.45000000e+02	1.76433416e+11
2.46000000e+02	1.83589088e+11
2.47000000e+02	1.91033270e+11
2.48000000e+02	1.98777463e+11
2.49000000e+02	2.06833613e+11
2.50000000e+02	2.15214133e+11
2.51000000e+02	2.23931919e+11
2.52000000e+02	2.33000364e+11
2.53000000e+02	2.42433382e+11
2.54000000e+02	2.52245421e+11
2.55000000e+02	2.62451490e+11
2.56000000e+02	2.73067171e+11
2.57000000e+02	2.84108648e+11
2.58000000e+02	2.95592720e+11
2.59000000e+02	3.07536832e+11
2.60000000e+02	3.19959090e+11
2.61000000e+02	3.32878292e+11
2.62000000e+02	3.46313945e+11
2.63000000e+02	3.60286296e+11
2.64000000e+02	3.74816355e+11
2.65000000e+02	3.89925921e+11
2.66000000e+02	4.05637609e+11
2.67000000e+02	4.21974881e+11
2.68000000e+02	4.38962073e+11
2.69000000e+02	4.56624422e+11
2.70000000e+02	4.74988101e+11
2.71000000e+02	4.94080246e+11
2.72000000e+02	5.13928990e+11
2.73000000e+02	5.34563495e+11
2.74000000e+02	5.56013984e+11
2.75000000e+02	5.78311779e+11
2.76000000e+02	6.01489331e+11
2.77000000e+02	6.25580258e+11
2.78000000e+02	6.50619383e+11
2.79000000e+02	6.76642767e+11
2.80000000e+02	7.03687750e+11
2.81000000e+02	7.31792988e+11
2.82000000e+02	7.60998492e+11
2.83000000e+02	7.91345667e+11
2.84000000e+02	8.22877356e+11
2.85000000e+02	8.55637873e+11
2.86000000e+02	8.89673053e+11
2.87000000e+02	9.25030286e+11
2.88000000e+02	9.61758564e+11
2.89000000e+02	9.99908521e+11
2.90000000e+02	1.03953248e+12
2.91000000e+02	1.08068448e+12
2.92000000e+02	1.12342033e+12
2.93000000e+02	1.16779768e+12
2.94000000e+02	1.21387600e+12
2.95000000e+02	1.26171668e+12
2.96000000e+02	1.31138302e+12
2.97000000e+02	1.36294035e+12
2.98000000e+02	1.41645597e+12
2.99000000e+02	1.47199926e+12
3.00000000e+02	1.52964172e+12
3.01000000e+02	1.58945697e+12
3.02000000e+02	1.65152078e+12
3.03000000e+02	1.71591118e+12
3.04000000e+02	1.78270841e+12
3.05000000e+02	1.85199498e+12
3.06000000e+02	1.92385572e+12
3.07000000e+02	1.99837779e+12
3.08000000e+02	2.07565069e+12
3.09000000e+02	2.15576629e+12
3.10000000e+02	2.23881888e+12
3.11000000e+02	2.32490514e+12
3.12000000e+02	2.41412416e+12
3.13000000e+02	2.50657746e+12
3.14000000e+02	2.60236899e+12
3.15000000e+02	2.70160510e+12
3.16000000e+02	2.80439459e+12
3.17000000e+02	2.91084861e+12
3.18000000e+02	3.02108072e+12
3.19000000e+02	3.13520681e+12
3.20000000e+02	3.25334509e+12
3.21000000e+02	3.37561604e+12
3.22000000e+02	3.50214236e+12
3.23000000e+02	3.63304890e+12
3.24000000e+02	3.76846263e+12
3.25000000e+02	3.90851249e+12
3.26000000e+02	4.05332940e+12
3.27000000e+02	4.20304606e+12
3.28000000e+02	4.35779691e+12
3.29000000e+02	4.51771799e+12
3.30000000e+02	4.68294678e+12
3.31000000e+02	4.85362209e+12
3.32000000e+02	5.02988387e+12
3.33000000e+02	5.21187307e+12
3.34000000e+02	5.39973141e+12
3.35000000e+02	5.59360117e+12
3.36000000e+02	5.79362503e+12
3.37000000e+02	5.99994576e+12
3.38000000e+02	6.21270601e+12
3.39000000e+02	6.43204802e+12
3.40000000e+02	6.65811334e+12
3.41000000e+02	6.89104250e+12
3.42000000e+02	7.13097471e+12
3.43000000e+02	7.37804746e+12
3.44000000e+02	7.63239623e+12
3.45000000e+02	7.89415404e+12
3.46000000e+02	8.16345105e+12
3.47000000e+02	8.44041416e+12
3.48000000e+02	8.72516650e+12
3.49000000e+02	9.01782704e+12
3.50000000e+02	9.31851000e+12
3.51000000e+02	9.62732442e+12
3.52000000e+02	9.94437356e+12
3.53000000e+02	1.02697544e+13
3.54000000e+02	1.06035569e+13
3.55000000e+02	1.09458637e+13
3.56000000e+02	1.12967492e+13
3.57000000e+02	1.16562791e+13
3.58000000e+02	1.20245095e+13
3.59000000e+02	1.24014866e+13
3.60000000e+02	1.27872458e+13
3.61000000e+02	1.31818107e+13
3.62000000e+02	1.35851929e+13
3.63000000e+02	1.39973908e+13
3.64000000e+02	1.44183892e+13
3.65000000e+02	1.48481581e+13
3.66000000e+02	1.52866524e+13
3.67000000e+02	1.57338107e+13
3.68000000e+02	1.61895547e+13
3.69000000e+02	1.66537883e+13
3.70000000e+02	1.71263967e+13
3.71000000e+02	1.76072460e+13
3.72000000e+02	1.80961819e+13
3.73000000e+02	1.85930289e+13
3.74000000e+02	1.90975899e+13
3.75000000e+02	1.96096451e+13
3.76000000e+02	2.01289512e+13
3.77000000e+02	2.06552408e+13
3.78000000e+02	2.11882214e+13
3.79000000e+02	2.17275749e+13
3.80000000e+02	2.22729569e+13
3.81000000e+02	2.28239958e+13
3.82000000e+02	2.33802922e+13
3.83000000e+02	2.39414186e+13
3.84000000e+02	2.45069183e+13
3.85000000e+02	2.50763056e+13
3.86000000e+02	2.56490646e+13
3.87000000e+02	2.62246493e+13
3.88000000e+02	2.68024828e+13
3.89000000e+02	2.73819575e+13
3.90000000e+02	2.79624347e+13
3.91000000e+02	2.85432441e+13
3.92000000e+02	2.91236844e+13
3.93000000e+02	2.97030229e+13
3.94000000e+02	3.02804954e+13
3.95000000e+02	3.08553070e+13
3.96000000e+02	3.14266321e+13
3.97000000e+02	3.19936148e+13
3.98000000e+02	3.25553695e+13
3.99000000e+02	3.31109815e+13
4.00000000e+02	3.36595081e+13
4.01000000e+02	3.41999790e+13
4.02000000e+02	3.47313978e+13
4.03000000e+02	3.52527431e+13
4.04000000e+02	3.57629698e+13
4.05000000e+02	3.62610107e+13
4.06000000e+02	3.67457781e+13
4.07000000e+02	3.72161658e+13
4.08000000e+02	3.76710511e+13
4.09000000e+02	3.81092969e+13
4.10000000e+02	3.85297544e+13
4.11000000e+02	3.89312655e+13
4.12000000e+02	3.93126654e+13
4.13000000e+02	3.96727864e+13
4.14000000e+02	4.00104601e+13
4.15000000e+02	4.03245219e+13
4.16000000e+02	4.06138137e+13
4.17000000e+02	4.08771885e+13
4.18000000e+02	4.11135144e+13
4.19000000e+02	4.13216786e+13
4.20000000e+02	4.15005924e+13
4.21000000e+02	4.16491956e+13
4.22000000e+02	4.17664621e+13
4.23000000e+02	4.18514044e+13
4.24000000e+02	4.19030800e+13
4.25000000e+02	4.19205960e+13
4.26000000e+02	4.19031160e+13
4.27000000e+02	4.18498654e+13
4.28000000e+02	4.17601379e+13
4.29000000e+02	4.16333021e+13
4.30000000e+02	4.14688076e+13
4.31000000e+02	4.12661917e+13
4.32000000e+02	4.10250863e+13
4.33000000e+02	4.07452241e+13
4.34000000e+02	4.04264457e+13
4.35000000e+02	4.00687060e+13
4.36000000e+02	3.96720804e+13
4.37000000e+02	3.92367713e+13
4.38000000e+02	3.87631141e+13
4.39000000e+02	3.82515827e+13
4.40000000e+02	3.77027943e+13
4.41000000e+02	3.71175148e+13
4.42000000e+02	3.64966620e+13
4.43000000e+02	3.58413092e+13
4.44000000e+02	3.51526873e+13
4.45000000e+02	3.44321861e+13
4.46000000e+02	3.36813546e+13
4.47000000e+02	3.29018993e+13
4.48000000e+02	3.20956822e+13
4.49000000e+02	3.12647163e+13
4.50000000e+02	3.04111596e+13
4.51000000e+02	2.95373076e+13
4.52000000e+02	2.86455838e+13
4.53000000e+02	2.77385278e+13
4.54000000e+02	2.68187819e+13
4.55000000e+02	2.58890756e+13
4.56000000e+02	2.49522077e+13
4.57000000e+02	2.40110270e+13
4.58000000e+02	2.30684107e+13
4.59000000e+02	2.21272422e+13
4.60000000e+02	2.11903861e+13
4.61000000e+02	2.02606639e+13
4.62000000e+02	1.93408281e+13
4.63000000e+02	1.84335365e+13
4.64000000e+02	1.75413271e+13
4.65000000e+02	1.66665938e+13
4.66000000e+02	1.58115638e+13
4.67000000e+02	1.49782770e+13
4.68000000e+02	1.41685684e+13
4.69000000e+02	1.33840530e+13
4.70000000e+02	1.26261150e+13
4.71000000e+02	1.18959003e+13
4.72000000e+02	1.11943137e+13
4.73000000e+02	1.05220192e+13
4.74000000e+02	9.87944563e+12
4.75000000e+02	9.26679510e+12
4.76000000e+02	8.68405525e+12
4.77000000e+02	8.13101458e+12
4.78000000e+02	7.60728004e+12
4.79000000e+02	7.11229657e+12
4.80000000e+02	6.64536770e+12
4.81000000e+02	6.20567675e+12
4.82000000e+02	5.79230801e+12
4.83000000e+02	5.40426728e+12
4.84000000e+02	5.04050135e+12
4.85000000e+02	4.69991615e+12
4.86000000e+02	4.38139313e+12
4.87000000e+02	4.08380396e+12
4.88000000e+02	3.80602312e+12
4.89000000e+02	3.54693878e+12
4.90000000e+02	3.30546172e+12
4.91000000e+02	3.08053253e+12
4.92000000e+02	2.87112728e+12
4.93000000e+02	2.67626170e+12
4.94000000e+02	2.49499421e+12
4.95000000e+02	2.32642781e+12
4.96000000e+02	2.16971110e+12
4.97000000e+02	2.02403858e+12
4.98000000e+02	1.88865030e+12
4.99000000e+02	1.76283112e+12
5.00000000e+02	1.64590948e+12
5.01000000e+02	1.53725605e+12
5.02000000e+02	1.43628198e+12
5.03000000e+02	1.34243723e+12
5.04000000e+02	1.25520866e+12
5.05000000e+02	1.17411810e+12
5.06000000e+02	1.09872050e+12
5.07000000e+02	1.02860197e+12
5.08000000e+02	9.63377947e+11
5.09000000e+02	9.02691381e+11
5.10000000e+02	8.46210970e+11
5.11000000e+02	7.93629491e+11
5.12000000e+02	7.44662182e+11
5.13000000e+02	6.99045226e+11
5.14000000e+02	6.56534293e+11
5.15000000e+02	6.16903180e+11
5.16000000e+02	5.79942515e+11
5.17000000e+02	5.45458554e+11
5.18000000e+02	5.13272042e+11
5.19000000e+02	4.83217151e+11
5.20000000e+02	4.55140490e+11
5.21000000e+02	4.28900181e+11
5.22000000e+02	4.04364992e+11
5.23000000e+02	3.81413545e+11
5.24000000e+02	3.59933565e+11
5.25000000e+02	3.39821191e+11
5.26000000e+02	3.20980337e+11
5.27000000e+02	3.03322096e+11
5.28000000e+02	2.86764197e+11
5.29000000e+02	2.71230490e+11
5.30000000e+02	2.56650477e+11
5.31000000e+02	2.42958885e+11
5.32000000e+02	2.30095256e+11
5.33000000e+02	2.18003584e+11
5.34000000e+02	2.06631966e+11
5.35000000e+02	1.95932296e+11
5.36000000e+02	1.85859967e+11
5.37000000e+02	1.76373604e+11
5.38000000e+02	1.67434820e+11
5.39000000e+02	1.59007984e+11
5.40000000e+02	1.51060016e+11
5.41000000e+02	1.43560185e+11
5.42000000e+02	1.36479941e+11
5.43000000e+02	1.29792742e+11
5.44000000e+02	1.23473905e+11
5.45000000e+02	1.17500469e+11
5.46000000e+02	1.11851063e+11
5.47000000e+02	1.06505786e+11
5.48000000e+02	1.01446102e+11
5.49000000e+02	9.66547358e+10
5.50000000e+02	9.21155800e+10
5.51000000e+02	8.78136104e+10
5.52000000e+02	8.37348057e+10
5.53000000e+02	7.98660754e+10
5.54000000e+02	7.61951911e+10
5.55000000e+02	7.27107252e+10
5.56000000e+02	6.94019926e+10
5.57000000e+02	6.62589992e+10
5.58000000e+02	6.32723908e+10
5.59000000e+02	6.04334088e+10
5.60000000e+02	5.77338479e+10
5.61000000e+02	5.51660190e+10
5.62000000e+02	5.27227110e+10
5.63000000e+02	5.03971591e+10
5.64000000e+02	4.81830139e+10
5.65000000e+02	4.60743126e+10
5.66000000e+02	4.40654535e+10
5.67000000e+02	4.21511705e+10
5.68000000e+02	4.03265118e+10
5.69000000e+02	3.85868185e+10
5.70000000e+02	3.69277048e+10
5.71000000e+02	3.53450402e+10
5.72000000e+02	3.38349337e+10
5.73000000e+02	3.23937173e+10
5.74000000e+02	3.10179309e+10
5.75000000e+02	2.97043106e+10
5.76000000e+02	2.84497763e+10
5.77000000e+02	2.72514181e+10
5.78000000e+02	2.61064875e+10
5.79000000e+02	2.50123865e+10
5.80000000e+02	2.39666588e+10
5.81000000e+02	2.29669805e+10
5.82000000e+02	2.20111523e+10
5.83000000e+02	2.10970926e+10
5.84000000e+02	2.02228292e+10
5.85000000e+02	1.93864938e+10
5.86000000e+02	1.85863151e+10
5.87000000e+02	1.78206135e+10
5.88000000e+02	1.70877960e+10
5.89000000e+02	1.63863509e+10
5.90000000e+02	1.57148435e+10
5.91000000e+02	1.50719103e+10
5.92000000e+02	1.44562564e+10
5.93000000e+02	1.38666521e+10
5.94000000e+02	1.33019280e+10
5.95000000e+02	1.27609712e+10
5.96000000e+02	1.22427242e+10
5.97000000e+02	1.17461809e+10
5.98000000e+02	1.12703820e+10
5.99000000e+02	1.08144161e+10
6.00000000e+02	1.03774141e+10
6.01000000e+02	9.95854872e+09
6.02000000e+02	9.55703102e+09
6.03000000e+02	9.17210910e+09
6.04000000e+02	8.80306692e+09
6.05000000e+02	8.44922056e+09
6.06000000e+02	8.10991766e+09
6.07000000e+02	7.78453706e+09
6.08000000e+02	7.47248457e+09
6.09000000e+02	7.17319397e+09
6.10000000e+02	6.88612392e+09
6.11000000e+02	6.61075781e+09
6.12000000e+02	6.34660200e+09
6.13000000e+02	6.09318525e+09
6.14000000e+02	5.85005689e+09
6.15000000e+02	5.61678639e+09
6.16000000e+02	5.39296169e+09
6.17000000e+02	5.17819043e+09
6.18000000e+02	4.97209527e+09
6.19000000e+02	4.77431675e+09
6.20000000e+02	4.58451045e+09
6.21000000e+02	4.40234685e+09
6.22000000e+02	4.22751165e+09
6.23000000e+02	4.05970234e+09
6.24000000e+02	3.89863058e+09
6.25000000e+02	3.74402002e+09
6.26000000e+02	3.59560613e+09
6.27000000e+02	3.45313543e+09
6.28000000e+02	3.31636567e+09
6.29000000e+02	3.18506380e+09
6.30000000e+02	3.05900791e+09
6.31000000e+02	2.93798481e+09
6.32000000e+02	2.82178981e+09
6.33000000e+02	2.71022778e+09
6.34000000e+02	2.60311083e+09
6.35000000e+02	2.50025919e+09
6.36000000e+02	2.40150078e+09
6.37000000e+02	2.30666998e+09
6.38000000e+02	2.21560869e+09
6.39000000e+02	2.12816574e+09
6.40000000e+02	2.04419502e+09
6.41000000e+02	1.96355724e+09
6.42000000e+02	1.88611853e+09
6.43000000e+02	1.81175044e+09
6.44000000e+02	1.74033028e+09
6.45000000e+02	1.67173969e+09
6.46000000e+02	1.60586566e+09
6.47000000e+02	1.54259951e+09
6.48000000e+02	1.48183716e+09
6.49000000e+02	1.42347850e+09
6.50000000e+02	1.36742788e+09
6.51000000e+02	1.31359322e+09
6.52000000e+02	1.26188567e+09
6.53000000e+02	1.21222141e+09
6.54000000e+02	1.16451869e+09
6.55000000e+02	1.11869970e+09
6.56000000e+02	1.07468876e+09
6.57000000e+02	1.03241556e+09
6.58000000e+02	9.91809857e+08
6.59000000e+02	9.52805954e+08
6.60000000e+02	9.15340264e+08
6.61000000e+02	8.79351787e+08
6.62000000e+02	8.44781787e+08
6.63000000e+02	8.11574189e+08
6.64000000e+02	7.79674996e+08
6.65000000e+02	7.49032936e+08
6.66000000e+02	7.19597391e+08
6.67000000e+02	6.91321301e+08
6.68000000e+02	6.64158464e+08
6.69000000e+02	6.38064893e+08
6.70000000e+02	6.12998610e+08
6.71000000e+02	5.88918564e+08
6.72000000e+02	5.65786636e+08
6.73000000e+02	5.43564355e+08
6.74000000e+02	5.22216166e+08
6.75000000e+02	5.01708190e+08
6.76000000e+02	4.82006651e+08
6.77000000e+02	4.63079733e+08
6.78000000e+02	4.44897075e+08
6.79000000e+02	4.27429282e+08
6.80000000e+02	4.10648269e+08
6.81000000e+02	3.94526850e+08
6.82000000e+02	3.79039080e+08
6.83000000e+02	3.64159797e+08
6.84000000e+02	3.49865409e+08
6.85000000e+02	3.36132813e+08
6.86000000e+02	3.22939493e+08
6.87000000e+02	3.10264695e+08
6.88000000e+02	2.98087940e+08
6.89000000e+02	2.86389230e+08
6.90000000e+02	2.75148549e+08
6.91000000e+02	2.64344034e+08
6.92000000e+02	2.53938326e+08
6.93000000e+02	2.43835073e+08
6.94000000e+02	2.33727798e+08
6.95000000e+02	2.22680338e+08
6.96000000e+02	2.08208371e+08
6.97000000e+02	1.84980701e+08
6.98000000e+02	1.43940116e+08
6.99000000e+02	8.30621121e+07
7.00000000e+02	0.00000000e+00
