# Profil de FluxX au temps 1.400000000000019e-11 
# simu : /Volumes/MERCURE/JOBS/Zeq1_tanh_50mic_3p5e22_B0_20ps/GNU/FluxX@y-c.set
# col 0 : abscisse (um)
# col 1 : FluxX (W/cm2)
0.00000000e+00	0.00000000e+00
1.00000000e+00	1.65216250e+07
2.00000000e+00	-2.43363904e+07
3.00000000e+00	1.84068873e+07
4.00000000e+00	2.43295781e+07
5.00000000e+00	2.58080351e+07
6.00000000e+00	2.60492287e+07
7.00000000e+00	2.60227901e+07
8.00000000e+00	2.59762831e+07
9.00000000e+00	2.59546683e+07
1.00000000e+01	2.59652497e+07
1.10000000e+01	2.60097315e+07
1.20000000e+01	2.60909735e+07
1.30000000e+01	2.62115236e+07
1.40000000e+01	2.63737461e+07
1.50000000e+01	2.65791827e+07
1.60000000e+01	2.68307437e+07
1.70000000e+01	2.71309096e+07
1.80000000e+01	2.74811023e+07
1.90000000e+01	2.78837058e+07
2.00000000e+01	2.83403233e+07
2.10000000e+01	2.88521303e+07
2.20000000e+01	2.94210842e+07
2.30000000e+01	3.00489312e+07
2.40000000e+01	3.07371261e+07
2.50000000e+01	3.14868255e+07
2.60000000e+01	3.22992360e+07
2.70000000e+01	3.31761161e+07
2.80000000e+01	3.41184068e+07
2.90000000e+01	3.51280738e+07
3.00000000e+01	3.62064713e+07
3.10000000e+01	3.73548131e+07
3.20000000e+01	3.85747298e+07
3.30000000e+01	3.98672411e+07
3.40000000e+01	4.12348042e+07
3.50000000e+01	4.26787582e+07
3.60000000e+01	4.42009162e+07
3.70000000e+01	4.58031525e+07
3.80000000e+01	4.74878677e+07
3.90000000e+01	4.92569795e+07
4.00000000e+01	5.11131793e+07
4.10000000e+01	5.30583541e+07
4.20000000e+01	5.50952849e+07
4.30000000e+01	5.72267479e+07
4.40000000e+01	5.94562920e+07
4.50000000e+01	6.17867569e+07
4.60000000e+01	6.42209277e+07
4.70000000e+01	6.67629910e+07
4.80000000e+01	6.94162018e+07
4.90000000e+01	7.21843740e+07
5.00000000e+01	7.50719834e+07
5.10000000e+01	7.80832009e+07
5.20000000e+01	8.12227531e+07
5.30000000e+01	8.44946108e+07
5.40000000e+01	8.79044526e+07
5.50000000e+01	9.14575479e+07
5.60000000e+01	9.51590660e+07
5.70000000e+01	9.90148753e+07
5.80000000e+01	1.03030318e+08
5.90000000e+01	1.07212508e+08
6.00000000e+01	1.11567798e+08
6.10000000e+01	1.16103137e+08
6.20000000e+01	1.20825540e+08
6.30000000e+01	1.25742006e+08
6.40000000e+01	1.30860965e+08
6.50000000e+01	1.36190064e+08
6.60000000e+01	1.41737717e+08
6.70000000e+01	1.47512969e+08
6.80000000e+01	1.53524785e+08
6.90000000e+01	1.59782818e+08
7.00000000e+01	1.66297054e+08
7.10000000e+01	1.73077909e+08
7.20000000e+01	1.80136401e+08
7.30000000e+01	1.87483052e+08
7.40000000e+01	1.95130045e+08
7.50000000e+01	2.03089883e+08
7.60000000e+01	2.11374823e+08
7.70000000e+01	2.19998095e+08
7.80000000e+01	2.28973497e+08
7.90000000e+01	2.38315610e+08
8.00000000e+01	2.48039377e+08
8.10000000e+01	2.58159956e+08
8.20000000e+01	2.68693804e+08
8.30000000e+01	2.79657723e+08
8.40000000e+01	2.91069333e+08
8.50000000e+01	3.02946305e+08
8.60000000e+01	3.15308772e+08
8.70000000e+01	3.28175646e+08
8.80000000e+01	3.41567576e+08
8.90000000e+01	3.55506162e+08
9.00000000e+01	3.70013776e+08
9.10000000e+01	3.85113329e+08
9.20000000e+01	4.00829129e+08
9.30000000e+01	4.17186520e+08
9.40000000e+01	4.34211487e+08
9.50000000e+01	4.51931252e+08
9.60000000e+01	4.70373925e+08
9.70000000e+01	4.89569542e+08
9.80000000e+01	5.09548416e+08
9.90000000e+01	5.30342829e+08
1.00000000e+02	5.51985901e+08
1.01000000e+02	5.74512021e+08
1.02000000e+02	5.97956916e+08
1.03000000e+02	6.22359254e+08
1.04000000e+02	6.47756990e+08
1.05000000e+02	6.74191294e+08
1.06000000e+02	7.01704556e+08
1.07000000e+02	7.30340461e+08
1.08000000e+02	7.60144683e+08
1.09000000e+02	7.91165420e+08
1.10000000e+02	8.23452144e+08
1.11000000e+02	8.57056194e+08
1.12000000e+02	8.92031616e+08
1.13000000e+02	9.28434546e+08
1.14000000e+02	9.66322820e+08
1.15000000e+02	1.00575697e+09
1.16000000e+02	1.04680022e+09
1.17000000e+02	1.08951886e+09
1.18000000e+02	1.13398053e+09
1.19000000e+02	1.18025616e+09
1.20000000e+02	1.22842030e+09
1.21000000e+02	1.27854960e+09
1.22000000e+02	1.33072449e+09
1.23000000e+02	1.38502872e+09
1.24000000e+02	1.44154875e+09
1.25000000e+02	1.50037482e+09
1.26000000e+02	1.56160137e+09
1.27000000e+02	1.62532618e+09
1.28000000e+02	1.69165139e+09
1.29000000e+02	1.76068283e+09
1.30000000e+02	1.83253102e+09
1.31000000e+02	1.90731077e+09
1.32000000e+02	1.98514173e+09
1.33000000e+02	2.06614847e+09
1.34000000e+02	2.15046069e+09
1.35000000e+02	2.23821280e+09
1.36000000e+02	2.32954523e+09
1.37000000e+02	2.42460417e+09
1.38000000e+02	2.52354192e+09
1.39000000e+02	2.62651622e+09
1.40000000e+02	2.73369193e+09
1.41000000e+02	2.84524050e+09
1.42000000e+02	2.96134024e+09
1.43000000e+02	3.08217633e+09
1.44000000e+02	3.20794285e+09
1.45000000e+02	3.33884007e+09
1.46000000e+02	3.47507795e+09
1.47000000e+02	3.61687354e+09
1.48000000e+02	3.76445390e+09
1.49000000e+02	3.91805523e+09
1.50000000e+02	4.07792264e+09
1.51000000e+02	4.24431170e+09
1.52000000e+02	4.41748862e+09
1.53000000e+02	4.59773016e+09
1.54000000e+02	4.78532415e+09
1.55000000e+02	4.98057073e+09
1.56000000e+02	5.18378140e+09
1.57000000e+02	5.39528151e+09
1.58000000e+02	5.61540875e+09
1.59000000e+02	5.84451462e+09
1.60000000e+02	6.08296544e+09
1.61000000e+02	6.33114234e+09
1.62000000e+02	6.58944154e+09
1.63000000e+02	6.85827554e+09
1.64000000e+02	7.13807382e+09
1.65000000e+02	7.42928357e+09
1.66000000e+02	7.73236988e+09
1.67000000e+02	8.04781676e+09
1.68000000e+02	8.37612732e+09
1.69000000e+02	8.71782628e+09
1.70000000e+02	9.07345967e+09
1.71000000e+02	9.44359470e+09
1.72000000e+02	9.82882227e+09
1.73000000e+02	1.02297573e+10
1.74000000e+02	1.06470398e+10
1.75000000e+02	1.10813356e+10
1.76000000e+02	1.15333381e+10
1.77000000e+02	1.20037684e+10
1.78000000e+02	1.24933768e+10
1.79000000e+02	1.30029439e+10
1.80000000e+02	1.35332835e+10
1.81000000e+02	1.40852406e+10
1.82000000e+02	1.46596960e+10
1.83000000e+02	1.52575651e+10
1.84000000e+02	1.58798018e+10
1.85000000e+02	1.65273967e+10
1.86000000e+02	1.72013826e+10
1.87000000e+02	1.79028336e+10
1.88000000e+02	1.86328675e+10
1.89000000e+02	1.93926470e+10
1.90000000e+02	2.01833819e+10
1.91000000e+02	2.10063317e+10
1.92000000e+02	2.18628070e+10
1.93000000e+02	2.27541709e+10
1.94000000e+02	2.36818421e+10
1.95000000e+02	2.46472966e+10
1.96000000e+02	2.56520700e+10
1.97000000e+02	2.66977614e+10
1.98000000e+02	2.77860329e+10
1.99000000e+02	2.89186148e+10
2.00000000e+02	3.00973074e+10
2.01000000e+02	3.13239839e+10
2.02000000e+02	3.26005923e+10
2.03000000e+02	3.39291606e+10
2.04000000e+02	3.53117982e+10
2.05000000e+02	3.67506996e+10
2.06000000e+02	3.82481480e+10
2.07000000e+02	3.98065188e+10
2.08000000e+02	4.14282834e+10
2.09000000e+02	4.31160128e+10
2.10000000e+02	4.48723813e+10
2.11000000e+02	4.67001711e+10
2.12000000e+02	4.86022766e+10
2.13000000e+02	5.05817089e+10
2.14000000e+02	5.26415994e+10
2.15000000e+02	5.47852064e+10
2.16000000e+02	5.70159192e+10
2.17000000e+02	5.93372621e+10
2.18000000e+02	6.17529016e+10
2.19000000e+02	6.42666518e+10
2.20000000e+02	6.68824791e+10
2.21000000e+02	6.96045090e+10
2.22000000e+02	7.24370317e+10
2.23000000e+02	7.53845096e+10
2.24000000e+02	7.84515836e+10
2.25000000e+02	8.16430800e+10
2.26000000e+02	8.49640176e+10
2.27000000e+02	8.84196149e+10
2.28000000e+02	9.20152997e+10
2.29000000e+02	9.57567148e+10
2.30000000e+02	9.96497279e+10
2.31000000e+02	1.03700440e+11
2.32000000e+02	1.07915194e+11
2.33000000e+02	1.12300586e+11
2.34000000e+02	1.16863471e+11
2.35000000e+02	1.21610977e+11
2.36000000e+02	1.26550514e+11
2.37000000e+02	1.31689784e+11
2.38000000e+02	1.37036792e+11
2.39000000e+02	1.42599862e+11
2.40000000e+02	1.48387641e+11
2.41000000e+02	1.54409119e+11
2.42000000e+02	1.60673638e+11
2.43000000e+02	1.67190906e+11
2.44000000e+02	1.73971010e+11
2.45000000e+02	1.81024432e+11
2.46000000e+02	1.88362064e+11
2.47000000e+02	1.95995221e+11
2.48000000e+02	2.03935658e+11
2.49000000e+02	2.12195587e+11
2.50000000e+02	2.20787691e+11
2.51000000e+02	2.29725146e+11
2.52000000e+02	2.39021637e+11
2.53000000e+02	2.48691372e+11
2.54000000e+02	2.58749110e+11
2.55000000e+02	2.69210174e+11
2.56000000e+02	2.80090472e+11
2.57000000e+02	2.91406522e+11
2.58000000e+02	3.03175468e+11
2.59000000e+02	3.15415108e+11
2.60000000e+02	3.28143914e+11
2.61000000e+02	3.41381054e+11
2.62000000e+02	3.55146421e+11
2.63000000e+02	3.69460654e+11
2.64000000e+02	3.84345166e+11
2.65000000e+02	3.99822168e+11
2.66000000e+02	4.15914700e+11
2.67000000e+02	4.32646656e+11
2.68000000e+02	4.50042813e+11
2.69000000e+02	4.68128861e+11
2.70000000e+02	4.86931434e+11
2.71000000e+02	5.06478137e+11
2.72000000e+02	5.26797584e+11
2.73000000e+02	5.47919425e+11
2.74000000e+02	5.69874380e+11
2.75000000e+02	5.92694273e+11
2.76000000e+02	6.16412069e+11
2.77000000e+02	6.41061905e+11
2.78000000e+02	6.66679128e+11
2.79000000e+02	6.93300331e+11
2.80000000e+02	7.20963391e+11
2.81000000e+02	7.49707502e+11
2.82000000e+02	7.79573221e+11
2.83000000e+02	8.10602499e+11
2.84000000e+02	8.42838726e+11
2.85000000e+02	8.76326765e+11
2.86000000e+02	9.11112995e+11
2.87000000e+02	9.47245353e+11
2.88000000e+02	9.84773371e+11
2.89000000e+02	1.02374822e+12
2.90000000e+02	1.06422274e+12
2.91000000e+02	1.10625150e+12
2.92000000e+02	1.14989082e+12
2.93000000e+02	1.19519883e+12
2.94000000e+02	1.24223548e+12
2.95000000e+02	1.29106262e+12
2.96000000e+02	1.34174401e+12
2.97000000e+02	1.39434535e+12
2.98000000e+02	1.44893437e+12
2.99000000e+02	1.50558080e+12
3.00000000e+02	1.56435645e+12
3.01000000e+02	1.62533523e+12
3.02000000e+02	1.68859318e+12
3.03000000e+02	1.75420850e+12
3.04000000e+02	1.82226160e+12
3.05000000e+02	1.89283510e+12
3.06000000e+02	1.96601385e+12
3.07000000e+02	2.04188500e+12
3.08000000e+02	2.12053796e+12
3.09000000e+02	2.20206444e+12
3.10000000e+02	2.28655849e+12
3.11000000e+02	2.37411646e+12
3.12000000e+02	2.46483702e+12
3.13000000e+02	2.55882118e+12
3.14000000e+02	2.65617227e+12
3.15000000e+02	2.75699594e+12
3.16000000e+02	2.86140010e+12
3.17000000e+02	2.96949497e+12
3.18000000e+02	3.08139301e+12
3.19000000e+02	3.19720886e+12
3.20000000e+02	3.31705937e+12
3.21000000e+02	3.44106347e+12
3.22000000e+02	3.56934217e+12
3.23000000e+02	3.70201848e+12
3.24000000e+02	3.83921730e+12
3.25000000e+02	3.98106539e+12
3.26000000e+02	4.12769122e+12
3.27000000e+02	4.27922490e+12
3.28000000e+02	4.43579807e+12
3.29000000e+02	4.59754371e+12
3.30000000e+02	4.76459608e+12
3.31000000e+02	4.93709050e+12
3.32000000e+02	5.11516322e+12
3.33000000e+02	5.29895122e+12
3.34000000e+02	5.48859203e+12
3.35000000e+02	5.68422351e+12
3.36000000e+02	5.88598360e+12
3.37000000e+02	6.09401014e+12
3.38000000e+02	6.30844053e+12
3.39000000e+02	6.52941154e+12
3.40000000e+02	6.75705894e+12
3.41000000e+02	6.99151725e+12
3.42000000e+02	7.23291936e+12
3.43000000e+02	7.48139623e+12
3.44000000e+02	7.73707650e+12
3.45000000e+02	8.00008610e+12
3.46000000e+02	8.27054786e+12
3.47000000e+02	8.54858107e+12
3.48000000e+02	8.83430107e+12
3.49000000e+02	9.12781873e+12
3.50000000e+02	9.42924004e+12
3.51000000e+02	9.73866554e+12
3.52000000e+02	1.00561898e+13
3.53000000e+02	1.03819010e+13
3.54000000e+02	1.07158802e+13
3.55000000e+02	1.10582007e+13
3.56000000e+02	1.14089279e+13
3.57000000e+02	1.17681181e+13
3.58000000e+02	1.21358182e+13
3.59000000e+02	1.25120649e+13
3.60000000e+02	1.28968842e+13
3.61000000e+02	1.32902905e+13
3.62000000e+02	1.36922863e+13
3.63000000e+02	1.41028609e+13
3.64000000e+02	1.45219901e+13
3.65000000e+02	1.49496354e+13
3.66000000e+02	1.53857432e+13
3.67000000e+02	1.58302441e+13
3.68000000e+02	1.62830521e+13
3.69000000e+02	1.67440639e+13
3.70000000e+02	1.72131579e+13
3.71000000e+02	1.76901940e+13
3.72000000e+02	1.81750123e+13
3.73000000e+02	1.86674324e+13
3.74000000e+02	1.91672531e+13
3.75000000e+02	1.96742511e+13
3.76000000e+02	2.01881806e+13
3.77000000e+02	2.07087726e+13
3.78000000e+02	2.12357342e+13
3.79000000e+02	2.17687477e+13
3.80000000e+02	2.23074702e+13
3.81000000e+02	2.28515330e+13
3.82000000e+02	2.34005409e+13
3.83000000e+02	2.39540718e+13
3.84000000e+02	2.45116758e+13
3.85000000e+02	2.50728754e+13
3.86000000e+02	2.56371645e+13
3.87000000e+02	2.62040083e+13
3.88000000e+02	2.67728430e+13
3.89000000e+02	2.73430756e+13
3.90000000e+02	2.79140833e+13
3.91000000e+02	2.84852141e+13
3.92000000e+02	2.90557863e+13
3.93000000e+02	2.96250883e+13
3.94000000e+02	3.01923795e+13
3.95000000e+02	3.07568899e+13
3.96000000e+02	3.13178204e+13
3.97000000e+02	3.18743437e+13
3.98000000e+02	3.24256044e+13
3.99000000e+02	3.29707195e+13
4.00000000e+02	3.35087799e+13
4.01000000e+02	3.40388502e+13
4.02000000e+02	3.45599706e+13
4.03000000e+02	3.50711576e+13
4.04000000e+02	3.55714053e+13
4.05000000e+02	3.60596868e+13
4.06000000e+02	3.65349560e+13
4.07000000e+02	3.69961489e+13
4.08000000e+02	3.74421860e+13
4.09000000e+02	3.78719737e+13
4.10000000e+02	3.82844072e+13
4.11000000e+02	3.86783725e+13
4.12000000e+02	3.90527492e+13
4.13000000e+02	3.94064130e+13
4.14000000e+02	3.97382389e+13
4.15000000e+02	4.00471045e+13
4.16000000e+02	4.03318930e+13
4.17000000e+02	4.05914972e+13
4.18000000e+02	4.08248230e+13
4.19000000e+02	4.10307936e+13
4.20000000e+02	4.12083537e+13
4.21000000e+02	4.13564738e+13
4.22000000e+02	4.14741552e+13
4.23000000e+02	4.15604345e+13
4.24000000e+02	4.16143890e+13
4.25000000e+02	4.16351419e+13
4.26000000e+02	4.16218678e+13
4.27000000e+02	4.15737983e+13
4.28000000e+02	4.14902280e+13
4.29000000e+02	4.13705206e+13
4.30000000e+02	4.12141147e+13
4.31000000e+02	4.10205305e+13
4.32000000e+02	4.07893762e+13
4.33000000e+02	4.05203539e+13
4.34000000e+02	4.02132667e+13
4.35000000e+02	3.98680248e+13
4.36000000e+02	3.94846518e+13
4.37000000e+02	3.90632912e+13
4.38000000e+02	3.86042122e+13
4.39000000e+02	3.81078155e+13
4.40000000e+02	3.75746386e+13
4.41000000e+02	3.70053611e+13
4.42000000e+02	3.64008087e+13
4.43000000e+02	3.57619571e+13
4.44000000e+02	3.50899348e+13
4.45000000e+02	3.43860255e+13
4.46000000e+02	3.36516689e+13
4.47000000e+02	3.28884605e+13
4.48000000e+02	3.20981503e+13
4.49000000e+02	3.12826395e+13
4.50000000e+02	3.04439768e+13
4.51000000e+02	2.95843512e+13
4.52000000e+02	2.87060844e+13
4.53000000e+02	2.78116211e+13
4.54000000e+02	2.69035162e+13
4.55000000e+02	2.59844214e+13
4.56000000e+02	2.50570686e+13
4.57000000e+02	2.41242521e+13
4.58000000e+02	2.31888081e+13
4.59000000e+02	2.22535932e+13
4.60000000e+02	2.13214610e+13
4.61000000e+02	2.03952372e+13
4.62000000e+02	1.94776946e+13
4.63000000e+02	1.85715267e+13
4.64000000e+02	1.76793223e+13
4.65000000e+02	1.68035398e+13
4.66000000e+02	1.59464838e+13
4.67000000e+02	1.51102822e+13
4.68000000e+02	1.42968669e+13
4.69000000e+02	1.35079563e+13
4.70000000e+02	1.27450423e+13
4.71000000e+02	1.20093801e+13
4.72000000e+02	1.13019828e+13
4.73000000e+02	1.06236201e+13
4.74000000e+02	9.97482086e+12
4.75000000e+02	9.35588014e+12
4.76000000e+02	8.76687007e+12
4.77000000e+02	8.20765378e+12
4.78000000e+02	7.67790243e+12
4.79000000e+02	7.17711432e+12
4.80000000e+02	6.70463563e+12
4.81000000e+02	6.25968198e+12
4.82000000e+02	5.84136026e+12
4.83000000e+02	5.44869007e+12
4.84000000e+02	5.08062424e+12
4.85000000e+02	4.73606809e+12
4.86000000e+02	4.41389696e+12
4.87000000e+02	4.11297200e+12
4.88000000e+02	3.83215386e+12
4.89000000e+02	3.57031446e+12
4.90000000e+02	3.32634676e+12
4.91000000e+02	3.09917267e+12
4.92000000e+02	2.88774931e+12
4.93000000e+02	2.69107366e+12
4.94000000e+02	2.50818591e+12
4.95000000e+02	2.33817160e+12
4.96000000e+02	2.18016291e+12
4.97000000e+02	2.03333893e+12
4.98000000e+02	1.89692550e+12
4.99000000e+02	1.77019437e+12
5.00000000e+02	1.65246205e+12
5.01000000e+02	1.54308832e+12
5.02000000e+02	1.44147453e+12
5.03000000e+02	1.34706178e+12
5.04000000e+02	1.25932895e+12
5.05000000e+02	1.17779079e+12
5.06000000e+02	1.10199585e+12
5.07000000e+02	1.03152458e+12
5.08000000e+02	9.65987362e+11
5.09000000e+02	9.05022641e+11
5.10000000e+02	8.48295128e+11
5.11000000e+02	7.95494056e+11
5.12000000e+02	7.46331527e+11
5.13000000e+02	7.00540940e+11
5.14000000e+02	6.57875504e+11
5.15000000e+02	6.18106836e+11
5.16000000e+02	5.81023637e+11
5.17000000e+02	5.46430456e+11
5.18000000e+02	5.14146532e+11
5.19000000e+02	4.84004702e+11
5.20000000e+02	4.55850397e+11
5.21000000e+02	4.29540693e+11
5.22000000e+02	4.04943440e+11
5.23000000e+02	3.81936442e+11
5.24000000e+02	3.60406701e+11
5.25000000e+02	3.40249717e+11
5.26000000e+02	3.21368840e+11
5.27000000e+02	3.03674662e+11
5.28000000e+02	2.87084466e+11
5.29000000e+02	2.71521708e+11
5.30000000e+02	2.56915545e+11
5.31000000e+02	2.43200390e+11
5.32000000e+02	2.30315513e+11
5.33000000e+02	2.18204661e+11
5.34000000e+02	2.06815717e+11
5.35000000e+02	1.96100380e+11
5.36000000e+02	1.86013871e+11
5.37000000e+02	1.76514664e+11
5.38000000e+02	1.67564233e+11
5.39000000e+02	1.59126829e+11
5.40000000e+02	1.51169260e+11
5.41000000e+02	1.43660702e+11
5.42000000e+02	1.36572515e+11
5.43000000e+02	1.29878082e+11
5.44000000e+02	1.23552651e+11
5.45000000e+02	1.17573197e+11
5.46000000e+02	1.11918295e+11
5.47000000e+02	1.06567994e+11
5.48000000e+02	1.01503713e+11
5.49000000e+02	9.67081374e+10
5.50000000e+02	9.21651231e+10
5.51000000e+02	8.78596139e+10
5.52000000e+02	8.37775590e+10
5.53000000e+02	7.99058415e+10
5.54000000e+02	7.62322095e+10
5.55000000e+02	7.27452141e+10
5.56000000e+02	6.94341513e+10
5.57000000e+02	6.62890084e+10
5.58000000e+02	6.33004162e+10
5.59000000e+02	6.04596014e+10
5.60000000e+02	5.77583469e+10
5.61000000e+02	5.51889504e+10
5.62000000e+02	5.27441910e+10
5.63000000e+02	5.04172941e+10
5.64000000e+02	4.82019013e+10
5.65000000e+02	4.60920417e+10
5.66000000e+02	4.40821065e+10
5.67000000e+02	4.21668230e+10
5.68000000e+02	4.03412334e+10
5.69000000e+02	3.86006736e+10
5.70000000e+02	3.69407525e+10
5.71000000e+02	3.53573353e+10
5.72000000e+02	3.38465263e+10
5.73000000e+02	3.24046534e+10
5.74000000e+02	3.10282538e+10
5.75000000e+02	2.97140604e+10
5.76000000e+02	2.84589894e+10
5.77000000e+02	2.72601286e+10
5.78000000e+02	2.61147272e+10
5.79000000e+02	2.50201850e+10
5.80000000e+02	2.39740428e+10
5.81000000e+02	2.29739754e+10
5.82000000e+02	2.20177820e+10
5.83000000e+02	2.11033790e+10
5.84000000e+02	2.02287923e+10
5.85000000e+02	1.93921525e+10
5.86000000e+02	1.85916873e+10
5.87000000e+02	1.78257160e+10
5.88000000e+02	1.70926442e+10
5.89000000e+02	1.63909593e+10
5.90000000e+02	1.57192252e+10
5.91000000e+02	1.50760780e+10
5.92000000e+02	1.44602225e+10
5.93000000e+02	1.38704274e+10
5.94000000e+02	1.33055225e+10
5.95000000e+02	1.27643948e+10
5.96000000e+02	1.22459861e+10
5.97000000e+02	1.17492893e+10
5.98000000e+02	1.12733454e+10
5.99000000e+02	1.08172418e+10
6.00000000e+02	1.03801094e+10
6.01000000e+02	9.96112009e+09
6.02000000e+02	9.55948491e+09
6.03000000e+02	9.17445158e+09
6.04000000e+02	8.80530326e+09
6.05000000e+02	8.45135624e+09
6.06000000e+02	8.11195779e+09
6.07000000e+02	7.78648618e+09
6.08000000e+02	7.47434712e+09
6.09000000e+02	7.17497372e+09
6.10000000e+02	6.88782571e+09
6.11000000e+02	6.61238497e+09
6.12000000e+02	6.34815795e+09
6.13000000e+02	6.09467336e+09
6.14000000e+02	5.85148062e+09
6.15000000e+02	5.61814847e+09
6.16000000e+02	5.39426549e+09
6.17000000e+02	5.17943764e+09
6.18000000e+02	4.97328954e+09
6.19000000e+02	4.77546011e+09
6.20000000e+02	4.58560494e+09
6.21000000e+02	4.40339546e+09
6.22000000e+02	4.22851573e+09
6.23000000e+02	4.06066415e+09
6.24000000e+02	3.89955171e+09
6.25000000e+02	3.74490272e+09
6.26000000e+02	3.59645184e+09
6.27000000e+02	3.45394592e+09
6.28000000e+02	3.31714188e+09
6.29000000e+02	3.18580824e+09
6.30000000e+02	3.05972142e+09
6.31000000e+02	2.93866861e+09
6.32000000e+02	2.82244573e+09
6.33000000e+02	2.71085662e+09
6.34000000e+02	2.60371361e+09
6.35000000e+02	2.50083720e+09
6.36000000e+02	2.40205498e+09
6.37000000e+02	2.30720148e+09
6.38000000e+02	2.21611874e+09
6.39000000e+02	2.12865520e+09
6.40000000e+02	2.04466428e+09
6.41000000e+02	1.96400717e+09
6.42000000e+02	1.88655036e+09
6.43000000e+02	1.81216512e+09
6.44000000e+02	1.74072773e+09
6.45000000e+02	1.67212111e+09
6.46000000e+02	1.60623185e+09
6.47000000e+02	1.54295093e+09
6.48000000e+02	1.48217403e+09
6.49000000e+02	1.42380188e+09
6.50000000e+02	1.36773845e+09
6.51000000e+02	1.31389088e+09
6.52000000e+02	1.26217179e+09
6.53000000e+02	1.21249596e+09
6.54000000e+02	1.16478226e+09
6.55000000e+02	1.11895244e+09
6.56000000e+02	1.07493181e+09
6.57000000e+02	1.03264883e+09
6.58000000e+02	9.92034016e+08
6.59000000e+02	9.53020686e+08
6.60000000e+02	9.15546510e+08
6.61000000e+02	8.79549734e+08
6.62000000e+02	8.44971956e+08
6.63000000e+02	8.11756876e+08
6.64000000e+02	7.79850408e+08
6.65000000e+02	7.49201364e+08
6.66000000e+02	7.19759202e+08
6.67000000e+02	6.91476484e+08
6.68000000e+02	6.64307743e+08
6.69000000e+02	6.38208496e+08
6.70000000e+02	6.13136190e+08
6.71000000e+02	5.89050873e+08
6.72000000e+02	5.65913249e+08
6.73000000e+02	5.43686101e+08
6.74000000e+02	5.22333268e+08
6.75000000e+02	5.01820515e+08
6.76000000e+02	4.82114632e+08
6.77000000e+02	4.63183350e+08
6.78000000e+02	4.44996643e+08
6.79000000e+02	4.27524830e+08
6.80000000e+02	4.10739994e+08
6.81000000e+02	3.94614991e+08
6.82000000e+02	3.79123631e+08
6.83000000e+02	3.64241214e+08
6.84000000e+02	3.49943665e+08
6.85000000e+02	3.36207688e+08
6.86000000e+02	3.23011655e+08
6.87000000e+02	3.10333845e+08
6.88000000e+02	2.98154366e+08
6.89000000e+02	2.86452729e+08
6.90000000e+02	2.75208962e+08
6.91000000e+02	2.64398440e+08
6.92000000e+02	2.53977524e+08
6.93000000e+02	2.43825646e+08
6.94000000e+02	2.33577208e+08
6.95000000e+02	2.22169692e+08
6.96000000e+02	2.06960588e+08
6.97000000e+02	1.82644070e+08
6.98000000e+02	1.40786779e+08
6.99000000e+02	8.05645048e+07
7.00000000e+02	0.00000000e+00
