# Profil de FluxX au temps 1.800999999999969e-11 
# simu : /Volumes/MERCURE/JOBS/Zeq1_tanh_50mic_3p5e22_B0_20ps/GNU/FluxX@y-c.set
# col 0 : abscisse (um)
# col 1 : FluxX (W/cm2)
0.00000000e+00	0.00000000e+00
1.00000000e+00	1.67131777e+07
2.00000000e+00	-2.39416438e+07
3.00000000e+00	1.90028291e+07
4.00000000e+00	2.51229617e+07
5.00000000e+00	2.67959445e+07
6.00000000e+00	2.72290385e+07
7.00000000e+00	2.73908143e+07
8.00000000e+00	2.75287515e+07
9.00000000e+00	2.76872884e+07
1.00000000e+01	2.78733537e+07
1.10000000e+01	2.80890947e+07
1.20000000e+01	2.83364326e+07
1.30000000e+01	2.86179757e+07
1.40000000e+01	2.89360054e+07
1.50000000e+01	2.92926824e+07
1.60000000e+01	2.96912254e+07
1.70000000e+01	3.01331575e+07
1.80000000e+01	3.06211465e+07
1.90000000e+01	3.11571789e+07
2.00000000e+01	3.17438244e+07
2.10000000e+01	3.23827862e+07
2.20000000e+01	3.30765618e+07
2.30000000e+01	3.38270533e+07
2.40000000e+01	3.46362315e+07
2.50000000e+01	3.55061025e+07
2.60000000e+01	3.64387369e+07
2.70000000e+01	3.74362831e+07
2.80000000e+01	3.85008524e+07
2.90000000e+01	3.96344142e+07
3.00000000e+01	4.08386098e+07
3.10000000e+01	4.21161052e+07
3.20000000e+01	4.34688043e+07
3.30000000e+01	4.48989400e+07
3.40000000e+01	4.64090831e+07
3.50000000e+01	4.80014913e+07
3.60000000e+01	4.96785125e+07
3.70000000e+01	5.14428488e+07
3.80000000e+01	5.32965689e+07
3.90000000e+01	5.52432953e+07
4.00000000e+01	5.72851530e+07
4.10000000e+01	5.94256261e+07
4.20000000e+01	6.16680534e+07
4.30000000e+01	6.40156998e+07
4.40000000e+01	6.64712225e+07
4.50000000e+01	6.90391605e+07
4.60000000e+01	7.17232506e+07
4.70000000e+01	7.45271611e+07
4.80000000e+01	7.74554757e+07
4.90000000e+01	8.05123500e+07
5.00000000e+01	8.37028148e+07
5.10000000e+01	8.70308340e+07
5.20000000e+01	9.05019155e+07
5.30000000e+01	9.41218460e+07
5.40000000e+01	9.78955131e+07
5.50000000e+01	1.01829099e+08
5.60000000e+01	1.05928571e+08
5.70000000e+01	1.10200172e+08
5.80000000e+01	1.14650729e+08
5.90000000e+01	1.19287083e+08
6.00000000e+01	1.24116327e+08
6.10000000e+01	1.29146319e+08
6.20000000e+01	1.34384550e+08
6.30000000e+01	1.39839618e+08
6.40000000e+01	1.45520418e+08
6.50000000e+01	1.51434882e+08
6.60000000e+01	1.57593425e+08
6.70000000e+01	1.64004969e+08
6.80000000e+01	1.70680149e+08
6.90000000e+01	1.77629862e+08
7.00000000e+01	1.84864366e+08
7.10000000e+01	1.92395575e+08
7.20000000e+01	2.00235403e+08
7.30000000e+01	2.08396102e+08
7.40000000e+01	2.16891187e+08
7.50000000e+01	2.25733473e+08
7.60000000e+01	2.34938057e+08
7.70000000e+01	2.44518599e+08
7.80000000e+01	2.54490964e+08
7.90000000e+01	2.64870879e+08
8.00000000e+01	2.75674900e+08
8.10000000e+01	2.86920463e+08
8.20000000e+01	2.98625251e+08
8.30000000e+01	3.10808337e+08
8.40000000e+01	3.23489285e+08
8.50000000e+01	3.36687556e+08
8.60000000e+01	3.50425023e+08
8.70000000e+01	3.64723148e+08
8.80000000e+01	3.79605003e+08
8.90000000e+01	3.95094403e+08
9.00000000e+01	4.11216085e+08
9.10000000e+01	4.27995977e+08
9.20000000e+01	4.45460777e+08
9.30000000e+01	4.63638475e+08
9.40000000e+01	4.82558010e+08
9.50000000e+01	5.02249946e+08
9.60000000e+01	5.22745368e+08
9.70000000e+01	5.44077269e+08
9.80000000e+01	5.66279831e+08
9.90000000e+01	5.89388125e+08
1.00000000e+02	6.13439828e+08
1.01000000e+02	6.38473103e+08
1.02000000e+02	6.64527950e+08
1.03000000e+02	6.91645815e+08
1.04000000e+02	7.19870688e+08
1.05000000e+02	7.49247304e+08
1.06000000e+02	7.79822383e+08
1.07000000e+02	8.11645343e+08
1.08000000e+02	8.44766851e+08
1.09000000e+02	8.79240221e+08
1.10000000e+02	9.15120231e+08
1.11000000e+02	9.52463947e+08
1.12000000e+02	9.91331988e+08
1.13000000e+02	1.03178588e+09
1.14000000e+02	1.07389075e+09
1.15000000e+02	1.11771305e+09
1.16000000e+02	1.16332408e+09
1.17000000e+02	1.21079621e+09
1.18000000e+02	1.26020491e+09
1.19000000e+02	1.31162996e+09
1.20000000e+02	1.36515330e+09
1.21000000e+02	1.42086108e+09
1.22000000e+02	1.47884132e+09
1.23000000e+02	1.53918735e+09
1.24000000e+02	1.60199592e+09
1.25000000e+02	1.66736702e+09
1.26000000e+02	1.73540527e+09
1.27000000e+02	1.80621946e+09
1.28000000e+02	1.87992326e+09
1.29000000e+02	1.95663424e+09
1.30000000e+02	2.03647492e+09
1.31000000e+02	2.11957307e+09
1.32000000e+02	2.20606136e+09
1.33000000e+02	2.29607840e+09
1.34000000e+02	2.38976791e+09
1.35000000e+02	2.48727995e+09
1.36000000e+02	2.58876989e+09
1.37000000e+02	2.69440077e+09
1.38000000e+02	2.80434051e+09
1.39000000e+02	2.91876571e+09
1.40000000e+02	3.03785855e+09
1.41000000e+02	3.16180962e+09
1.42000000e+02	3.29081752e+09
1.43000000e+02	3.42508811e+09
1.44000000e+02	3.56483597e+09
1.45000000e+02	3.71028438e+09
1.46000000e+02	3.86166537e+09
1.47000000e+02	4.01922146e+09
1.48000000e+02	4.18320442e+09
1.49000000e+02	4.35387616e+09
1.50000000e+02	4.53150913e+09
1.51000000e+02	4.71638730e+09
1.52000000e+02	4.90880603e+09
1.53000000e+02	5.10907251e+09
1.54000000e+02	5.31750633e+09
1.55000000e+02	5.53444116e+09
1.56000000e+02	5.76022376e+09
1.57000000e+02	5.99521355e+09
1.58000000e+02	6.23978637e+09
1.59000000e+02	6.49433211e+09
1.60000000e+02	6.75925856e+09
1.61000000e+02	7.03498743e+09
1.62000000e+02	7.32195954e+09
1.63000000e+02	7.62063246e+09
1.64000000e+02	7.93148324e+09
1.65000000e+02	8.25500781e+09
1.66000000e+02	8.59172244e+09
1.67000000e+02	8.94216411e+09
1.68000000e+02	9.30689230e+09
1.69000000e+02	9.68648854e+09
1.70000000e+02	1.00815588e+10
1.71000000e+02	1.04927324e+10
1.72000000e+02	1.09206652e+10
1.73000000e+02	1.13660401e+10
1.74000000e+02	1.18295665e+10
1.75000000e+02	1.23119835e+10
1.76000000e+02	1.28140597e+10
1.77000000e+02	1.33365955e+10
1.78000000e+02	1.38804230e+10
1.79000000e+02	1.44464085e+10
1.80000000e+02	1.50354540e+10
1.81000000e+02	1.56484970e+10
1.82000000e+02	1.62865136e+10
1.83000000e+02	1.69505198e+10
1.84000000e+02	1.76415722e+10
1.85000000e+02	1.83607703e+10
1.86000000e+02	1.91092581e+10
1.87000000e+02	1.98882261e+10
1.88000000e+02	2.06989134e+10
1.89000000e+02	2.15426083e+10
1.90000000e+02	2.24206522e+10
1.91000000e+02	2.33344408e+10
1.92000000e+02	2.42854251e+10
1.93000000e+02	2.52751148e+10
1.94000000e+02	2.63050825e+10
1.95000000e+02	2.73769626e+10
1.96000000e+02	2.84924558e+10
1.97000000e+02	2.96533317e+10
1.98000000e+02	3.08614319e+10
1.99000000e+02	3.21186711e+10
2.00000000e+02	3.34270412e+10
2.01000000e+02	3.47886152e+10
2.02000000e+02	3.62055497e+10
2.03000000e+02	3.76800877e+10
2.04000000e+02	3.92145623e+10
2.05000000e+02	4.08114002e+10
2.06000000e+02	4.24731269e+10
2.07000000e+02	4.42023680e+10
2.08000000e+02	4.60018553e+10
2.09000000e+02	4.78744300e+10
2.10000000e+02	4.98230467e+10
2.11000000e+02	5.18507800e+10
2.12000000e+02	5.39608260e+10
2.13000000e+02	5.61565098e+10
2.14000000e+02	5.84412887e+10
2.15000000e+02	6.08187591e+10
2.16000000e+02	6.32926600e+10
2.17000000e+02	6.58668804e+10
2.18000000e+02	6.85454641e+10
2.19000000e+02	7.13326165e+10
2.20000000e+02	7.42327096e+10
2.21000000e+02	7.72502902e+10
2.22000000e+02	8.03900851e+10
2.23000000e+02	8.36570090e+10
2.24000000e+02	8.70561717e+10
2.25000000e+02	9.05928853e+10
2.26000000e+02	9.42726720e+10
2.27000000e+02	9.81012731e+10
2.28000000e+02	1.02084656e+11
2.29000000e+02	1.06229023e+11
2.30000000e+02	1.10540821e+11
2.31000000e+02	1.15026752e+11
2.32000000e+02	1.19693780e+11
2.33000000e+02	1.24549143e+11
2.34000000e+02	1.29600362e+11
2.35000000e+02	1.34855253e+11
2.36000000e+02	1.40321937e+11
2.37000000e+02	1.46008851e+11
2.38000000e+02	1.51924764e+11
2.39000000e+02	1.58078781e+11
2.40000000e+02	1.64480366e+11
2.41000000e+02	1.71139345e+11
2.42000000e+02	1.78065927e+11
2.43000000e+02	1.85270714e+11
2.44000000e+02	1.92764717e+11
2.45000000e+02	2.00559371e+11
2.46000000e+02	2.08666549e+11
2.47000000e+02	2.17098579e+11
2.48000000e+02	2.25868261e+11
2.49000000e+02	2.34988881e+11
2.50000000e+02	2.44474233e+11
2.51000000e+02	2.54338630e+11
2.52000000e+02	2.64596932e+11
2.53000000e+02	2.75264556e+11
2.54000000e+02	2.86357500e+11
2.55000000e+02	2.97892364e+11
2.56000000e+02	3.09886367e+11
2.57000000e+02	3.22357372e+11
2.58000000e+02	3.35323905e+11
2.59000000e+02	3.48805179e+11
2.60000000e+02	3.62821118e+11
2.61000000e+02	3.77392377e+11
2.62000000e+02	3.92540372e+11
2.63000000e+02	4.08287298e+11
2.64000000e+02	4.24656161e+11
2.65000000e+02	4.41670798e+11
2.66000000e+02	4.59355910e+11
2.67000000e+02	4.77737083e+11
2.68000000e+02	4.96840820e+11
2.69000000e+02	5.16694568e+11
2.70000000e+02	5.37326748e+11
2.71000000e+02	5.58766782e+11
2.72000000e+02	5.81045125e+11
2.73000000e+02	6.04193296e+11
2.74000000e+02	6.28243907e+11
2.75000000e+02	6.53230698e+11
2.76000000e+02	6.79188564e+11
2.77000000e+02	7.06153591e+11
2.78000000e+02	7.34163090e+11
2.79000000e+02	7.63255625e+11
2.80000000e+02	7.93471052e+11
2.81000000e+02	8.24850547e+11
2.82000000e+02	8.57436645e+11
2.83000000e+02	8.91273272e+11
2.84000000e+02	9.26405777e+11
2.85000000e+02	9.62880970e+11
2.86000000e+02	1.00074715e+12
2.87000000e+02	1.04005415e+12
2.88000000e+02	1.08085336e+12
2.89000000e+02	1.12319776e+12
2.90000000e+02	1.16714196e+12
2.91000000e+02	1.21274223e+12
2.92000000e+02	1.26005652e+12
2.93000000e+02	1.30914453e+12
2.94000000e+02	1.36006767e+12
2.95000000e+02	1.41288916e+12
2.96000000e+02	1.46767404e+12
2.97000000e+02	1.52448914e+12
2.98000000e+02	1.58340320e+12
2.99000000e+02	1.64448681e+12
3.00000000e+02	1.70781248e+12
3.01000000e+02	1.77345465e+12
3.02000000e+02	1.84148968e+12
3.03000000e+02	1.91199592e+12
3.04000000e+02	1.98505367e+12
3.05000000e+02	2.06074520e+12
3.06000000e+02	2.13915479e+12
3.07000000e+02	2.22036870e+12
3.08000000e+02	2.30447518e+12
3.09000000e+02	2.39156445e+12
3.10000000e+02	2.48172871e+12
3.11000000e+02	2.57506215e+12
3.12000000e+02	2.67166087e+12
3.13000000e+02	2.77162290e+12
3.14000000e+02	2.87504818e+12
3.15000000e+02	2.98203849e+12
3.16000000e+02	3.09269743e+12
3.17000000e+02	3.20713040e+12
3.18000000e+02	3.32544449e+12
3.19000000e+02	3.44774846e+12
3.20000000e+02	3.57415267e+12
3.21000000e+02	3.70476900e+12
3.22000000e+02	3.83971075e+12
3.23000000e+02	3.97909257e+12
3.24000000e+02	4.12303036e+12
3.25000000e+02	4.27164115e+12
3.26000000e+02	4.42504297e+12
3.27000000e+02	4.58335476e+12
3.28000000e+02	4.74669618e+12
3.29000000e+02	4.91518750e+12
3.30000000e+02	5.08894941e+12
3.31000000e+02	5.26810286e+12
3.32000000e+02	5.45276890e+12
3.33000000e+02	5.64306843e+12
3.34000000e+02	5.83912202e+12
3.35000000e+02	6.04104972e+12
3.36000000e+02	6.24897076e+12
3.37000000e+02	6.46300336e+12
3.38000000e+02	6.68326442e+12
3.39000000e+02	6.90986930e+12
3.40000000e+02	7.14293149e+12
3.41000000e+02	7.38256231e+12
3.42000000e+02	7.62887063e+12
3.43000000e+02	7.88196248e+12
3.44000000e+02	8.14194078e+12
3.45000000e+02	8.40890490e+12
3.46000000e+02	8.68295036e+12
3.47000000e+02	8.96416839e+12
3.48000000e+02	9.25264555e+12
3.49000000e+02	9.54846332e+12
3.50000000e+02	9.85169767e+12
3.51000000e+02	1.01624186e+13
3.52000000e+02	1.04806897e+13
3.53000000e+02	1.08065677e+13
3.54000000e+02	1.11401019e+13
3.55000000e+02	1.14813338e+13
3.56000000e+02	1.18302966e+13
3.57000000e+02	1.21870145e+13
3.58000000e+02	1.25515024e+13
3.59000000e+02	1.29237652e+13
3.60000000e+02	1.33037974e+13
3.61000000e+02	1.36915825e+13
3.62000000e+02	1.40870923e+13
3.63000000e+02	1.44902865e+13
3.64000000e+02	1.49011121e+13
3.65000000e+02	1.53195030e+13
3.66000000e+02	1.57453789e+13
3.67000000e+02	1.61786453e+13
3.68000000e+02	1.66191927e+13
3.69000000e+02	1.70668960e+13
3.70000000e+02	1.75216139e+13
3.71000000e+02	1.79831884e+13
3.72000000e+02	1.84514445e+13
3.73000000e+02	1.89261889e+13
3.74000000e+02	1.94072104e+13
3.75000000e+02	1.98942788e+13
3.76000000e+02	2.03871442e+13
3.77000000e+02	2.08855374e+13
3.78000000e+02	2.13891682e+13
3.79000000e+02	2.18977261e+13
3.80000000e+02	2.24108789e+13
3.81000000e+02	2.29282731e+13
3.82000000e+02	2.34495328e+13
3.83000000e+02	2.39742600e+13
3.84000000e+02	2.45020336e+13
3.85000000e+02	2.50324097e+13
3.86000000e+02	2.55649209e+13
3.87000000e+02	2.60990766e+13
3.88000000e+02	2.66343620e+13
3.89000000e+02	2.71702391e+13
3.90000000e+02	2.77061454e+13
3.91000000e+02	2.82414947e+13
3.92000000e+02	2.87756771e+13
3.93000000e+02	2.93080585e+13
3.94000000e+02	2.98379813e+13
3.95000000e+02	3.03647644e+13
3.96000000e+02	3.08877034e+13
3.97000000e+02	3.14060711e+13
3.98000000e+02	3.19191177e+13
3.99000000e+02	3.24260715e+13
4.00000000e+02	3.29261395e+13
4.01000000e+02	3.34185077e+13
4.02000000e+02	3.39023425e+13
4.03000000e+02	3.43767907e+13
4.04000000e+02	3.48409811e+13
4.05000000e+02	3.52940255e+13
4.06000000e+02	3.57350192e+13
4.07000000e+02	3.61630433e+13
4.08000000e+02	3.65771651e+13
4.09000000e+02	3.69764401e+13
4.10000000e+02	3.73599136e+13
4.11000000e+02	3.77266223e+13
4.12000000e+02	3.80755964e+13
4.13000000e+02	3.84058612e+13
4.14000000e+02	3.87164399e+13
4.15000000e+02	3.90063553e+13
4.16000000e+02	3.92746327e+13
4.17000000e+02	3.95203024e+13
4.18000000e+02	3.97424025e+13
4.19000000e+02	3.99399818e+13
4.20000000e+02	4.01121031e+13
4.21000000e+02	4.02578466e+13
4.22000000e+02	4.03763129e+13
4.23000000e+02	4.04666275e+13
4.24000000e+02	4.05279440e+13
4.25000000e+02	4.05594486e+13
4.26000000e+02	4.05603642e+13
4.27000000e+02	4.05299547e+13
4.28000000e+02	4.04675302e+13
4.29000000e+02	4.03724512e+13
4.30000000e+02	4.02441340e+13
4.31000000e+02	4.00820559e+13
4.32000000e+02	3.98857603e+13
4.33000000e+02	3.96548625e+13
4.34000000e+02	3.93890550e+13
4.35000000e+02	3.90881138e+13
4.36000000e+02	3.87519033e+13
4.37000000e+02	3.83803833e+13
4.38000000e+02	3.79736139e+13
4.39000000e+02	3.75317619e+13
4.40000000e+02	3.70551062e+13
4.41000000e+02	3.65440439e+13
4.42000000e+02	3.59990950e+13
4.43000000e+02	3.54209079e+13
4.44000000e+02	3.48102643e+13
4.45000000e+02	3.41680828e+13
4.46000000e+02	3.34954228e+13
4.47000000e+02	3.27934874e+13
4.48000000e+02	3.20636254e+13
4.49000000e+02	3.13073321e+13
4.50000000e+02	3.05262493e+13
4.51000000e+02	2.97221638e+13
4.52000000e+02	2.88970045e+13
4.53000000e+02	2.80528377e+13
4.54000000e+02	2.71918610e+13
4.55000000e+02	2.63163946e+13
4.56000000e+02	2.54288716e+13
4.57000000e+02	2.45318248e+13
4.58000000e+02	2.36278728e+13
4.59000000e+02	2.27197026e+13
4.60000000e+02	2.18100505e+13
4.61000000e+02	2.09016817e+13
4.62000000e+02	1.99973663e+13
4.63000000e+02	1.90998554e+13
4.64000000e+02	1.82118549e+13
4.65000000e+02	1.73359988e+13
4.66000000e+02	1.64748220e+13
4.67000000e+02	1.56307339e+13
4.68000000e+02	1.48059919e+13
4.69000000e+02	1.40026777e+13
4.70000000e+02	1.32226752e+13
4.71000000e+02	1.24676511e+13
4.72000000e+02	1.17390403e+13
4.73000000e+02	1.10380342e+13
4.74000000e+02	1.03655739e+13
4.75000000e+02	9.72234876e+12
4.76000000e+02	9.10879867e+12
4.77000000e+02	8.52512202e+12
4.78000000e+02	7.97128740e+12
4.79000000e+02	7.44704940e+12
4.80000000e+02	6.95196757e+12
4.81000000e+02	6.48542784e+12
4.82000000e+02	6.04666567e+12
4.83000000e+02	5.63479000e+12
4.84000000e+02	5.24880728e+12
4.85000000e+02	4.88764491e+12
4.86000000e+02	4.55017335e+12
4.87000000e+02	4.23522660e+12
4.88000000e+02	3.94162053e+12
4.89000000e+02	3.66816894e+12
4.90000000e+02	3.41369733e+12
4.91000000e+02	3.17705421e+12
4.92000000e+02	2.95712023e+12
4.93000000e+02	2.75281526e+12
4.94000000e+02	2.56310356e+12
4.95000000e+02	2.38699740e+12
4.96000000e+02	2.22355920e+12
4.97000000e+02	2.07190263e+12
4.98000000e+02	1.93119268e+12
4.99000000e+02	1.80064510e+12
5.00000000e+02	1.67952519e+12
5.01000000e+02	1.56714616e+12
5.02000000e+02	1.46286730e+12
5.03000000e+02	1.36609181e+12
5.04000000e+02	1.27626459e+12
5.05000000e+02	1.19286999e+12
5.06000000e+02	1.11542944e+12
5.07000000e+02	1.04349926e+12
5.08000000e+02	9.76668385e+11
5.09000000e+02	9.14556225e+11
5.10000000e+02	8.56810622e+11
5.11000000e+02	8.03105875e+11
5.12000000e+02	7.53140872e+11
5.13000000e+02	7.06637332e+11
5.14000000e+02	6.63338139e+11
5.15000000e+02	6.23005792e+11
5.16000000e+02	5.85420940e+11
5.17000000e+02	5.50381021e+11
5.18000000e+02	5.17698994e+11
5.19000000e+02	4.87202155e+11
5.20000000e+02	4.58731041e+11
5.21000000e+02	4.32138406e+11
5.22000000e+02	4.07288283e+11
5.23000000e+02	3.84055101e+11
5.24000000e+02	3.62322885e+11
5.25000000e+02	3.41984501e+11
5.26000000e+02	3.22940967e+11
5.27000000e+02	3.05100814e+11
5.28000000e+02	2.88379502e+11
5.29000000e+02	2.72698871e+11
5.30000000e+02	2.57986646e+11
5.31000000e+02	2.44175971e+11
5.32000000e+02	2.31204992e+11
5.33000000e+02	2.19016456e+11
5.34000000e+02	2.07557359e+11
5.35000000e+02	1.96778612e+11
5.36000000e+02	1.86634736e+11
5.37000000e+02	1.77083579e+11
5.38000000e+02	1.68086064e+11
5.39000000e+02	1.59605942e+11
5.40000000e+02	1.51609583e+11
5.41000000e+02	1.44065768e+11
5.42000000e+02	1.36945507e+11
5.43000000e+02	1.30221866e+11
5.44000000e+02	1.23869815e+11
5.45000000e+02	1.17866077e+11
5.46000000e+02	1.12189000e+11
5.47000000e+02	1.06818434e+11
5.48000000e+02	1.01735615e+11
5.49000000e+02	9.69230654e+10
5.50000000e+02	9.23644963e+10
5.51000000e+02	8.80447192e+10
5.52000000e+02	8.39495661e+10
5.53000000e+02	8.00658133e+10
5.54000000e+02	7.63811128e+10
5.55000000e+02	7.28839290e+10
5.56000000e+02	6.95634797e+10
5.57000000e+02	6.64096820e+10
5.58000000e+02	6.34131029e+10
5.59000000e+02	6.05649112e+10
5.60000000e+02	5.78568374e+10
5.61000000e+02	5.52811324e+10
5.62000000e+02	5.28305316e+10
5.63000000e+02	5.04982214e+10
5.64000000e+02	4.82778084e+10
5.65000000e+02	4.61632894e+10
5.66000000e+02	4.41490259e+10
5.67000000e+02	4.22297190e+10
5.68000000e+02	4.04003866e+10
5.69000000e+02	3.86563418e+10
5.70000000e+02	3.69931735e+10
5.71000000e+02	3.54067287e+10
5.72000000e+02	3.38930949e+10
5.73000000e+02	3.24485837e+10
5.74000000e+02	3.10697192e+10
5.75000000e+02	2.97532208e+10
5.76000000e+02	2.84959926e+10
5.77000000e+02	2.72951125e+10
5.78000000e+02	2.61478187e+10
5.79000000e+02	2.50515017e+10
5.80000000e+02	2.40036948e+10
5.81000000e+02	2.30020650e+10
5.82000000e+02	2.20444035e+10
5.83000000e+02	2.11286199e+10
5.84000000e+02	2.02527353e+10
5.85000000e+02	1.94148740e+10
5.86000000e+02	1.86132582e+10
5.87000000e+02	1.78462031e+10
5.88000000e+02	1.71121092e+10
5.89000000e+02	1.64094606e+10
5.90000000e+02	1.57368166e+10
5.91000000e+02	1.50928106e+10
5.92000000e+02	1.44761437e+10
5.93000000e+02	1.38855815e+10
5.94000000e+02	1.33199512e+10
5.95000000e+02	1.27781370e+10
5.96000000e+02	1.22590787e+10
5.97000000e+02	1.17617671e+10
5.98000000e+02	1.12852400e+10
5.99000000e+02	1.08285840e+10
6.00000000e+02	1.03909278e+10
6.01000000e+02	9.97144122e+09
6.02000000e+02	9.56933420e+09
6.03000000e+02	9.18385302e+09
6.04000000e+02	8.81427947e+09
6.05000000e+02	8.45992790e+09
6.06000000e+02	8.12014551e+09
6.07000000e+02	7.79430849e+09
6.08000000e+02	7.48182229e+09
6.09000000e+02	7.18211870e+09
6.10000000e+02	6.89465537e+09
6.11000000e+02	6.61891490e+09
6.12000000e+02	6.35440292e+09
6.13000000e+02	6.10064613e+09
6.14000000e+02	5.85719400e+09
6.15000000e+02	5.62361516e+09
6.16000000e+02	5.39949669e+09
6.17000000e+02	5.18444465e+09
6.18000000e+02	4.97808182e+09
6.19000000e+02	4.78004822e+09
6.20000000e+02	4.58999824e+09
6.21000000e+02	4.40760225e+09
6.22000000e+02	4.23254455e+09
6.23000000e+02	4.06452318e+09
6.24000000e+02	3.90324848e+09
6.25000000e+02	3.74844421e+09
6.26000000e+02	3.59984513e+09
6.27000000e+02	3.45719714e+09
6.28000000e+02	3.32025826e+09
6.29000000e+02	3.18879502e+09
6.30000000e+02	3.06258444e+09
6.31000000e+02	2.94141337e+09
6.32000000e+02	2.82507688e+09
6.33000000e+02	2.71337925e+09
6.34000000e+02	2.60613263e+09
6.35000000e+02	2.50315666e+09
6.36000000e+02	2.40427942e+09
6.37000000e+02	2.30933496e+09
6.38000000e+02	2.21816529e+09
6.39000000e+02	2.13061784e+09
6.40000000e+02	2.04654710e+09
6.41000000e+02	1.96581343e+09
6.42000000e+02	1.88828317e+09
6.43000000e+02	1.81382734e+09
6.44000000e+02	1.74232294e+09
6.45000000e+02	1.67365207e+09
6.46000000e+02	1.60770039e+09
6.47000000e+02	1.54436025e+09
6.48000000e+02	1.48352713e+09
6.49000000e+02	1.42510022e+09
6.50000000e+02	1.36898428e+09
6.51000000e+02	1.31508665e+09
6.52000000e+02	1.26331949e+09
6.53000000e+02	1.21359778e+09
6.54000000e+02	1.16583988e+09
6.55000000e+02	1.11996744e+09
6.56000000e+02	1.07590647e+09
6.57000000e+02	1.03358427e+09
6.58000000e+02	9.92931921e+08
6.59000000e+02	9.53883028e+08
6.60000000e+02	9.16374212e+08
6.61000000e+02	8.80344720e+08
6.62000000e+02	8.45735471e+08
6.63000000e+02	8.12489794e+08
6.64000000e+02	7.80554120e+08
6.65000000e+02	7.49877100e+08
6.66000000e+02	7.20408119e+08
6.67000000e+02	6.92099590e+08
6.68000000e+02	6.64905760e+08
6.69000000e+02	6.38782674e+08
6.70000000e+02	6.13687897e+08
6.71000000e+02	5.89580565e+08
6.72000000e+02	5.66422106e+08
6.73000000e+02	5.44174676e+08
6.74000000e+02	5.22802632e+08
6.75000000e+02	5.02271150e+08
6.76000000e+02	4.82547145e+08
6.77000000e+02	4.63599166e+08
6.78000000e+02	4.45395714e+08
6.79000000e+02	4.27908417e+08
6.80000000e+02	4.11108490e+08
6.81000000e+02	3.94968835e+08
6.82000000e+02	3.79463676e+08
6.83000000e+02	3.64567718e+08
6.84000000e+02	3.50257390e+08
6.85000000e+02	3.36509042e+08
6.86000000e+02	3.23300873e+08
6.87000000e+02	3.10611869e+08
6.88000000e+02	2.98420758e+08
6.89000000e+02	2.86706663e+08
6.90000000e+02	2.75445500e+08
6.91000000e+02	2.64598079e+08
6.92000000e+02	2.54076475e+08
6.93000000e+02	2.43642288e+08
6.94000000e+02	2.32667033e+08
6.95000000e+02	2.19662390e+08
6.96000000e+02	2.01633225e+08
6.97000000e+02	1.73776821e+08
6.98000000e+02	1.29940542e+08
6.99000000e+02	7.25675820e+07
7.00000000e+02	0.00000000e+00
