# Profil de FluxX au temps 1.100000000000014e-11 
# simu : /Volumes/MERCURE/JOBS/Zeq1_tanh_50mic_3p5e22_B0_20ps/GNU/FluxX@y-c.set
# col 0 : abscisse (um)
# col 1 : FluxX (W/cm2)
0.00000000e+00	0.00000000e+00
1.00000000e+00	1.63468129e+07
2.00000000e+00	-2.46949088e+07
3.00000000e+00	1.78682847e+07
4.00000000e+00	2.36149324e+07
5.00000000e+00	2.49211360e+07
6.00000000e+00	2.49949227e+07
7.00000000e+00	2.48064308e+07
8.00000000e+00	2.46040344e+07
9.00000000e+00	2.44332760e+07
1.00000000e+01	2.43015424e+07
1.10000000e+01	2.42113474e+07
1.20000000e+01	2.41652591e+07
1.30000000e+01	2.41655543e+07
1.40000000e+01	2.42151030e+07
1.50000000e+01	2.43157455e+07
1.60000000e+01	2.44694045e+07
1.70000000e+01	2.46781123e+07
1.80000000e+01	2.49431166e+07
1.90000000e+01	2.52656261e+07
2.00000000e+01	2.56471724e+07
2.10000000e+01	2.60883806e+07
2.20000000e+01	2.65905854e+07
2.30000000e+01	2.71543630e+07
2.40000000e+01	2.77802811e+07
2.50000000e+01	2.84692512e+07
2.60000000e+01	2.92217248e+07
2.70000000e+01	3.00385276e+07
2.80000000e+01	3.09202718e+07
2.90000000e+01	3.18673428e+07
3.00000000e+01	3.28807325e+07
3.10000000e+01	3.39610293e+07
3.20000000e+01	3.51092229e+07
3.30000000e+01	3.63266701e+07
3.40000000e+01	3.76142925e+07
3.50000000e+01	3.89735034e+07
3.60000000e+01	4.04046462e+07
3.70000000e+01	4.19102278e+07
3.80000000e+01	4.34920276e+07
3.90000000e+01	4.51512690e+07
4.00000000e+01	4.68901192e+07
4.10000000e+01	4.87107584e+07
4.20000000e+01	5.06155754e+07
4.30000000e+01	5.26069751e+07
4.40000000e+01	5.46874853e+07
4.50000000e+01	5.68604800e+07
4.60000000e+01	5.91282702e+07
4.70000000e+01	6.14945874e+07
4.80000000e+01	6.39624639e+07
4.90000000e+01	6.65358837e+07
5.00000000e+01	6.92186082e+07
5.10000000e+01	7.20141680e+07
5.20000000e+01	7.49275073e+07
5.30000000e+01	7.79625164e+07
5.40000000e+01	8.11238910e+07
5.50000000e+01	8.44164467e+07
5.60000000e+01	8.78457004e+07
5.70000000e+01	9.14164839e+07
5.80000000e+01	9.51348679e+07
5.90000000e+01	9.90065949e+07
6.00000000e+01	1.03037482e+08
6.10000000e+01	1.07233905e+08
6.20000000e+01	1.11602535e+08
6.30000000e+01	1.16150378e+08
6.40000000e+01	1.20884691e+08
6.50000000e+01	1.25813069e+08
6.60000000e+01	1.30943196e+08
6.70000000e+01	1.36282614e+08
6.80000000e+01	1.41840646e+08
6.90000000e+01	1.47626099e+08
7.00000000e+01	1.53648007e+08
7.10000000e+01	1.59915975e+08
7.20000000e+01	1.66440123e+08
7.30000000e+01	1.73230776e+08
7.40000000e+01	1.80298757e+08
7.50000000e+01	1.87655155e+08
7.60000000e+01	1.95312064e+08
7.70000000e+01	2.03281437e+08
7.80000000e+01	2.11576682e+08
7.90000000e+01	2.20210418e+08
8.00000000e+01	2.29196491e+08
8.10000000e+01	2.38549006e+08
8.20000000e+01	2.48283615e+08
8.30000000e+01	2.58415522e+08
8.40000000e+01	2.68961306e+08
8.50000000e+01	2.79937192e+08
8.60000000e+01	2.91361303e+08
8.70000000e+01	3.03251104e+08
8.80000000e+01	3.15626848e+08
8.90000000e+01	3.28507095e+08
9.00000000e+01	3.41913357e+08
9.10000000e+01	3.55866831e+08
9.20000000e+01	3.70389560e+08
9.30000000e+01	3.85504937e+08
9.40000000e+01	4.01237542e+08
9.50000000e+01	4.17611719e+08
9.60000000e+01	4.34654423e+08
9.70000000e+01	4.52392599e+08
9.80000000e+01	4.70854426e+08
9.90000000e+01	4.90069960e+08
1.00000000e+02	5.10069544e+08
1.01000000e+02	5.30885328e+08
1.02000000e+02	5.52550371e+08
1.03000000e+02	5.75099717e+08
1.04000000e+02	5.98569580e+08
1.05000000e+02	6.22997102e+08
1.06000000e+02	6.48421296e+08
1.07000000e+02	6.74883333e+08
1.08000000e+02	7.02425036e+08
1.09000000e+02	7.31090516e+08
1.10000000e+02	7.60925712e+08
1.11000000e+02	7.91978468e+08
1.12000000e+02	8.24298981e+08
1.13000000e+02	8.57938032e+08
1.14000000e+02	8.92950000e+08
1.15000000e+02	9.29390720e+08
1.16000000e+02	9.67318193e+08
1.17000000e+02	1.00679355e+09
1.18000000e+02	1.04787973e+09
1.19000000e+02	1.09064292e+09
1.20000000e+02	1.13515092e+09
1.21000000e+02	1.18147498e+09
1.22000000e+02	1.22968949e+09
1.23000000e+02	1.27987153e+09
1.24000000e+02	1.33210126e+09
1.25000000e+02	1.38646222e+09
1.26000000e+02	1.44304181e+09
1.27000000e+02	1.50192991e+09
1.28000000e+02	1.56322068e+09
1.29000000e+02	1.62701252e+09
1.30000000e+02	1.69340808e+09
1.31000000e+02	1.76251241e+09
1.32000000e+02	1.83443659e+09
1.33000000e+02	1.90929592e+09
1.34000000e+02	1.98720961e+09
1.35000000e+02	2.06830260e+09
1.36000000e+02	2.15270476e+09
1.37000000e+02	2.24055083e+09
1.38000000e+02	2.33198093e+09
1.39000000e+02	2.42714210e+09
1.40000000e+02	2.52618574e+09
1.41000000e+02	2.62927070e+09
1.42000000e+02	2.73656188e+09
1.43000000e+02	2.84823091e+09
1.44000000e+02	2.96445611e+09
1.45000000e+02	3.08542338e+09
1.46000000e+02	3.21132635e+09
1.47000000e+02	3.34236619e+09
1.48000000e+02	3.47875247e+09
1.49000000e+02	3.62070359e+09
1.50000000e+02	3.76844643e+09
1.51000000e+02	3.92221669e+09
1.52000000e+02	4.08226048e+09
1.53000000e+02	4.24883393e+09
1.54000000e+02	4.42220323e+09
1.55000000e+02	4.60264533e+09
1.56000000e+02	4.79044913e+09
1.57000000e+02	4.98591444e+09
1.58000000e+02	5.18935400e+09
1.59000000e+02	5.40109276e+09
1.60000000e+02	5.62146928e+09
1.61000000e+02	5.85083566e+09
1.62000000e+02	6.08955905e+09
1.63000000e+02	6.33802029e+09
1.64000000e+02	6.59661678e+09
1.65000000e+02	6.86576136e+09
1.66000000e+02	7.14588469e+09
1.67000000e+02	7.43743412e+09
1.68000000e+02	7.74087567e+09
1.69000000e+02	8.05669366e+09
1.70000000e+02	8.38539268e+09
1.71000000e+02	8.72749852e+09
1.72000000e+02	9.08355691e+09
1.73000000e+02	9.45413683e+09
1.74000000e+02	9.83983028e+09
1.75000000e+02	1.02412528e+10
1.76000000e+02	1.06590461e+10
1.77000000e+02	1.10938766e+10
1.78000000e+02	1.15464390e+10
1.79000000e+02	1.20174556e+10
1.80000000e+02	1.25076785e+10
1.81000000e+02	1.30178901e+10
1.82000000e+02	1.35489046e+10
1.83000000e+02	1.41015695e+10
1.84000000e+02	1.46767673e+10
1.85000000e+02	1.52754150e+10
1.86000000e+02	1.58984680e+10
1.87000000e+02	1.65469201e+10
1.88000000e+02	1.72218057e+10
1.89000000e+02	1.79242012e+10
1.90000000e+02	1.86552263e+10
1.91000000e+02	1.94160469e+10
1.92000000e+02	2.02078759e+10
1.93000000e+02	2.10319754e+10
1.94000000e+02	2.18896587e+10
1.95000000e+02	2.27822929e+10
1.96000000e+02	2.37112992e+10
1.97000000e+02	2.46781585e+10
1.98000000e+02	2.56844103e+10
1.99000000e+02	2.67316566e+10
2.00000000e+02	2.78215653e+10
2.01000000e+02	2.89558716e+10
2.02000000e+02	3.01363797e+10
2.03000000e+02	3.13649686e+10
2.04000000e+02	3.26435927e+10
2.05000000e+02	3.39742858e+10
2.06000000e+02	3.53591637e+10
2.07000000e+02	3.68004275e+10
2.08000000e+02	3.83003683e+10
2.09000000e+02	3.98613696e+10
2.10000000e+02	4.14859108e+10
2.11000000e+02	4.31765718e+10
2.12000000e+02	4.49360365e+10
2.13000000e+02	4.67670973e+10
2.14000000e+02	4.86726599e+10
2.15000000e+02	5.06557461e+10
2.16000000e+02	5.27195005e+10
2.17000000e+02	5.48671943e+10
2.18000000e+02	5.71022307e+10
2.19000000e+02	5.94281496e+10
2.20000000e+02	6.18486336e+10
2.21000000e+02	6.43675127e+10
2.22000000e+02	6.69887733e+10
2.23000000e+02	6.97165593e+10
2.24000000e+02	7.25551827e+10
2.25000000e+02	7.55091279e+10
2.26000000e+02	7.85830596e+10
2.27000000e+02	8.17818295e+10
2.28000000e+02	8.51104841e+10
2.29000000e+02	8.85742717e+10
2.30000000e+02	9.21786503e+10
2.31000000e+02	9.59292962e+10
2.32000000e+02	9.98321133e+10
2.33000000e+02	1.03893241e+11
2.34000000e+02	1.08119062e+11
2.35000000e+02	1.12516217e+11
2.36000000e+02	1.17091608e+11
2.37000000e+02	1.21852412e+11
2.38000000e+02	1.26806094e+11
2.39000000e+02	1.31960411e+11
2.40000000e+02	1.37323433e+11
2.41000000e+02	1.42903546e+11
2.42000000e+02	1.48709468e+11
2.43000000e+02	1.54750266e+11
2.44000000e+02	1.61035359e+11
2.45000000e+02	1.67574543e+11
2.46000000e+02	1.74377998e+11
2.47000000e+02	1.81456303e+11
2.48000000e+02	1.88820454e+11
2.49000000e+02	1.96481882e+11
2.50000000e+02	2.04452459e+11
2.51000000e+02	2.12744528e+11
2.52000000e+02	2.21370912e+11
2.53000000e+02	2.30344931e+11
2.54000000e+02	2.39680428e+11
2.55000000e+02	2.49391784e+11
2.56000000e+02	2.59493934e+11
2.57000000e+02	2.70002396e+11
2.58000000e+02	2.80933287e+11
2.59000000e+02	2.92303342e+11
2.60000000e+02	3.04129945e+11
2.61000000e+02	3.16431145e+11
2.62000000e+02	3.29225685e+11
2.63000000e+02	3.42533022e+11
2.64000000e+02	3.56373357e+11
2.65000000e+02	3.70767659e+11
2.66000000e+02	3.85737695e+11
2.67000000e+02	4.01306052e+11
2.68000000e+02	4.17496173e+11
2.69000000e+02	4.34332380e+11
2.70000000e+02	4.51839912e+11
2.71000000e+02	4.70044947e+11
2.72000000e+02	4.88974644e+11
2.73000000e+02	5.08657167e+11
2.74000000e+02	5.29121725e+11
2.75000000e+02	5.50398605e+11
2.76000000e+02	5.72519205e+11
2.77000000e+02	5.95516075e+11
2.78000000e+02	6.19422950e+11
2.79000000e+02	6.44274791e+11
2.80000000e+02	6.70107821e+11
2.81000000e+02	6.96959569e+11
2.82000000e+02	7.24868905e+11
2.83000000e+02	7.53876087e+11
2.84000000e+02	7.84022798e+11
2.85000000e+02	8.15352193e+11
2.86000000e+02	8.47908939e+11
2.87000000e+02	8.81739261e+11
2.88000000e+02	9.16890984e+11
2.89000000e+02	9.53413582e+11
2.90000000e+02	9.91358223e+11
2.91000000e+02	1.03077781e+12
2.92000000e+02	1.07172704e+12
2.93000000e+02	1.11426242e+12
2.94000000e+02	1.15844237e+12
2.95000000e+02	1.20432721e+12
2.96000000e+02	1.25197923e+12
2.97000000e+02	1.30146276e+12
2.98000000e+02	1.35284419e+12
2.99000000e+02	1.40619200e+12
3.00000000e+02	1.46157685e+12
3.01000000e+02	1.51907160e+12
3.02000000e+02	1.57875134e+12
3.03000000e+02	1.64069348e+12
3.04000000e+02	1.70497773e+12
3.05000000e+02	1.77168618e+12
3.06000000e+02	1.84090334e+12
3.07000000e+02	1.91271615e+12
3.08000000e+02	1.98721404e+12
3.09000000e+02	2.06448895e+12
3.10000000e+02	2.14463536e+12
3.11000000e+02	2.22775031e+12
3.12000000e+02	2.31393345e+12
3.13000000e+02	2.40328700e+12
3.14000000e+02	2.49591584e+12
3.15000000e+02	2.59192748e+12
3.16000000e+02	2.69143203e+12
3.17000000e+02	2.79454229e+12
3.18000000e+02	2.90137365e+12
3.19000000e+02	3.01204415e+12
3.20000000e+02	3.12667441e+12
3.21000000e+02	3.24538763e+12
3.22000000e+02	3.36830955e+12
3.23000000e+02	3.49556843e+12
3.24000000e+02	3.62729495e+12
3.25000000e+02	3.76362218e+12
3.26000000e+02	3.90468553e+12
3.27000000e+02	4.05062262e+12
3.28000000e+02	4.20157322e+12
3.29000000e+02	4.35767914e+12
3.30000000e+02	4.51908411e+12
3.31000000e+02	4.68593365e+12
3.32000000e+02	4.85837492e+12
3.33000000e+02	5.03655657e+12
3.34000000e+02	5.22062857e+12
3.35000000e+02	5.41074198e+12
3.36000000e+02	5.60704880e+12
3.37000000e+02	5.80970169e+12
3.38000000e+02	6.01885377e+12
3.39000000e+02	6.23465833e+12
3.40000000e+02	6.45726855e+12
3.41000000e+02	6.68683719e+12
3.42000000e+02	6.92351630e+12
3.43000000e+02	7.16745684e+12
3.44000000e+02	7.41880829e+12
3.45000000e+02	7.67771832e+12
3.46000000e+02	7.94433232e+12
3.47000000e+02	8.21879301e+12
3.48000000e+02	8.50123989e+12
3.49000000e+02	8.79180886e+12
3.50000000e+02	9.09063162e+12
3.51000000e+02	9.39783517e+12
3.52000000e+02	9.71354122e+12
3.53000000e+02	1.00378656e+13
3.54000000e+02	1.03709177e+13
3.55000000e+02	1.07127998e+13
3.56000000e+02	1.10636061e+13
3.57000000e+02	1.14234228e+13
3.58000000e+02	1.17923264e+13
3.59000000e+02	1.21703836e+13
3.60000000e+02	1.25576504e+13
3.61000000e+02	1.29541713e+13
3.62000000e+02	1.33599784e+13
3.63000000e+02	1.37750904e+13
3.64000000e+02	1.41995123e+13
3.65000000e+02	1.46332340e+13
3.66000000e+02	1.50762294e+13
3.67000000e+02	1.55284561e+13
3.68000000e+02	1.59898535e+13
3.69000000e+02	1.64603429e+13
3.70000000e+02	1.69398257e+13
3.71000000e+02	1.74281831e+13
3.72000000e+02	1.79252745e+13
3.73000000e+02	1.84309372e+13
3.74000000e+02	1.89449849e+13
3.75000000e+02	1.94672073e+13
3.76000000e+02	1.99973686e+13
3.77000000e+02	2.05352067e+13
3.78000000e+02	2.10804328e+13
3.79000000e+02	2.16327298e+13
3.80000000e+02	2.21917519e+13
3.81000000e+02	2.27571235e+13
3.82000000e+02	2.33284386e+13
3.83000000e+02	2.39052600e+13
3.84000000e+02	2.44871185e+13
3.85000000e+02	2.50735122e+13
3.86000000e+02	2.56639062e+13
3.87000000e+02	2.62577316e+13
3.88000000e+02	2.68543853e+13
3.89000000e+02	2.74532298e+13
3.90000000e+02	2.80535925e+13
3.91000000e+02	2.86547655e+13
3.92000000e+02	2.92560058e+13
3.93000000e+02	2.98565350e+13
3.94000000e+02	3.04555394e+13
3.95000000e+02	3.10521704e+13
3.96000000e+02	3.16455446e+13
3.97000000e+02	3.22347444e+13
3.98000000e+02	3.28188183e+13
3.99000000e+02	3.33967823e+13
4.00000000e+02	3.39676201e+13
4.01000000e+02	3.45302845e+13
4.02000000e+02	3.50836987e+13
4.03000000e+02	3.56267576e+13
4.04000000e+02	3.61583293e+13
4.05000000e+02	3.66772572e+13
4.06000000e+02	3.71823618e+13
4.07000000e+02	3.76724428e+13
4.08000000e+02	3.81462817e+13
4.09000000e+02	3.86026445e+13
4.10000000e+02	3.90402846e+13
4.11000000e+02	3.94579456e+13
4.12000000e+02	3.98543649e+13
4.13000000e+02	4.02282775e+13
4.14000000e+02	4.05784193e+13
4.15000000e+02	4.09035318e+13
4.16000000e+02	4.12023661e+13
4.17000000e+02	4.14736876e+13
4.18000000e+02	4.17162810e+13
4.19000000e+02	4.19289553e+13
4.20000000e+02	4.21105491e+13
4.21000000e+02	4.22599365e+13
4.22000000e+02	4.23760326e+13
4.23000000e+02	4.24578001e+13
4.24000000e+02	4.25042551e+13
4.25000000e+02	4.25144739e+13
4.26000000e+02	4.24875997e+13
4.27000000e+02	4.24228494e+13
4.28000000e+02	4.23195205e+13
4.29000000e+02	4.21769985e+13
4.30000000e+02	4.19947635e+13
4.31000000e+02	4.17723982e+13
4.32000000e+02	4.15095943e+13
4.33000000e+02	4.12061598e+13
4.34000000e+02	4.08620263e+13
4.35000000e+02	4.04772553e+13
4.36000000e+02	4.00520447e+13
4.37000000e+02	3.95867352e+13
4.38000000e+02	3.90818155e+13
4.39000000e+02	3.85379276e+13
4.40000000e+02	3.79558712e+13
4.41000000e+02	3.73366073e+13
4.42000000e+02	3.66812608e+13
4.43000000e+02	3.59911223e+13
4.44000000e+02	3.52676488e+13
4.45000000e+02	3.45124625e+13
4.46000000e+02	3.37273492e+13
4.47000000e+02	3.29142544e+13
4.48000000e+02	3.20752776e+13
4.49000000e+02	3.12126657e+13
4.50000000e+02	3.03288039e+13
4.51000000e+02	2.94262045e+13
4.52000000e+02	2.85074945e+13
4.53000000e+02	2.75754002e+13
4.54000000e+02	2.66327310e+13
4.55000000e+02	2.56823603e+13
4.56000000e+02	2.47272051e+13
4.57000000e+02	2.37702045e+13
4.58000000e+02	2.28142957e+13
4.59000000e+02	2.18623903e+13
4.60000000e+02	2.09173488e+13
4.61000000e+02	1.99819557e+13
4.62000000e+02	1.90588945e+13
4.63000000e+02	1.81507230e+13
4.64000000e+02	1.72598503e+13
4.65000000e+02	1.63885157e+13
4.66000000e+02	1.55387689e+13
4.67000000e+02	1.47124542e+13
4.68000000e+02	1.39111967e+13
4.69000000e+02	1.31363929e+13
4.70000000e+02	1.23892039e+13
4.71000000e+02	1.16705537e+13
4.72000000e+02	1.09811302e+13
4.73000000e+02	1.03213911e+13
4.74000000e+02	9.69157194e+12
4.75000000e+02	9.09169848e+12
4.76000000e+02	8.52160117e+12
4.77000000e+02	7.98093195e+12
4.78000000e+02	7.46918276e+12
4.79000000e+02	6.98570502e+12
4.80000000e+02	6.52972974e+12
4.81000000e+02	6.10038745e+12
4.82000000e+02	5.69672780e+12
4.83000000e+02	5.31773810e+12
4.84000000e+02	4.96236067e+12
4.85000000e+02	4.62950879e+12
4.86000000e+02	4.31808084e+12
4.87000000e+02	4.02697289e+12
4.88000000e+02	3.75508942e+12
4.89000000e+02	3.50135243e+12
4.90000000e+02	3.26470887e+12
4.91000000e+02	3.04413666e+12
4.92000000e+02	2.83864929e+12
4.93000000e+02	2.64729925e+12
4.94000000e+02	2.46918041e+12
4.95000000e+02	2.30342954e+12
4.96000000e+02	2.14922704e+12
4.97000000e+02	2.00579702e+12
4.98000000e+02	1.87240695e+12
4.99000000e+02	1.74836684e+12
5.00000000e+02	1.63302814e+12
5.01000000e+02	1.52578237e+12
5.02000000e+02	1.42605962e+12
5.03000000e+02	1.33332689e+12
5.04000000e+02	1.24708633e+12
5.05000000e+02	1.16687355e+12
5.06000000e+02	1.09225576e+12
5.07000000e+02	1.02283007e+12
5.08000000e+02	9.58221700e+11
5.09000000e+02	8.98082297e+11
5.10000000e+02	8.42088309e+11
5.11000000e+02	7.89939390e+11
5.12000000e+02	7.41356887e+11
5.13000000e+02	6.96082392e+11
5.14000000e+02	6.53876378e+11
5.15000000e+02	6.14516889e+11
5.16000000e+02	5.77798322e+11
5.17000000e+02	5.43530264e+11
5.18000000e+02	5.11536411e+11
5.19000000e+02	4.81653547e+11
5.20000000e+02	4.53730593e+11
5.21000000e+02	4.27627715e+11
5.22000000e+02	4.03215494e+11
5.23000000e+02	3.80374155e+11
5.24000000e+02	3.58992841e+11
5.25000000e+02	3.38968950e+11
5.26000000e+02	3.20207509e+11
5.27000000e+02	3.02620600e+11
5.28000000e+02	2.86126825e+11
5.29000000e+02	2.70650811e+11
5.30000000e+02	2.56122751e+11
5.31000000e+02	2.42477981e+11
5.32000000e+02	2.29656587e+11
5.33000000e+02	2.17603045e+11
5.34000000e+02	2.06265884e+11
5.35000000e+02	1.95597376e+11
5.36000000e+02	1.85553256e+11
5.37000000e+02	1.76092451e+11
5.38000000e+02	1.67176845e+11
5.39000000e+02	1.58771048e+11
5.40000000e+02	1.50842192e+11
5.41000000e+02	1.43359741e+11
5.42000000e+02	1.36295314e+11
5.43000000e+02	1.29622524e+11
5.44000000e+02	1.23316826e+11
5.45000000e+02	1.17355381e+11
5.46000000e+02	1.11716926e+11
5.47000000e+02	1.06381662e+11
5.48000000e+02	1.01331141e+11
5.49000000e+02	9.65481664e+10
5.50000000e+02	9.20167037e+10
5.51000000e+02	8.77217918e+10
5.52000000e+02	8.36494685e+10
5.53000000e+02	7.97866951e+10
5.54000000e+02	7.61212906e+10
5.55000000e+02	7.26418700e+10
5.56000000e+02	6.93377869e+10
5.57000000e+02	6.61990812e+10
5.58000000e+02	6.32164302e+10
5.59000000e+02	6.03811041e+10
5.60000000e+02	5.76849240e+10
5.61000000e+02	5.51202232e+10
5.62000000e+02	5.26798122e+10
5.63000000e+02	5.03569455e+10
5.64000000e+02	4.81452905e+10
5.65000000e+02	4.60389011e+10
5.66000000e+02	4.40321897e+10
5.67000000e+02	4.21199037e+10
5.68000000e+02	4.02971028e+10
5.69000000e+02	3.85591397e+10
5.70000000e+02	3.69016384e+10
5.71000000e+02	3.53204775e+10
5.72000000e+02	3.38117740e+10
5.73000000e+02	3.23718675e+10
5.74000000e+02	3.09973054e+10
5.75000000e+02	2.96848305e+10
5.76000000e+02	2.84313678e+10
5.77000000e+02	2.72340133e+10
5.78000000e+02	2.60900235e+10
5.79000000e+02	2.49968042e+10
5.80000000e+02	2.39519040e+10
5.81000000e+02	2.29530026e+10
5.82000000e+02	2.19979044e+10
5.83000000e+02	2.10845308e+10
5.84000000e+02	2.02109130e+10
5.85000000e+02	1.93751850e+10
5.86000000e+02	1.85755778e+10
5.87000000e+02	1.78104154e+10
5.88000000e+02	1.70781060e+10
5.89000000e+02	1.63771407e+10
5.90000000e+02	1.57060857e+10
5.91000000e+02	1.50635796e+10
5.92000000e+02	1.44483295e+10
5.93000000e+02	1.38591073e+10
5.94000000e+02	1.32947436e+10
5.95000000e+02	1.27541291e+10
5.96000000e+02	1.22362051e+10
5.97000000e+02	1.17399678e+10
5.98000000e+02	1.12644587e+10
5.99000000e+02	1.08087681e+10
6.00000000e+02	1.03720269e+10
6.01000000e+02	9.95340864e+09
6.02000000e+02	9.55212589e+09
6.03000000e+02	9.16742706e+09
6.04000000e+02	8.79859669e+09
6.05000000e+02	8.44495110e+09
6.06000000e+02	8.10583979e+09
6.07000000e+02	7.78064125e+09
6.08000000e+02	7.46876163e+09
6.09000000e+02	7.16963561e+09
6.10000000e+02	6.88272225e+09
6.11000000e+02	6.60750509e+09
6.12000000e+02	6.34349141e+09
6.13000000e+02	6.09020999e+09
6.14000000e+02	5.84721066e+09
6.15000000e+02	5.61406295e+09
6.16000000e+02	5.39035592e+09
6.17000000e+02	5.17569622e+09
6.18000000e+02	4.96970762e+09
6.19000000e+02	4.77203106e+09
6.20000000e+02	4.58232234e+09
6.21000000e+02	4.40025147e+09
6.22000000e+02	4.22550471e+09
6.23000000e+02	4.05777981e+09
6.24000000e+02	3.89678884e+09
6.25000000e+02	3.74225518e+09
6.26000000e+02	3.59391540e+09
6.27000000e+02	3.45151526e+09
6.28000000e+02	3.31481277e+09
6.29000000e+02	3.18357562e+09
6.30000000e+02	3.05758150e+09
6.31000000e+02	2.93661747e+09
6.32000000e+02	2.82047934e+09
6.33000000e+02	2.70897083e+09
6.34000000e+02	2.60190553e+09
6.35000000e+02	2.49910329e+09
6.36000000e+02	2.40039229e+09
6.37000000e+02	2.30560700e+09
6.38000000e+02	2.21458923e+09
6.39000000e+02	2.12718779e+09
6.40000000e+02	2.04325700e+09
6.41000000e+02	1.96265750e+09
6.42000000e+02	1.88525528e+09
6.43000000e+02	1.81092204e+09
6.44000000e+02	1.73953534e+09
6.45000000e+02	1.67097724e+09
6.46000000e+02	1.60513371e+09
6.47000000e+02	1.54189730e+09
6.48000000e+02	1.48116343e+09
6.49000000e+02	1.42283153e+09
6.50000000e+02	1.36680715e+09
6.51000000e+02	1.31299697e+09
6.52000000e+02	1.26131383e+09
6.53000000e+02	1.21167265e+09
6.54000000e+02	1.16399166e+09
6.55000000e+02	1.11819369e+09
6.56000000e+02	1.07420364e+09
6.57000000e+02	1.03194916e+09
6.58000000e+02	9.91362197e+08
6.59000000e+02	9.52376375e+08
6.60000000e+02	9.14927764e+08
6.61000000e+02	8.78955705e+08
6.62000000e+02	8.44401372e+08
6.63000000e+02	8.11208955e+08
6.64000000e+02	7.79324686e+08
6.65000000e+02	7.48696359e+08
6.66000000e+02	7.19274182e+08
6.67000000e+02	6.91010600e+08
6.68000000e+02	6.63860635e+08
6.69000000e+02	6.37778845e+08
6.70000000e+02	6.12723775e+08
6.71000000e+02	5.88654629e+08
6.72000000e+02	5.65532787e+08
6.73000000e+02	5.43320667e+08
6.74000000e+02	5.21982440e+08
6.75000000e+02	5.01483506e+08
6.76000000e+02	4.81790969e+08
6.77000000e+02	4.62872497e+08
6.78000000e+02	4.44697987e+08
6.79000000e+02	4.27238373e+08
6.80000000e+02	4.10464549e+08
6.81000000e+02	3.94350657e+08
6.82000000e+02	3.78869859e+08
6.83000000e+02	3.63997399e+08
6.84000000e+02	3.49709503e+08
6.85000000e+02	3.35982821e+08
6.86000000e+02	3.22795471e+08
6.87000000e+02	3.10126146e+08
6.88000000e+02	2.97954897e+08
6.89000000e+02	2.86261268e+08
6.90000000e+02	2.75026902e+08
6.91000000e+02	2.64231565e+08
6.92000000e+02	2.53847943e+08
6.93000000e+02	2.43816787e+08
6.94000000e+02	2.33940043e+08
6.95000000e+02	2.23538208e+08
6.96000000e+02	2.10532967e+08
6.97000000e+02	1.89740495e+08
6.98000000e+02	1.50893029e+08
6.99000000e+02	8.89187638e+07
7.00000000e+02	0.00000000e+00
