# Profil de FluxX au temps 4.000000000000029e-12 
# simu : /Volumes/MERCURE/JOBS/Zeq1_tanh_50mic_3p5e22_B0_20ps/GNU/FluxX@y-c.set
# col 0 : abscisse (um)
# col 1 : FluxX (W/cm2)
0.00000000e+00	0.00000000e+00
1.00000000e+00	1.55428930e+07
2.00000000e+00	-2.63117342e+07
3.00000000e+00	1.54668841e+07
4.00000000e+00	2.04690156e+07
5.00000000e+00	2.10802911e+07
6.00000000e+00	2.05160642e+07
7.00000000e+00	1.97539665e+07
8.00000000e+00	1.90462291e+07
9.00000000e+00	1.84416106e+07
1.00000000e+01	1.79467508e+07
1.10000000e+01	1.75626147e+07
1.20000000e+01	1.72874493e+07
1.30000000e+01	1.71192505e+07
1.40000000e+01	1.70531565e+07
1.50000000e+01	1.70844737e+07
1.60000000e+01	1.72080069e+07
1.70000000e+01	1.74178463e+07
1.80000000e+01	1.77083622e+07
1.90000000e+01	1.80738235e+07
2.00000000e+01	1.85091971e+07
2.10000000e+01	1.90100173e+07
2.20000000e+01	1.95722620e+07
2.30000000e+01	2.01921257e+07
2.40000000e+01	2.08668929e+07
2.50000000e+01	2.15939141e+07
2.60000000e+01	2.23720626e+07
2.70000000e+01	2.31996859e+07
2.80000000e+01	2.40757579e+07
2.90000000e+01	2.49997348e+07
3.00000000e+01	2.59721100e+07
3.10000000e+01	2.69925190e+07
3.20000000e+01	2.80613208e+07
3.30000000e+01	2.91797121e+07
3.40000000e+01	3.03489326e+07
3.50000000e+01	3.15690683e+07
3.60000000e+01	3.28426853e+07
3.70000000e+01	3.41709834e+07
3.80000000e+01	3.55557321e+07
3.90000000e+01	3.69988713e+07
4.00000000e+01	3.85020659e+07
4.10000000e+01	4.00678302e+07
4.20000000e+01	4.16987748e+07
4.30000000e+01	4.33971608e+07
4.40000000e+01	4.51654816e+07
4.50000000e+01	4.70063767e+07
4.60000000e+01	4.89230598e+07
4.70000000e+01	5.09182813e+07
4.80000000e+01	5.29952031e+07
4.90000000e+01	5.51571140e+07
5.00000000e+01	5.74076190e+07
5.10000000e+01	5.97497494e+07
5.20000000e+01	6.21877027e+07
5.30000000e+01	6.47251765e+07
5.40000000e+01	6.73664132e+07
5.50000000e+01	7.01156525e+07
5.60000000e+01	7.29770787e+07
5.70000000e+01	7.59554464e+07
5.80000000e+01	7.90553632e+07
5.90000000e+01	8.22813338e+07
6.00000000e+01	8.56395326e+07
6.10000000e+01	8.91345103e+07
6.20000000e+01	9.27724528e+07
6.30000000e+01	9.65588928e+07
6.40000000e+01	1.00499455e+08
6.50000000e+01	1.04601064e+08
6.60000000e+01	1.08869865e+08
6.70000000e+01	1.13313152e+08
6.80000000e+01	1.17937651e+08
6.90000000e+01	1.22750765e+08
7.00000000e+01	1.27760272e+08
7.10000000e+01	1.32974522e+08
7.20000000e+01	1.38401472e+08
7.30000000e+01	1.44049521e+08
7.40000000e+01	1.49928389e+08
7.50000000e+01	1.56047279e+08
7.60000000e+01	1.62415707e+08
7.70000000e+01	1.69044072e+08
7.80000000e+01	1.75943072e+08
7.90000000e+01	1.83123459e+08
8.00000000e+01	1.90596905e+08
8.10000000e+01	1.98375569e+08
8.20000000e+01	2.06471242e+08
8.30000000e+01	2.14897305e+08
8.40000000e+01	2.23667606e+08
8.50000000e+01	2.32795733e+08
8.60000000e+01	2.42296112e+08
8.70000000e+01	2.52184833e+08
8.80000000e+01	2.62476272e+08
8.90000000e+01	2.73188110e+08
9.00000000e+01	2.84336708e+08
9.10000000e+01	2.95940961e+08
9.20000000e+01	3.08018555e+08
9.30000000e+01	3.20588982e+08
9.40000000e+01	3.33672203e+08
9.50000000e+01	3.47289755e+08
9.60000000e+01	3.61462759e+08
9.70000000e+01	3.76214251e+08
9.80000000e+01	3.91567781e+08
9.90000000e+01	4.07548098e+08
1.00000000e+02	4.24180227e+08
1.01000000e+02	4.41490908e+08
1.02000000e+02	4.59508690e+08
1.03000000e+02	4.78261281e+08
1.04000000e+02	4.97779540e+08
1.05000000e+02	5.18094207e+08
1.06000000e+02	5.39237677e+08
1.07000000e+02	5.61244210e+08
1.08000000e+02	5.84148783e+08
1.09000000e+02	6.07988114e+08
1.10000000e+02	6.32800208e+08
1.11000000e+02	6.58624801e+08
1.12000000e+02	6.85503382e+08
1.13000000e+02	7.13479046e+08
1.14000000e+02	7.42596234e+08
1.15000000e+02	7.72901786e+08
1.16000000e+02	8.04444202e+08
1.17000000e+02	8.37273771e+08
1.18000000e+02	8.71442695e+08
1.19000000e+02	9.07006691e+08
1.20000000e+02	9.44021774e+08
1.21000000e+02	9.82547323e+08
1.22000000e+02	1.02264509e+09
1.23000000e+02	1.06437894e+09
1.24000000e+02	1.10781612e+09
1.25000000e+02	1.15302595e+09
1.26000000e+02	1.20008073e+09
1.27000000e+02	1.24905604e+09
1.28000000e+02	1.30002977e+09
1.29000000e+02	1.35308372e+09
1.30000000e+02	1.40830266e+09
1.31000000e+02	1.46577502e+09
1.32000000e+02	1.52559264e+09
1.33000000e+02	1.58785134e+09
1.34000000e+02	1.65265100e+09
1.35000000e+02	1.72009463e+09
1.36000000e+02	1.79029081e+09
1.37000000e+02	1.86335134e+09
1.38000000e+02	1.93939348e+09
1.39000000e+02	2.01853879e+09
1.40000000e+02	2.10091357e+09
1.41000000e+02	2.18665005e+09
1.42000000e+02	2.27588523e+09
1.43000000e+02	2.36876190e+09
1.44000000e+02	2.46542832e+09
1.45000000e+02	2.56603977e+09
1.46000000e+02	2.67075645e+09
1.47000000e+02	2.77974635e+09
1.48000000e+02	2.89318362e+09
1.49000000e+02	3.01125023e+09
1.50000000e+02	3.13413501e+09
1.51000000e+02	3.26203377e+09
1.52000000e+02	3.39515157e+09
1.53000000e+02	3.53370123e+09
1.54000000e+02	3.67790429e+09
1.55000000e+02	3.82799180e+09
1.56000000e+02	3.98420378e+09
1.57000000e+02	4.14678989e+09
1.58000000e+02	4.31600981e+09
1.59000000e+02	4.49213492e+09
1.60000000e+02	4.67544676e+09
1.61000000e+02	4.86623827e+09
1.62000000e+02	5.06481455e+09
1.63000000e+02	5.27149330e+09
1.64000000e+02	5.48660523e+09
1.65000000e+02	5.71049433e+09
1.66000000e+02	5.94351847e+09
1.67000000e+02	6.18605024e+09
1.68000000e+02	6.43847798e+09
1.69000000e+02	6.70120432e+09
1.70000000e+02	6.97465090e+09
1.71000000e+02	7.25925355e+09
1.72000000e+02	7.55546785e+09
1.73000000e+02	7.86376754e+09
1.74000000e+02	8.18464571e+09
1.75000000e+02	8.51861487e+09
1.76000000e+02	8.86620960e+09
1.77000000e+02	9.22798499e+09
1.78000000e+02	9.60451949e+09
1.79000000e+02	9.99641509e+09
1.80000000e+02	1.04042987e+10
1.81000000e+02	1.08288214e+10
1.82000000e+02	1.12706622e+10
1.83000000e+02	1.17305275e+10
1.84000000e+02	1.22091517e+10
1.85000000e+02	1.27073003e+10
1.86000000e+02	1.32257688e+10
1.87000000e+02	1.37653861e+10
1.88000000e+02	1.43270147e+10
1.89000000e+02	1.49115508e+10
1.90000000e+02	1.55199293e+10
1.91000000e+02	1.61531220e+10
1.92000000e+02	1.68121402e+10
1.93000000e+02	1.74980362e+10
1.94000000e+02	1.82119064e+10
1.95000000e+02	1.89548907e+10
1.96000000e+02	1.97281750e+10
1.97000000e+02	2.05329944e+10
1.98000000e+02	2.13706342e+10
1.99000000e+02	2.22424314e+10
2.00000000e+02	2.31497782e+10
2.01000000e+02	2.40941225e+10
2.02000000e+02	2.50769720e+10
2.03000000e+02	2.60998949e+10
2.04000000e+02	2.71645241e+10
2.05000000e+02	2.82725581e+10
2.06000000e+02	2.94257646e+10
2.07000000e+02	3.06259832e+10
2.08000000e+02	3.18751285e+10
2.09000000e+02	3.31751922e+10
2.10000000e+02	3.45282481e+10
2.11000000e+02	3.59364530e+10
2.12000000e+02	3.74020521e+10
2.13000000e+02	3.89273814e+10
2.14000000e+02	4.05148717e+10
2.15000000e+02	4.21670529e+10
2.16000000e+02	4.38865568e+10
2.17000000e+02	4.56761224e+10
2.18000000e+02	4.75385999e+10
2.19000000e+02	4.94769550e+10
2.20000000e+02	5.14942735e+10
2.21000000e+02	5.35937662e+10
2.22000000e+02	5.57787742e+10
2.23000000e+02	5.80527741e+10
2.24000000e+02	6.04193824e+10
2.25000000e+02	6.28823626e+10
2.26000000e+02	6.54456310e+10
2.27000000e+02	6.81132615e+10
2.28000000e+02	7.08894934e+10
2.29000000e+02	7.37787365e+10
2.30000000e+02	7.67855795e+10
2.31000000e+02	7.99147970e+10
2.32000000e+02	8.31713543e+10
2.33000000e+02	8.65604198e+10
2.34000000e+02	9.00873690e+10
2.35000000e+02	9.37577940e+10
2.36000000e+02	9.75775126e+10
2.37000000e+02	1.01552577e+11
2.38000000e+02	1.05689283e+11
2.39000000e+02	1.09994181e+11
2.40000000e+02	1.14474083e+11
2.41000000e+02	1.19136076e+11
2.42000000e+02	1.23987531e+11
2.43000000e+02	1.29036116e+11
2.44000000e+02	1.34289807e+11
2.45000000e+02	1.39756898e+11
2.46000000e+02	1.45446017e+11
2.47000000e+02	1.51366138e+11
2.48000000e+02	1.57526591e+11
2.49000000e+02	1.63937085e+11
2.50000000e+02	1.70607710e+11
2.51000000e+02	1.77548965e+11
2.52000000e+02	1.84771764e+11
2.53000000e+02	1.92287457e+11
2.54000000e+02	2.00107847e+11
2.55000000e+02	2.08245205e+11
2.56000000e+02	2.16712292e+11
2.57000000e+02	2.25522374e+11
2.58000000e+02	2.34689243e+11
2.59000000e+02	2.44227238e+11
2.60000000e+02	2.54151266e+11
2.61000000e+02	2.64476822e+11
2.62000000e+02	2.75220015e+11
2.63000000e+02	2.86397586e+11
2.64000000e+02	2.98026937e+11
2.65000000e+02	3.10126156e+11
2.66000000e+02	3.22714037e+11
2.67000000e+02	3.35810114e+11
2.68000000e+02	3.49434686e+11
2.69000000e+02	3.63608843e+11
2.70000000e+02	3.78354500e+11
2.71000000e+02	3.93694424e+11
2.72000000e+02	4.09652267e+11
2.73000000e+02	4.26252600e+11
2.74000000e+02	4.43520946e+11
2.75000000e+02	4.61483811e+11
2.76000000e+02	4.80168728e+11
2.77000000e+02	4.99604285e+11
2.78000000e+02	5.19820170e+11
2.79000000e+02	5.40847208e+11
2.80000000e+02	5.62717401e+11
2.81000000e+02	5.85463969e+11
2.82000000e+02	6.09121396e+11
2.83000000e+02	6.33725473e+11
2.84000000e+02	6.59313342e+11
2.85000000e+02	6.85923544e+11
2.86000000e+02	7.13596067e+11
2.87000000e+02	7.42372398e+11
2.88000000e+02	7.72295565e+11
2.89000000e+02	8.03410202e+11
2.90000000e+02	8.35762590e+11
2.91000000e+02	8.69400718e+11
2.92000000e+02	9.04374338e+11
2.93000000e+02	9.40735020e+11
2.94000000e+02	9.78536213e+11
2.95000000e+02	1.01783330e+12
2.96000000e+02	1.05868366e+12
2.97000000e+02	1.10114674e+12
2.98000000e+02	1.14528409e+12
2.99000000e+02	1.19115947e+12
3.00000000e+02	1.23883886e+12
3.01000000e+02	1.28839058e+12
3.02000000e+02	1.33988531e+12
3.03000000e+02	1.39339620e+12
3.04000000e+02	1.44899890e+12
3.05000000e+02	1.50677163e+12
3.06000000e+02	1.56679529e+12
3.07000000e+02	1.62915347e+12
3.08000000e+02	1.69393257e+12
3.09000000e+02	1.76122183e+12
3.10000000e+02	1.83111340e+12
3.11000000e+02	1.90370244e+12
3.12000000e+02	1.97908716e+12
3.13000000e+02	2.05736886e+12
3.14000000e+02	2.13865206e+12
3.15000000e+02	2.22304448e+12
3.16000000e+02	2.31065718e+12
3.17000000e+02	2.40160455e+12
3.18000000e+02	2.49600438e+12
3.19000000e+02	2.59397795e+12
3.20000000e+02	2.69565002e+12
3.21000000e+02	2.80114890e+12
3.22000000e+02	2.91060649e+12
3.23000000e+02	3.02415828e+12
3.24000000e+02	3.14194343e+12
3.25000000e+02	3.26410474e+12
3.26000000e+02	3.39078866e+12
3.27000000e+02	3.52214532e+12
3.28000000e+02	3.65832853e+12
3.29000000e+02	3.79949570e+12
3.30000000e+02	3.94580790e+12
3.31000000e+02	4.09742973e+12
3.32000000e+02	4.25452934e+12
3.33000000e+02	4.41727833e+12
3.34000000e+02	4.58585168e+12
3.35000000e+02	4.76042762e+12
3.36000000e+02	4.94118758e+12
3.37000000e+02	5.12831597e+12
3.38000000e+02	5.32200011e+12
3.39000000e+02	5.52243000e+12
3.40000000e+02	5.72979815e+12
3.41000000e+02	5.94429933e+12
3.42000000e+02	6.16613035e+12
3.43000000e+02	6.39548978e+12
3.44000000e+02	6.63257763e+12
3.45000000e+02	6.87759502e+12
3.46000000e+02	7.13074382e+12
3.47000000e+02	7.39222625e+12
3.48000000e+02	7.66224444e+12
3.49000000e+02	7.94099993e+12
3.50000000e+02	8.22869320e+12
3.51000000e+02	8.52552309e+12
3.52000000e+02	8.83168620e+12
3.53000000e+02	9.14737625e+12
3.54000000e+02	9.47278340e+12
3.55000000e+02	9.80809351e+12
3.56000000e+02	1.01534873e+13
3.57000000e+02	1.05091397e+13
3.58000000e+02	1.08752187e+13
3.59000000e+02	1.12518845e+13
3.60000000e+02	1.16392888e+13
3.61000000e+02	1.20375731e+13
3.62000000e+02	1.24468683e+13
3.63000000e+02	1.28672932e+13
3.64000000e+02	1.32989532e+13
3.65000000e+02	1.37419391e+13
3.66000000e+02	1.41963260e+13
3.67000000e+02	1.46621714e+13
3.68000000e+02	1.51395144e+13
3.69000000e+02	1.56283737e+13
3.70000000e+02	1.61287462e+13
3.71000000e+02	1.66406054e+13
3.72000000e+02	1.71639000e+13
3.73000000e+02	1.76985518e+13
3.74000000e+02	1.82444543e+13
3.75000000e+02	1.88014708e+13
3.76000000e+02	1.93694326e+13
3.77000000e+02	1.99481374e+13
3.78000000e+02	2.05373472e+13
3.79000000e+02	2.11367869e+13
3.80000000e+02	2.17461419e+13
3.81000000e+02	2.23650567e+13
3.82000000e+02	2.29931332e+13
3.83000000e+02	2.36299284e+13
3.84000000e+02	2.42749536e+13
3.85000000e+02	2.49276717e+13
3.86000000e+02	2.55874965e+13
3.87000000e+02	2.62537907e+13
3.88000000e+02	2.69258647e+13
3.89000000e+02	2.76029752e+13
3.90000000e+02	2.82843244e+13
3.91000000e+02	2.89690587e+13
3.92000000e+02	2.96562679e+13
3.93000000e+02	3.03449847e+13
3.94000000e+02	3.10341845e+13
3.95000000e+02	3.17227848e+13
3.96000000e+02	3.24096455e+13
3.97000000e+02	3.30935697e+13
3.98000000e+02	3.37733034e+13
3.99000000e+02	3.44475375e+13
4.00000000e+02	3.51149085e+13
4.01000000e+02	3.57740005e+13
4.02000000e+02	3.64233471e+13
4.03000000e+02	3.70614342e+13
4.04000000e+02	3.76867025e+13
4.05000000e+02	3.82975511e+13
4.06000000e+02	3.88923413e+13
4.07000000e+02	3.94694010e+13
4.08000000e+02	4.00270292e+13
4.09000000e+02	4.05635016e+13
4.10000000e+02	4.10770759e+13
4.11000000e+02	4.15659988e+13
4.12000000e+02	4.20285121e+13
4.13000000e+02	4.24628602e+13
4.14000000e+02	4.28672982e+13
4.15000000e+02	4.32400996e+13
4.16000000e+02	4.35795655e+13
4.17000000e+02	4.38840334e+13
4.18000000e+02	4.41518870e+13
4.19000000e+02	4.43815660e+13
4.20000000e+02	4.45715761e+13
4.21000000e+02	4.47205000e+13
4.22000000e+02	4.48270078e+13
4.23000000e+02	4.48898677e+13
4.24000000e+02	4.49079572e+13
4.25000000e+02	4.48802740e+13
4.26000000e+02	4.48059465e+13
4.27000000e+02	4.46842446e+13
4.28000000e+02	4.45145898e+13
4.29000000e+02	4.42965652e+13
4.30000000e+02	4.40299246e+13
4.31000000e+02	4.37146014e+13
4.32000000e+02	4.33507157e+13
4.33000000e+02	4.29385821e+13
4.34000000e+02	4.24787145e+13
4.35000000e+02	4.19718312e+13
4.36000000e+02	4.14188580e+13
4.37000000e+02	4.08209297e+13
4.38000000e+02	4.01793904e+13
4.39000000e+02	3.94957917e+13
4.40000000e+02	3.87718894e+13
4.41000000e+02	3.80096377e+13
4.42000000e+02	3.72111827e+13
4.43000000e+02	3.63788520e+13
4.44000000e+02	3.55151441e+13
4.45000000e+02	3.46227146e+13
4.46000000e+02	3.37043612e+13
4.47000000e+02	3.27630058e+13
4.48000000e+02	3.18016761e+13
4.49000000e+02	3.08234848e+13
4.50000000e+02	2.98316074e+13
4.51000000e+02	2.88292593e+13
4.52000000e+02	2.78196714e+13
4.53000000e+02	2.68060658e+13
4.54000000e+02	2.57916305e+13
4.55000000e+02	2.47794952e+13
4.56000000e+02	2.37727064e+13
4.57000000e+02	2.27742042e+13
4.58000000e+02	2.17868004e+13
4.59000000e+02	2.08131576e+13
4.60000000e+02	1.98557709e+13
4.61000000e+02	1.89169515e+13
4.62000000e+02	1.79988128e+13
4.63000000e+02	1.71032598e+13
4.64000000e+02	1.62319805e+13
4.65000000e+02	1.53864411e+13
4.66000000e+02	1.45678840e+13
4.67000000e+02	1.37773279e+13
4.68000000e+02	1.30155725e+13
4.69000000e+02	1.22832038e+13
4.70000000e+02	1.15806032e+13
4.71000000e+02	1.09079580e+13
4.72000000e+02	1.02652742e+13
4.73000000e+02	9.65239003e+12
4.74000000e+02	9.06899103e+12
4.75000000e+02	8.51462572e+12
4.76000000e+02	7.98872159e+12
4.77000000e+02	7.49060105e+12
4.78000000e+02	7.01949726e+12
4.79000000e+02	6.57456936e+12
4.80000000e+02	6.15491693e+12
4.81000000e+02	5.75959370e+12
4.82000000e+02	5.38762008e+12
4.83000000e+02	5.03799472e+12
4.84000000e+02	4.70970480e+12
4.85000000e+02	4.40173524e+12
4.86000000e+02	4.11307675e+12
4.87000000e+02	3.84273270e+12
4.88000000e+02	3.58972502e+12
4.89000000e+02	3.35309908e+12
4.90000000e+02	3.13192760e+12
4.91000000e+02	2.92531388e+12
4.92000000e+02	2.73239411e+12
4.93000000e+02	2.55233918e+12
4.94000000e+02	2.38435582e+12
4.95000000e+02	2.22768725e+12
4.96000000e+02	2.08161347e+12
4.97000000e+02	1.94545110e+12
4.98000000e+02	1.81855297e+12
4.99000000e+02	1.70030745e+12
5.00000000e+02	1.59013758e+12
5.01000000e+02	1.48750004e+12
5.02000000e+02	1.39188397e+12
5.03000000e+02	1.30280975e+12
5.04000000e+02	1.21982771e+12
5.05000000e+02	1.14251671e+12
5.06000000e+02	1.07048285e+12
5.07000000e+02	1.00335801e+12
5.08000000e+02	9.40798572e+11
5.09000000e+02	8.82483991e+11
5.10000000e+02	8.28115525e+11
5.11000000e+02	7.77414940e+11
5.12000000e+02	7.30123272e+11
5.13000000e+02	6.85999633e+11
5.14000000e+02	6.44820066e+11
5.15000000e+02	6.06376458e+11
5.16000000e+02	5.70475494e+11
5.17000000e+02	5.36937678e+11
5.18000000e+02	5.05596391e+11
5.19000000e+02	4.76297013e+11
5.20000000e+02	4.48896093e+11
5.21000000e+02	4.23260563e+11
5.22000000e+02	3.99267010e+11
5.23000000e+02	3.76800983e+11
5.24000000e+02	3.55756353e+11
5.25000000e+02	3.36034714e+11
5.26000000e+02	3.17544816e+11
5.27000000e+02	3.00202048e+11
5.28000000e+02	2.83927949e+11
5.29000000e+02	2.68649752e+11
5.30000000e+02	2.54299971e+11
5.31000000e+02	2.40816004e+11
5.32000000e+02	2.28139769e+11
5.33000000e+02	2.16217376e+11
5.34000000e+02	2.04998805e+11
5.35000000e+02	1.94437624e+11
5.36000000e+02	1.84490721e+11
5.37000000e+02	1.75118052e+11
5.38000000e+02	1.66282419e+11
5.39000000e+02	1.57949251e+11
5.40000000e+02	1.50086413e+11
5.41000000e+02	1.42664024e+11
5.42000000e+02	1.35654288e+11
5.43000000e+02	1.29031343e+11
5.44000000e+02	1.22771113e+11
5.45000000e+02	1.16851179e+11
5.46000000e+02	1.11250658e+11
5.47000000e+02	1.05950088e+11
5.48000000e+02	1.00931326e+11
5.49000000e+02	9.61774491e+10
5.50000000e+02	9.16726688e+10
5.51000000e+02	8.74022468e+10
5.52000000e+02	8.33524197e+10
5.53000000e+02	7.95103285e+10
5.54000000e+02	7.58639551e+10
5.55000000e+02	7.24020608e+10
5.56000000e+02	6.91141326e+10
5.57000000e+02	6.59903297e+10
5.58000000e+02	6.30214376e+10
5.59000000e+02	6.01988254e+10
5.60000000e+02	5.75144025e+10
5.61000000e+02	5.49605834e+10
5.62000000e+02	5.25302518e+10
5.63000000e+02	5.02167287e+10
5.64000000e+02	4.80137425e+10
5.65000000e+02	4.59154018e+10
5.66000000e+02	4.39161689e+10
5.67000000e+02	4.20108369e+10
5.68000000e+02	4.01945082e+10
5.69000000e+02	3.84625717e+10
5.70000000e+02	3.68106872e+10
5.71000000e+02	3.52347653e+10
5.72000000e+02	3.37309515e+10
5.73000000e+02	3.22956120e+10
5.74000000e+02	3.09253184e+10
5.75000000e+02	2.96168357e+10
5.76000000e+02	2.83671096e+10
5.77000000e+02	2.71732545e+10
5.78000000e+02	2.60325439e+10
5.79000000e+02	2.49424006e+10
5.80000000e+02	2.39003867e+10
5.81000000e+02	2.29041954e+10
5.82000000e+02	2.19516438e+10
5.83000000e+02	2.10406643e+10
5.84000000e+02	2.01692981e+10
5.85000000e+02	1.93356897e+10
5.86000000e+02	1.85380793e+10
5.87000000e+02	1.77747982e+10
5.88000000e+02	1.70442626e+10
5.89000000e+02	1.63449704e+10
5.90000000e+02	1.56754949e+10
5.91000000e+02	1.50344805e+10
5.92000000e+02	1.44206400e+10
5.93000000e+02	1.38327500e+10
5.94000000e+02	1.32696462e+10
5.95000000e+02	1.27302235e+10
5.96000000e+02	1.22134287e+10
5.97000000e+02	1.17182602e+10
5.98000000e+02	1.12437646e+10
5.99000000e+02	1.07890337e+10
6.00000000e+02	1.03532032e+10
6.01000000e+02	9.93544926e+09
6.02000000e+02	9.53498633e+09
6.03000000e+02	9.15106598e+09
6.04000000e+02	8.78297494e+09
6.05000000e+02	8.43003239e+09
6.06000000e+02	8.09158943e+09
6.07000000e+02	7.76702587e+09
6.08000000e+02	7.45575095e+09
6.09000000e+02	7.15719975e+09
6.10000000e+02	6.87083362e+09
6.11000000e+02	6.59613771e+09
6.12000000e+02	6.33262027e+09
6.13000000e+02	6.07981168e+09
6.14000000e+02	5.83726281e+09
6.15000000e+02	5.60454505e+09
6.16000000e+02	5.38124791e+09
6.17000000e+02	5.16697883e+09
6.18000000e+02	4.96136295e+09
6.19000000e+02	4.76404191e+09
6.20000000e+02	4.57467254e+09
6.21000000e+02	4.39292631e+09
6.22000000e+02	4.21848886e+09
6.23000000e+02	4.05105997e+09
6.24000000e+02	3.89035170e+09
6.25000000e+02	3.73608798e+09
6.26000000e+02	3.58800575e+09
6.27000000e+02	3.44585218e+09
6.28000000e+02	3.30938563e+09
6.29000000e+02	3.17837395e+09
6.30000000e+02	3.05259537e+09
6.31000000e+02	2.93183737e+09
6.32000000e+02	2.81589641e+09
6.33000000e+02	2.70457689e+09
6.34000000e+02	2.59769217e+09
6.35000000e+02	2.49506327e+09
6.36000000e+02	2.39651775e+09
6.37000000e+02	2.30189079e+09
6.38000000e+02	2.21102499e+09
6.39000000e+02	2.12376902e+09
6.40000000e+02	2.03997746e+09
6.41000000e+02	1.95951111e+09
6.42000000e+02	1.88223665e+09
6.43000000e+02	1.80802613e+09
6.44000000e+02	1.73675705e+09
6.45000000e+02	1.66831095e+09
6.46000000e+02	1.60257509e+09
6.47000000e+02	1.53944231e+09
6.48000000e+02	1.47880714e+09
6.49000000e+02	1.42057061e+09
6.50000000e+02	1.36463668e+09
6.51000000e+02	1.31091339e+09
6.52000000e+02	1.25931432e+09
6.53000000e+02	1.20975323e+09
6.54000000e+02	1.16214922e+09
6.55000000e+02	1.11642518e+09
6.56000000e+02	1.07250561e+09
6.57000000e+02	1.03031963e+09
6.58000000e+02	9.89797751e+08
6.59000000e+02	9.50874064e+08
6.60000000e+02	9.13485598e+08
6.61000000e+02	8.77570843e+08
6.62000000e+02	8.43071811e+08
6.63000000e+02	8.09932525e+08
6.64000000e+02	7.78098619e+08
6.65000000e+02	7.47518792e+08
6.66000000e+02	7.18143506e+08
6.67000000e+02	6.89925489e+08
6.68000000e+02	6.62818025e+08
6.69000000e+02	6.36778107e+08
6.70000000e+02	6.11762444e+08
6.71000000e+02	5.87731741e+08
6.72000000e+02	5.64646487e+08
6.73000000e+02	5.42469529e+08
6.74000000e+02	5.21165166e+08
6.75000000e+02	5.00698187e+08
6.76000000e+02	4.81036572e+08
6.77000000e+02	4.62148212e+08
6.78000000e+02	4.44002446e+08
6.79000000e+02	4.26569895e+08
6.80000000e+02	4.09822860e+08
6.81000000e+02	3.93734065e+08
6.82000000e+02	3.78277496e+08
6.83000000e+02	3.63428488e+08
6.84000000e+02	3.49163124e+08
6.85000000e+02	3.35457953e+08
6.86000000e+02	3.22291478e+08
6.87000000e+02	3.09642286e+08
6.88000000e+02	2.97489947e+08
6.89000000e+02	2.85814856e+08
6.90000000e+02	2.74598472e+08
6.91000000e+02	2.63822384e+08
6.92000000e+02	2.53469669e+08
6.93000000e+02	2.43522879e+08
6.94000000e+02	2.33960928e+08
6.95000000e+02	2.24729711e+08
6.96000000e+02	2.15532873e+08
6.97000000e+02	2.04604276e+08
6.98000000e+02	1.82745875e+08
6.99000000e+02	1.27819012e+08
7.00000000e+02	0.00000000e+00
