# Profil de Te au temps 1.300000000000017e-11 
# simu : /Volumes/MERCURE/JOBS/Zeq1_tanh_50mic_3p5e22_B0_20ps/GNU/Te@y-c.set
# col 0 : abscisse (um)
# col 1 : Te (keV)
5.00000000e-01	1.00000000e+00
1.50000000e+00	9.99999993e-01
2.50000000e+00	1.00000001e+00
3.50000000e+00	1.00000000e+00
4.50000000e+00	9.99999998e-01
5.50000000e+00	9.99999995e-01
6.50000000e+00	9.99999992e-01
7.50000000e+00	9.99999990e-01
8.50000000e+00	9.99999987e-01
9.50000000e+00	9.99999985e-01
1.05000000e+01	9.99999983e-01
1.15000000e+01	9.99999981e-01
1.25000000e+01	9.99999979e-01
1.35000000e+01	9.99999977e-01
1.45000000e+01	9.99999975e-01
1.55000000e+01	9.99999973e-01
1.65000000e+01	9.99999971e-01
1.75000000e+01	9.99999969e-01
1.85000000e+01	9.99999967e-01
1.95000000e+01	9.99999965e-01
2.05000000e+01	9.99999963e-01
2.15000000e+01	9.99999961e-01
2.25000000e+01	9.99999959e-01
2.35000000e+01	9.99999957e-01
2.45000000e+01	9.99999955e-01
2.55000000e+01	9.99999953e-01
2.65000000e+01	9.99999950e-01
2.75000000e+01	9.99999948e-01
2.85000000e+01	9.99999946e-01
2.95000000e+01	9.99999943e-01
3.05000000e+01	9.99999941e-01
3.15000000e+01	9.99999938e-01
3.25000000e+01	9.99999935e-01
3.35000000e+01	9.99999933e-01
3.45000000e+01	9.99999930e-01
3.55000000e+01	9.99999927e-01
3.65000000e+01	9.99999924e-01
3.75000000e+01	9.99999920e-01
3.85000000e+01	9.99999917e-01
3.95000000e+01	9.99999914e-01
4.05000000e+01	9.99999910e-01
4.15000000e+01	9.99999906e-01
4.25000000e+01	9.99999902e-01
4.35000000e+01	9.99999898e-01
4.45000000e+01	9.99999894e-01
4.55000000e+01	9.99999890e-01
4.65000000e+01	9.99999885e-01
4.75000000e+01	9.99999881e-01
4.85000000e+01	9.99999876e-01
4.95000000e+01	9.99999871e-01
5.05000000e+01	9.99999865e-01
5.15000000e+01	9.99999860e-01
5.25000000e+01	9.99999854e-01
5.35000000e+01	9.99999848e-01
5.45000000e+01	9.99999842e-01
5.55000000e+01	9.99999836e-01
5.65000000e+01	9.99999829e-01
5.75000000e+01	9.99999822e-01
5.85000000e+01	9.99999815e-01
5.95000000e+01	9.99999807e-01
6.05000000e+01	9.99999799e-01
6.15000000e+01	9.99999791e-01
6.25000000e+01	9.99999783e-01
6.35000000e+01	9.99999774e-01
6.45000000e+01	9.99999765e-01
6.55000000e+01	9.99999755e-01
6.65000000e+01	9.99999745e-01
6.75000000e+01	9.99999735e-01
6.85000000e+01	9.99999724e-01
6.95000000e+01	9.99999713e-01
7.05000000e+01	9.99999701e-01
7.15000000e+01	9.99999689e-01
7.25000000e+01	9.99999676e-01
7.35000000e+01	9.99999663e-01
7.45000000e+01	9.99999649e-01
7.55000000e+01	9.99999635e-01
7.65000000e+01	9.99999620e-01
7.75000000e+01	9.99999604e-01
7.85000000e+01	9.99999588e-01
7.95000000e+01	9.99999572e-01
8.05000000e+01	9.99999554e-01
8.15000000e+01	9.99999536e-01
8.25000000e+01	9.99999517e-01
8.35000000e+01	9.99999497e-01
8.45000000e+01	9.99999477e-01
8.55000000e+01	9.99999455e-01
8.65000000e+01	9.99999433e-01
8.75000000e+01	9.99999410e-01
8.85000000e+01	9.99999386e-01
8.95000000e+01	9.99999361e-01
9.05000000e+01	9.99999335e-01
9.15000000e+01	9.99999308e-01
9.25000000e+01	9.99999280e-01
9.35000000e+01	9.99999250e-01
9.45000000e+01	9.99999220e-01
9.55000000e+01	9.99999188e-01
9.65000000e+01	9.99999155e-01
9.75000000e+01	9.99999120e-01
9.85000000e+01	9.99999084e-01
9.95000000e+01	9.99999047e-01
1.00500000e+02	9.99999008e-01
1.01500000e+02	9.99998968e-01
1.02500000e+02	9.99998926e-01
1.03500000e+02	9.99998882e-01
1.04500000e+02	9.99998836e-01
1.05500000e+02	9.99998789e-01
1.06500000e+02	9.99998739e-01
1.07500000e+02	9.99998688e-01
1.08500000e+02	9.99998634e-01
1.09500000e+02	9.99998579e-01
1.10500000e+02	9.99998521e-01
1.11500000e+02	9.99998460e-01
1.12500000e+02	9.99998397e-01
1.13500000e+02	9.99998332e-01
1.14500000e+02	9.99998264e-01
1.15500000e+02	9.99998193e-01
1.16500000e+02	9.99998120e-01
1.17500000e+02	9.99998043e-01
1.18500000e+02	9.99997963e-01
1.19500000e+02	9.99997880e-01
1.20500000e+02	9.99997793e-01
1.21500000e+02	9.99997703e-01
1.22500000e+02	9.99997610e-01
1.23500000e+02	9.99997512e-01
1.24500000e+02	9.99997411e-01
1.25500000e+02	9.99997305e-01
1.26500000e+02	9.99997195e-01
1.27500000e+02	9.99997080e-01
1.28500000e+02	9.99996961e-01
1.29500000e+02	9.99996837e-01
1.30500000e+02	9.99996708e-01
1.31500000e+02	9.99996574e-01
1.32500000e+02	9.99996434e-01
1.33500000e+02	9.99996289e-01
1.34500000e+02	9.99996137e-01
1.35500000e+02	9.99995980e-01
1.36500000e+02	9.99995816e-01
1.37500000e+02	9.99995645e-01
1.38500000e+02	9.99995467e-01
1.39500000e+02	9.99995282e-01
1.40500000e+02	9.99995090e-01
1.41500000e+02	9.99994889e-01
1.42500000e+02	9.99994681e-01
1.43500000e+02	9.99994464e-01
1.44500000e+02	9.99994238e-01
1.45500000e+02	9.99994003e-01
1.46500000e+02	9.99993758e-01
1.47500000e+02	9.99993503e-01
1.48500000e+02	9.99993238e-01
1.49500000e+02	9.99992962e-01
1.50500000e+02	9.99992675e-01
1.51500000e+02	9.99992376e-01
1.52500000e+02	9.99992065e-01
1.53500000e+02	9.99991741e-01
1.54500000e+02	9.99991404e-01
1.55500000e+02	9.99991053e-01
1.56500000e+02	9.99990688e-01
1.57500000e+02	9.99990308e-01
1.58500000e+02	9.99989913e-01
1.59500000e+02	9.99989501e-01
1.60500000e+02	9.99989073e-01
1.61500000e+02	9.99988627e-01
1.62500000e+02	9.99988163e-01
1.63500000e+02	9.99987680e-01
1.64500000e+02	9.99987177e-01
1.65500000e+02	9.99986654e-01
1.66500000e+02	9.99986110e-01
1.67500000e+02	9.99985543e-01
1.68500000e+02	9.99984953e-01
1.69500000e+02	9.99984339e-01
1.70500000e+02	9.99983700e-01
1.71500000e+02	9.99983035e-01
1.72500000e+02	9.99982342e-01
1.73500000e+02	9.99981622e-01
1.74500000e+02	9.99980872e-01
1.75500000e+02	9.99980092e-01
1.76500000e+02	9.99979279e-01
1.77500000e+02	9.99978434e-01
1.78500000e+02	9.99977554e-01
1.79500000e+02	9.99976638e-01
1.80500000e+02	9.99975685e-01
1.81500000e+02	9.99974693e-01
1.82500000e+02	9.99973660e-01
1.83500000e+02	9.99972585e-01
1.84500000e+02	9.99971467e-01
1.85500000e+02	9.99970302e-01
1.86500000e+02	9.99969091e-01
1.87500000e+02	9.99967830e-01
1.88500000e+02	9.99966517e-01
1.89500000e+02	9.99965151e-01
1.90500000e+02	9.99963729e-01
1.91500000e+02	9.99962249e-01
1.92500000e+02	9.99960709e-01
1.93500000e+02	9.99959106e-01
1.94500000e+02	9.99957438e-01
1.95500000e+02	9.99955702e-01
1.96500000e+02	9.99953894e-01
1.97500000e+02	9.99952013e-01
1.98500000e+02	9.99950056e-01
1.99500000e+02	9.99948018e-01
2.00500000e+02	9.99945898e-01
2.01500000e+02	9.99943691e-01
2.02500000e+02	9.99941394e-01
2.03500000e+02	9.99939003e-01
2.04500000e+02	9.99936515e-01
2.05500000e+02	9.99933925e-01
2.06500000e+02	9.99931230e-01
2.07500000e+02	9.99928425e-01
2.08500000e+02	9.99925506e-01
2.09500000e+02	9.99922467e-01
2.10500000e+02	9.99919305e-01
2.11500000e+02	9.99916014e-01
2.12500000e+02	9.99912588e-01
2.13500000e+02	9.99909023e-01
2.14500000e+02	9.99905313e-01
2.15500000e+02	9.99901451e-01
2.16500000e+02	9.99897433e-01
2.17500000e+02	9.99893250e-01
2.18500000e+02	9.99888897e-01
2.19500000e+02	9.99884366e-01
2.20500000e+02	9.99879651e-01
2.21500000e+02	9.99874744e-01
2.22500000e+02	9.99869637e-01
2.23500000e+02	9.99864322e-01
2.24500000e+02	9.99858790e-01
2.25500000e+02	9.99853033e-01
2.26500000e+02	9.99847042e-01
2.27500000e+02	9.99840806e-01
2.28500000e+02	9.99834317e-01
2.29500000e+02	9.99827563e-01
2.30500000e+02	9.99820535e-01
2.31500000e+02	9.99813220e-01
2.32500000e+02	9.99805607e-01
2.33500000e+02	9.99797685e-01
2.34500000e+02	9.99789440e-01
2.35500000e+02	9.99780860e-01
2.36500000e+02	9.99771930e-01
2.37500000e+02	9.99762638e-01
2.38500000e+02	9.99752967e-01
2.39500000e+02	9.99742902e-01
2.40500000e+02	9.99732429e-01
2.41500000e+02	9.99721529e-01
2.42500000e+02	9.99710187e-01
2.43500000e+02	9.99698383e-01
2.44500000e+02	9.99686099e-01
2.45500000e+02	9.99673316e-01
2.46500000e+02	9.99660014e-01
2.47500000e+02	9.99646171e-01
2.48500000e+02	9.99631766e-01
2.49500000e+02	9.99616775e-01
2.50500000e+02	9.99601176e-01
2.51500000e+02	9.99584944e-01
2.52500000e+02	9.99568052e-01
2.53500000e+02	9.99550475e-01
2.54500000e+02	9.99532184e-01
2.55500000e+02	9.99513152e-01
2.56500000e+02	9.99493348e-01
2.57500000e+02	9.99472740e-01
2.58500000e+02	9.99451297e-01
2.59500000e+02	9.99428985e-01
2.60500000e+02	9.99405768e-01
2.61500000e+02	9.99381611e-01
2.62500000e+02	9.99356476e-01
2.63500000e+02	9.99330322e-01
2.64500000e+02	9.99303111e-01
2.65500000e+02	9.99274798e-01
2.66500000e+02	9.99245339e-01
2.67500000e+02	9.99214689e-01
2.68500000e+02	9.99182800e-01
2.69500000e+02	9.99149623e-01
2.70500000e+02	9.99115105e-01
2.71500000e+02	9.99079193e-01
2.72500000e+02	9.99041831e-01
2.73500000e+02	9.99002961e-01
2.74500000e+02	9.98962524e-01
2.75500000e+02	9.98920456e-01
2.76500000e+02	9.98876693e-01
2.77500000e+02	9.98831166e-01
2.78500000e+02	9.98783807e-01
2.79500000e+02	9.98734542e-01
2.80500000e+02	9.98683294e-01
2.81500000e+02	9.98629987e-01
2.82500000e+02	9.98574537e-01
2.83500000e+02	9.98516860e-01
2.84500000e+02	9.98456868e-01
2.85500000e+02	9.98394470e-01
2.86500000e+02	9.98329569e-01
2.87500000e+02	9.98262069e-01
2.88500000e+02	9.98191866e-01
2.89500000e+02	9.98118854e-01
2.90500000e+02	9.98042922e-01
2.91500000e+02	9.97963957e-01
2.92500000e+02	9.97881838e-01
2.93500000e+02	9.97796444e-01
2.94500000e+02	9.97707645e-01
2.95500000e+02	9.97615309e-01
2.96500000e+02	9.97519298e-01
2.97500000e+02	9.97419470e-01
2.98500000e+02	9.97315675e-01
2.99500000e+02	9.97207760e-01
3.00500000e+02	9.97095566e-01
3.01500000e+02	9.96978927e-01
3.02500000e+02	9.96857673e-01
3.03500000e+02	9.96731624e-01
3.04500000e+02	9.96600598e-01
3.05500000e+02	9.96464403e-01
3.06500000e+02	9.96322841e-01
3.07500000e+02	9.96175708e-01
3.08500000e+02	9.96022792e-01
3.09500000e+02	9.95863872e-01
3.10500000e+02	9.95698722e-01
3.11500000e+02	9.95527104e-01
3.12500000e+02	9.95348776e-01
3.13500000e+02	9.95163484e-01
3.14500000e+02	9.94970968e-01
3.15500000e+02	9.94770956e-01
3.16500000e+02	9.94563169e-01
3.17500000e+02	9.94347318e-01
3.18500000e+02	9.94123102e-01
3.19500000e+02	9.93890214e-01
3.20500000e+02	9.93648331e-01
3.21500000e+02	9.93397124e-01
3.22500000e+02	9.93136251e-01
3.23500000e+02	9.92865358e-01
3.24500000e+02	9.92584082e-01
3.25500000e+02	9.92292044e-01
3.26500000e+02	9.91988855e-01
3.27500000e+02	9.91674115e-01
3.28500000e+02	9.91347409e-01
3.29500000e+02	9.91008309e-01
3.30500000e+02	9.90656373e-01
3.31500000e+02	9.90291148e-01
3.32500000e+02	9.89912162e-01
3.33500000e+02	9.89518934e-01
3.34500000e+02	9.89110964e-01
3.35500000e+02	9.88687739e-01
3.36500000e+02	9.88248729e-01
3.37500000e+02	9.87793392e-01
3.38500000e+02	9.87321164e-01
3.39500000e+02	9.86831470e-01
3.40500000e+02	9.86323716e-01
3.41500000e+02	9.85797292e-01
3.42500000e+02	9.85251568e-01
3.43500000e+02	9.84685901e-01
3.44500000e+02	9.84099626e-01
3.45500000e+02	9.83492063e-01
3.46500000e+02	9.82862511e-01
3.47500000e+02	9.82210253e-01
3.48500000e+02	9.81534551e-01
3.49500000e+02	9.80834649e-01
3.50500000e+02	9.80109771e-01
3.51500000e+02	9.79359123e-01
3.52500000e+02	9.78581888e-01
3.53500000e+02	9.77777233e-01
3.54500000e+02	9.76944303e-01
3.55500000e+02	9.76082221e-01
3.56500000e+02	9.75190094e-01
3.57500000e+02	9.74267003e-01
3.58500000e+02	9.73312013e-01
3.59500000e+02	9.72324166e-01
3.60500000e+02	9.71302483e-01
3.61500000e+02	9.70245966e-01
3.62500000e+02	9.69153595e-01
3.63500000e+02	9.68024328e-01
3.64500000e+02	9.66857104e-01
3.65500000e+02	9.65650840e-01
3.66500000e+02	9.64404434e-01
3.67500000e+02	9.63116762e-01
3.68500000e+02	9.61786681e-01
3.69500000e+02	9.60413025e-01
3.70500000e+02	9.58994612e-01
3.71500000e+02	9.57530236e-01
3.72500000e+02	9.56018675e-01
3.73500000e+02	9.54458687e-01
3.74500000e+02	9.52849009e-01
3.75500000e+02	9.51188362e-01
3.76500000e+02	9.49475449e-01
3.77500000e+02	9.47708954e-01
3.78500000e+02	9.45887544e-01
3.79500000e+02	9.44009872e-01
3.80500000e+02	9.42074572e-01
3.81500000e+02	9.40080265e-01
3.82500000e+02	9.38025556e-01
3.83500000e+02	9.35909038e-01
3.84500000e+02	9.33729289e-01
3.85500000e+02	9.31484876e-01
3.86500000e+02	9.29174355e-01
3.87500000e+02	9.26796272e-01
3.88500000e+02	9.24349162e-01
3.89500000e+02	9.21831553e-01
3.90500000e+02	9.19241967e-01
3.91500000e+02	9.16578919e-01
3.92500000e+02	9.13840921e-01
3.93500000e+02	9.11026478e-01
3.94500000e+02	9.08134099e-01
3.95500000e+02	9.05162289e-01
3.96500000e+02	9.02109554e-01
3.97500000e+02	8.98974407e-01
3.98500000e+02	8.95755361e-01
3.99500000e+02	8.92450941e-01
4.00500000e+02	8.89059676e-01
4.01500000e+02	8.85580108e-01
4.02500000e+02	8.82010794e-01
4.03500000e+02	8.78350302e-01
4.04500000e+02	8.74597222e-01
4.05500000e+02	8.70750162e-01
4.06500000e+02	8.66807754e-01
4.07500000e+02	8.62768656e-01
4.08500000e+02	8.58631553e-01
4.09500000e+02	8.54395167e-01
4.10500000e+02	8.50058250e-01
4.11500000e+02	8.45619596e-01
4.12500000e+02	8.41078042e-01
4.13500000e+02	8.36432471e-01
4.14500000e+02	8.31681816e-01
4.15500000e+02	8.26825066e-01
4.16500000e+02	8.21861272e-01
4.17500000e+02	8.16789545e-01
4.18500000e+02	8.11609069e-01
4.19500000e+02	8.06319103e-01
4.20500000e+02	8.00918987e-01
4.21500000e+02	7.95408146e-01
4.22500000e+02	7.89786101e-01
4.23500000e+02	7.84052469e-01
4.24500000e+02	7.78206977e-01
4.25500000e+02	7.72249465e-01
4.26500000e+02	7.66179893e-01
4.27500000e+02	7.59998353e-01
4.28500000e+02	7.53705073e-01
4.29500000e+02	7.47300429e-01
4.30500000e+02	7.40784950e-01
4.31500000e+02	7.34159334e-01
4.32500000e+02	7.27424450e-01
4.33500000e+02	7.20581353e-01
4.34500000e+02	7.13631295e-01
4.35500000e+02	7.06575729e-01
4.36500000e+02	6.99416329e-01
4.37500000e+02	6.92154994e-01
4.38500000e+02	6.84793860e-01
4.39500000e+02	6.77335314e-01
4.40500000e+02	6.69782002e-01
4.41500000e+02	6.62136841e-01
4.42500000e+02	6.54403027e-01
4.43500000e+02	6.46584047e-01
4.44500000e+02	6.38683688e-01
4.45500000e+02	6.30706044e-01
4.46500000e+02	6.22655520e-01
4.47500000e+02	6.14536845e-01
4.48500000e+02	6.06355069e-01
4.49500000e+02	5.98115566e-01
4.50500000e+02	5.89824037e-01
4.51500000e+02	5.81486503e-01
4.52500000e+02	5.73109303e-01
4.53500000e+02	5.64699082e-01
4.54500000e+02	5.56262779e-01
4.55500000e+02	5.47807612e-01
4.56500000e+02	5.39341058e-01
4.57500000e+02	5.30870826e-01
4.58500000e+02	5.22404832e-01
4.59500000e+02	5.13951164e-01
4.60500000e+02	5.05518043e-01
4.61500000e+02	4.97113786e-01
4.62500000e+02	4.88746760e-01
4.63500000e+02	4.80425332e-01
4.64500000e+02	4.72157821e-01
4.65500000e+02	4.63952443e-01
4.66500000e+02	4.55817259e-01
4.67500000e+02	4.47760126e-01
4.68500000e+02	4.39788635e-01
4.69500000e+02	4.31910072e-01
4.70500000e+02	4.24131363e-01
4.71500000e+02	4.16459035e-01
4.72500000e+02	4.08899179e-01
4.73500000e+02	4.01457417e-01
4.74500000e+02	3.94138880e-01
4.75500000e+02	3.86948188e-01
4.76500000e+02	3.79889438e-01
4.77500000e+02	3.72966205e-01
4.78500000e+02	3.66181541e-01
4.79500000e+02	3.59537988e-01
4.80500000e+02	3.53037590e-01
4.81500000e+02	3.46681913e-01
4.82500000e+02	3.40472071e-01
4.83500000e+02	3.34408752e-01
4.84500000e+02	3.28492243e-01
4.85500000e+02	3.22722465e-01
4.86500000e+02	3.17099001e-01
4.87500000e+02	3.11621125e-01
4.88500000e+02	3.06287834e-01
4.89500000e+02	3.01097876e-01
4.90500000e+02	2.96049773e-01
4.91500000e+02	2.91141853e-01
4.92500000e+02	2.86372270e-01
4.93500000e+02	2.81739022e-01
4.94500000e+02	2.77239980e-01
4.95500000e+02	2.72872899e-01
4.96500000e+02	2.68635437e-01
4.97500000e+02	2.64525173e-01
4.98500000e+02	2.60539614e-01
4.99500000e+02	2.56676215e-01
5.00500000e+02	2.52932388e-01
5.01500000e+02	2.49305510e-01
5.02500000e+02	2.45792934e-01
5.03500000e+02	2.42391997e-01
5.04500000e+02	2.39100031e-01
5.05500000e+02	2.35914363e-01
5.06500000e+02	2.32832328e-01
5.07500000e+02	2.29851272e-01
5.08500000e+02	2.26968554e-01
5.09500000e+02	2.24181558e-01
5.10500000e+02	2.21487688e-01
5.11500000e+02	2.18884379e-01
5.12500000e+02	2.16369097e-01
5.13500000e+02	2.13939342e-01
5.14500000e+02	2.11592651e-01
5.15500000e+02	2.09326600e-01
5.16500000e+02	2.07138806e-01
5.17500000e+02	2.05026929e-01
5.18500000e+02	2.02988672e-01
5.19500000e+02	2.01021785e-01
5.20500000e+02	1.99124063e-01
5.21500000e+02	1.97293348e-01
5.22500000e+02	1.95527531e-01
5.23500000e+02	1.93824549e-01
5.24500000e+02	1.92182388e-01
5.25500000e+02	1.90599085e-01
5.26500000e+02	1.89072722e-01
5.27500000e+02	1.87601432e-01
5.28500000e+02	1.86183394e-01
5.29500000e+02	1.84816838e-01
5.30500000e+02	1.83500039e-01
5.31500000e+02	1.82231320e-01
5.32500000e+02	1.81009052e-01
5.33500000e+02	1.79831651e-01
5.34500000e+02	1.78697578e-01
5.35500000e+02	1.77605340e-01
5.36500000e+02	1.76553487e-01
5.37500000e+02	1.75540614e-01
5.38500000e+02	1.74565356e-01
5.39500000e+02	1.73626392e-01
5.40500000e+02	1.72722441e-01
5.41500000e+02	1.71852263e-01
5.42500000e+02	1.71014656e-01
5.43500000e+02	1.70208457e-01
5.44500000e+02	1.69432539e-01
5.45500000e+02	1.68685813e-01
5.46500000e+02	1.67967227e-01
5.47500000e+02	1.67275760e-01
5.48500000e+02	1.66610428e-01
5.49500000e+02	1.65970278e-01
5.50500000e+02	1.65354390e-01
5.51500000e+02	1.64761876e-01
5.52500000e+02	1.64191877e-01
5.53500000e+02	1.63643563e-01
5.54500000e+02	1.63116133e-01
5.55500000e+02	1.62608815e-01
5.56500000e+02	1.62120863e-01
5.57500000e+02	1.61651556e-01
5.58500000e+02	1.61200201e-01
5.59500000e+02	1.60766127e-01
5.60500000e+02	1.60348688e-01
5.61500000e+02	1.59947260e-01
5.62500000e+02	1.59561242e-01
5.63500000e+02	1.59190056e-01
5.64500000e+02	1.58833142e-01
5.65500000e+02	1.58489963e-01
5.66500000e+02	1.58159998e-01
5.67500000e+02	1.57842749e-01
5.68500000e+02	1.57537734e-01
5.69500000e+02	1.57244488e-01
5.70500000e+02	1.56962564e-01
5.71500000e+02	1.56691532e-01
5.72500000e+02	1.56430977e-01
5.73500000e+02	1.56180500e-01
5.74500000e+02	1.55939715e-01
5.75500000e+02	1.55708254e-01
5.76500000e+02	1.55485758e-01
5.77500000e+02	1.55271885e-01
5.78500000e+02	1.55066305e-01
5.79500000e+02	1.54868699e-01
5.80500000e+02	1.54678761e-01
5.81500000e+02	1.54496198e-01
5.82500000e+02	1.54320724e-01
5.83500000e+02	1.54152068e-01
5.84500000e+02	1.53989966e-01
5.85500000e+02	1.53834167e-01
5.86500000e+02	1.53684428e-01
5.87500000e+02	1.53540513e-01
5.88500000e+02	1.53402200e-01
5.89500000e+02	1.53269270e-01
5.90500000e+02	1.53141517e-01
5.91500000e+02	1.53018739e-01
5.92500000e+02	1.52900745e-01
5.93500000e+02	1.52787349e-01
5.94500000e+02	1.52678373e-01
5.95500000e+02	1.52573645e-01
5.96500000e+02	1.52473002e-01
5.97500000e+02	1.52376284e-01
5.98500000e+02	1.52283339e-01
5.99500000e+02	1.52194021e-01
6.00500000e+02	1.52108189e-01
6.01500000e+02	1.52025708e-01
6.02500000e+02	1.51946446e-01
6.03500000e+02	1.51870280e-01
6.04500000e+02	1.51797088e-01
6.05500000e+02	1.51726755e-01
6.06500000e+02	1.51659170e-01
6.07500000e+02	1.51594226e-01
6.08500000e+02	1.51531819e-01
6.09500000e+02	1.51471852e-01
6.10500000e+02	1.51414228e-01
6.11500000e+02	1.51358857e-01
6.12500000e+02	1.51305651e-01
6.13500000e+02	1.51254526e-01
6.14500000e+02	1.51205399e-01
6.15500000e+02	1.51158194e-01
6.16500000e+02	1.51112836e-01
6.17500000e+02	1.51069252e-01
6.18500000e+02	1.51027372e-01
6.19500000e+02	1.50987132e-01
6.20500000e+02	1.50948466e-01
6.21500000e+02	1.50911313e-01
6.22500000e+02	1.50875613e-01
6.23500000e+02	1.50841312e-01
6.24500000e+02	1.50808352e-01
6.25500000e+02	1.50776683e-01
6.26500000e+02	1.50746253e-01
6.27500000e+02	1.50717015e-01
6.28500000e+02	1.50688922e-01
6.29500000e+02	1.50661928e-01
6.30500000e+02	1.50635991e-01
6.31500000e+02	1.50611070e-01
6.32500000e+02	1.50587125e-01
6.33500000e+02	1.50564118e-01
6.34500000e+02	1.50542012e-01
6.35500000e+02	1.50520771e-01
6.36500000e+02	1.50500362e-01
6.37500000e+02	1.50480753e-01
6.38500000e+02	1.50461912e-01
6.39500000e+02	1.50443809e-01
6.40500000e+02	1.50426415e-01
6.41500000e+02	1.50409702e-01
6.42500000e+02	1.50393645e-01
6.43500000e+02	1.50378216e-01
6.44500000e+02	1.50363392e-01
6.45500000e+02	1.50349148e-01
6.46500000e+02	1.50335463e-01
6.47500000e+02	1.50322314e-01
6.48500000e+02	1.50309680e-01
6.49500000e+02	1.50297541e-01
6.50500000e+02	1.50285878e-01
6.51500000e+02	1.50274672e-01
6.52500000e+02	1.50263905e-01
6.53500000e+02	1.50253560e-01
6.54500000e+02	1.50243620e-01
6.55500000e+02	1.50234070e-01
6.56500000e+02	1.50224895e-01
6.57500000e+02	1.50216078e-01
6.58500000e+02	1.50207608e-01
6.59500000e+02	1.50199469e-01
6.60500000e+02	1.50191649e-01
6.61500000e+02	1.50184136e-01
6.62500000e+02	1.50176917e-01
6.63500000e+02	1.50169982e-01
6.64500000e+02	1.50163318e-01
6.65500000e+02	1.50156915e-01
6.66500000e+02	1.50150763e-01
6.67500000e+02	1.50144853e-01
6.68500000e+02	1.50139174e-01
6.69500000e+02	1.50133718e-01
6.70500000e+02	1.50128475e-01
6.71500000e+02	1.50123438e-01
6.72500000e+02	1.50118599e-01
6.73500000e+02	1.50113949e-01
6.74500000e+02	1.50109482e-01
6.75500000e+02	1.50105189e-01
6.76500000e+02	1.50101065e-01
6.77500000e+02	1.50097103e-01
6.78500000e+02	1.50093296e-01
6.79500000e+02	1.50089638e-01
6.80500000e+02	1.50086123e-01
6.81500000e+02	1.50082747e-01
6.82500000e+02	1.50079502e-01
6.83500000e+02	1.50076385e-01
6.84500000e+02	1.50073391e-01
6.85500000e+02	1.50070513e-01
6.86500000e+02	1.50067748e-01
6.87500000e+02	1.50065092e-01
6.88500000e+02	1.50062540e-01
6.89500000e+02	1.50060088e-01
6.90500000e+02	1.50057732e-01
6.91500000e+02	1.50055468e-01
6.92500000e+02	1.50053294e-01
6.93500000e+02	1.50051206e-01
6.94500000e+02	1.50049204e-01
6.95500000e+02	1.50047296e-01
6.96500000e+02	1.50045511e-01
6.97500000e+02	1.50043923e-01
6.98500000e+02	1.50042686e-01
6.99500000e+02	1.50041970e-01
