# Profil de Te au temps 6.000000000000061e-12 
# simu : /Volumes/MERCURE/JOBS/Zeq1_tanh_50mic_3p5e22_B0_20ps/GNU/Te@y-c.set
# col 0 : abscisse (um)
# col 1 : Te (keV)
5.00000000e-01	9.99999999e-01
1.50000000e+00	9.99999990e-01
2.50000000e+00	1.00000000e+00
3.50000000e+00	9.99999999e-01
4.50000000e+00	9.99999995e-01
5.50000000e+00	9.99999992e-01
6.50000000e+00	9.99999990e-01
7.50000000e+00	9.99999987e-01
8.50000000e+00	9.99999986e-01
9.50000000e+00	9.99999984e-01
1.05000000e+01	9.99999982e-01
1.15000000e+01	9.99999980e-01
1.25000000e+01	9.99999979e-01
1.35000000e+01	9.99999977e-01
1.45000000e+01	9.99999976e-01
1.55000000e+01	9.99999974e-01
1.65000000e+01	9.99999973e-01
1.75000000e+01	9.99999972e-01
1.85000000e+01	9.99999970e-01
1.95000000e+01	9.99999969e-01
2.05000000e+01	9.99999967e-01
2.15000000e+01	9.99999966e-01
2.25000000e+01	9.99999964e-01
2.35000000e+01	9.99999962e-01
2.45000000e+01	9.99999961e-01
2.55000000e+01	9.99999959e-01
2.65000000e+01	9.99999957e-01
2.75000000e+01	9.99999956e-01
2.85000000e+01	9.99999954e-01
2.95000000e+01	9.99999952e-01
3.05000000e+01	9.99999950e-01
3.15000000e+01	9.99999948e-01
3.25000000e+01	9.99999946e-01
3.35000000e+01	9.99999943e-01
3.45000000e+01	9.99999941e-01
3.55000000e+01	9.99999939e-01
3.65000000e+01	9.99999936e-01
3.75000000e+01	9.99999934e-01
3.85000000e+01	9.99999931e-01
3.95000000e+01	9.99999928e-01
4.05000000e+01	9.99999925e-01
4.15000000e+01	9.99999922e-01
4.25000000e+01	9.99999919e-01
4.35000000e+01	9.99999916e-01
4.45000000e+01	9.99999912e-01
4.55000000e+01	9.99999908e-01
4.65000000e+01	9.99999905e-01
4.75000000e+01	9.99999901e-01
4.85000000e+01	9.99999897e-01
4.95000000e+01	9.99999893e-01
5.05000000e+01	9.99999888e-01
5.15000000e+01	9.99999884e-01
5.25000000e+01	9.99999879e-01
5.35000000e+01	9.99999874e-01
5.45000000e+01	9.99999869e-01
5.55000000e+01	9.99999864e-01
5.65000000e+01	9.99999858e-01
5.75000000e+01	9.99999852e-01
5.85000000e+01	9.99999846e-01
5.95000000e+01	9.99999840e-01
6.05000000e+01	9.99999833e-01
6.15000000e+01	9.99999827e-01
6.25000000e+01	9.99999820e-01
6.35000000e+01	9.99999812e-01
6.45000000e+01	9.99999804e-01
6.55000000e+01	9.99999797e-01
6.65000000e+01	9.99999788e-01
6.75000000e+01	9.99999780e-01
6.85000000e+01	9.99999771e-01
6.95000000e+01	9.99999761e-01
7.05000000e+01	9.99999751e-01
7.15000000e+01	9.99999741e-01
7.25000000e+01	9.99999731e-01
7.35000000e+01	9.99999720e-01
7.45000000e+01	9.99999708e-01
7.55000000e+01	9.99999697e-01
7.65000000e+01	9.99999684e-01
7.75000000e+01	9.99999671e-01
7.85000000e+01	9.99999658e-01
7.95000000e+01	9.99999644e-01
8.05000000e+01	9.99999629e-01
8.15000000e+01	9.99999614e-01
8.25000000e+01	9.99999599e-01
8.35000000e+01	9.99999582e-01
8.45000000e+01	9.99999565e-01
8.55000000e+01	9.99999547e-01
8.65000000e+01	9.99999529e-01
8.75000000e+01	9.99999510e-01
8.85000000e+01	9.99999490e-01
8.95000000e+01	9.99999469e-01
9.05000000e+01	9.99999447e-01
9.15000000e+01	9.99999425e-01
9.25000000e+01	9.99999401e-01
9.35000000e+01	9.99999377e-01
9.45000000e+01	9.99999351e-01
9.55000000e+01	9.99999325e-01
9.65000000e+01	9.99999297e-01
9.75000000e+01	9.99999269e-01
9.85000000e+01	9.99999239e-01
9.95000000e+01	9.99999208e-01
1.00500000e+02	9.99999175e-01
1.01500000e+02	9.99999142e-01
1.02500000e+02	9.99999107e-01
1.03500000e+02	9.99999070e-01
1.04500000e+02	9.99999032e-01
1.05500000e+02	9.99998993e-01
1.06500000e+02	9.99998952e-01
1.07500000e+02	9.99998909e-01
1.08500000e+02	9.99998864e-01
1.09500000e+02	9.99998818e-01
1.10500000e+02	9.99998770e-01
1.11500000e+02	9.99998720e-01
1.12500000e+02	9.99998667e-01
1.13500000e+02	9.99998613e-01
1.14500000e+02	9.99998556e-01
1.15500000e+02	9.99998498e-01
1.16500000e+02	9.99998436e-01
1.17500000e+02	9.99998372e-01
1.18500000e+02	9.99998306e-01
1.19500000e+02	9.99998237e-01
1.20500000e+02	9.99998165e-01
1.21500000e+02	9.99998090e-01
1.22500000e+02	9.99998012e-01
1.23500000e+02	9.99997931e-01
1.24500000e+02	9.99997847e-01
1.25500000e+02	9.99997759e-01
1.26500000e+02	9.99997667e-01
1.27500000e+02	9.99997572e-01
1.28500000e+02	9.99997473e-01
1.29500000e+02	9.99997370e-01
1.30500000e+02	9.99997263e-01
1.31500000e+02	9.99997151e-01
1.32500000e+02	9.99997035e-01
1.33500000e+02	9.99996914e-01
1.34500000e+02	9.99996788e-01
1.35500000e+02	9.99996656e-01
1.36500000e+02	9.99996520e-01
1.37500000e+02	9.99996378e-01
1.38500000e+02	9.99996230e-01
1.39500000e+02	9.99996076e-01
1.40500000e+02	9.99995916e-01
1.41500000e+02	9.99995750e-01
1.42500000e+02	9.99995576e-01
1.43500000e+02	9.99995396e-01
1.44500000e+02	9.99995208e-01
1.45500000e+02	9.99995012e-01
1.46500000e+02	9.99994809e-01
1.47500000e+02	9.99994597e-01
1.48500000e+02	9.99994376e-01
1.49500000e+02	9.99994147e-01
1.50500000e+02	9.99993908e-01
1.51500000e+02	9.99993659e-01
1.52500000e+02	9.99993400e-01
1.53500000e+02	9.99993131e-01
1.54500000e+02	9.99992851e-01
1.55500000e+02	9.99992559e-01
1.56500000e+02	9.99992255e-01
1.57500000e+02	9.99991939e-01
1.58500000e+02	9.99991610e-01
1.59500000e+02	9.99991268e-01
1.60500000e+02	9.99990912e-01
1.61500000e+02	9.99990541e-01
1.62500000e+02	9.99990155e-01
1.63500000e+02	9.99989753e-01
1.64500000e+02	9.99989335e-01
1.65500000e+02	9.99988900e-01
1.66500000e+02	9.99988447e-01
1.67500000e+02	9.99987975e-01
1.68500000e+02	9.99987485e-01
1.69500000e+02	9.99986974e-01
1.70500000e+02	9.99986442e-01
1.71500000e+02	9.99985889e-01
1.72500000e+02	9.99985313e-01
1.73500000e+02	9.99984714e-01
1.74500000e+02	9.99984090e-01
1.75500000e+02	9.99983441e-01
1.76500000e+02	9.99982765e-01
1.77500000e+02	9.99982062e-01
1.78500000e+02	9.99981330e-01
1.79500000e+02	9.99980568e-01
1.80500000e+02	9.99979775e-01
1.81500000e+02	9.99978949e-01
1.82500000e+02	9.99978090e-01
1.83500000e+02	9.99977196e-01
1.84500000e+02	9.99976266e-01
1.85500000e+02	9.99975297e-01
1.86500000e+02	9.99974289e-01
1.87500000e+02	9.99973240e-01
1.88500000e+02	9.99972148e-01
1.89500000e+02	9.99971011e-01
1.90500000e+02	9.99969829e-01
1.91500000e+02	9.99968597e-01
1.92500000e+02	9.99967316e-01
1.93500000e+02	9.99965982e-01
1.94500000e+02	9.99964594e-01
1.95500000e+02	9.99963149e-01
1.96500000e+02	9.99961646e-01
1.97500000e+02	9.99960081e-01
1.98500000e+02	9.99958452e-01
1.99500000e+02	9.99956756e-01
2.00500000e+02	9.99954992e-01
2.01500000e+02	9.99953155e-01
2.02500000e+02	9.99951244e-01
2.03500000e+02	9.99949254e-01
2.04500000e+02	9.99947184e-01
2.05500000e+02	9.99945029e-01
2.06500000e+02	9.99942786e-01
2.07500000e+02	9.99940451e-01
2.08500000e+02	9.99938021e-01
2.09500000e+02	9.99935492e-01
2.10500000e+02	9.99932860e-01
2.11500000e+02	9.99930121e-01
2.12500000e+02	9.99927270e-01
2.13500000e+02	9.99924302e-01
2.14500000e+02	9.99921214e-01
2.15500000e+02	9.99917999e-01
2.16500000e+02	9.99914654e-01
2.17500000e+02	9.99911172e-01
2.18500000e+02	9.99907548e-01
2.19500000e+02	9.99903776e-01
2.20500000e+02	9.99899850e-01
2.21500000e+02	9.99895764e-01
2.22500000e+02	9.99891512e-01
2.23500000e+02	9.99887086e-01
2.24500000e+02	9.99882479e-01
2.25500000e+02	9.99877685e-01
2.26500000e+02	9.99872695e-01
2.27500000e+02	9.99867502e-01
2.28500000e+02	9.99862097e-01
2.29500000e+02	9.99856472e-01
2.30500000e+02	9.99850617e-01
2.31500000e+02	9.99844524e-01
2.32500000e+02	9.99838182e-01
2.33500000e+02	9.99831581e-01
2.34500000e+02	9.99824712e-01
2.35500000e+02	9.99817562e-01
2.36500000e+02	9.99810121e-01
2.37500000e+02	9.99802377e-01
2.38500000e+02	9.99794317e-01
2.39500000e+02	9.99785929e-01
2.40500000e+02	9.99777198e-01
2.41500000e+02	9.99768112e-01
2.42500000e+02	9.99758656e-01
2.43500000e+02	9.99748814e-01
2.44500000e+02	9.99738571e-01
2.45500000e+02	9.99727911e-01
2.46500000e+02	9.99716816e-01
2.47500000e+02	9.99705270e-01
2.48500000e+02	9.99693253e-01
2.49500000e+02	9.99680747e-01
2.50500000e+02	9.99667731e-01
2.51500000e+02	9.99654186e-01
2.52500000e+02	9.99640088e-01
2.53500000e+02	9.99625417e-01
2.54500000e+02	9.99610148e-01
2.55500000e+02	9.99594258e-01
2.56500000e+02	9.99577720e-01
2.57500000e+02	9.99560510e-01
2.58500000e+02	9.99542599e-01
2.59500000e+02	9.99523959e-01
2.60500000e+02	9.99504561e-01
2.61500000e+02	9.99484373e-01
2.62500000e+02	9.99463364e-01
2.63500000e+02	9.99441501e-01
2.64500000e+02	9.99418748e-01
2.65500000e+02	9.99395070e-01
2.66500000e+02	9.99370429e-01
2.67500000e+02	9.99344786e-01
2.68500000e+02	9.99318101e-01
2.69500000e+02	9.99290331e-01
2.70500000e+02	9.99261433e-01
2.71500000e+02	9.99231361e-01
2.72500000e+02	9.99200067e-01
2.73500000e+02	9.99167502e-01
2.74500000e+02	9.99133614e-01
2.75500000e+02	9.99098351e-01
2.76500000e+02	9.99061656e-01
2.77500000e+02	9.99023472e-01
2.78500000e+02	9.98983739e-01
2.79500000e+02	9.98942393e-01
2.80500000e+02	9.98899371e-01
2.81500000e+02	9.98854604e-01
2.82500000e+02	9.98808023e-01
2.83500000e+02	9.98759554e-01
2.84500000e+02	9.98709121e-01
2.85500000e+02	9.98656645e-01
2.86500000e+02	9.98602044e-01
2.87500000e+02	9.98545233e-01
2.88500000e+02	9.98486123e-01
2.89500000e+02	9.98424621e-01
2.90500000e+02	9.98360633e-01
2.91500000e+02	9.98294057e-01
2.92500000e+02	9.98224790e-01
2.93500000e+02	9.98152726e-01
2.94500000e+02	9.98077751e-01
2.95500000e+02	9.97999749e-01
2.96500000e+02	9.97918600e-01
2.97500000e+02	9.97834179e-01
2.98500000e+02	9.97746353e-01
2.99500000e+02	9.97654989e-01
3.00500000e+02	9.97559944e-01
3.01500000e+02	9.97461074e-01
3.02500000e+02	9.97358225e-01
3.03500000e+02	9.97251240e-01
3.04500000e+02	9.97139955e-01
3.05500000e+02	9.97024200e-01
3.06500000e+02	9.96903797e-01
3.07500000e+02	9.96778564e-01
3.08500000e+02	9.96648309e-01
3.09500000e+02	9.96512835e-01
3.10500000e+02	9.96371937e-01
3.11500000e+02	9.96225400e-01
3.12500000e+02	9.96073005e-01
3.13500000e+02	9.95914520e-01
3.14500000e+02	9.95749708e-01
3.15500000e+02	9.95578322e-01
3.16500000e+02	9.95400104e-01
3.17500000e+02	9.95214790e-01
3.18500000e+02	9.95022102e-01
3.19500000e+02	9.94821755e-01
3.20500000e+02	9.94613452e-01
3.21500000e+02	9.94396885e-01
3.22500000e+02	9.94171736e-01
3.23500000e+02	9.93937673e-01
3.24500000e+02	9.93694354e-01
3.25500000e+02	9.93441424e-01
3.26500000e+02	9.93178514e-01
3.27500000e+02	9.92905245e-01
3.28500000e+02	9.92621221e-01
3.29500000e+02	9.92326034e-01
3.30500000e+02	9.92019260e-01
3.31500000e+02	9.91700461e-01
3.32500000e+02	9.91369185e-01
3.33500000e+02	9.91024961e-01
3.34500000e+02	9.90667305e-01
3.35500000e+02	9.90295714e-01
3.36500000e+02	9.89909669e-01
3.37500000e+02	9.89508634e-01
3.38500000e+02	9.89092053e-01
3.39500000e+02	9.88659353e-01
3.40500000e+02	9.88209941e-01
3.41500000e+02	9.87743205e-01
3.42500000e+02	9.87258513e-01
3.43500000e+02	9.86755212e-01
3.44500000e+02	9.86232628e-01
3.45500000e+02	9.85690066e-01
3.46500000e+02	9.85126809e-01
3.47500000e+02	9.84542116e-01
3.48500000e+02	9.83935226e-01
3.49500000e+02	9.83305351e-01
3.50500000e+02	9.82651682e-01
3.51500000e+02	9.81973384e-01
3.52500000e+02	9.81269598e-01
3.53500000e+02	9.80539439e-01
3.54500000e+02	9.79781996e-01
3.55500000e+02	9.78996334e-01
3.56500000e+02	9.78181489e-01
3.57500000e+02	9.77336472e-01
3.58500000e+02	9.76460264e-01
3.59500000e+02	9.75551823e-01
3.60500000e+02	9.74610074e-01
3.61500000e+02	9.73633918e-01
3.62500000e+02	9.72622225e-01
3.63500000e+02	9.71573837e-01
3.64500000e+02	9.70487568e-01
3.65500000e+02	9.69362202e-01
3.66500000e+02	9.68196495e-01
3.67500000e+02	9.66989173e-01
3.68500000e+02	9.65738933e-01
3.69500000e+02	9.64444443e-01
3.70500000e+02	9.63104343e-01
3.71500000e+02	9.61717243e-01
3.72500000e+02	9.60281725e-01
3.73500000e+02	9.58796341e-01
3.74500000e+02	9.57259619e-01
3.75500000e+02	9.55670054e-01
3.76500000e+02	9.54026119e-01
3.77500000e+02	9.52326258e-01
3.78500000e+02	9.50568889e-01
3.79500000e+02	9.48752406e-01
3.80500000e+02	9.46875179e-01
3.81500000e+02	9.44935552e-01
3.82500000e+02	9.42931850e-01
3.83500000e+02	9.40862376e-01
3.84500000e+02	9.38725413e-01
3.85500000e+02	9.36519224e-01
3.86500000e+02	9.34242057e-01
3.87500000e+02	9.31892144e-01
3.88500000e+02	9.29467704e-01
3.89500000e+02	9.26966942e-01
3.90500000e+02	9.24388055e-01
3.91500000e+02	9.21729233e-01
3.92500000e+02	9.18988658e-01
3.93500000e+02	9.16164512e-01
3.94500000e+02	9.13254974e-01
3.95500000e+02	9.10258228e-01
3.96500000e+02	9.07172461e-01
3.97500000e+02	9.03995871e-01
3.98500000e+02	9.00726664e-01
3.99500000e+02	8.97363065e-01
4.00500000e+02	8.93903315e-01
4.01500000e+02	8.90345678e-01
4.02500000e+02	8.86688447e-01
4.03500000e+02	8.82929942e-01
4.04500000e+02	8.79068521e-01
4.05500000e+02	8.75102579e-01
4.06500000e+02	8.71030560e-01
4.07500000e+02	8.66850953e-01
4.08500000e+02	8.62562304e-01
4.09500000e+02	8.58163219e-01
4.10500000e+02	8.53652371e-01
4.11500000e+02	8.49028503e-01
4.12500000e+02	8.44290436e-01
4.13500000e+02	8.39437079e-01
4.14500000e+02	8.34467427e-01
4.15500000e+02	8.29380575e-01
4.16500000e+02	8.24175725e-01
4.17500000e+02	8.18852186e-01
4.18500000e+02	8.13409391e-01
4.19500000e+02	8.07846899e-01
4.20500000e+02	8.02164401e-01
4.21500000e+02	7.96361734e-01
4.22500000e+02	7.90438885e-01
4.23500000e+02	7.84396001e-01
4.24500000e+02	7.78233396e-01
4.25500000e+02	7.71951561e-01
4.26500000e+02	7.65551170e-01
4.27500000e+02	7.59033092e-01
4.28500000e+02	7.52398398e-01
4.29500000e+02	7.45648369e-01
4.30500000e+02	7.38784505e-01
4.31500000e+02	7.31808532e-01
4.32500000e+02	7.24722413e-01
4.33500000e+02	7.17528351e-01
4.34500000e+02	7.10228801e-01
4.35500000e+02	7.02826471e-01
4.36500000e+02	6.95324336e-01
4.37500000e+02	6.87725635e-01
4.38500000e+02	6.80033881e-01
4.39500000e+02	6.72252861e-01
4.40500000e+02	6.64386642e-01
4.41500000e+02	6.56439569e-01
4.42500000e+02	6.48416267e-01
4.43500000e+02	6.40321639e-01
4.44500000e+02	6.32160860e-01
4.45500000e+02	6.23939374e-01
4.46500000e+02	6.15662889e-01
4.47500000e+02	6.07337364e-01
4.48500000e+02	5.98968998e-01
4.49500000e+02	5.90564219e-01
4.50500000e+02	5.82129666e-01
4.51500000e+02	5.73672170e-01
4.52500000e+02	5.65198736e-01
4.53500000e+02	5.56716516e-01
4.54500000e+02	5.48232788e-01
4.55500000e+02	5.39754924e-01
4.56500000e+02	5.31290365e-01
4.57500000e+02	5.22846586e-01
4.58500000e+02	5.14431066e-01
4.59500000e+02	5.06051252e-01
4.60500000e+02	4.97714529e-01
4.61500000e+02	4.89428180e-01
4.62500000e+02	4.81199354e-01
4.63500000e+02	4.73035033e-01
4.64500000e+02	4.64941998e-01
4.65500000e+02	4.56926799e-01
4.66500000e+02	4.48995724e-01
4.67500000e+02	4.41154773e-01
4.68500000e+02	4.33409638e-01
4.69500000e+02	4.25765674e-01
4.70500000e+02	4.18227891e-01
4.71500000e+02	4.10800935e-01
4.72500000e+02	4.03489077e-01
4.73500000e+02	3.96296211e-01
4.74500000e+02	3.89225844e-01
4.75500000e+02	3.82281105e-01
4.76500000e+02	3.75464740e-01
4.77500000e+02	3.68779123e-01
4.78500000e+02	3.62226265e-01
4.79500000e+02	3.55807819e-01
4.80500000e+02	3.49525100e-01
4.81500000e+02	3.43379097e-01
4.82500000e+02	3.37370483e-01
4.83500000e+02	3.31499641e-01
4.84500000e+02	3.25766671e-01
4.85500000e+02	3.20171412e-01
4.86500000e+02	3.14713461e-01
4.87500000e+02	3.09392183e-01
4.88500000e+02	3.04206735e-01
4.89500000e+02	2.99156078e-01
4.90500000e+02	2.94238997e-01
4.91500000e+02	2.89454108e-01
4.92500000e+02	2.84799884e-01
4.93500000e+02	2.80274660e-01
4.94500000e+02	2.75876651e-01
4.95500000e+02	2.71603962e-01
4.96500000e+02	2.67454605e-01
4.97500000e+02	2.63426502e-01
4.98500000e+02	2.59517506e-01
4.99500000e+02	2.55725403e-01
5.00500000e+02	2.52047926e-01
5.01500000e+02	2.48482761e-01
5.02500000e+02	2.45027559e-01
5.03500000e+02	2.41679942e-01
5.04500000e+02	2.38437507e-01
5.05500000e+02	2.35297839e-01
5.06500000e+02	2.32258514e-01
5.07500000e+02	2.29317104e-01
5.08500000e+02	2.26471184e-01
5.09500000e+02	2.23718337e-01
5.10500000e+02	2.21056156e-01
5.11500000e+02	2.18482253e-01
5.12500000e+02	2.15994257e-01
5.13500000e+02	2.13589822e-01
5.14500000e+02	2.11266629e-01
5.15500000e+02	2.09022386e-01
5.16500000e+02	2.06854835e-01
5.17500000e+02	2.04761750e-01
5.18500000e+02	2.02740943e-01
5.19500000e+02	2.00790262e-01
5.20500000e+02	1.98907593e-01
5.21500000e+02	1.97090866e-01
5.22500000e+02	1.95338048e-01
5.23500000e+02	1.93647151e-01
5.24500000e+02	1.92016229e-01
5.25500000e+02	1.90443381e-01
5.26500000e+02	1.88926747e-01
5.27500000e+02	1.87464513e-01
5.28500000e+02	1.86054909e-01
5.29500000e+02	1.84696209e-01
5.30500000e+02	1.83386732e-01
5.31500000e+02	1.82124840e-01
5.32500000e+02	1.80908940e-01
5.33500000e+02	1.79737480e-01
5.34500000e+02	1.78608953e-01
5.35500000e+02	1.77521895e-01
5.36500000e+02	1.76474882e-01
5.37500000e+02	1.75466533e-01
5.38500000e+02	1.74495506e-01
5.39500000e+02	1.73560501e-01
5.40500000e+02	1.72660256e-01
5.41500000e+02	1.71793549e-01
5.42500000e+02	1.70959193e-01
5.43500000e+02	1.70156042e-01
5.44500000e+02	1.69382983e-01
5.45500000e+02	1.68638940e-01
5.46500000e+02	1.67922872e-01
5.47500000e+02	1.67233770e-01
5.48500000e+02	1.66570661e-01
5.49500000e+02	1.65932601e-01
5.50500000e+02	1.65318678e-01
5.51500000e+02	1.64728014e-01
5.52500000e+02	1.64159756e-01
5.53500000e+02	1.63613082e-01
5.54500000e+02	1.63087198e-01
5.55500000e+02	1.62581337e-01
5.56500000e+02	1.62094759e-01
5.57500000e+02	1.61626750e-01
5.58500000e+02	1.61176619e-01
5.59500000e+02	1.60743702e-01
5.60500000e+02	1.60327356e-01
5.61500000e+02	1.59926961e-01
5.62500000e+02	1.59541921e-01
5.63500000e+02	1.59171659e-01
5.64500000e+02	1.58815621e-01
5.65500000e+02	1.58473270e-01
5.66500000e+02	1.58144091e-01
5.67500000e+02	1.57827586e-01
5.68500000e+02	1.57523276e-01
5.69500000e+02	1.57230699e-01
5.70500000e+02	1.56949410e-01
5.71500000e+02	1.56678981e-01
5.72500000e+02	1.56418998e-01
5.73500000e+02	1.56169064e-01
5.74500000e+02	1.55928796e-01
5.75500000e+02	1.55697825e-01
5.76500000e+02	1.55475796e-01
5.77500000e+02	1.55262367e-01
5.78500000e+02	1.55057209e-01
5.79500000e+02	1.54860005e-01
5.80500000e+02	1.54670450e-01
5.81500000e+02	1.54488251e-01
5.82500000e+02	1.54313124e-01
5.83500000e+02	1.54144799e-01
5.84500000e+02	1.53983013e-01
5.85500000e+02	1.53827514e-01
5.86500000e+02	1.53678061e-01
5.87500000e+02	1.53534420e-01
5.88500000e+02	1.53396367e-01
5.89500000e+02	1.53263686e-01
5.90500000e+02	1.53136171e-01
5.91500000e+02	1.53013620e-01
5.92500000e+02	1.52895842e-01
5.93500000e+02	1.52782653e-01
5.94500000e+02	1.52673874e-01
5.95500000e+02	1.52569336e-01
5.96500000e+02	1.52468873e-01
5.97500000e+02	1.52372327e-01
5.98500000e+02	1.52279547e-01
5.99500000e+02	1.52190387e-01
6.00500000e+02	1.52104706e-01
6.01500000e+02	1.52022369e-01
6.02500000e+02	1.51943245e-01
6.03500000e+02	1.51867211e-01
6.04500000e+02	1.51794145e-01
6.05500000e+02	1.51723934e-01
6.06500000e+02	1.51656464e-01
6.07500000e+02	1.51591631e-01
6.08500000e+02	1.51529330e-01
6.09500000e+02	1.51469464e-01
6.10500000e+02	1.51411938e-01
6.11500000e+02	1.51356660e-01
6.12500000e+02	1.51303544e-01
6.13500000e+02	1.51252504e-01
6.14500000e+02	1.51203459e-01
6.15500000e+02	1.51156333e-01
6.16500000e+02	1.51111050e-01
6.17500000e+02	1.51067537e-01
6.18500000e+02	1.51025727e-01
6.19500000e+02	1.50985553e-01
6.20500000e+02	1.50946951e-01
6.21500000e+02	1.50909858e-01
6.22500000e+02	1.50874218e-01
6.23500000e+02	1.50839972e-01
6.24500000e+02	1.50807066e-01
6.25500000e+02	1.50775449e-01
6.26500000e+02	1.50745068e-01
6.27500000e+02	1.50715878e-01
6.28500000e+02	1.50687830e-01
6.29500000e+02	1.50660880e-01
6.30500000e+02	1.50634985e-01
6.31500000e+02	1.50610104e-01
6.32500000e+02	1.50586197e-01
6.33500000e+02	1.50563227e-01
6.34500000e+02	1.50541156e-01
6.35500000e+02	1.50519950e-01
6.36500000e+02	1.50499574e-01
6.37500000e+02	1.50479996e-01
6.38500000e+02	1.50461185e-01
6.39500000e+02	1.50443110e-01
6.40500000e+02	1.50425744e-01
6.41500000e+02	1.50409058e-01
6.42500000e+02	1.50393026e-01
6.43500000e+02	1.50377622e-01
6.44500000e+02	1.50362821e-01
6.45500000e+02	1.50348600e-01
6.46500000e+02	1.50334937e-01
6.47500000e+02	1.50321809e-01
6.48500000e+02	1.50309195e-01
6.49500000e+02	1.50297075e-01
6.50500000e+02	1.50285430e-01
6.51500000e+02	1.50274242e-01
6.52500000e+02	1.50263492e-01
6.53500000e+02	1.50253163e-01
6.54500000e+02	1.50243239e-01
6.55500000e+02	1.50233704e-01
6.56500000e+02	1.50224543e-01
6.57500000e+02	1.50215741e-01
6.58500000e+02	1.50207283e-01
6.59500000e+02	1.50199157e-01
6.60500000e+02	1.50191350e-01
6.61500000e+02	1.50183849e-01
6.62500000e+02	1.50176641e-01
6.63500000e+02	1.50169716e-01
6.64500000e+02	1.50163063e-01
6.65500000e+02	1.50156670e-01
6.66500000e+02	1.50150528e-01
6.67500000e+02	1.50144627e-01
6.68500000e+02	1.50138957e-01
6.69500000e+02	1.50133509e-01
6.70500000e+02	1.50128275e-01
6.71500000e+02	1.50123246e-01
6.72500000e+02	1.50118414e-01
6.73500000e+02	1.50113772e-01
6.74500000e+02	1.50109311e-01
6.75500000e+02	1.50105025e-01
6.76500000e+02	1.50100908e-01
6.77500000e+02	1.50096952e-01
6.78500000e+02	1.50093150e-01
6.79500000e+02	1.50089498e-01
6.80500000e+02	1.50085989e-01
6.81500000e+02	1.50082618e-01
6.82500000e+02	1.50079379e-01
6.83500000e+02	1.50076267e-01
6.84500000e+02	1.50073276e-01
6.85500000e+02	1.50070403e-01
6.86500000e+02	1.50067643e-01
6.87500000e+02	1.50064991e-01
6.88500000e+02	1.50062443e-01
6.89500000e+02	1.50059994e-01
6.90500000e+02	1.50057642e-01
6.91500000e+02	1.50055382e-01
6.92500000e+02	1.50053211e-01
6.93500000e+02	1.50051124e-01
6.94500000e+02	1.50049120e-01
6.95500000e+02	1.50047196e-01
6.96500000e+02	1.50045356e-01
6.97500000e+02	1.50043631e-01
6.98500000e+02	1.50042146e-01
6.99500000e+02	1.50041176e-01
