# Profil de Te au temps 1.800999999999969e-11 
# simu : /Volumes/MERCURE/JOBS/Zeq1_tanh_50mic_3p5e22_B0_20ps/GNU/Te@y-c.set
# col 0 : abscisse (um)
# col 1 : Te (keV)
5.00000000e-01	1.00000000e+00
1.50000000e+00	9.99999993e-01
2.50000000e+00	1.00000001e+00
3.50000000e+00	1.00000000e+00
4.50000000e+00	9.99999998e-01
5.50000000e+00	9.99999995e-01
6.50000000e+00	9.99999992e-01
7.50000000e+00	9.99999989e-01
8.50000000e+00	9.99999987e-01
9.50000000e+00	9.99999984e-01
1.05000000e+01	9.99999982e-01
1.15000000e+01	9.99999980e-01
1.25000000e+01	9.99999978e-01
1.35000000e+01	9.99999976e-01
1.45000000e+01	9.99999973e-01
1.55000000e+01	9.99999971e-01
1.65000000e+01	9.99999969e-01
1.75000000e+01	9.99999967e-01
1.85000000e+01	9.99999964e-01
1.95000000e+01	9.99999962e-01
2.05000000e+01	9.99999960e-01
2.15000000e+01	9.99999957e-01
2.25000000e+01	9.99999955e-01
2.35000000e+01	9.99999952e-01
2.45000000e+01	9.99999950e-01
2.55000000e+01	9.99999947e-01
2.65000000e+01	9.99999945e-01
2.75000000e+01	9.99999942e-01
2.85000000e+01	9.99999939e-01
2.95000000e+01	9.99999936e-01
3.05000000e+01	9.99999933e-01
3.15000000e+01	9.99999930e-01
3.25000000e+01	9.99999927e-01
3.35000000e+01	9.99999924e-01
3.45000000e+01	9.99999921e-01
3.55000000e+01	9.99999917e-01
3.65000000e+01	9.99999913e-01
3.75000000e+01	9.99999910e-01
3.85000000e+01	9.99999906e-01
3.95000000e+01	9.99999902e-01
4.05000000e+01	9.99999898e-01
4.15000000e+01	9.99999893e-01
4.25000000e+01	9.99999889e-01
4.35000000e+01	9.99999884e-01
4.45000000e+01	9.99999880e-01
4.55000000e+01	9.99999875e-01
4.65000000e+01	9.99999869e-01
4.75000000e+01	9.99999864e-01
4.85000000e+01	9.99999858e-01
4.95000000e+01	9.99999853e-01
5.05000000e+01	9.99999847e-01
5.15000000e+01	9.99999840e-01
5.25000000e+01	9.99999834e-01
5.35000000e+01	9.99999827e-01
5.45000000e+01	9.99999820e-01
5.55000000e+01	9.99999813e-01
5.65000000e+01	9.99999805e-01
5.75000000e+01	9.99999797e-01
5.85000000e+01	9.99999789e-01
5.95000000e+01	9.99999780e-01
6.05000000e+01	9.99999771e-01
6.15000000e+01	9.99999762e-01
6.25000000e+01	9.99999752e-01
6.35000000e+01	9.99999742e-01
6.45000000e+01	9.99999731e-01
6.55000000e+01	9.99999720e-01
6.65000000e+01	9.99999709e-01
6.75000000e+01	9.99999697e-01
6.85000000e+01	9.99999685e-01
6.95000000e+01	9.99999672e-01
7.05000000e+01	9.99999659e-01
7.15000000e+01	9.99999645e-01
7.25000000e+01	9.99999630e-01
7.35000000e+01	9.99999615e-01
7.45000000e+01	9.99999600e-01
7.55000000e+01	9.99999583e-01
7.65000000e+01	9.99999566e-01
7.75000000e+01	9.99999549e-01
7.85000000e+01	9.99999530e-01
7.95000000e+01	9.99999511e-01
8.05000000e+01	9.99999491e-01
8.15000000e+01	9.99999470e-01
8.25000000e+01	9.99999449e-01
8.35000000e+01	9.99999426e-01
8.45000000e+01	9.99999403e-01
8.55000000e+01	9.99999379e-01
8.65000000e+01	9.99999353e-01
8.75000000e+01	9.99999327e-01
8.85000000e+01	9.99999299e-01
8.95000000e+01	9.99999271e-01
9.05000000e+01	9.99999241e-01
9.15000000e+01	9.99999210e-01
9.25000000e+01	9.99999178e-01
9.35000000e+01	9.99999144e-01
9.45000000e+01	9.99999110e-01
9.55000000e+01	9.99999073e-01
9.65000000e+01	9.99999035e-01
9.75000000e+01	9.99998996e-01
9.85000000e+01	9.99998955e-01
9.95000000e+01	9.99998913e-01
1.00500000e+02	9.99998868e-01
1.01500000e+02	9.99998822e-01
1.02500000e+02	9.99998774e-01
1.03500000e+02	9.99998724e-01
1.04500000e+02	9.99998672e-01
1.05500000e+02	9.99998618e-01
1.06500000e+02	9.99998561e-01
1.07500000e+02	9.99998503e-01
1.08500000e+02	9.99998442e-01
1.09500000e+02	9.99998378e-01
1.10500000e+02	9.99998312e-01
1.11500000e+02	9.99998243e-01
1.12500000e+02	9.99998171e-01
1.13500000e+02	9.99998097e-01
1.14500000e+02	9.99998019e-01
1.15500000e+02	9.99997938e-01
1.16500000e+02	9.99997854e-01
1.17500000e+02	9.99997767e-01
1.18500000e+02	9.99997676e-01
1.19500000e+02	9.99997581e-01
1.20500000e+02	9.99997482e-01
1.21500000e+02	9.99997379e-01
1.22500000e+02	9.99997272e-01
1.23500000e+02	9.99997161e-01
1.24500000e+02	9.99997045e-01
1.25500000e+02	9.99996925e-01
1.26500000e+02	9.99996799e-01
1.27500000e+02	9.99996669e-01
1.28500000e+02	9.99996533e-01
1.29500000e+02	9.99996391e-01
1.30500000e+02	9.99996244e-01
1.31500000e+02	9.99996091e-01
1.32500000e+02	9.99995931e-01
1.33500000e+02	9.99995765e-01
1.34500000e+02	9.99995593e-01
1.35500000e+02	9.99995413e-01
1.36500000e+02	9.99995226e-01
1.37500000e+02	9.99995031e-01
1.38500000e+02	9.99994828e-01
1.39500000e+02	9.99994617e-01
1.40500000e+02	9.99994397e-01
1.41500000e+02	9.99994169e-01
1.42500000e+02	9.99993931e-01
1.43500000e+02	9.99993683e-01
1.44500000e+02	9.99993425e-01
1.45500000e+02	9.99993157e-01
1.46500000e+02	9.99992878e-01
1.47500000e+02	9.99992587e-01
1.48500000e+02	9.99992285e-01
1.49500000e+02	9.99991970e-01
1.50500000e+02	9.99991643e-01
1.51500000e+02	9.99991302e-01
1.52500000e+02	9.99990947e-01
1.53500000e+02	9.99990577e-01
1.54500000e+02	9.99990193e-01
1.55500000e+02	9.99989793e-01
1.56500000e+02	9.99989376e-01
1.57500000e+02	9.99988943e-01
1.58500000e+02	9.99988491e-01
1.59500000e+02	9.99988022e-01
1.60500000e+02	9.99987533e-01
1.61500000e+02	9.99987024e-01
1.62500000e+02	9.99986495e-01
1.63500000e+02	9.99985944e-01
1.64500000e+02	9.99985371e-01
1.65500000e+02	9.99984774e-01
1.66500000e+02	9.99984152e-01
1.67500000e+02	9.99983506e-01
1.68500000e+02	9.99982833e-01
1.69500000e+02	9.99982132e-01
1.70500000e+02	9.99981403e-01
1.71500000e+02	9.99980645e-01
1.72500000e+02	9.99979855e-01
1.73500000e+02	9.99979033e-01
1.74500000e+02	9.99978178e-01
1.75500000e+02	9.99977287e-01
1.76500000e+02	9.99976361e-01
1.77500000e+02	9.99975396e-01
1.78500000e+02	9.99974393e-01
1.79500000e+02	9.99973348e-01
1.80500000e+02	9.99972261e-01
1.81500000e+02	9.99971129e-01
1.82500000e+02	9.99969951e-01
1.83500000e+02	9.99968725e-01
1.84500000e+02	9.99967450e-01
1.85500000e+02	9.99966122e-01
1.86500000e+02	9.99964740e-01
1.87500000e+02	9.99963301e-01
1.88500000e+02	9.99961804e-01
1.89500000e+02	9.99960246e-01
1.90500000e+02	9.99958625e-01
1.91500000e+02	9.99956937e-01
1.92500000e+02	9.99955181e-01
1.93500000e+02	9.99953353e-01
1.94500000e+02	9.99951450e-01
1.95500000e+02	9.99949470e-01
1.96500000e+02	9.99947409e-01
1.97500000e+02	9.99945264e-01
1.98500000e+02	9.99943032e-01
1.99500000e+02	9.99940708e-01
2.00500000e+02	9.99938290e-01
2.01500000e+02	9.99935774e-01
2.02500000e+02	9.99933155e-01
2.03500000e+02	9.99930429e-01
2.04500000e+02	9.99927592e-01
2.05500000e+02	9.99924639e-01
2.06500000e+02	9.99921567e-01
2.07500000e+02	9.99918369e-01
2.08500000e+02	9.99915040e-01
2.09500000e+02	9.99911577e-01
2.10500000e+02	9.99907972e-01
2.11500000e+02	9.99904220e-01
2.12500000e+02	9.99900315e-01
2.13500000e+02	9.99896252e-01
2.14500000e+02	9.99892023e-01
2.15500000e+02	9.99887622e-01
2.16500000e+02	9.99883041e-01
2.17500000e+02	9.99878275e-01
2.18500000e+02	9.99873314e-01
2.19500000e+02	9.99868151e-01
2.20500000e+02	9.99862778e-01
2.21500000e+02	9.99857187e-01
2.22500000e+02	9.99851368e-01
2.23500000e+02	9.99845312e-01
2.24500000e+02	9.99839010e-01
2.25500000e+02	9.99832451e-01
2.26500000e+02	9.99825626e-01
2.27500000e+02	9.99818523e-01
2.28500000e+02	9.99811132e-01
2.29500000e+02	9.99803440e-01
2.30500000e+02	9.99795435e-01
2.31500000e+02	9.99787105e-01
2.32500000e+02	9.99778437e-01
2.33500000e+02	9.99769416e-01
2.34500000e+02	9.99760029e-01
2.35500000e+02	9.99750260e-01
2.36500000e+02	9.99740095e-01
2.37500000e+02	9.99729518e-01
2.38500000e+02	9.99718511e-01
2.39500000e+02	9.99707057e-01
2.40500000e+02	9.99695138e-01
2.41500000e+02	9.99682736e-01
2.42500000e+02	9.99669831e-01
2.43500000e+02	9.99656402e-01
2.44500000e+02	9.99642429e-01
2.45500000e+02	9.99627890e-01
2.46500000e+02	9.99612761e-01
2.47500000e+02	9.99597020e-01
2.48500000e+02	9.99580641e-01
2.49500000e+02	9.99563599e-01
2.50500000e+02	9.99545867e-01
2.51500000e+02	9.99527418e-01
2.52500000e+02	9.99508222e-01
2.53500000e+02	9.99488250e-01
2.54500000e+02	9.99467471e-01
2.55500000e+02	9.99445851e-01
2.56500000e+02	9.99423359e-01
2.57500000e+02	9.99399957e-01
2.58500000e+02	9.99375612e-01
2.59500000e+02	9.99350283e-01
2.60500000e+02	9.99323933e-01
2.61500000e+02	9.99296521e-01
2.62500000e+02	9.99268003e-01
2.63500000e+02	9.99238337e-01
2.64500000e+02	9.99207476e-01
2.65500000e+02	9.99175372e-01
2.66500000e+02	9.99141977e-01
2.67500000e+02	9.99107240e-01
2.68500000e+02	9.99071106e-01
2.69500000e+02	9.99033520e-01
2.70500000e+02	9.98994426e-01
2.71500000e+02	9.98953763e-01
2.72500000e+02	9.98911469e-01
2.73500000e+02	9.98867480e-01
2.74500000e+02	9.98821730e-01
2.75500000e+02	9.98774148e-01
2.76500000e+02	9.98724662e-01
2.77500000e+02	9.98673199e-01
2.78500000e+02	9.98619680e-01
2.79500000e+02	9.98564025e-01
2.80500000e+02	9.98506150e-01
2.81500000e+02	9.98445968e-01
2.82500000e+02	9.98383390e-01
2.83500000e+02	9.98318321e-01
2.84500000e+02	9.98250666e-01
2.85500000e+02	9.98180323e-01
2.86500000e+02	9.98107189e-01
2.87500000e+02	9.98031155e-01
2.88500000e+02	9.97952109e-01
2.89500000e+02	9.97869935e-01
2.90500000e+02	9.97784512e-01
2.91500000e+02	9.97695717e-01
2.92500000e+02	9.97603418e-01
2.93500000e+02	9.97507482e-01
2.94500000e+02	9.97407770e-01
2.95500000e+02	9.97304138e-01
2.96500000e+02	9.97196437e-01
2.97500000e+02	9.97084512e-01
2.98500000e+02	9.96968203e-01
2.99500000e+02	9.96847344e-01
3.00500000e+02	9.96721764e-01
3.01500000e+02	9.96591286e-01
3.02500000e+02	9.96455724e-01
3.03500000e+02	9.96314890e-01
3.04500000e+02	9.96168586e-01
3.05500000e+02	9.96016609e-01
3.06500000e+02	9.95858748e-01
3.07500000e+02	9.95694785e-01
3.08500000e+02	9.95524494e-01
3.09500000e+02	9.95347644e-01
3.10500000e+02	9.95163993e-01
3.11500000e+02	9.94973292e-01
3.12500000e+02	9.94775286e-01
3.13500000e+02	9.94569707e-01
3.14500000e+02	9.94356282e-01
3.15500000e+02	9.94134729e-01
3.16500000e+02	9.93904754e-01
3.17500000e+02	9.93666056e-01
3.18500000e+02	9.93418323e-01
3.19500000e+02	9.93161235e-01
3.20500000e+02	9.92894460e-01
3.21500000e+02	9.92617656e-01
3.22500000e+02	9.92330472e-01
3.23500000e+02	9.92032544e-01
3.24500000e+02	9.91723498e-01
3.25500000e+02	9.91402948e-01
3.26500000e+02	9.91070498e-01
3.27500000e+02	9.90725738e-01
3.28500000e+02	9.90368247e-01
3.29500000e+02	9.89997593e-01
3.30500000e+02	9.89613330e-01
3.31500000e+02	9.89214998e-01
3.32500000e+02	9.88802127e-01
3.33500000e+02	9.88374231e-01
3.34500000e+02	9.87930812e-01
3.35500000e+02	9.87471359e-01
3.36500000e+02	9.86995344e-01
3.37500000e+02	9.86502228e-01
3.38500000e+02	9.85991456e-01
3.39500000e+02	9.85462459e-01
3.40500000e+02	9.84914653e-01
3.41500000e+02	9.84347439e-01
3.42500000e+02	9.83760203e-01
3.43500000e+02	9.83152314e-01
3.44500000e+02	9.82523129e-01
3.45500000e+02	9.81871985e-01
3.46500000e+02	9.81198206e-01
3.47500000e+02	9.80501100e-01
3.48500000e+02	9.79779956e-01
3.49500000e+02	9.79034050e-01
3.50500000e+02	9.78262639e-01
3.51500000e+02	9.77464965e-01
3.52500000e+02	9.76640253e-01
3.53500000e+02	9.75787710e-01
3.54500000e+02	9.74906528e-01
3.55500000e+02	9.73995880e-01
3.56500000e+02	9.73054925e-01
3.57500000e+02	9.72082802e-01
3.58500000e+02	9.71078635e-01
3.59500000e+02	9.70041529e-01
3.60500000e+02	9.68970574e-01
3.61500000e+02	9.67864841e-01
3.62500000e+02	9.66723387e-01
3.63500000e+02	9.65545249e-01
3.64500000e+02	9.64329449e-01
3.65500000e+02	9.63074992e-01
3.66500000e+02	9.61780865e-01
3.67500000e+02	9.60446041e-01
3.68500000e+02	9.59069475e-01
3.69500000e+02	9.57650106e-01
3.70500000e+02	9.56186857e-01
3.71500000e+02	9.54678637e-01
3.72500000e+02	9.53124337e-01
3.73500000e+02	9.51522834e-01
3.74500000e+02	9.49872991e-01
3.75500000e+02	9.48173655e-01
3.76500000e+02	9.46423658e-01
3.77500000e+02	9.44621820e-01
3.78500000e+02	9.42766947e-01
3.79500000e+02	9.40857832e-01
3.80500000e+02	9.38893253e-01
3.81500000e+02	9.36871980e-01
3.82500000e+02	9.34792768e-01
3.83500000e+02	9.32654361e-01
3.84500000e+02	9.30455494e-01
3.85500000e+02	9.28194891e-01
3.86500000e+02	9.25871267e-01
3.87500000e+02	9.23483327e-01
3.88500000e+02	9.21029771e-01
3.89500000e+02	9.18509287e-01
3.90500000e+02	9.15920562e-01
3.91500000e+02	9.13262272e-01
3.92500000e+02	9.10533092e-01
3.93500000e+02	9.07731692e-01
3.94500000e+02	9.04856738e-01
3.95500000e+02	9.01906896e-01
3.96500000e+02	8.98880828e-01
3.97500000e+02	8.95777201e-01
3.98500000e+02	8.92594679e-01
3.99500000e+02	8.89331931e-01
4.00500000e+02	8.85987631e-01
4.01500000e+02	8.82560455e-01
4.02500000e+02	8.79049091e-01
4.03500000e+02	8.75452231e-01
4.04500000e+02	8.71768579e-01
4.05500000e+02	8.67996853e-01
4.06500000e+02	8.64135782e-01
4.07500000e+02	8.60184113e-01
4.08500000e+02	8.56140609e-01
4.09500000e+02	8.52004057e-01
4.10500000e+02	8.47773261e-01
4.11500000e+02	8.43447057e-01
4.12500000e+02	8.39024303e-01
4.13500000e+02	8.34503892e-01
4.14500000e+02	8.29884750e-01
4.15500000e+02	8.25165838e-01
4.16500000e+02	8.20346160e-01
4.17500000e+02	8.15424763e-01
4.18500000e+02	8.10400745e-01
4.19500000e+02	8.05273252e-01
4.20500000e+02	8.00041491e-01
4.21500000e+02	7.94704729e-01
4.22500000e+02	7.89262299e-01
4.23500000e+02	7.83713609e-01
4.24500000e+02	7.78058141e-01
4.25500000e+02	7.72295464e-01
4.26500000e+02	7.66425236e-01
4.27500000e+02	7.60447214e-01
4.28500000e+02	7.54361257e-01
4.29500000e+02	7.48167340e-01
4.30500000e+02	7.41865555e-01
4.31500000e+02	7.35456126e-01
4.32500000e+02	7.28939414e-01
4.33500000e+02	7.22315928e-01
4.34500000e+02	7.15586337e-01
4.35500000e+02	7.08751476e-01
4.36500000e+02	7.01812361e-01
4.37500000e+02	6.94770201e-01
4.38500000e+02	6.87626407e-01
4.39500000e+02	6.80382604e-01
4.40500000e+02	6.73040650e-01
4.41500000e+02	6.65602641e-01
4.42500000e+02	6.58070929e-01
4.43500000e+02	6.50448135e-01
4.44500000e+02	6.42737161e-01
4.45500000e+02	6.34941202e-01
4.46500000e+02	6.27063765e-01
4.47500000e+02	6.19108672e-01
4.48500000e+02	6.11080080e-01
4.49500000e+02	6.02982486e-01
4.50500000e+02	5.94820737e-01
4.51500000e+02	5.86600041e-01
4.52500000e+02	5.78325966e-01
4.53500000e+02	5.70004446e-01
4.54500000e+02	5.61641782e-01
4.55500000e+02	5.53244635e-01
4.56500000e+02	5.44820020e-01
4.57500000e+02	5.36375294e-01
4.58500000e+02	5.27918137e-01
4.59500000e+02	5.19456532e-01
4.60500000e+02	5.10998739e-01
4.61500000e+02	5.02553255e-01
4.62500000e+02	4.94128782e-01
4.63500000e+02	4.85734177e-01
4.64500000e+02	4.77378404e-01
4.65500000e+02	4.69070475e-01
4.66500000e+02	4.60819394e-01
4.67500000e+02	4.52634087e-01
4.68500000e+02	4.44523340e-01
4.69500000e+02	4.36495729e-01
4.70500000e+02	4.28559551e-01
4.71500000e+02	4.20722763e-01
4.72500000e+02	4.12992911e-01
4.73500000e+02	4.05377079e-01
4.74500000e+02	3.97881837e-01
4.75500000e+02	3.90513198e-01
4.76500000e+02	3.83276581e-01
4.77500000e+02	3.76176793e-01
4.78500000e+02	3.69218010e-01
4.79500000e+02	3.62403776e-01
4.80500000e+02	3.55737010e-01
4.81500000e+02	3.49220019e-01
4.82500000e+02	3.42854523e-01
4.83500000e+02	3.36641685e-01
4.84500000e+02	3.30582145e-01
4.85500000e+02	3.24676060e-01
4.86500000e+02	3.18923143e-01
4.87500000e+02	3.13322711e-01
4.88500000e+02	3.07873721e-01
4.89500000e+02	3.02574813e-01
4.90500000e+02	2.97424351e-01
4.91500000e+02	2.92420457e-01
4.92500000e+02	2.87561048e-01
4.93500000e+02	2.82843864e-01
4.94500000e+02	2.78266497e-01
4.95500000e+02	2.73826416e-01
4.96500000e+02	2.69520990e-01
4.97500000e+02	2.65347509e-01
4.98500000e+02	2.61303196e-01
4.99500000e+02	2.57385230e-01
5.00500000e+02	2.53590753e-01
5.01500000e+02	2.49916884e-01
5.02500000e+02	2.46360732e-01
5.03500000e+02	2.42919399e-01
5.04500000e+02	2.39589995e-01
5.05500000e+02	2.36369639e-01
5.06500000e+02	2.33255469e-01
5.07500000e+02	2.30244647e-01
5.08500000e+02	2.27334360e-01
5.09500000e+02	2.24521829e-01
5.10500000e+02	2.21804310e-01
5.11500000e+02	2.19179096e-01
5.12500000e+02	2.16643524e-01
5.13500000e+02	2.14194972e-01
5.14500000e+02	2.11830865e-01
5.15500000e+02	2.09548675e-01
5.16500000e+02	2.07345922e-01
5.17500000e+02	2.05220177e-01
5.18500000e+02	2.03169061e-01
5.19500000e+02	2.01190247e-01
5.20500000e+02	1.99281458e-01
5.21500000e+02	1.97440473e-01
5.22500000e+02	1.95665121e-01
5.23500000e+02	1.93953284e-01
5.24500000e+02	1.92302897e-01
5.25500000e+02	1.90711948e-01
5.26500000e+02	1.89178477e-01
5.27500000e+02	1.87700576e-01
5.28500000e+02	1.86276387e-01
5.29500000e+02	1.84904104e-01
5.30500000e+02	1.83581972e-01
5.31500000e+02	1.82308286e-01
5.32500000e+02	1.81081387e-01
5.33500000e+02	1.79899668e-01
5.34500000e+02	1.78761566e-01
5.35500000e+02	1.77665568e-01
5.36500000e+02	1.76610203e-01
5.37500000e+02	1.75594049e-01
5.38500000e+02	1.74615725e-01
5.39500000e+02	1.73673893e-01
5.40500000e+02	1.72767259e-01
5.41500000e+02	1.71894569e-01
5.42500000e+02	1.71054610e-01
5.43500000e+02	1.70246206e-01
5.44500000e+02	1.69468221e-01
5.45500000e+02	1.68719557e-01
5.46500000e+02	1.67999151e-01
5.47500000e+02	1.67305976e-01
5.48500000e+02	1.66639040e-01
5.49500000e+02	1.65997382e-01
5.50500000e+02	1.65380076e-01
5.51500000e+02	1.64786228e-01
5.52500000e+02	1.64214973e-01
5.53500000e+02	1.63665476e-01
5.54500000e+02	1.63136933e-01
5.55500000e+02	1.62628565e-01
5.56500000e+02	1.62139622e-01
5.57500000e+02	1.61669382e-01
5.58500000e+02	1.61217144e-01
5.59500000e+02	1.60782237e-01
5.60500000e+02	1.60364011e-01
5.61500000e+02	1.59961840e-01
5.62500000e+02	1.59575119e-01
5.63500000e+02	1.59203267e-01
5.64500000e+02	1.58845724e-01
5.65500000e+02	1.58501948e-01
5.66500000e+02	1.58171419e-01
5.67500000e+02	1.57853635e-01
5.68500000e+02	1.57548112e-01
5.69500000e+02	1.57254385e-01
5.70500000e+02	1.56972005e-01
5.71500000e+02	1.56700540e-01
5.72500000e+02	1.56439574e-01
5.73500000e+02	1.56188706e-01
5.74500000e+02	1.55947551e-01
5.75500000e+02	1.55715737e-01
5.76500000e+02	1.55492906e-01
5.77500000e+02	1.55278714e-01
5.78500000e+02	1.55072831e-01
5.79500000e+02	1.54874936e-01
5.80500000e+02	1.54684724e-01
5.81500000e+02	1.54501898e-01
5.82500000e+02	1.54326175e-01
5.83500000e+02	1.54157282e-01
5.84500000e+02	1.53994954e-01
5.85500000e+02	1.53838939e-01
5.86500000e+02	1.53688994e-01
5.87500000e+02	1.53544884e-01
5.88500000e+02	1.53406383e-01
5.89500000e+02	1.53273275e-01
5.90500000e+02	1.53145351e-01
5.91500000e+02	1.53022411e-01
5.92500000e+02	1.52904261e-01
5.93500000e+02	1.52790716e-01
5.94500000e+02	1.52681599e-01
5.95500000e+02	1.52576736e-01
5.96500000e+02	1.52475963e-01
5.97500000e+02	1.52379121e-01
5.98500000e+02	1.52286058e-01
5.99500000e+02	1.52196627e-01
6.00500000e+02	1.52110687e-01
6.01500000e+02	1.52028102e-01
6.02500000e+02	1.51948742e-01
6.03500000e+02	1.51872480e-01
6.04500000e+02	1.51799198e-01
6.05500000e+02	1.51728779e-01
6.06500000e+02	1.51661110e-01
6.07500000e+02	1.51596086e-01
6.08500000e+02	1.51533604e-01
6.09500000e+02	1.51473563e-01
6.10500000e+02	1.51415870e-01
6.11500000e+02	1.51360432e-01
6.12500000e+02	1.51307162e-01
6.13500000e+02	1.51255975e-01
6.14500000e+02	1.51206790e-01
6.15500000e+02	1.51159529e-01
6.16500000e+02	1.51114116e-01
6.17500000e+02	1.51070480e-01
6.18500000e+02	1.51028552e-01
6.19500000e+02	1.50988263e-01
6.20500000e+02	1.50949552e-01
6.21500000e+02	1.50912355e-01
6.22500000e+02	1.50876614e-01
6.23500000e+02	1.50842272e-01
6.24500000e+02	1.50809274e-01
6.25500000e+02	1.50777568e-01
6.26500000e+02	1.50747103e-01
6.27500000e+02	1.50717831e-01
6.28500000e+02	1.50689704e-01
6.29500000e+02	1.50662680e-01
6.30500000e+02	1.50636713e-01
6.31500000e+02	1.50611763e-01
6.32500000e+02	1.50587790e-01
6.33500000e+02	1.50564756e-01
6.34500000e+02	1.50542625e-01
6.35500000e+02	1.50521360e-01
6.36500000e+02	1.50500928e-01
6.37500000e+02	1.50481296e-01
6.38500000e+02	1.50462433e-01
6.39500000e+02	1.50444309e-01
6.40500000e+02	1.50426896e-01
6.41500000e+02	1.50410164e-01
6.42500000e+02	1.50394088e-01
6.43500000e+02	1.50378642e-01
6.44500000e+02	1.50363801e-01
6.45500000e+02	1.50349541e-01
6.46500000e+02	1.50335840e-01
6.47500000e+02	1.50322676e-01
6.48500000e+02	1.50310028e-01
6.49500000e+02	1.50297875e-01
6.50500000e+02	1.50286199e-01
6.51500000e+02	1.50274980e-01
6.52500000e+02	1.50264201e-01
6.53500000e+02	1.50253844e-01
6.54500000e+02	1.50243893e-01
6.55500000e+02	1.50234333e-01
6.56500000e+02	1.50225146e-01
6.57500000e+02	1.50216320e-01
6.58500000e+02	1.50207840e-01
6.59500000e+02	1.50199692e-01
6.60500000e+02	1.50191864e-01
6.61500000e+02	1.50184342e-01
6.62500000e+02	1.50177115e-01
6.63500000e+02	1.50170172e-01
6.64500000e+02	1.50163500e-01
6.65500000e+02	1.50157091e-01
6.66500000e+02	1.50150932e-01
6.67500000e+02	1.50145015e-01
6.68500000e+02	1.50139329e-01
6.69500000e+02	1.50133867e-01
6.70500000e+02	1.50128619e-01
6.71500000e+02	1.50123576e-01
6.72500000e+02	1.50118731e-01
6.73500000e+02	1.50114076e-01
6.74500000e+02	1.50109604e-01
6.75500000e+02	1.50105307e-01
6.76500000e+02	1.50101178e-01
6.77500000e+02	1.50097211e-01
6.78500000e+02	1.50093400e-01
6.79500000e+02	1.50089738e-01
6.80500000e+02	1.50086219e-01
6.81500000e+02	1.50082839e-01
6.82500000e+02	1.50079591e-01
6.83500000e+02	1.50076471e-01
6.84500000e+02	1.50073472e-01
6.85500000e+02	1.50070592e-01
6.86500000e+02	1.50067824e-01
6.87500000e+02	1.50065165e-01
6.88500000e+02	1.50062610e-01
6.89500000e+02	1.50060155e-01
6.90500000e+02	1.50057796e-01
6.91500000e+02	1.50055531e-01
6.92500000e+02	1.50053355e-01
6.93500000e+02	1.50051268e-01
6.94500000e+02	1.50049275e-01
6.95500000e+02	1.50047393e-01
6.96500000e+02	1.50045664e-01
6.97500000e+02	1.50044173e-01
6.98500000e+02	1.50043057e-01
6.99500000e+02	1.50042432e-01
