0.000000000000000000e+00 0.000000000000000000e+00
2.500000000000000000e+00 1.061648804941935182e+09
5.000000000000000000e+00 2.123407139965628624e+09
7.500000000000000000e+00 3.185384561676977158e+09
1.000000000000000000e+01 4.247690679431746960e+09
1.250000000000000000e+01 5.310435181461873055e+09
1.500000000000000000e+01 6.373727860594024658e+09
1.750000000000000000e+01 7.437678639720950127e+09
2.000000000000000000e+01 8.502397597294081688e+09
2.250000000000000000e+01 9.567994992641248703e+09
2.500000000000000000e+01 1.063458129142827415e+10
2.750000000000000000e+01 1.170226719096328545e+10
3.000000000000000000e+01 1.277116364587150764e+10
3.250000000000000000e+01 1.384138189373804283e+10
3.500000000000000000e+01 1.491303348086151886e+10
3.750000000000000000e+01 1.598623028838075638e+10
4.000000000000000000e+01 1.706108455834592819e+10
4.250000000000000000e+01 1.813770892004069519e+10
4.500000000000000000e+01 1.921621641654982758e+10
4.750000000000000000e+01 2.029672053147147369e+10
5.000000000000000000e+01 2.137933521581194687e+10
5.250000000000000000e+01 2.246417491516957092e+10
5.500000000000000000e+01 2.355135459702048111e+10
5.750000000000000000e+01 2.464098977842097473e+10
6.000000000000000000e+01 2.573319655374570084e+10
6.250000000000000000e+01 2.682809162283840942e+10
6.500000000000000000e+01 2.792579231935108948e+10
6.750000000000000000e+01 2.902641663947875214e+10
7.000000000000000000e+01 3.013008327074964905e+10
7.250000000000000000e+01 3.123691162131089783e+10
7.500000000000000000e+01 3.234702184950328064e+10
7.750000000000000000e+01 3.346053489373056412e+10
8.000000000000000000e+01 3.457757250260057831e+10
8.250000000000000000e+01 3.569825726554531097e+10
8.500000000000000000e+01 3.682271264375987244e+10
8.750000000000000000e+01 3.795106300145465088e+10
9.000000000000000000e+01 3.908343363755242157e+10
9.250000000000000000e+01 4.021995081782775116e+10
9.500000000000000000e+01 4.136074180741416168e+10
9.750000000000000000e+01 4.250593490359483337e+10
1.000000000000000000e+02 4.365565946943385315e+10
1.025000000000000000e+02 4.481004596743247223e+10
1.050000000000000000e+02 4.596922599396402740e+10
1.075000000000000000e+02 4.713333231404856873e+10
1.100000000000000000e+02 4.830249889658023071e+10
1.125000000000000000e+02 4.947686095027935028e+10
1.150000000000000000e+02 5.065655495997940063e+10
1.175000000000000000e+02 5.184171872364798737e+10
1.200000000000000000e+02 5.303249138965180969e+10
1.225000000000000000e+02 5.422901349507787323e+10
1.250000000000000000e+02 5.543142700419383240e+10
1.275000000000000000e+02 5.663987534775870514e+10
1.300000000000000000e+02 5.785450346295236206e+10
1.325000000000000000e+02 5.907545783388572693e+10
1.350000000000000000e+02 6.030288653281729889e+10
1.375000000000000000e+02 6.153693926208485413e+10
1.400000000000000000e+02 6.277776739653278351e+10
1.425000000000000000e+02 6.402552402693120575e+10
1.450000000000000000e+02 6.528036400402851868e+10
1.475000000000000000e+02 6.654244398318930817e+10
1.500000000000000000e+02 6.781192246998451233e+10
1.525000000000000000e+02 6.908895986653990173e+10
1.550000000000000000e+02 7.037371851869419861e+10
1.575000000000000000e+02 7.166636276382737732e+10
1.600000000000000000e+02 7.296705897974131775e+10
1.625000000000000000e+02 7.427597563428208923e+10
1.650000000000000000e+02 7.559328333580769348e+10
1.675000000000000000e+02 7.691915488460472107e+10
1.700000000000000000e+02 7.825376532529112244e+10
1.725000000000000000e+02 7.959729199996083069e+10
1.750000000000000000e+02 8.094991460253398132e+10
1.775000000000000000e+02 8.231181523376892090e+10
1.800000000000000000e+02 8.368317845757716370e+10
1.825000000000000000e+02 8.506419135805749512e+10
1.850000000000000000e+02 8.645504359788124084e+10
1.875000000000000000e+02 8.785592747744331360e+10
1.900000000000000000e+02 8.926703799512429810e+10
1.925000000000000000e+02 9.068857290887664795e+10
1.950000000000000000e+02 9.212073279855015564e+10
1.975000000000000000e+02 9.356372112959732056e+10
2.000000000000000000e+02 9.501774431788681030e+10
2.025000000000000000e+02 9.648301179560241699e+10
2.050000000000000000e+02 9.795973607836747742e+10
2.075000000000000000e+02 9.944813283351113892e+10
2.100000000000000000e+02 1.009484209496185150e+11
2.125000000000000000e+02 1.024608226072905121e+11
2.150000000000000000e+02 1.039855633511018982e+11
2.175000000000000000e+02 1.055228721627356110e+11
2.200000000000000000e+02 1.070729815357722015e+11
2.225000000000000000e+02 1.086361275511631165e+11
2.250000000000000000e+02 1.102125499545896606e+11
2.275000000000000000e+02 1.118024922346775208e+11
2.300000000000000000e+02 1.134062017028861847e+11
2.325000000000000000e+02 1.150239295744453430e+11
2.350000000000000000e+02 1.166559310509010010e+11
2.375000000000000000e+02 1.183024654037360382e+11
2.400000000000000000e+02 1.199637960595646362e+11
2.425000000000000000e+02 1.216401906866307983e+11
2.450000000000000000e+02 1.233319212826226349e+11
2.475000000000000000e+02 1.250392642639501190e+11
2.500000000000000000e+02 1.267625005563042297e+11
2.525000000000000000e+02 1.285019156866660919e+11
2.550000000000000000e+02 1.302577998765389404e+11
2.575000000000000000e+02 1.320304481368982697e+11
2.600000000000000000e+02 1.338201603640685272e+11
2.625000000000000000e+02 1.356272414371714935e+11
2.650000000000000000e+02 1.374520013169749756e+11
2.675000000000000000e+02 1.392947551460082092e+11
2.700000000000000000e+02 1.411558233498483276e+11
2.725000000000000000e+02 1.430355317399372253e+11
2.750000000000000000e+02 1.449342116174514160e+11
2.775000000000000000e+02 1.468521998786582031e+11
2.800000000000000000e+02 1.487898391211875000e+11
2.825000000000000000e+02 1.507474777517475891e+11
2.850000000000000000e+02 1.527254700948434448e+11
2.875000000000000000e+02 1.547241765026507263e+11
2.900000000000000000e+02 1.567439634658767395e+11
2.925000000000000000e+02 1.587852037257134094e+11
2.950000000000000000e+02 1.608482763867839966e+11
2.975000000000000000e+02 1.629335670308366699e+11
3.000000000000000000e+02 1.650414678312340088e+11
3.025000000000000000e+02 1.671723776685209656e+11
3.050000000000000000e+02 1.693267022462235107e+11
3.075000000000000000e+02 1.715048542076099854e+11
3.100000000000000000e+02 1.737072532527274475e+11
3.125000000000000000e+02 1.759343262559008789e+11
3.150000000000000000e+02 1.781865073836705322e+11
3.175000000000000000e+02 1.804642382125450439e+11
3.200000000000000000e+02 1.827679678474131775e+11
3.225000000000000000e+02 1.850981530392668457e+11
3.250000000000000000e+02 1.874552583031338806e+11
3.275000000000000000e+02 1.898397560355797424e+11
3.300000000000000000e+02 1.922521266316161499e+11
3.325000000000000000e+02 1.946928586010521240e+11
3.350000000000000000e+02 1.971624486840274658e+11
3.375000000000000000e+02 1.996614019655573120e+11
3.400000000000000000e+02 2.021902319886010132e+11
3.425000000000000000e+02 2.047494608661640320e+11
3.450000000000000000e+02 2.073396193915261230e+11
3.475000000000000000e+02 2.099612471466423035e+11
3.500000000000000000e+02 2.126148926084606934e+11
3.525000000000000000e+02 2.153011132530320435e+11
3.550000000000000000e+02 2.180204756570039062e+11
3.575000000000000000e+02 2.207735555961766663e+11
3.600000000000000000e+02 2.235609381410411072e+11
3.625000000000000000e+02 2.263832177489205322e+11
3.650000000000000000e+02 2.292409983522489929e+11
3.675000000000000000e+02 2.321348934430163574e+11
3.700000000000000000e+02 2.350655261527736816e+11
3.725000000000000000e+02 2.380335293278009338e+11
3.750000000000000000e+02 2.410395455995277405e+11
3.775000000000000000e+02 2.440842274493339539e+11
3.800000000000000000e+02 2.471682372675257263e+11
3.825000000000000000e+02 2.502922474063832092e+11
3.850000000000000000e+02 2.534569402264104309e+11
3.875000000000000000e+02 2.566630081358782349e+11
3.900000000000000000e+02 2.599111536227377930e+11
3.925000000000000000e+02 2.632020892788706360e+11
3.950000000000000000e+02 2.665365378162491455e+11
3.975000000000000000e+02 2.699152320740625305e+11
4.000000000000000000e+02 2.733389150172144165e+11
4.025000000000000000e+02 2.768083397249845581e+11
4.050000000000000000e+02 2.803242693697045288e+11
4.075000000000000000e+02 2.838874771850015259e+11
4.100000000000000000e+02 2.874987464233609009e+11
4.125000000000000000e+02 2.911588703019301758e+11
4.150000000000000000e+02 2.948686519368240967e+11
4.175000000000000000e+02 2.986289042651329956e+11
4.200000000000000000e+02 3.024404499541480713e+11
4.225000000000000000e+02 3.063041212973549805e+11
4.250000000000000000e+02 3.102207600973369751e+11
4.275000000000000000e+02 3.141912175342254639e+11
4.300000000000000000e+02 3.182163540200427246e+11
4.325000000000000000e+02 3.222970390384837646e+11
4.350000000000000000e+02 3.264341509694194336e+11
4.375000000000000000e+02 3.306285768981624146e+11
4.400000000000000000e+02 3.348812124091954346e+11
4.425000000000000000e+02 3.391929613637340088e+11
4.450000000000000000e+02 3.435647356616707764e+11
4.475000000000000000e+02 3.479974549868082886e+11
4.500000000000000000e+02 3.524920465360206299e+11
4.525000000000000000e+02 3.570494447318511353e+11
4.550000000000000000e+02 3.616705909188643188e+11
4.575000000000000000e+02 3.663564330432285767e+11
4.600000000000000000e+02 3.711079253167132568e+11
4.625000000000000000e+02 3.759260278639761963e+11
4.650000000000000000e+02 3.808117063546290894e+11
4.675000000000000000e+02 3.857659316196149902e+11
4.700000000000000000e+02 3.907896792528422241e+11
4.725000000000000000e+02 3.958839291983831177e+11
4.750000000000000000e+02 4.010496653242119751e+11
4.775000000000000000e+02 4.062878749827031250e+11
4.800000000000000000e+02 4.115995485594536743e+11
4.825000000000000000e+02 4.169856790109738770e+11
4.850000000000000000e+02 4.224472613928007812e+11
4.875000000000000000e+02 4.279852923786566162e+11
4.900000000000000000e+02 4.336007697730303955e+11
4.925000000000000000e+02 4.392946920180050659e+11
4.950000000000000000e+02 4.450680576963422852e+11
4.975000000000000000e+02 4.509218650327968140e+11
5.000000000000000000e+02 4.568571113956762695e+11
5.025000000000000000e+02 4.628747928008013306e+11
5.050000000000000000e+02 4.689759034203519897e+11
5.075000000000000000e+02 4.751614350993279419e+11
5.100000000000000000e+02 4.814323768820820312e+11
5.125000000000000000e+02 4.877897145522039795e+11
5.150000000000000000e+02 4.942344301888715210e+11
5.175000000000000000e+02 5.007675017426382446e+11
5.200000000000000000e+02 5.073899026348730469e+11
5.225000000000000000e+02 5.141026013837247314e+11
5.250000000000000000e+02 5.209065612613720093e+11
5.275000000000000000e+02 5.278027399859631958e+11
5.300000000000000000e+02 5.347920894528017578e+11
5.325000000000000000e+02 5.418755555093524170e+11
5.350000000000000000e+02 5.490540777782930298e+11
5.375000000000000000e+02 5.563285895336259766e+11
5.400000000000000000e+02 5.637000176347152100e+11
5.425000000000000000e+02 5.711692825232517090e+11
5.450000000000000000e+02 5.787372982881107178e+11
5.475000000000000000e+02 5.864049728037481689e+11
5.500000000000000000e+02 5.941732079470198975e+11
5.525000000000000000e+02 6.020428998981087646e+11
5.550000000000000000e+02 6.100149395308520508e+11
5.575000000000000000e+02 6.180902128979473877e+11
5.600000000000000000e+02 6.262696018163062744e+11
5.625000000000000000e+02 6.345539845582792969e+11
5.650000000000000000e+02 6.429442366537725830e+11
5.675000000000000000e+02 6.514412318084875488e+11
5.700000000000000000e+02 6.600458429433754883e+11
5.725000000000000000e+02 6.687589433602720947e+11
5.750000000000000000e+02 6.775814080381625977e+11
5.775000000000000000e+02 6.865141150646948242e+11
5.800000000000000000e+02 6.955579472068109131e+11
5.825000000000000000e+02 7.047137936242875977e+11
5.850000000000000000e+02 7.139825517295767822e+11
5.875000000000000000e+02 7.233651291968489990e+11
5.900000000000000000e+02 7.328624461223460693e+11
5.925000000000000000e+02 7.424754373382829590e+11
5.950000000000000000e+02 7.522050548812235107e+11
5.975000000000000000e+02 7.620522706156074219e+11
6.000000000000000000e+02 7.720180790123449707e+11
6.025000000000000000e+02 7.821035000816995850e+11
6.050000000000000000e+02 7.923095824586011963e+11
6.075000000000000000e+02 8.026374066381127930e+11
6.100000000000000000e+02 8.130880883576481934e+11
6.125000000000000000e+02 8.236627821214864502e+11
6.150000000000000000e+02 8.343626848625618896e+11
6.175000000000000000e+02 8.451890397351953125e+11
6.200000000000000000e+02 8.561431400314212646e+11
6.225000000000000000e+02 8.672263332126198730e+11
6.250000000000000000e+02 8.784400250473427734e+11
6.275000000000000000e+02 8.897856838445369873e+11
6.300000000000000000e+02 9.012648447707244873e+11
6.325000000000000000e+02 9.128791142387248535e+11
6.350000000000000000e+02 9.246301743538717041e+11
6.375000000000000000e+02 9.365197874034964600e+11
6.400000000000000000e+02 9.485498003734799805e+11
6.425000000000000000e+02 9.607221494753353271e+11
6.450000000000000000e+02 9.730388646662531738e+11
6.475000000000000000e+02 9.855020741432766113e+11
6.500000000000000000e+02 9.981140087925286865e+11
6.525000000000000000e+02 1.010877006573310181e+12
6.550000000000000000e+02 1.023793516816093262e+12
6.575000000000000000e+02 1.036866104413471313e+12
6.600000000000000000e+02 1.050097453882054932e+12
6.625000000000000000e+02 1.063490373273134155e+12
6.650000000000000000e+02 1.077047797910084961e+12
6.675000000000000000e+02 1.090772793929785400e+12
6.700000000000000000e+02 1.104668561605960205e+12
6.725000000000000000e+02 1.118738438432162598e+12
6.750000000000000000e+02 1.132985901942476318e+12
6.775000000000000000e+02 1.147414572248957275e+12
6.800000000000000000e+02 1.162028214274592773e+12
6.825000000000000000e+02 1.176830739662727783e+12
6.850000000000000000e+02 1.191826208343036621e+12
6.875000000000000000e+02 1.207018829737302734e+12
6.900000000000000000e+02 1.222412963587557861e+12
6.925000000000000000e+02 1.238013120392315918e+12
6.950000000000000000e+02 1.253823961436625000e+12
6.975000000000000000e+02 1.269850298404621094e+12
7.000000000000000000e+02 1.286097092563949219e+12
7.025000000000000000e+02 1.302569453514573730e+12
7.050000000000000000e+02 1.319272637495356689e+12
7.075000000000000000e+02 1.336212045244069092e+12
7.100000000000000000e+02 1.353393219409822510e+12
7.125000000000000000e+02 1.370821841517107666e+12
7.150000000000000000e+02 1.388503728484794678e+12
7.175000000000000000e+02 1.406444828704335449e+12
7.200000000000000000e+02 1.424651217684197510e+12
7.225000000000000000e+02 1.443129093269970703e+12
7.250000000000000000e+02 1.461884770451174316e+12
7.275000000000000000e+02 1.480924675768222900e+12
7.300000000000000000e+02 1.500255341335023682e+12
7.325000000000000000e+02 1.519883398494619873e+12
7.350000000000000000e+02 1.539815571126550537e+12
7.375000000000000000e+02 1.560058668627135254e+12
7.400000000000000000e+02 1.580619578584580322e+12
7.425000000000000000e+02 1.601505259172197754e+12
7.450000000000000000e+02 1.622722731284743164e+12
7.475000000000000000e+02 1.644279070442924561e+12
7.500000000000000000e+02 1.666181398492685547e+12
7.525000000000000000e+02 1.688436875125546387e+12
7.550000000000000000e+02 1.711052689247286621e+12
7.575000000000000000e+02 1.734036050221719727e+12
7.600000000000000000e+02 1.757394179016666260e+12
7.625000000000000000e+02 1.781134299278107666e+12
7.650000000000000000e+02 1.805263628358954102e+12
7.675000000000000000e+02 1.829789368326623779e+12
7.700000000000000000e+02 1.854718696974006348e+12
7.725000000000000000e+02 1.880058758856022949e+12
7.750000000000000000e+02 1.905816656373127441e+12
7.775000000000000000e+02 1.931999440921410889e+12
7.800000000000000000e+02 1.958614104126720947e+12
7.825000000000000000e+02 1.985667569179286865e+12
7.850000000000000000e+02 2.013166682281860596e+12
7.875000000000000000e+02 2.041118204223407227e+12
7.900000000000000000e+02 2.069528802087593018e+12
7.925000000000000000e+02 2.098405041102509033e+12
7.950000000000000000e+02 2.127753376636818604e+12
7.975000000000000000e+02 2.157580146343372314e+12
8.000000000000000000e+02 2.187891562450470947e+12
8.025000000000000000e+02 2.218693704197174316e+12
8.050000000000000000e+02 2.249992510407224609e+12
8.075000000000000000e+02 2.281793772193378418e+12
8.100000000000000000e+02 2.314103125781501465e+12
8.125000000000000000e+02 2.346926045441500000e+12
8.150000000000000000e+02 2.380267836509878906e+12
8.175000000000000000e+02 2.414133628485945312e+12
8.200000000000000000e+02 2.448528368182534668e+12
8.225000000000000000e+02 2.483456812909068848e+12
8.250000000000000000e+02 2.518923523663548340e+12
8.275000000000000000e+02 2.554932858308237793e+12
8.300000000000000000e+02 2.591488964701631836e+12
8.325000000000000000e+02 2.628595773758784668e+12
8.350000000000000000e+02 2.666256992409669434e+12
8.375000000000000000e+02 2.704476096425375000e+12
8.400000000000000000e+02 2.743256323079618164e+12
8.425000000000000000e+02 2.782600663613310059e+12
8.450000000000000000e+02 2.822511855468776367e+12
8.475000000000000000e+02 2.862992374260024414e+12
8.500000000000000000e+02 2.904044425445103027e+12
8.525000000000000000e+02 2.945669935666472656e+12
8.550000000000000000e+02 2.987870543725484375e+12
8.575000000000000000e+02 3.030647591157672852e+12
8.600000000000000000e+02 3.074002112375068848e+12
8.625000000000000000e+02 3.117934824344032715e+12
8.650000000000000000e+02 3.162446115765898438e+12
8.675000000000000000e+02 3.207536035730777344e+12
8.700000000000000000e+02 3.253204281814272949e+12
8.725000000000000000e+02 3.299450187589525879e+12
8.750000000000000000e+02 3.346272709527570312e+12
8.775000000000000000e+02 3.393670413261488281e+12
8.800000000000000000e+02 3.441641459190674316e+12
8.825000000000000000e+02 3.490183587404342285e+12
8.850000000000000000e+02 3.539294101905166016e+12
8.875000000000000000e+02 3.588969854116185547e+12
8.900000000000000000e+02 3.639207225656310547e+12
8.925000000000000000e+02 3.690002110372758789e+12
8.950000000000000000e+02 3.741349895620868164e+12
8.975000000000000000e+02 3.793245442784971680e+12
9.000000000000000000e+02 3.845683067036288086e+12
9.025000000000000000e+02 3.898656516327379395e+12
9.050000000000000000e+02 3.952158949625653320e+12
9.075000000000000000e+02 4.006182914391169434e+12
9.100000000000000000e+02 4.060720323308101074e+12
9.125000000000000000e+02 4.115762430281769043e+12
9.150000000000000000e+02 4.171299805717414551e+12
9.175000000000000000e+02 4.227322311100052734e+12
9.200000000000000000e+02 4.283819072898639160e+12
9.225000000000000000e+02 4.340778455821523438e+12
9.250000000000000000e+02 4.398188035453930664e+12
9.275000000000000000e+02 4.456034570312869141e+12
9.300000000000000000e+02 4.514303973357785156e+12
9.325000000000000000e+02 4.572981283000930664e+12
9.350000000000000000e+02 4.632050633664387695e+12
9.375000000000000000e+02 4.691495225936132812e+12
9.400000000000000000e+02 4.751297296381409180e+12
9.425000000000000000e+02 4.811438087070595703e+12
9.450000000000000000e+02 4.871897814889361328e+12
9.475000000000000000e+02 4.932655640701913086e+12
9.500000000000000000e+02 4.993689638443245117e+12
9.525000000000000000e+02 5.054976764220631836e+12
9.550000000000000000e+02 5.116492825510927734e+12
9.575000000000000000e+02 5.178212450544829102e+12
9.600000000000000000e+02 5.240109057974856445e+12
9.625000000000000000e+02 5.302154826929553711e+12
9.650000000000000000e+02 5.364320667561994141e+12
9.675000000000000000e+02 5.426576192206500977e+12
9.700000000000000000e+02 5.488889687263511719e+12
9.725000000000000000e+02 5.551228085938367188e+12
9.750000000000000000e+02 5.613556941966360352e+12
9.775000000000000000e+02 5.675840404461905273e+12
9.800000000000000000e+02 5.738041194036820312e+12
9.825000000000000000e+02 5.800120580338777344e+12
9.850000000000000000e+02 5.862038361166943359e+12
9.875000000000000000e+02 5.923752843329175781e+12
9.900000000000000000e+02 5.985220825411159180e+12
9.925000000000000000e+02 6.046397582634203125e+12
9.950000000000000000e+02 6.107236853985403320e+12
9.975000000000000000e+02 6.167690831809822266e+12
1.000000000000000000e+03 6.227710154061404297e+12
1.002500000000000000e+03 6.287243899414154297e+12
1.005000000000000000e+03 6.346239585443387695e+12
1.007500000000000000e+03 6.404643170090736328e+12
1.010000000000000000e+03 6.462399056633656250e+12
1.012500000000000000e+03 6.519450102385240234e+12
1.015000000000000000e+03 6.575737631355550781e+12
1.017500000000000000e+03 6.631201451110170898e+12
1.020000000000000000e+03 6.685779874067438477e+12
1.022500000000000000e+03 6.739409743478557617e+12
1.025000000000000000e+03 6.792026464339825195e+12
1.027500000000000000e+03 6.843564039488750000e+12
1.030000000000000000e+03 6.893955111139712891e+12
1.032500000000000000e+03 6.943131008115333984e+12
1.035000000000000000e+03 6.991021799033984375e+12
1.037500000000000000e+03 7.037556351712628906e+12
1.040000000000000000e+03 7.082662399045874023e+12
1.042500000000000000e+03 7.126266611622041016e+12
1.045000000000000000e+03 7.168294677334840820e+12
1.047500000000000000e+03 7.208671388249088867e+12
1.050000000000000000e+03 7.247320734974298828e+12
1.052500000000000000e+03 7.284166008797972656e+12
1.055000000000000000e+03 7.319129911824692383e+12
1.057500000000000000e+03 7.352134675361271484e+12
1.060000000000000000e+03 7.383102186781831055e+12
1.062500000000000000e+03 7.411954125097940430e+12
1.065000000000000000e+03 7.438612105447820312e+12
1.067500000000000000e+03 7.462997832709570312e+12
1.070000000000000000e+03 7.485033264427144531e+12
1.072500000000000000e+03 7.504640783224236328e+12
1.075000000000000000e+03 7.521743378861874023e+12
1.077500000000000000e+03 7.536264840076153320e+12
1.080000000000000000e+03 7.548129956307722656e+12
1.082500000000000000e+03 7.557264729408092773e+12
1.085000000000000000e+03 7.563596595377157227e+12
1.087500000000000000e+03 7.567054656150153320e+12
1.090000000000000000e+03 7.567569921411982422e+12
1.092500000000000000e+03 7.565075560372445312e+12
1.095000000000000000e+03 7.559507163380167969e+12
1.097500000000000000e+03 7.550803013197813477e+12
1.100000000000000000e+03 7.538904365690226562e+12
1.102500000000000000e+03 7.523755739603906250e+12
1.105000000000000000e+03 7.505305215028414062e+12
1.107500000000000000e+03 7.483504740035869141e+12
1.110000000000000000e+03 7.458310444885725586e+12
1.112500000000000000e+03 7.429682963062843750e+12
1.115000000000000000e+03 7.397587758282919922e+12
1.117500000000000000e+03 7.361995456452187500e+12
1.120000000000000000e+03 7.322882181406361328e+12
1.122500000000000000e+03 7.280229893076092773e+12
1.125000000000000000e+03 7.234026726534029297e+12
1.127500000000000000e+03 7.184267330169728516e+12
1.130000000000000000e+03 7.130953201016540039e+12
1.132500000000000000e+03 7.074093015016137695e+12
1.135000000000000000e+03 7.013702949757741211e+12
1.137500000000000000e+03 6.949806996967168945e+12
1.140000000000000000e+03 6.882437261753589844e+12
1.142500000000000000e+03 6.811634245347949219e+12
1.145000000000000000e+03 6.737447107794208984e+12
1.147500000000000000e+03 6.659933906788932617e+12
1.150000000000000000e+03 6.579161808606421875e+12
1.152500000000000000e+03 6.495207266814430664e+12
1.155000000000000000e+03 6.408156164274813477e+12
1.157500000000000000e+03 6.318103913756338867e+12
1.160000000000000000e+03 6.225155512363774414e+12
1.162500000000000000e+03 6.129425544928485352e+12
1.165000000000000000e+03 6.031038131514201172e+12
1.167500000000000000e+03 5.930126814291668945e+12
1.170000000000000000e+03 5.826834379224793945e+12
1.172500000000000000e+03 5.721312608318086914e+12
1.175000000000000000e+03 5.613721958596330078e+12
1.177500000000000000e+03 5.504231164542778320e+12
1.180000000000000000e+03 5.393016761415750000e+12
1.182500000000000000e+03 5.280262527696940430e+12
1.185000000000000000e+03 5.166158845905202148e+12
1.187500000000000000e+03 5.050901982129111328e+12
1.190000000000000000e+03 4.934693285882412109e+12
1.192500000000000000e+03 4.817738313255387695e+12
1.195000000000000000e+03 4.700245877803083008e+12
1.197500000000000000e+03 4.582427035146452148e+12
1.200000000000000000e+03 4.464494008839152344e+12
1.202500000000000000e+03 4.346659066624627441e+12
1.205000000000000000e+03 4.229133357736379883e+12
1.207500000000000000e+03 4.112125723326381348e+12
1.210000000000000000e+03 3.995841493393411133e+12
1.212500000000000000e+03 3.880481284670940918e+12
1.215000000000000000e+03 3.766239814772435059e+12
1.217500000000000000e+03 3.653304748433582520e+12
1.220000000000000000e+03 3.541855591893444336e+12
1.222500000000000000e+03 3.432062651290820801e+12
1.225000000000000000e+03 3.324086070392964844e+12
1.227500000000000000e+03 3.218074962017069824e+12
1.230000000000000000e+03 3.114166646156746582e+12
1.232500000000000000e+03 3.012486006108765137e+12
1.235000000000000000e+03 2.913144971846738770e+12
1.237500000000000000e+03 2.816242137565657715e+12
1.240000000000000000e+03 2.721862517784486816e+12
1.242500000000000000e+03 2.630077443726630371e+12
1.245000000000000000e+03 2.540944598977731934e+12
1.247500000000000000e+03 2.454508190739608398e+12
1.250000000000000000e+03 2.370799250439869629e+12
1.252500000000000000e+03 2.289836055102979492e+12
1.255000000000000000e+03 2.211624658811512207e+12
1.257500000000000000e+03 2.136159521845020508e+12
1.260000000000000000e+03 2.063424223725488770e+12
1.262500000000000000e+03 1.993392245447651855e+12
1.265000000000000000e+03 1.926027805644231689e+12
1.267500000000000000e+03 1.861286735319836914e+12
1.270000000000000000e+03 1.799117376064333252e+12
1.272500000000000000e+03 1.739461487288743652e+12
1.275000000000000000e+03 1.682255148967542236e+12
1.277500000000000000e+03 1.627429647566966797e+12
1.280000000000000000e+03 1.574912334228211426e+12
1.282500000000000000e+03 1.524627445797490723e+12
1.285000000000000000e+03 1.476496880890754883e+12
1.287500000000000000e+03 1.430440924796992676e+12
1.290000000000000000e+03 1.386378918605736328e+12
1.292500000000000000e+03 1.344229869454602539e+12
1.295000000000000000e+03 1.303913000193366211e+12
1.297500000000000000e+03 1.265348238028984375e+12
1.300000000000000000e+03 1.228456642831980225e+12
1.302500000000000000e+03 1.193160776739953125e+12
1.305000000000000000e+03 1.159385017485543701e+12
1.307500000000000000e+03 1.127055818505689697e+12
1.310000000000000000e+03 1.096101919366137939e+12
1.312500000000000000e+03 1.066454510368203491e+12
1.315000000000000000e+03 1.038047355409905396e+12
1.317500000000000000e+03 1.010816877263548462e+12
1.320000000000000000e+03 9.847022094255692139e+11
1.322500000000000000e+03 9.596452186039964600e+11
1.325000000000000000e+03 9.355905017536005859e+11
1.327500000000000000e+03 9.124853613609709473e+11
1.330000000000000000e+03 8.902797624353229980e+11
1.332500000000000000e+03 8.689262743887664795e+11
1.335000000000000000e+03 8.483800007012236328e+11
1.337500000000000000e+03 8.285984989705772705e+11
1.340000000000000000e+03 8.095416936552501221e+11
1.342500000000000000e+03 7.911717835300362549e+11
1.345000000000000000e+03 7.734531456026824951e+11
1.347500000000000000e+03 7.563522369809442139e+11
1.350000000000000000e+03 7.398374959421434326e+11
1.352500000000000000e+03 7.238792432391524658e+11
1.355000000000000000e+03 7.084495844823422852e+11
1.357500000000000000e+03 6.935223142634416504e+11
1.360000000000000000e+03 6.790728225371867676e+11
1.362500000000000000e+03 6.650780036475900879e+11
1.365000000000000000e+03 6.515161682777041016e+11
1.367500000000000000e+03 6.383669585129184570e+11
1.370000000000000000e+03 6.256112661369362793e+11
1.372500000000000000e+03 6.132311542247191162e+11
1.375000000000000000e+03 6.012097820562672119e+11
1.377500000000000000e+03 5.895313333463106689e+11
1.380000000000000000e+03 5.781809477671721191e+11
1.382500000000000000e+03 5.671446557315142822e+11
1.385000000000000000e+03 5.564093163977971191e+11
1.387500000000000000e+03 5.459625588615786133e+11
1.390000000000000000e+03 5.357927264981873779e+11
1.392500000000000000e+03 5.258888244257114258e+11
1.395000000000000000e+03 5.162404700602345581e+11
1.397500000000000000e+03 5.068378467365407104e+11
1.400000000000000000e+03 4.976716603662072144e+11
1.402500000000000000e+03 4.887330991008851929e+11
1.405000000000000000e+03 4.800137959612445679e+11
1.407500000000000000e+03 4.715057943817964478e+11
1.410000000000000000e+03 4.632015166084226074e+11
1.412500000000000000e+03 4.550937348702015991e+11
1.415000000000000000e+03 4.471755452303275757e+11
1.417500000000000000e+03 4.394403440032161255e+11
1.420000000000000000e+03 4.318818066080394897e+11
1.422500000000000000e+03 4.244938687125681763e+11
1.425000000000000000e+03 4.172707095067873535e+11
1.427500000000000000e+03 4.102067369347168579e+11
1.430000000000000000e+03 4.032965747037072144e+11
1.432500000000000000e+03 3.965350508861152344e+11
1.435000000000000000e+03 3.899171879265185547e+11
1.437500000000000000e+03 3.834381938700464478e+11
1.440000000000000000e+03 3.770934546334923096e+11
1.442500000000000000e+03 3.708785271493656616e+11
1.445000000000000000e+03 3.647891332251569214e+11
1.447500000000000000e+03 3.588211539735837402e+11
1.450000000000000000e+03 3.529706246852699585e+11
1.452500000000000000e+03 3.472337300314649048e+11
1.455000000000000000e+03 3.416067995015732422e+11
1.457500000000000000e+03 3.360863029966535645e+11
1.460000000000000000e+03 3.306688465165483398e+11
1.462500000000000000e+03 3.253511678928586426e+11
1.465000000000000000e+03 3.201301325345537720e+11
1.467500000000000000e+03 3.150027291644966431e+11
1.470000000000000000e+03 3.099660655363671875e+11
1.472500000000000000e+03 3.050173641297951050e+11
1.475000000000000000e+03 3.001539578291566772e+11
1.477500000000000000e+03 2.953732855964321899e+11
1.480000000000000000e+03 2.906728881526830444e+11
1.482500000000000000e+03 2.860504036853248901e+11
1.485000000000000000e+03 2.815035635990698853e+11
1.487500000000000000e+03 2.770301883296501465e+11
1.490000000000000000e+03 2.726281832377044373e+11
1.492500000000000000e+03 2.682955346000037231e+11
1.495000000000000000e+03 2.640303057125078430e+11
1.497500000000000000e+03 2.598306331185055542e+11
1.500000000000000000e+03 2.556947229723539429e+11
1.502500000000000000e+03 2.516208475470736084e+11
1.505000000000000000e+03 2.476073418919729614e+11
1.507500000000000000e+03 2.436526006439730835e+11
1.510000000000000000e+03 2.397550749946321106e+11
1.512500000000000000e+03 2.359132698127404175e+11
1.515000000000000000e+03 2.321257409208715210e+11
1.517500000000000000e+03 2.283910925227812500e+11
1.520000000000000000e+03 2.247079747777691040e+11
1.522500000000000000e+03 2.210750815165820007e+11
1.525000000000000000e+03 2.174911480933435059e+11
1.527500000000000000e+03 2.139549493671823120e+11
1.530000000000000000e+03 2.104652978067647400e+11
1.532500000000000000e+03 2.070210417111254272e+11
1.535000000000000000e+03 2.036210635398707581e+11
1.537500000000000000e+03 2.002642783459223633e+11
1.540000000000000000e+03 1.969496323040036926e+11
1.542500000000000000e+03 1.936761013287347717e+11
1.545000000000000000e+03 1.904426897758148193e+11
1.547500000000000000e+03 1.872484292205341492e+11
1.550000000000000000e+03 1.840923773080267334e+11
1.552500000000000000e+03 1.809736166699842834e+11
1.555000000000000000e+03 1.778912539029642334e+11
1.557500000000000000e+03 1.748444186036774902e+11
1.560000000000000000e+03 1.718322624571971741e+11
1.562500000000000000e+03 1.688539583738448181e+11
1.565000000000000000e+03 1.659086996715493469e+11
1.567500000000000000e+03 1.629956993001543579e+11
1.570000000000000000e+03 1.601141891046716614e+11
1.572500000000000000e+03 1.572634191246094055e+11
1.575000000000000000e+03 1.544426569270450439e+11
1.577500000000000000e+03 1.516511869709662781e+11
1.580000000000000000e+03 1.488883100006545410e+11
1.582500000000000000e+03 1.461533424664293518e+11
1.585000000000000000e+03 1.434456159707126160e+11
1.587500000000000000e+03 1.407644767378941345e+11
1.590000000000000000e+03 1.381092851064982605e+11
1.592500000000000000e+03 1.354794150423116150e+11
1.595000000000000000e+03 1.328742536710469666e+11
1.597500000000000000e+03 1.302932008296616211e+11
1.600000000000000000e+03 1.277356686350287476e+11
1.602500000000000000e+03 1.252010810690069885e+11
1.605000000000000000e+03 1.226888735792325134e+11
1.607500000000000000e+03 1.201984926943406219e+11
1.610000000000000000e+03 1.177293956533558502e+11
1.612500000000000000e+03 1.152810500481151123e+11
1.615000000000000000e+03 1.128529334782648773e+11
1.617500000000000000e+03 1.104445332181342010e+11
1.620000000000000000e+03 1.080553458948841248e+11
1.622500000000000000e+03 1.056848771773799591e+11
1.625000000000000000e+03 1.033326414752704926e+11
1.627500000000000000e+03 1.009981616479606171e+11
1.630000000000000000e+03 9.868096872263142395e+10
1.632500000000000000e+03 9.638060162134951782e+10
1.635000000000000000e+03 9.409660689645872498e+10
1.637500000000000000e+03 9.182853847426055908e+10
1.640000000000000000e+03 8.957595740616539001e+10
1.642500000000000000e+03 8.733843162740858459e+10
1.645000000000000000e+03 8.511553572277781677e+10
1.647500000000000000e+03 8.290685069913610840e+10
1.650000000000000000e+03 8.071196376444015503e+10
1.652500000000000000e+03 7.853046811305410767e+10
1.655000000000000000e+03 7.636196271715936279e+10
1.657500000000000000e+03 7.420605212399986267e+10
1.660000000000000000e+03 7.206234625897860718e+10
1.662500000000000000e+03 6.993046023429956055e+10
1.665000000000000000e+03 6.781001416343331909e+10
1.667500000000000000e+03 6.570063298129752350e+10
1.670000000000000000e+03 6.360194627059037781e+10
1.672500000000000000e+03 6.151358809442814636e+10
1.675000000000000000e+03 5.943519683640367889e+10
1.677500000000000000e+03 5.736641504881314850e+10
1.680000000000000000e+03 5.530688931091049194e+10
1.682500000000000000e+03 5.325627009947145081e+10
1.685000000000000000e+03 5.121421167524710083e+10
1.687500000000000000e+03 4.918037199025675964e+10
1.690000000000000000e+03 4.715441262289119720e+10
1.692500000000000000e+03 4.513599875077968597e+10
1.695000000000000000e+03 4.312479917488651276e+10
1.697500000000000000e+03 4.112048641315042114e+10
1.700000000000000000e+03 3.912273688740254974e+10
1.702500000000000000e+03 3.713123123276782990e+10
1.705000000000000000e+03 3.514565476222805786e+10
1.707500000000000000e+03 3.316569811410335541e+10
1.710000000000000000e+03 3.119105808840209961e+10
1.712500000000000000e+03 2.922143861445403290e+10
1.715000000000000000e+03 2.725655164928944397e+10
1.717500000000000000e+03 2.529611751232641220e+10
1.720000000000000000e+03 2.333986360444220352e+10
1.722500000000000000e+03 2.138751948255134964e+10
1.725000000000000000e+03 1.943880471048035812e+10
1.727500000000000000e+03 1.749340380482556915e+10
1.730000000000000000e+03 1.555092059585145187e+10
1.732500000000000000e+03 1.361080465778766441e+10
1.735000000000000000e+03 1.167225031800442123e+10
1.737500000000000000e+03 9.734092923464502335e+09
1.740000000000000000e+03 7.794775606408079147e+09
1.742500000000000000e+03 5.852522415313029289e+09
1.745000000000000000e+03 3.905865992661307335e+09
1.747500000000000000e+03 1.954502800013513803e+09
1.750000000000000000e+03 0.000000000000000000e+00
