# x  rho Te j Ex q corrE ne Zbar
0.030631836 1 193.23717 1.7064494e+16 -9.5117104e+19 9.754625e+18 10.549235 5e+20 4
0.030645508 1 193.07545 1.6937256e+16 -9.4553173e+19 9.7000741e+18 10.59823 5e+20 4
0.03065918 1 192.91488 1.6809589e+16 -9.3991771e+19 9.6458431e+18 10.642851 5e+20 4
0.030672852 1 192.75545 1.6681978e+16 -9.3432954e+19 9.59193e+18 10.683611 5e+20 4
0.030686523 1 192.59715 1.6554844e+16 -9.287677e+19 9.5383324e+18 10.721025 5e+20 4
0.030700195 1 192.43997 1.6428548e+16 -9.2323268e+19 9.4850479e+18 10.755608 5e+20 4
0.030713867 1 192.28391 1.630339e+16 -9.1772493e+19 9.4320742e+18 10.787875 5e+20 4
0.030727539 1 192.12895 1.6179606e+16 -9.1224484e+19 9.3794087e+18 10.81834 5e+20 4
0.030741211 1 191.97509 1.6057372e+16 -9.0679281e+19 9.3270491e+18 10.847519 5e+20 4
0.030754883 1 191.82233 1.59368e+16 -9.0136916e+19 9.2749928e+18 10.875925 5e+20 4
0.030768555 1 191.67064 1.5817944e+16 -8.9597423e+19 9.2232371e+18 10.904075 5e+20 4
0.030782227 1 191.52003 1.5700793e+16 -8.9060827e+19 9.1717795e+18 10.932481 5e+20 4
0.030795898 1 191.37048 1.5585274e+16 -8.8527156e+19 9.1206171e+18 10.96166 5e+20 4
0.03080957 1 191.22199 1.5471254e+16 -8.7996429e+19 9.0697473e+18 10.992125 5e+20 4
0.030823242 1 191.07455 1.5358538e+16 -8.7468666e+19 9.0191672e+18 11.024392 5e+20 4
0.030836914 1 190.92815 1.5246867e+16 -8.694388e+19 8.968874e+18 11.058975 5e+20 4
0.030850586 1 190.78279 1.5135924e+16 -8.6422085e+19 8.9188647e+18 11.096389 5e+20 4
0.030864258 1 190.63845 1.5025327e+16 -8.5903289e+19 8.8691364e+18 11.137149 5e+20 4
0.03087793 1 190.49513 1.4914633e+16 -8.5387496e+19 8.8196861e+18 11.18177 5e+20 4
0.030891602 1 190.35282 1.4803337e+16 -8.4874709e+19 8.7705107e+18 11.230765 5e+20 4
0.032819336 1 177.68297 5.1481911e+15 -3.4038344e+19 3.7225482e+18 18.342884 5e+20 4
0.032833008 1 177.63171 5.1067564e+15 -3.3781217e+19 3.6955326e+18 18.422821 5e+20 4
0.03284668 1 177.58086 5.065422e+15 -3.3525131e+19 3.6685936e+18 18.501186 5e+20 4
0.032860352 1 177.53042 5.0241978e+15 -3.3270064e+19 3.6417304e+18 18.578165 5e+20 4
0.032874023 1 177.48038 4.9830938e+15 -3.3015994e+19 3.6149422e+18 18.653943 5e+20 4
0.032887695 1 177.43074 4.9421197e+15 -3.2762898e+19 3.5882285e+18 18.728703 5e+20 4
0.032901367 1 177.3815 4.9012851e+15 -3.2510753e+19 3.5615884e+18 18.802632 5e+20 4
0.032915039 1 177.33266 4.8605998e+15 -3.2259537e+19 3.5350212e+18 18.875913 5e+20 4
0.032928711 1 177.28421 4.8200732e+15 -3.2009228e+19 3.5085263e+18 18.948733 5e+20 4
0.032942383 1 177.23616 4.7797147e+15 -3.1759804e+19 3.4821031e+18 19.021275 5e+20 4
0.032956055 1 177.18851 4.7395339e+15 -3.1511241e+19 3.4557507e+18 19.093725 5e+20 4
0.032969727 1 177.14124 4.6995399e+15 -3.1263517e+19 3.4294685e+18 19.166267 5e+20 4
0.032983398 1 177.09437 4.6597419e+15 -3.101661e+19 3.403256e+18 19.239087 5e+20 4
0.03299707 1 177.04788 4.6201491e+15 -3.0770498e+19 3.3771123e+18 19.312368 5e+20 4
0.033010742 1 177.00178 4.5807705e+15 -3.0525157e+19 3.351037e+18 19.386297 5e+20 4
0.033024414 1 176.95607 4.5416152e+15 -3.0280567e+19 3.3250292e+18 19.461057 5e+20 4
0.033038086 1 176.91074 4.5026918e+15 -3.0036703e+19 3.2990885e+18 19.536835 5e+20 4
0.033051758 1 176.86579 4.4640094e+15 -2.9793544e+19 3.2732142e+18 19.613814 5e+20 4
0.03306543 1 176.82122 4.4255766e+15 -2.9551067e+19 3.2474056e+18 19.692179 5e+20 4
0.033079102 1 176.77703 4.387402e+15 -2.9309251e+19 3.2216622e+18 19.772116 5e+20 4
0.031725586 1 183.31568 9.4417486e+15 -5.8460762e+19 6.2076871e+18 13.826228 5e+20 4
0.031739258 1 183.22351 9.374151e+15 -5.8094726e+19 6.1716148e+18 13.864211 5e+20 4
0.03175293 1 183.13198 9.3067693e+15 -5.7730786e+19 6.1356999e+18 13.901897 5e+20 4
0.031766602 1 183.04109 9.2396337e+15 -5.7368903e+19 6.0999412e+18 13.939505 5e+20 4
0.031780273 1 182.95083 9.1727733e+15 -5.7009037e+19 6.0643373e+18 13.977258 5e+20 4
0.031793945 1 182.8612 9.1062163e+15 -5.6651147e+19 6.0288867e+18 14.015376 5e+20 4
0.031807617 1 182.7722 9.0399898e+15 -5.6295192e+19 5.9935882e+18 14.054081 5e+20 4
0.031821289 1 182.68382 8.9741199e+15 -5.5941131e+19 5.9584403e+18 14.093594 5e+20 4
0.031834961 1 182.59605 8.9086317e+15 -5.5588923e+19 5.9234418e+18 14.134135 5e+20 4
0.031848633 1 182.50891 8.8435492e+15 -5.5238525e+19 5.8885914e+18 14.175926 5e+20 4
0.031862305 1 182.42237 8.7788955e+15 -5.4889898e+19 5.8538877e+18 14.219188 5e+20 4
0.031875977 1 182.33644 8.7146927e+15 -5.4542997e+19 5.8193295e+18 14.264143 5e+20 4
0.031889648 1 182.25111 8.6509616e+15 -5.4197781e+19 5.7849156e+18 14.31101 5e+20 4
0.03190332 1 182.16638 8.5877224e+15 -5.3854208e+19 5.7506447e+18 14.360012 5e+20 4
0.031916992 1 182.08225 8.5249939e+15 -5.3512234e+19 5.7165155e+18 14.411369 5e+20 4
0.031930664 1 181.99871 8.4627941e+15 -5.3171817e+19 5.682527e+18 14.465303 5e+20 4
0.031944336 1 181.91576 8.40114e+15 -5.2832912e+19 5.6486778e+18 14.522035 5e+20 4
0.031958008 1 181.83339 8.3400474e+15 -5.2495477e+19 5.6149668e+18 14.581785 5e+20 4
0.03197168 1 181.7516 8.2795313e+15 -5.2159467e+19 5.5813929e+18 14.644775 5e+20 4
0.031985352 1 181.67039 8.2196054e+15 -5.1824839e+19 5.5479548e+18 14.711226 5e+20 4
0.033913086 1 174.74408 2.3005788e+15 -1.575924e+19 1.7509035e+18 27.167982 5e+20 4
0.033926758 1 174.72091 2.269976e+15 -1.5551773e+19 1.728079e+18 27.343814 5e+20 4
0.03394043 1 174.69805 2.2393936e+15 -1.5344734e+19 1.7052857e+18 27.524361 5e+20 4
0.033954102 1 174.6755 2.2088355e+15 -1.5138108e+19 1.6825231e+18 27.709625 5e+20 4
0.033967773 1 174.65326 2.178306e+15 -1.4931882e+19 1.6597908e+18 27.89961 5e+20 4
0.033981445 1 174.63133 2.1478093e+15 -1.4726044e+19 1.6370884e+18 28.09432 5e+20 4
0.033995117 1 174.6097 2.11735e+15 -1.4520579e+19 1.6144154e+18 28.293758 5e+20 4
0.034008789 1 174.58839 2.0869331e+15 -1.4315473e+19 1.5917713e+18 28.497928 5e+20 4
0.034022461 1 174.56737 2.0565635e+15 -1.4110714e+19 1.5691558e+18 28.706833 5e+20 4
0.034036133 1 174.54666 2.0262465e+15 -1.3906289e+19 1.5465685e+18 28.920478 5e+20 4
0.034049805 1 174.52626 1.9959877e+15 -1.3702183e+19 1.5240088e+18 29.138866 5e+20 4
0.034063477 1 174.50616 1.9657928e+15 -1.3498384e+19 1.5014764e+18 29.362 5e+20 4
0.034077148 1 174.48636 1.9356679e+15 -1.3294878e+19 1.4789708e+18 29.589884 5e+20 4
0.03409082 1 174.46687 1.905619e+15 -1.3091653e+19 1.4564916e+18 29.822522 5e+20 4
0.034104492 1 174.44767 1.8756526e+15 -1.2888694e+19 1.4340384e+18 30.059918 5e+20 4
0.034118164 1 174.42878 1.8457755e+15 -1.2685989e+19 1.4116108e+18 30.302074 5e+20 4
0.034131836 1 174.41019 1.8159945e+15 -1.2483524e+19 1.3892083e+18 30.548995 5e+20 4
0.034145508 1 174.3919 1.7863167e+15 -1.2281287e+19 1.3668305e+18 30.800683 5e+20 4
0.03415918 1 174.37392 1.7567495e+15 -1.2079263e+19 1.3444771e+18 31.057144 5e+20 4
0.034172852 1 174.35623 1.7273005e+15 -1.1877441e+19 1.3221476e+18 31.31838 5e+20 4
0.031178711 1 187.5846 1.2657698e+16 -7.4768059e+19 7.7975154e+18 12.050649 5e+20 4
0.031192383 1 187.4627 1.2566018e+16 -7.431433e+19 7.7538386e+18 12.08159 5e+20 4
0.031206055 1 187.34164 1.2474785e+16 -7.3863431e+19 7.7103868e+18 12.115336 5e+20 4
0.031219727 1 187.22143 1.2384022e+16 -7.3415311e+19 7.6671578e+18 12.151555 5e+20 4
0.031233398 1 187.10206 1.2293753e+16 -7.296992e+19 7.6241496e+18 12.189918 5e+20 4
0.03124707 1 186.98351 1.2204002e+16 -7.2527206e+19 7.5813604e+18 12.230095 5e+20 4
0.031260742 1 186.8658 1.2114791e+16 -7.2087117e+19 7.5387881e+18 12.271757 5e+20 4
0.031274414 1 186.7489 1.2026146e+16 -7.16496e+19 7.4964309e+18 12.314573 5e+20 4
0.031288086 1 186.63281 1.1938089e+16 -7.1214601e+19 7.4542867e+18 12.358214 5e+20 4
0.031301758 1 186.51754 1.1850645e+16 -7.0782067e+19 7.4123538e+18 12.40235 5e+20 4
0.03131543 1 186.40307 1.1763837e+16 -7.0351943e+19 7.3706304e+18 12.44665 5e+20 4
0.031329102 1 186.2894 1.1677689e+16 -6.9924172e+19 7.3291145e+18 12.490786 5e+20 4
0.031342773 1 186.17652 1.1592225e+16 -6.9498698e+19 7.2878043e+18 12.534427 5e+20 4
0.031356445 1 186.06442 1.1507469e+16 -6.9075466e+19 7.2466981e+18 12.577243 5e+20 4
0.031370117 1 185.95311 1.1423444e+16 -6.8654416e+19 7.2057942e+18 12.618905 5e+20 4
0.031383789 1 185.84257 1.1340175e+16 -6.823549e+19 7.1650907e+18 12.659082 5e+20 4
0.031397461 1 185.7328 1.1257686e+16 -6.781863e+19 7.124586e+18 12.697445 5e+20 4
0.031411133 1 185.62379 1.1175999e+16 -6.7403776e+19 7.0842784e+18 12.733664 5e+20 4
0.031424805 1 185.51555 1.1095141e+16 -6.6990866e+19 7.0441662e+18 12.76741 5e+20 4
0.031438477 1 185.40805 1.1015133e+16 -6.6579841e+19 7.0042478e+18 12.798351 5e+20 4
0.033366211 1 175.93375 3.6143244e+15 -2.4406081e+19 2.6949484e+18 21.675112 5e+20 4
0.033379883 1 175.89751 3.5796263e+15 -2.4179418e+19 2.6704793e+18 21.793032 5e+20 4
0.033393555 1 175.86162 3.5449906e+15 -2.3953447e+19 2.6460613e+18 21.909083 5e+20 4
0.033407227 1 175.82608 3.5104199e+15 -2.3728152e+19 2.6216939e+18 22.02367 5e+20 4
0.033420898 1 175.79088 3.4759176e+15 -2.3503516e+19 2.5973765e+18 22.137201 5e+20 4
0.03343457 1 175.75602 3.4414876e+15 -2.3279521e+19 2.5731087e+18 22.25008 5e+20 4
0.033448242 1 175.7215 3.4071345e+15 -2.3056151e+19 2.5488898e+18 22.362713 5e+20 4
0.033461914 1 175.68733 3.3728634e+15 -2.2833387e+19 2.5247193e+18 22.475507 5e+20 4
0.033475586 1 175.65349 3.3386801e+15 -2.2611215e+19 2.5005967e+18 22.588868 5e+20 4
0.033489258 1 175.61999 3.3045911e+15 -2.2389617e+19 2.4765215e+18 22.703201 5e+20 4
0.03350293 1 175.58683 3.2706033e+15 -2.2168576e+19 2.4524931e+18 22.818913 5e+20 4
0.033516602 1 175.55401 3.2367244e+15 -2.1948075e+19 2.428511e+18 22.93641 5e+20 4
0.033530273 1 175.52152 3.2029626e+15 -2.1728099e+19 2.4045746e+18 23.056097 5e+20 4
0.033543945 1 175.48936 3.1693269e+15 -2.1508631e+19 2.3806835e+18 23.17838 5e+20 4
0.033557617 1 175.45754 3.1358267e+15 -2.1289654e+19 2.3568372e+18 23.303666 5e+20 4
0.033571289 1 175.42605 3.1024721e+15 -2.1071152e+19 2.3330352e+18 23.43236 5e+20 4
0.033584961 1 175.3949 3.0692739e+15 -2.0853109e+19 2.3092769e+18 23.564869 5e+20 4
0.033598633 1 175.36407 3.0362434e+15 -2.0635509e+19 2.2855619e+18 23.701599 5e+20 4
0.033612305 1 175.33357 3.0033926e+15 -2.0418335e+19 2.2618897e+18 23.842954 5e+20 4
0.033625977 1 175.3034 2.970734e+15 -2.0201573e+19 2.2382597e+18 23.989342 5e+20 4
0.032272461 1 180.09207 7.0291796e+15 -4.5168317e+19 4.8750259e+18 15.790767 5e+20 4
0.032286133 1 180.0227 6.9773595e+15 -4.486619e+19 4.8442857e+18 15.846206 5e+20 4
0.032299805 1 179.95383 6.9256853e+15 -4.4565559e+19 4.8136559e+18 15.902261 5e+20 4
0.032313477 1 179.88546 6.8741758e+15 -4.4266394e+19 4.7831356e+18 15.95886 5e+20 4
0.032327148 1 179.81758 6.8228493e+15 -4.3968665e+19 4.7527238e+18 16.01593 5e+20 4
0.03234082 1 179.75019 6.7717236e+15 -4.3672343e+19 4.7224194e+18 16.073399 5e+20 4
0.032354492 1 179.6833 6.7208159e+15 -4.3377399e+19 4.6922216e+18 16.131194 5e+20 4
0.032368164 1 179.6169 6.670143e+15 -4.3083801e+19 4.6621294e+18 16.189243 5e+20 4
0.032381836 1 179.55098 6.619721e+15 -4.279152e+19 4.6321418e+18 16.247473 5e+20 4
0.032395508 1 179.48554 6.5695655e+15 -4.2500526e+19 4.602258e+18 16.305812 5e+20 4
0.03240918 1 179.42058 6.5196916e+15 -4.2210789e+19 4.572477e+18 16.364188 5e+20 4
0.032422852 1 179.3561 6.4701139e+15 -4.1922278e+19 4.5427979e+18 16.422527 5e+20 4
0.032436523 1 179.2921 6.4208464e+15 -4.1634963e+19 4.5132198e+18 16.480757 5e+20 4
0.032450195 1 179.22857 6.3719024e+15 -4.1348813e+19 4.4837418e+18 16.538806 5e+20 4
0.032463867 1 179.16551 6.323295e+15 -4.1063798e+19 4.4543631e+18 16.596601 5e+20 4
0.032477539 1 179.10291 6.2750365e+15 -4.0779887e+19 4.4250827e+18 16.65407 5e+20 4
0.032491211 1 179.04078 6.2271388e+15 -4.0497049e+19 4.3959e+18 16.71114 5e+20 4
0.032504883 1 178.97912 6.1796132e+15 -4.0215253e+19 4.3668139e+18 16.767739 5e+20 4
0.032518555 1 178.91791 6.1324704e+15 -3.9934469e+19 4.3378237e+18 16.823794 5e+20 4
0.032532227 1 178.85716 6.0857207e+15 -3.9654664e+19 4.3089286e+18 16.879233 5e+20 4
0.034459961 1 174.05317 1.1144244e+15 -7.6980862e+18 8.579956e+17 38.840682 5e+20 4
0.034473633 1 174.04197 1.0861267e+15 -7.5009685e+18 8.3608668e+17 39.361515 5e+20 4
0.034487305 1 174.03106 1.0577384e+15 -7.3040612e+18 8.1419229e+17 39.894013 5e+20 4
0.034500977 1 174.02044 1.0292837e+15 -7.1073543e+18 7.9231203e+17 40.441642 5e+20 4
0.034514648 1 174.0101 1.0007849e+15 -6.9108376e+18 7.7044552e+17 41.007866 5e+20 4
0.03452832 1 174.00006 9.7226147e+14 -6.7145009e+18 7.4859235e+17 41.596151 5e+20 4
0.034541992 1 173.99031 9.4373097e+14 -6.518334e+18 7.2675215e+17 42.209962 5e+20 4
0.034555664 1 173.98084 9.1520844e+14 -6.3223267e+18 7.0492451e+17 42.852765 5e+20 4
0.034569336 1 173.97167 8.8670665e+14 -6.1264688e+18 6.8310906e+17 43.528025 5e+20 4
0.034583008 1 173.96278 8.5823605e+14 -5.9307499e+18 6.6130541e+17 44.239207 5e+20 4
0.03459668 1 173.95418 8.2980477e+14 -5.7351598e+18 6.3951318e+17 44.989776 5e+20 4
0.034610352 1 173.94587 8.0141863e+14 -5.539688e+18 6.1773199e+17 45.783199 5e+20 4
0.034624023 1 173.93785 7.7308112e+14 -5.3443243e+18 5.9596147e+17 46.62294 5e+20 4
0.034637695 1 173.93012 7.4479342e+14 -5.1490583e+18 5.7420124e+17 47.512464 5e+20 4
0.034651367 1 173.92268 7.1655439e+14 -4.9538794e+18 5.5245092e+17 48.455237 5e+20 4
0.034665039 1 173.91552 6.8836058e+14 -4.7587772e+18 5.3071015e+17 49.454725 5e+20 4
0.034678711 1 173.90865 6.6020621e+14 -4.5637414e+18 5.0897856e+17 50.514392 5e+20 4
0.034692383 1 173.90207 6.320832e+14 -4.3687612e+18 4.8725578e+17 51.637705 5e+20 4
0.034706055 1 173.89578 6.0398112e+14 -4.1738263e+18 4.6554145e+17 52.828127 5e+20 4
0.034719727 1 173.88978 5.7588726e+14 -3.978926e+18 4.4383521e+17 54.089125 5e+20 4
0.030905273 1 190.2115 1.4691343e+16 -8.4366113e+19 8.7216074e+18 11.258649 5e+20 4
0.030918945 1 190.07119 1.4580427e+16 -8.3861272e+19 8.6729756e+18 11.28959 5e+20 4
0.030932617 1 189.93186 1.4470772e+16 -8.3358882e+19 8.6246135e+18 11.323336 5e+20 4
0.030946289 1 189.79352 1.4362332e+16 -8.2858974e+19 8.5765186e+18 11.359555 5e+20 4
0.030959961 1 189.65614 1.4255059e+16 -8.2361579e+19 8.5286884e+18 11.397918 5e+20 4
0.030973633 1 189.51973 1.4148904e+16 -8.1866729e+19 8.4811206e+18 11.438095 5e+20 4
0.030987305 1 189.38427 1.4043819e+16 -8.1374452e+19 8.4338128e+18 11.479757 5e+20 4
0.031000977 1 189.24977 1.3939754e+16 -8.0884781e+19 8.3867626e+18 11.522573 5e+20 4
0.031014648 1 189.11621 1.3836659e+16 -8.0397746e+19 8.3399677e+18 11.566214 5e+20 4
0.03102832 1 188.98358 1.3734482e+16 -7.9913377e+19 8.2934257e+18 11.61035 5e+20 4
0.031041992 1 188.85189 1.3633172e+16 -7.9431705e+19 8.2471344e+18 11.65465 5e+20 4
0.031055664 1 188.72112 1.3532677e+16 -7.8952759e+19 8.2010914e+18 11.698786 5e+20 4
0.031069336 1 188.59126 1.3432944e+16 -7.8476569e+19 8.1552945e+18 11.742427 5e+20 4
0.031083008 1 188.46232 1.3333918e+16 -7.8003166e+19 8.1097415e+18 11.785243 5e+20 4
0.03109668 1 188.33427 1.3235547e+16 -7.7532579e+19 8.0644301e+18 11.826905 5e+20 4
0.031110352 1 188.20713 1.3137774e+16 -7.7064837e+19 8.0193581e+18 11.867082 5e+20 4
0.031124023 1 188.08087 1.3040544e+16 -7.6599971e+19 7.9745233e+18 11.905445 5e+20 4
0.031137695 1 187.9555 1.2943801e+16 -7.6138008e+19 7.9299236e+18 11.941664 5e+20 4
0.031151367 1 187.831 1.2847488e+16 -7.5678979e+19 7.8855568e+18 11.97541 5e+20 4
0.031165039 1 187.70737 1.2751547e+16 -7.5222913e+19 7.8414208e+18 12.006351 5e+20 4
0.033092773 1 176.73321 4.3491289e+15 -2.9068577e+19 3.1959828e+18 19.930456 5e+20 4
0.033106445 1 176.68977 4.3107198e+15 -2.8829051e+19 3.1703666e+18 20.006422 5e+20 4
0.033120117 1 176.6467 4.2725257e+15 -2.8590175e+19 3.1448136e+18 20.081793 5e+20 4
0.033133789 1 176.60401 4.2345452e+15 -2.8351955e+19 3.1193231e+18 20.15701 5e+20 4
0.033147461 1 176.56169 4.1967755e+15 -2.8114394e+19 3.0938945e+18 20.232516 5e+20 4
0.033161133 1 176.51973 4.1592125e+15 -2.7877496e+19 3.0685272e+18 20.308753 5e+20 4
0.033174805 1 176.47814 4.1218509e+15 -2.7641266e+19 3.0432205e+18 20.386163 5e+20 4
0.033188477 1 176.43692 4.0846837e+15 -2.7405709e+19 3.0179738e+18 20.465188 5e+20 4
0.033202148 1 176.39607 4.0477032e+15 -2.7170828e+19 2.9927864e+18 20.54627 5e+20 4
0.03321582 1 176.35557 4.0108998e+15 -2.6936627e+19 2.9676577e+18 20.629853 5e+20 4
0.033229492 1 176.31544 3.9742629e+15 -2.6703112e+19 2.9425872e+18 20.716377 5e+20 4
0.033243164 1 176.27567 3.9377806e+15 -2.6470285e+19 2.9175743e+18 20.806285 5e+20 4
0.033256836 1 176.23626 3.9014396e+15 -2.6238152e+19 2.8926182e+18 20.90002 5e+20 4
0.033270508 1 176.1972 3.8652253e+15 -2.6006716e+19 2.8677185e+18 20.998024 5e+20 4
0.03328418 1 176.15851 3.8291217e+15 -2.5775983e+19 2.8428744e+18 21.100739 5e+20 4
0.033297852 1 176.12017 3.7931117e+15 -2.5545955e+19 2.8180856e+18 21.208606 5e+20 4
0.033311523 1 176.08218 3.7571766e+15 -2.5316637e+19 2.7933512e+18 21.322069 5e+20 4
0.033325195 1 176.04455 3.7212967e+15 -2.5088034e+19 2.7686709e+18 21.44157 5e+20 4
0.033338867 1 176.00726 3.6854508e+15 -2.4860149e+19 2.7440439e+18 21.56755 5e+20 4
0.033352539 1 175.97033 3.6496164e+15 -2.4632986e+19 2.7194698e+18 21.700453 5e+20 4
0.031999023 1 181.58975 8.1593043e+15 -5.1492582e+19 5.5146505e+18 14.701767 5e+20 4
0.032012695 1 181.50968 8.0986557e+15 -5.1162715e+19 5.4814784e+18 14.757206 5e+20 4
0.032026367 1 181.43018 8.0386153e+15 -5.0834225e+19 5.4484385e+18 14.813261 5e+20 4
0.032040039 1 181.35124 7.9791486e+15 -5.0507123e+19 5.4155296e+18 14.86986 5e+20 4
0.032053711 1 181.27285 7.9202222e+15 -5.0181421e+19 5.3827506e+18 14.92693 5e+20 4
0.032067383 1 181.19503 7.8618037e+15 -4.9857128e+19 5.3501003e+18 14.984399 5e+20 4
0.032081055 1 181.11775 7.8038623e+15 -4.9534257e+19 5.3175775e+18 15.042194 5e+20 4
0.032094727 1 181.04103 7.7463681e+15 -4.9212818e+19 5.2851811e+18 15.100243 5e+20 4
0.032108398 1 180.96485 7.6892923e+15 -4.8892822e+19 5.2529099e+18 15.158473 5e+20 4
0.03212207 1 180.88921 7.6326076e+15 -4.8574279e+19 5.2207629e+18 15.216812 5e+20 4
0.032135742 1 180.81411 7.5762878e+15 -4.82572e+19 5.1887389e+18 15.275188 5e+20 4
0.032149414 1 180.73955 7.5203077e+15 -4.7941596e+19 5.1568368e+18 15.333527 5e+20 4
0.032163086 1 180.66552 7.4646434e+15 -4.7627476e+19 5.1250555e+18 15.391757 5e+20 4
0.032176758 1 180.59202 7.4092724e+15 -4.7314853e+19 5.093394e+18 15.449806 5e+20 4
0.03219043 1 180.51905 7.3541731e+15 -4.7003734e+19 5.061851e+18 15.507601 5e+20 4
0.032204102 1 180.4466 7.2993253e+15 -4.6694132e+19 5.0304257e+18 15.56507 5e+20 4
0.032217773 1 180.37467 7.2447099e+15 -4.6386056e+19 4.9991168e+18 15.62214 5e+20 4
0.032231445 1 180.30325 7.1903089e+15 -4.6079515e+19 4.9679233e+18 15.678739 5e+20 4
0.032245117 1 180.23235 7.1361058e+15 -4.5774521e+19 4.9368442e+18 15.734794 5e+20 4
0.032258789 1 180.16196 7.0820849e+15 -4.5471083e+19 4.9058784e+18 15.790233 5e+20 4
0.034186523 1 174.33883 1.6977101e+15 -1.1676109e+19 1.2998412e+18 31.521665 5e+20 4
0.034200195 1 174.32174 1.6679595e+15 -1.1475265e+19 1.2775576e+18 31.811448 5e+20 4
0.034213867 1 174.30495 1.6383051e+15 -1.1274615e+19 1.2552966e+18 32.105051 5e+20 4
0.034227539 1 174.28845 1.6087429e+15 -1.1074159e+19 1.2330578e+18 32.40314 5e+20 4
0.034241211 1 174.27225 1.5792682e+15 -1.0873901e+19 1.2108407e+18 32.706384 5e+20 4
0.034254883 1 174.25635 1.549876e+15 -1.0673842e+19 1.1886451e+18 33.015449 5e+20 4
0.034268555 1 174.24075 1.5205606e+15 -1.0473985e+19 1.1664704e+18 33.331002 5e+20 4
0.034282227 1 174.22544 1.4913161e+15 -1.0274331e+19 1.1443163e+18 33.653709 5e+20 4
0.034295898 1 174.21042 1.462136e+15 -1.0074883e+19 1.1221823e+18 33.984239 5e+20 4
0.03430957 1 174.19571 1.4330131e+15 -9.8756432e+18 1.100068e+18 34.323257 5e+20 4
0.034323242 1 174.18128 1.4039402e+15 -9.6766136e+18 1.077973e+18 34.671431 5e+20 4
0.034336914 1 174.16715 1.3749093e+15 -9.4777963e+18 1.055897e+18 35.029428 5e+20 4
0.034350586 1 174.15332 1.345912e+15 -9.2791935e+18 1.0338394e+18 35.397915 5e+20 4
0.034364258 1 174.13978 1.3169395e+15 -9.0808073e+18 1.0117999e+18 35.777558 5e+20 4
0.03437793 1 174.12653 1.2879823e+15 -8.88264e+18 9.8977812e+17 36.169025 5e+20 4
0.034391602 1 174.11357 1.2590307e+15 -8.6846936e+18 9.6777357e+17 36.572983 5e+20 4
0.034405273 1 174.10091 1.2300745e+15 -8.4869704e+18 9.4578586e+17 36.990098 5e+20 4
0.034418945 1 174.08854 1.2011027e+15 -8.2894724e+18 9.2381459e+17 37.421038 5e+20 4
0.034432617 1 174.07646 1.1721044e+15 -8.0922018e+18 9.0185934e+17 37.86647 5e+20 4
0.034446289 1 174.06467 1.1430676e+15 -7.8951609e+18 8.7991972e+17 38.327059 5e+20 4
0.031452148 1 185.3013 1.0934805e+16 -6.6172106e+19 6.96452e+18 12.941649 5e+20 4
0.03146582 1 185.1953 1.0854146e+16 -6.5767689e+19 6.9249808e+18 12.97259 5e+20 4
0.031479492 1 185.09003 1.0774315e+16 -6.5365157e+19 6.8856301e+18 13.006336 5e+20 4
0.031493164 1 184.98549 1.0695278e+16 -6.4964526e+19 6.8464662e+18 13.042555 5e+20 4
0.031506836 1 184.88169 1.0617001e+16 -6.4565817e+19 6.8074873e+18 13.080918 5e+20 4
0.031520508 1 184.7786 1.0539451e+16 -6.4169046e+19 6.7686919e+18 13.121095 5e+20 4
0.03153418 1 184.67623 1.0462593e+16 -6.3774231e+19 6.7300783e+18 13.162757 5e+20 4
0.031547852 1 184.57457 1.0386395e+16 -6.3381391e+19 6.6916449e+18 13.205573 5e+20 4
0.031561523 1 184.47362 1.0310821e+16 -6.2990542e+19 6.65339e+18 13.249214 5e+20 4
0.031575195 1 184.37338 1.0235838e+16 -6.2601704e+19 6.615312e+18 13.29335 5e+20 4
0.031588867 1 184.27383 1.0161413e+16 -6.2214892e+19 6.5774094e+18 13.33765 5e+20 4
0.031602539 1 184.17497 1.008751e+16 -6.1830125e+19 6.5396805e+18 13.381786 5e+20 4
0.031616211 1 184.07681 1.0014097e+16 -6.144742e+19 6.5021238e+18 13.425427 5e+20 4
0.031629883 1 183.97932 9.9411377e+15 -6.1066794e+19 6.4647378e+18 13.468243 5e+20 4
0.031643555 1 183.88252 9.8685991e+15 -6.0688265e+19 6.4275209e+18 13.509905 5e+20 4
0.031657227 1 183.78639 9.7964467e+15 -6.0311848e+19 6.3904715e+18 13.550082 5e+20 4
0.031670898 1 183.69093 9.7246461e+15 -5.9937562e+19 6.3535882e+18 13.588445 5e+20 4
0.03168457 1 183.59613 9.6531631e+15 -5.9565424e+19 6.3168694e+18 13.624664 5e+20 4
0.031698242 1 183.502 9.5819631e+15 -5.9195448e+19 6.2803138e+18 13.65841 5e+20 4
0.031711914 1 183.40852 9.5110118e+15 -5.8827654e+19 6.2439197e+18 13.689351 5e+20 4
0.033639648 1 175.27355 2.9379983e+15 -1.9985569e+19 2.2146712e+18 24.055637 5e+20 4
0.03365332 1 175.24404 2.9051238e+15 -1.9770322e+19 2.1911235e+18 24.168988 5e+20 4
0.033666992 1 175.21485 2.8723731e+15 -1.9555474e+19 2.1676167e+18 24.289539 5e+20 4
0.033680664 1 175.18599 2.8397483e+15 -1.9341028e+19 2.1441502e+18 24.416814 5e+20 4
0.033694336 1 175.15745 2.8072505e+15 -1.9126985e+19 2.1207235e+18 24.550339 5e+20 4
0.033708008 1 175.12923 2.7748793e+15 -1.891335e+19 2.0973361e+18 24.689639 5e+20 4
0.03372168 1 175.10133 2.7426328e+15 -1.8700124e+19 2.0739875e+18 24.834239 5e+20 4
0.033735352 1 175.07375 2.7105081e+15 -1.8487312e+19 2.0506771e+18 24.983664 5e+20 4
0.033749023 1 175.04649 2.6785008e+15 -1.8274914e+19 2.0274045e+18 25.137439 5e+20 4
0.033762695 1 175.01956 2.6466051e+15 -1.8062936e+19 2.0041692e+18 25.295089 5e+20 4
0.033776367 1 174.99293 2.6148142e+15 -1.7851378e+19 1.9809707e+18 25.45614 5e+20 4
0.033790039 1 174.96663 2.5831196e+15 -1.7640245e+19 1.9578085e+18 25.620117 5e+20 4
0.033803711 1 174.94065 2.5515116e+15 -1.7429538e+19 1.9346821e+18 25.786544 5e+20 4
0.033817383 1 174.91498 2.5199793e+15 -1.7219262e+19 1.911591e+18 25.954948 5e+20 4
0.033831055 1 174.88962 2.4885103e+15 -1.7009418e+19 1.8885348e+18 26.124852 5e+20 4
0.033844727 1 174.86458 2.457091e+15 -1.6800009e+19 1.8655129e+18 26.295783 5e+20 4
0.033858398 1 174.83986 2.4257065e+15 -1.6591039e+19 1.842525e+18 26.467265 5e+20 4
0.03387207 1 174.81544 2.3943404e+15 -1.6382511e+19 1.8195705e+18 26.638824 5e+20 4
0.033885742 1 174.79134 2.362975e+15 -1.6174426e+19 1.796649e+18 26.809984 5e+20 4
0.033899414 1 174.76755 2.3315916e+15 -1.5966788e+19 1.77376e+18 26.980272 5e+20 4
0.032545898 1 178.79686 6.0387457e+15 -3.9376522e+19 4.2801269e+18 16.98876 5e+20 4
0.03255957 1 178.73702 5.9915374e+15 -3.910005e+19 4.2514177e+18 17.033186 5e+20 4
0.032573242 1 178.67763 5.9447066e+15 -3.8824547e+19 4.2228008e+18 17.082307 5e+20 4
0.032586914 1 178.61868 5.8982378e+15 -3.8550019e+19 4.1942755e+18 17.135754 5e+20 4
0.032600586 1 178.56018 5.8521149e+15 -3.8276475e+19 4.1658408e+18 17.193163 5e+20 4
0.032614258 1 178.50212 5.806322e+15 -3.8003921e+19 4.1374959e+18 17.254168 5e+20 4
0.03262793 1 178.4445 5.7608428e+15 -3.7732364e+19 4.10924e+18 17.318401 5e+20 4
0.032641602 1 178.38733 5.7156608e+15 -3.7461811e+19 4.0810723e+18 17.385497 5e+20 4
0.032655273 1 178.33058 5.6707594e+15 -3.7192268e+19 4.0529918e+18 17.45509 5e+20 4
0.032668945 1 178.27428 5.6261218e+15 -3.6923743e+19 4.0249979e+18 17.526813 5e+20 4
0.032682617 1 178.2184 5.5817308e+15 -3.6656242e+19 3.9970897e+18 17.600301 5e+20 4
0.032696289 1 178.16295 5.5375693e+15 -3.6389771e+19 3.9692663e+18 17.675188 5e+20 4
0.032709961 1 178.10794 5.4936197e+15 -3.6124338e+19 3.9415271e+18 17.751107 5e+20 4
0.032723633 1 178.05335 5.4498646e+15 -3.5859949e+19 3.9138711e+18 17.827693 5e+20 4
0.032737305 1 177.99918 5.4062859e+15 -3.559661e+19 3.8862977e+18 17.904578 5e+20 4
0.032750977 1 177.94544 5.3628658e+15 -3.5334328e+19 3.8588061e+18 17.981398 5e+20 4
0.032764648 1 177.89211 5.3195859e+15 -3.5073109e+19 3.8313954e+18 18.057785 5e+20 4
0.03277832 1 177.8392 5.2764278e+15 -3.4812959e+19 3.804065e+18 18.133375 5e+20 4
0.032791992 1 177.78671 5.2333729e+15 -3.4553885e+19 3.776814e+18 18.2078 5e+20 4
0.032805664 1 177.73463 5.1904025e+15 -3.4295893e+19 3.7496418e+18 18.280695 5e+20 4
0.034733398 1 173.88405 5.4763966e+14 -3.7842913e+18 4.2213642e+17 57.917157 5e+20 4
0.03474707 1 173.87862 5.1929952e+14 -3.5899204e+18 4.0044467e+17 56.653664 5e+20 4
0.034760742 1 173.87347 4.9102711e+14 -3.3955745e+18 3.7875985e+17 56.690498 5e+20 4
0.034774414 1 173.86861 4.6281156e+14 -3.2012556e+18 3.5708159e+17 57.862399 5e+20 4
0.034788086 1 173.86404 4.3464295e+14 -3.0069656e+18 3.3540949e+17 60.004108 5e+20 4
0.034801758 1 173.85975 4.0651235e+14 -2.8127065e+18 3.1374319e+17 62.950365 5e+20 4
0.03481543 1 173.85575 3.7841182e+14 -2.6184801e+18 2.9208229e+17 66.535909 5e+20 4
0.034829102 1 173.85204 3.5033435e+14 -2.4242884e+18 2.7042643e+17 70.59548 5e+20 4
0.034842773 1 173.84861 3.2227393e+14 -2.2301333e+18 2.4877523e+17 74.96382 5e+20 4
0.034856445 1 173.84547 2.9422553e+14 -2.0360167e+18 2.271283e+17 79.475667 5e+20 4
0.034870117 1 173.84261 2.6618507e+14 -1.8419403e+18 2.0548528e+17 83.965762 5e+20 4
0.034883789 1 173.84004 2.3814946e+14 -1.6479061e+18 1.8384578e+17 88.268844 5e+20 4
0.034897461 1 173.83776 2.1011657e+14 -1.4539159e+18 1.6220944e+17 92.219655 5e+20 4
0.034911133 1 173.83576 1.8208525e+14 -1.2599715e+18 1.4057589e+17 95.652933 5e+20 4
0.034924805 1 173.83404 1.5405532e+14 -1.0660748e+18 1.1894474e+17 98.403419 5e+20 4
0.034938477 1 173.83262 1.2602758e+14 -8.7222753e+17 9.731564e+16 100.30585 5e+20 4
0.034952148 1 173.83147 9.8003797e+13 -6.7843146e+17 7.5688204e+16 101.19498 5e+20 4
0.03496582 1 173.83062 6.9986703e+13 -4.8468839e+17 5.4062068e+16 100.90553 5e+20 4
0.034979492 1 173.83005 4.1980013e+13 -2.9100008e+17 3.2436864e+16 99.272244 5e+20 4
0.034993164 1 173.82976 1.3988412e+13 -9.7368275e+16 1.0812224e+16 96.129871 5e+20 4
