-2.500000000000000000e+01 9.999999834051750414e-01
2.500000000000000000e+01 9.999999834051750414e-01
7.500000000000000000e+01 9.999999832846889758e-01
1.250000000000000000e+02 9.999999830486758778e-01
1.750000000000000000e+02 9.999999827060999102e-01
2.250000000000000000e+02 9.999999822682499317e-01
2.750000000000000000e+02 9.999999817469999996e-01
3.250000000000000000e+02 9.999999811534798777e-01
3.750000000000000000e+02 9.999999804972028450e-01
4.250000000000000000e+02 9.999999797856929939e-01
4.750000000000000000e+02 9.999999790245208686e-01
5.250000000000000000e+02 9.999999782174969765e-01
5.750000000000000000e+02 9.999999773669759895e-01
6.250000000000000000e+02 9.999999764741879238e-01
6.750000000000000000e+02 9.999999755394869405e-01
7.250000000000000000e+02 9.999999745626090286e-01
7.750000000000000000e+02 9.999999735428100056e-01
8.250000000000000000e+02 9.999999724790189504e-01
8.750000000000000000e+02 9.999999713699069259e-01
9.250000000000000000e+02 9.999999702139499291e-01
9.750000000000000000e+02 9.999999690094859561e-01
1.025000000000000000e+03 9.999999677547029009e-01
1.075000000000000000e+03 9.999999664476929562e-01
1.125000000000000000e+03 9.999999650864339618e-01
1.175000000000000000e+03 9.999999636688139404e-01
1.225000000000000000e+03 9.999999621926068949e-01
1.275000000000000000e+03 9.999999606554970111e-01
1.325000000000000000e+03 9.999999590550630035e-01
1.375000000000000000e+03 9.999999573887820015e-01
1.425000000000000000e+03 9.999999556540170031e-01
1.475000000000000000e+03 9.999999538480198735e-01
1.525000000000000000e+03 9.999999519679259041e-01
1.575000000000000000e+03 9.999999500107559225e-01
1.625000000000000000e+03 9.999999479733989727e-01
1.675000000000000000e+03 9.999999458526148688e-01
1.725000000000000000e+03 9.999999436450228707e-01
1.775000000000000000e+03 9.999999413471160059e-01
1.825000000000000000e+03 9.999999389552248763e-01
1.875000000000000000e+03 9.999999364655398626e-01
1.925000000000000000e+03 9.999999338740890309e-01
1.975000000000000000e+03 9.999999311767349131e-01
2.025000000000000000e+03 9.999999283691729524e-01
2.075000000000000000e+03 9.999999254469178478e-01
2.125000000000000000e+03 9.999999224053019997e-01
2.175000000000000000e+03 9.999999192394649628e-01
2.225000000000000000e+03 9.999999159443428987e-01
2.275000000000000000e+03 9.999999125146710188e-01
2.325000000000000000e+03 9.999999089449619349e-01
2.375000000000000000e+03 9.999999052295009960e-01
2.425000000000000000e+03 9.999999013623630528e-01
2.475000000000000000e+03 9.999998973373500633e-01
2.525000000000000000e+03 9.999998931480269526e-01
2.575000000000000000e+03 9.999998887876919706e-01
2.625000000000000000e+03 9.999998842493789120e-01
2.675000000000000000e+03 9.999998795258159268e-01
2.725000000000000000e+03 9.999998746094549418e-01
2.775000000000000000e+03 9.999998694924239206e-01
2.825000000000000000e+03 9.999998641665359678e-01
2.875000000000000000e+03 9.999998586232710096e-01
2.925000000000000000e+03 9.999998528537640263e-01
2.975000000000000000e+03 9.999998468487749648e-01
3.025000000000000000e+03 9.999998405987039485e-01
3.075000000000000000e+03 9.999998340935519758e-01
3.125000000000000000e+03 9.999998273229059320e-01
3.175000000000000000e+03 9.999998202759329269e-01
3.225000000000000000e+03 9.999998129413619763e-01
3.275000000000000000e+03 9.999998053074630189e-01
3.325000000000000000e+03 9.999997973620109448e-01
3.375000000000000000e+03 9.999997890922889265e-01
3.425000000000000000e+03 9.999997804850758731e-01
3.475000000000000000e+03 9.999997715265870335e-01
3.525000000000000000e+03 9.999997622024938693e-01
3.575000000000000000e+03 9.999997524978659902e-01
3.625000000000000000e+03 9.999997423971809241e-01
3.675000000000000000e+03 9.999997318842719363e-01
3.725000000000000000e+03 9.999997209423179267e-01
3.775000000000000000e+03 9.999997095538080139e-01
3.825000000000000000e+03 9.999996977005169985e-01
3.875000000000000000e+03 9.999996853634789407e-01
3.925000000000000000e+03 9.999996725229509664e-01
3.975000000000000000e+03 9.999996591583859562e-01
4.025000000000000000e+03 9.999996452483970177e-01
4.075000000000000000e+03 9.999996307707299525e-01
4.125000000000000000e+03 9.999996157022069676e-01
4.175000000000000000e+03 9.999996000187290068e-01
4.225000000000000000e+03 9.999995836951889316e-01
4.275000000000000000e+03 9.999995667054689674e-01
4.325000000000000000e+03 9.999995490223859695e-01
4.375000000000000000e+03 9.999995306176410192e-01
4.425000000000000000e+03 9.999995114617828973e-01
4.475000000000000000e+03 9.999994915241610105e-01
4.525000000000000000e+03 9.999994707728729892e-01
4.575000000000000000e+03 9.999994491747150605e-01
4.625000000000000000e+03 9.999994266951238719e-01
4.675000000000000000e+03 9.999994032981269765e-01
4.725000000000000000e+03 9.999993789462779947e-01
4.775000000000000000e+03 9.999993536006159811e-01
4.825000000000000000e+03 9.999993272205809358e-01
4.875000000000000000e+03 9.999992997639599590e-01
4.925000000000000000e+03 9.999992711868089801e-01
4.975000000000000000e+03 9.999992414434079047e-01
5.025000000000000000e+03 9.999992104861589182e-01
5.075000000000000000e+03 9.999991782655199835e-01
5.125000000000000000e+03 9.999991447299299008e-01
5.175000000000000000e+03 9.999991098257339228e-01
5.225000000000000000e+03 9.999990734970749529e-01
5.275000000000000000e+03 9.999990356858189378e-01
5.325000000000000000e+03 9.999989963314589447e-01
5.375000000000000000e+03 9.999989553710280088e-01
5.425000000000000000e+03 9.999989127389729004e-01
5.475000000000000000e+03 9.999988683670828493e-01
5.525000000000000000e+03 9.999988221843449931e-01
5.575000000000000000e+03 9.999987741168689936e-01
5.625000000000000000e+03 9.999987240877289407e-01
5.675000000000000000e+03 9.999986720168759780e-01
5.725000000000000000e+03 9.999986178209879784e-01
5.775000000000000000e+03 9.999985614133319878e-01
5.825000000000000000e+03 9.999985027036469853e-01
5.875000000000000000e+03 9.999984415979938923e-01
5.925000000000000000e+03 9.999983779985940346e-01
5.975000000000000000e+03 9.999983118036750440e-01
6.025000000000000000e+03 9.999982429073128731e-01
6.075000000000000000e+03 9.999981711992549371e-01
6.125000000000000000e+03 9.999980965647659037e-01
6.175000000000000000e+03 9.999980188844098672e-01
6.225000000000000000e+03 9.999979380338880341e-01
6.275000000000000000e+03 9.999978538838250053e-01
6.325000000000000000e+03 9.999977662995629402e-01
6.375000000000000000e+03 9.999976751409569431e-01
6.425000000000000000e+03 9.999975802621410281e-01
6.475000000000000000e+03 9.999974815112729898e-01
6.525000000000000000e+03 9.999973787303579886e-01
6.575000000000000000e+03 9.999972717549209245e-01
6.625000000000000000e+03 9.999971604137819492e-01
6.675000000000000000e+03 9.999970445287829079e-01
6.725000000000000000e+03 9.999969239144879118e-01
6.775000000000000000e+03 9.999967983778978997e-01
6.825000000000000000e+03 9.999966677181360009e-01
6.875000000000000000e+03 9.999965317261259035e-01
6.925000000000000000e+03 9.999963901842598979e-01
6.975000000000000000e+03 9.999962428660529312e-01
7.025000000000000000e+03 9.999960895357709045e-01
7.075000000000000000e+03 9.999959299480649655e-01
7.125000000000000000e+03 9.999957638475779342e-01
7.175000000000000000e+03 9.999955909685249722e-01
7.225000000000000000e+03 9.999954110342790248e-01
7.275000000000000000e+03 9.999952237569178504e-01
7.325000000000000000e+03 9.999950288367780438e-01
7.375000000000000000e+03 9.999948259619668711e-01
7.425000000000000000e+03 9.999946148078698860e-01
7.475000000000000000e+03 9.999943950366090295e-01
7.525000000000000000e+03 9.999941662965269318e-01
7.575000000000000000e+03 9.999939282216210312e-01
7.625000000000000000e+03 9.999936804309390581e-01
7.675000000000000000e+03 9.999934225280069366e-01
7.725000000000000000e+03 9.999931541001449986e-01
7.775000000000000000e+03 9.999928747178579158e-01
7.825000000000000000e+03 9.999925839341099465e-01
7.875000000000000000e+03 9.999922812836279373e-01
7.925000000000000000e+03 9.999919662821609156e-01
7.975000000000000000e+03 9.999916384256849478e-01
8.025000000000000000e+03 9.999912971896109948e-01
8.075000000000000000e+03 9.999909420279569083e-01
8.125000000000000000e+03 9.999905723724419326e-01
8.175000000000000000e+03 9.999901876316129590e-01
8.225000000000000000e+03 9.999897871898699719e-01
8.275000000000000000e+03 9.999893704065119238e-01
8.325000000000000000e+03 9.999889366146780256e-01
8.375000000000000000e+03 9.999884851203029168e-01
8.425000000000000000e+03 9.999880152010079959e-01
8.475000000000000000e+03 9.999875261049330222e-01
8.525000000000000000e+03 9.999870170495368527e-01
8.575000000000000000e+03 9.999864872203619859e-01
8.625000000000000000e+03 9.999859357697100659e-01
8.675000000000000000e+03 9.999853618152869661e-01
8.725000000000000000e+03 9.999847644388228929e-01
8.775000000000000000e+03 9.999841426845539338e-01
8.825000000000000000e+03 9.999834955577610041e-01
8.875000000000000000e+03 9.999828220230929654e-01
8.925000000000000000e+03 9.999821210029918861e-01
8.975000000000000000e+03 9.999813913759230122e-01
9.025000000000000000e+03 9.999806319745979666e-01
9.075000000000000000e+03 9.999798415841069099e-01
9.125000000000000000e+03 9.999790189399648810e-01
9.175000000000000000e+03 9.999781627261169481e-01
9.225000000000000000e+03 9.999772715728019179e-01
9.275000000000000000e+03 9.999763440543900650e-01
9.325000000000000000e+03 9.999753786870809735e-01
9.375000000000000000e+03 9.999743739265529729e-01
9.425000000000000000e+03 9.999733281654958894e-01
9.475000000000000000e+03 9.999722397310110145e-01
9.525000000000000000e+03 9.999711068819729931e-01
9.575000000000000000e+03 9.999699278062319507e-01
9.625000000000000000e+03 9.999687006177119253e-01
9.675000000000000000e+03 9.999674233534109336e-01
9.725000000000000000e+03 9.999660939702600393e-01
9.775000000000000000e+03 9.999647103418469740e-01
9.825000000000000000e+03 9.999632702550419472e-01
9.875000000000000000e+03 9.999617714064419349e-01
9.925000000000000000e+03 9.999602113987169361e-01
9.975000000000000000e+03 9.999585877367429543e-01
1.002500000000000000e+04 9.999568978236390571e-01
1.007500000000000000e+04 9.999551389566299076e-01
1.012500000000000000e+04 9.999533083227180041e-01
1.017500000000000000e+04 9.999514029941819482e-01
1.022500000000000000e+04 9.999494199239159498e-01
1.027500000000000000e+04 9.999473559405749334e-01
1.032500000000000000e+04 9.999452077434809460e-01
1.037500000000000000e+04 9.999429718973970038e-01
1.042500000000000000e+04 9.999406448269919645e-01
1.047500000000000000e+04 9.999382228111889370e-01
1.052500000000000000e+04 9.999357019771890620e-01
1.057500000000000000e+04 9.999330782943149920e-01
1.062500000000000000e+04 9.999303475675769270e-01
1.067500000000000000e+04 9.999275054309669786e-01
1.072500000000000000e+04 9.999245473405289353e-01
1.077500000000000000e+04 9.999214685670688718e-01
1.082500000000000000e+04 9.999182641886460443e-01
1.087500000000000000e+04 9.999149290827299419e-01
1.092500000000000000e+04 9.999114579180209406e-01
1.097500000000000000e+04 9.999078451459409989e-01
1.102500000000000000e+04 9.999040849918380269e-01
1.107500000000000000e+04 9.999001714457278478e-01
1.112500000000000000e+04 9.998960982527729247e-01
1.117500000000000000e+04 9.998918589032879112e-01
1.122500000000000000e+04 9.998874466223939272e-01
1.127500000000000000e+04 9.998828543592239715e-01
1.132500000000000000e+04 9.998780747756998988e-01
1.137500000000000000e+04 9.998731002348779651e-01
1.142500000000000000e+04 9.998679227887649068e-01
1.147500000000000000e+04 9.998625341656919296e-01
1.152500000000000000e+04 9.998569257571768842e-01
1.157500000000000000e+04 9.998510886042298873e-01
1.162500000000000000e+04 9.998450133830940612e-01
1.167500000000000000e+04 9.998386903904640244e-01
1.172500000000000000e+04 9.998321095280638948e-01
1.177500000000000000e+04 9.998252602865879135e-01
1.182500000000000000e+04 9.998181317290499859e-01
1.187500000000000000e+04 9.998107124734199047e-01
1.192500000000000000e+04 9.998029906745369289e-01
1.197500000000000000e+04 9.997949540053799877e-01
1.202500000000000000e+04 9.997865896374780181e-01
1.207500000000000000e+04 9.997778842205999883e-01
1.212500000000000000e+04 9.997688238616079248e-01
1.217500000000000000e+04 9.997593941024518482e-01
1.222500000000000000e+04 9.997495798972859671e-01
1.227500000000000000e+04 9.997393655886719355e-01
1.232500000000000000e+04 9.997287348828030051e-01
1.237500000000000000e+04 9.997176708237569542e-01
1.242500000000000000e+04 9.997061557667069609e-01
1.247500000000000000e+04 9.996941713500540061e-01
1.252500000000000000e+04 9.996816984664469441e-01
1.257500000000000000e+04 9.996687172326449433e-01
1.262500000000000000e+04 9.996552069581610134e-01
1.267500000000000000e+04 9.996411461126789577e-01
1.272500000000000000e+04 9.996265122921239588e-01
1.277500000000000000e+04 9.996112821834119977e-01
1.282500000000000000e+04 9.995954315278109403e-01
1.287500000000000000e+04 9.995789350827809505e-01
1.292500000000000000e+04 9.995617665823259834e-01
1.297500000000000000e+04 9.995438986958219418e-01
1.302500000000000000e+04 9.995253029850930115e-01
1.307500000000000000e+04 9.995059498598969361e-01
1.312500000000000000e+04 9.994858085315758700e-01
1.317500000000000000e+04 9.994648469648999001e-01
1.322500000000000000e+04 9.994430318279878822e-01
1.327500000000000000e+04 9.994203284402759513e-01
1.332500000000000000e+04 9.993967007184029194e-01
1.337500000000000000e+04 9.993721111199759255e-01
1.342500000000000000e+04 9.993465205851119748e-01
1.347500000000000000e+04 9.993198884757149569e-01
1.352500000000000000e+04 9.992921725123289356e-01
1.357500000000000000e+04 9.992633287085368465e-01
1.362500000000000000e+04 9.992333113027980218e-01
1.367500000000000000e+04 9.992020726876049697e-01
1.372500000000000000e+04 9.991695633358859130e-01
1.377500000000000000e+04 9.991357317245670444e-01
1.382500000000000000e+04 9.991005242551169729e-01
1.387500000000000000e+04 9.990638851710629265e-01
1.392500000000000000e+04 9.990257564722589967e-01
1.397500000000000000e+04 9.989860778259239682e-01
1.402500000000000000e+04 9.989447864741609617e-01
1.407500000000000000e+04 9.989018171379809852e-01
1.412500000000000000e+04 9.988571019176609722e-01
1.417500000000000000e+04 9.988105701892169286e-01
1.422500000000000000e+04 9.987621484970189423e-01
1.427500000000000000e+04 9.987117604422569572e-01
1.432500000000000000e+04 9.986593265672158992e-01
1.437500000000000000e+04 9.986047642351350007e-01
1.442500000000000000e+04 9.985479875055869314e-01
1.447500000000000000e+04 9.984889070051400362e-01
1.452500000000000000e+04 9.984274297931849951e-01
1.457500000000000000e+04 9.983634592227629279e-01
1.462500000000000000e+04 9.982968947962199691e-01
1.467500000000000000e+04 9.982276320155099025e-01
1.472500000000000000e+04 9.981555622269540073e-01
1.477500000000000000e+04 9.980805724603799556e-01
1.482500000000000000e+04 9.980025452622599547e-01
1.487500000000000000e+04 9.979213585228710048e-01
1.492500000000000000e+04 9.978368852971619685e-01
1.497500000000000000e+04 9.977489936191470399e-01
1.502500000000000000e+04 9.976575463096498675e-01
1.507500000000000000e+04 9.975624007772339041e-01
1.512500000000000000e+04 9.974634088120168940e-01
1.517500000000000000e+04 9.973604163722429305e-01
1.522500000000000000e+04 9.972532633633860444e-01
1.527500000000000000e+04 9.971417834095679389e-01
1.532500000000000000e+04 9.970258036170509541e-01
1.537500000000000000e+04 9.969051443296470527e-01
1.542500000000000000e+04 9.967796188757849229e-01
1.547500000000000000e+04 9.966490333070459062e-01
1.552500000000000000e+04 9.965131861279199477e-01
1.557500000000000000e+04 9.963718680165960517e-01
1.562500000000000000e+04 9.962248615366079418e-01
1.567500000000000000e+04 9.960719408390069640e-01
1.572500000000000000e+04 9.959128713549989520e-01
1.577500000000000000e+04 9.957474094787550634e-01
1.582500000000000000e+04 9.955753022401949703e-01
1.587500000000000000e+04 9.953962869676260539e-01
1.592500000000000000e+04 9.952100909399399509e-01
1.597500000000000000e+04 9.950164310283149405e-01
1.602500000000000000e+04 9.948150133271279616e-01
1.607500000000000000e+04 9.946055327740439544e-01
1.612500000000000000e+04 9.943876727590650333e-01
1.617500000000000000e+04 9.941611047224250264e-01
1.622500000000000000e+04 9.939254877412169176e-01
1.627500000000000000e+04 9.936804681047040066e-01
1.632500000000000000e+04 9.934256788781459235e-01
1.637500000000000000e+04 9.931607394552149914e-01
1.642500000000000000e+04 9.928852550988719328e-01
1.647500000000000000e+04 9.925988164707539863e-01
1.652500000000000000e+04 9.923009991490978621e-01
1.657500000000000000e+04 9.919913631352980099e-01
1.662500000000000000e+04 9.916694523491279556e-01
1.667500000000000000e+04 9.913347941128409779e-01
1.672500000000000000e+04 9.909868986243148825e-01
1.677500000000000000e+04 9.906252584194619182e-01
1.682500000000000000e+04 9.902493478241699565e-01
1.687500000000000000e+04 9.898586223962070330e-01
1.692500000000000000e+04 9.894525183573419369e-01
1.697500000000000000e+04 9.890304520162799262e-01
1.702500000000000000e+04 9.885918191828489965e-01
1.707500000000000000e+04 9.881359945741079454e-01
1.712500000000000000e+04 9.876623312129669818e-01
1.717500000000000000e+04 9.871701598202429206e-01
1.722500000000000000e+04 9.866587882007908927e-01
1.727500000000000000e+04 9.861275006248589881e-01
1.732500000000000000e+04 9.855755572055878710e-01
1.737500000000000000e+04 9.850021932738839414e-01
1.742500000000000000e+04 9.844066187519040501e-01
1.747500000000000000e+04 9.837880175265150129e-01
1.752500000000000000e+04 9.831455468243279761e-01
1.757500000000000000e+04 9.824783365898669407e-01
1.762500000000000000e+04 9.817854888687059800e-01
1.767500000000000000e+04 9.810660771975329153e-01
1.772500000000000000e+04 9.803191460031899229e-01
1.777500000000000000e+04 9.795437100129149588e-01
1.782500000000000000e+04 9.787387536783359598e-01
1.787500000000000000e+04 9.779032306156439924e-01
1.792500000000000000e+04 9.770360630648429190e-01
1.797500000000000000e+04 9.761361413710019086e-01
1.802500000000000000e+04 9.752023234906710414e-01
1.807500000000000000e+04 9.742334345268148788e-01
1.812500000000000000e+04 9.732282662958959829e-01
1.817500000000000000e+04 9.721855769307720108e-01
1.822500000000000000e+04 9.711040905235619469e-01
1.827500000000000000e+04 9.699824968126139479e-01
1.832500000000000000e+04 9.688194509180310110e-01
1.837500000000000000e+04 9.676135731304950083e-01
1.842500000000000000e+04 9.663634487582819510e-01
1.847500000000000000e+04 9.650676280376250249e-01
1.852500000000000000e+04 9.637246261117918822e-01
1.857500000000000000e+04 9.623329230846089377e-01
1.862500000000000000e+04 9.608909641541639735e-01
1.867500000000000000e+04 9.593971598328809858e-01
1.872500000000000000e+04 9.578498862602908837e-01
1.877500000000000000e+04 9.562474856149589808e-01
1.882500000000000000e+04 9.545882666324579935e-01
1.887500000000000000e+04 9.528705052362870243e-01
1.892500000000000000e+04 9.510924452888339653e-01
1.897500000000000000e+04 9.492522994699319483e-01
1.902500000000000000e+04 9.473482502902649260e-01
1.907500000000000000e+04 9.453784512474958657e-01
1.912500000000000000e+04 9.433410281327428981e-01
1.917500000000000000e+04 9.412340804953980289e-01
1.922500000000000000e+04 9.390556832741998594e-01
1.927500000000000000e+04 9.368038886025749079e-01
1.932500000000000000e+04 9.344767277963099694e-01
1.937500000000000000e+04 9.320722135314959411e-01
1.942500000000000000e+04 9.295883422207770197e-01
1.947500000000000000e+04 9.270230965956449687e-01
1.952500000000000000e+04 9.243744485025929825e-01
1.957500000000000000e+04 9.216403619204939224e-01
1.962500000000000000e+04 9.188187962065499370e-01
1.967500000000000000e+04 9.159077095776989585e-01
1.972500000000000000e+04 9.129050628339359097e-01
1.977500000000000000e+04 9.098088233298449179e-01
1.982500000000000000e+04 9.066169691996999180e-01
1.987500000000000000e+04 9.033274938412589883e-01
1.992500000000000000e+04 8.999384106624809254e-01
1.997500000000000000e+04 8.964477580947269875e-01
2.002500000000000000e+04 8.928536048750610465e-01
2.007500000000000000e+04 8.891540555994209560e-01
2.012500000000000000e+04 8.853472565471759426e-01
2.017500000000000000e+04 8.814314017766159415e-01
2.022500000000000000e+04 8.774047394895149177e-01
2.027500000000000000e+04 8.732655786614009763e-01
2.032500000000000000e+04 8.690122959328410168e-01
2.037500000000000000e+04 8.646433427551679651e-01
2.042500000000000000e+04 8.601572527823310166e-01
2.047500000000000000e+04 8.555526494986019914e-01
2.052500000000000000e+04 8.508282540697740259e-01
2.057500000000000000e+04 8.459828934030809711e-01
2.062500000000000000e+04 8.410155083988389846e-01
2.067500000000000000e+04 8.359251623741069670e-01
2.072500000000000000e+04 8.307110496358769414e-01
2.077500000000000000e+04 8.253725041785509031e-01
2.082500000000000000e+04 8.199090084772019393e-01
2.087500000000000000e+04 8.143202023450080151e-01
2.092500000000000000e+04 8.086058918198940626e-01
2.097500000000000000e+04 8.027660580417089742e-01
2.102500000000000000e+04 7.968008660778779229e-01
2.107500000000000000e+04 7.907106736514338818e-01
2.112500000000000000e+04 7.844960397216899084e-01
2.117500000000000000e+04 7.781577328637460100e-01
2.122500000000000000e+04 7.716967393891259741e-01
2.127500000000000000e+04 7.651142711458409629e-01
2.132500000000000000e+04 7.584117729323609503e-01
2.137500000000000000e+04 7.515909294560220166e-01
2.142500000000000000e+04 7.446536717629620439e-01
2.147500000000000000e+04 7.376021830631429577e-01
2.152500000000000000e+04 7.304389038710580317e-01
2.157500000000000000e+04 7.231665363800848789e-01
2.162500000000000000e+04 7.157880479863409917e-01
2.167500000000000000e+04 7.083066738765029235e-01
2.172500000000000000e+04 7.007259185933250034e-01
2.177500000000000000e+04 6.930495564928619290e-01
2.182500000000000000e+04 6.852816310087650464e-01
2.187500000000000000e+04 6.774264526413569243e-01
2.192500000000000000e+04 6.694885955931989541e-01
2.197500000000000000e+04 6.614728929780420152e-01
2.202500000000000000e+04 6.533844305370810623e-01
2.207500000000000000e+04 6.452285388050219561e-01
2.212500000000000000e+04 6.370107836791559786e-01
2.217500000000000000e+04 6.287369553569459590e-01
2.222500000000000000e+04 6.204130556220239789e-01
2.227500000000000000e+04 6.120452834750249593e-01
2.232500000000000000e+04 6.036400191236189761e-01
2.237500000000000000e+04 5.952038063664749634e-01
2.242500000000000000e+04 5.867433334269479550e-01
2.247500000000000000e+04 5.782654123155839265e-01
2.252500000000000000e+04 5.697769568239229310e-01
2.257500000000000000e+04 5.612849592764790341e-01
2.262500000000000000e+04 5.527964661919079203e-01
2.267500000000000000e+04 5.443185530279429640e-01
2.272500000000000000e+04 5.358582982069800549e-01
2.277500000000000000e+04 5.274227566394850131e-01
2.282500000000000000e+04 5.190189329800469764e-01
2.287500000000000000e+04 5.106537548650229574e-01
2.292500000000000000e+04 5.023340463910499487e-01
2.297500000000000000e+04 4.940665020989339906e-01
2.302500000000000000e+04 4.858576617279899978e-01
2.307500000000000000e+04 4.777138860005999410e-01
2.312500000000000000e+04 4.696413336859619481e-01
2.317500000000000000e+04 4.616459401754219871e-01
2.322500000000000000e+04 4.537333977802019414e-01
2.327500000000000000e+04 4.459091379352320139e-01
2.332500000000000000e+04 4.381783154619989795e-01
2.337500000000000000e+04 4.305457950088439900e-01
2.342500000000000000e+04 4.230161397504989540e-01
2.347500000000000000e+04 4.155936023907209620e-01
2.352500000000000000e+04 4.082821184740140219e-01
2.357500000000000000e+04 4.010853019755299953e-01
2.362500000000000000e+04 3.940064431040070092e-01
2.367500000000000000e+04 3.870485082214110140e-01
2.372500000000000000e+04 3.802141417559309899e-01
2.377500000000000000e+04 3.735056699629260013e-01
2.382500000000000000e+04 3.669251063711280181e-01
2.387500000000000000e+04 3.604741587395189906e-01
2.392500000000000000e+04 3.541542373435589974e-01
2.397500000000000000e+04 3.479664644075610158e-01
2.402500000000000000e+04 3.419116845023489892e-01
2.407500000000000000e+04 3.359904757336080183e-01
2.412500000000000000e+04 3.302031615552869503e-01
2.417500000000000000e+04 3.245498230540019846e-01
2.422500000000000000e+04 3.190303115633069675e-01
2.427500000000000000e+04 3.136442614804169637e-01
2.432500000000000000e+04 3.083911031722709750e-01
2.437500000000000000e+04 3.032700758717910006e-01
2.442500000000000000e+04 2.982802404787776029e-01
2.447500000000000000e+04 2.934204921918965869e-01
2.452500000000000000e+04 2.886895729097943009e-01
2.457500000000000000e+04 2.840860833500702953e-01
2.462500000000000000e+04 2.796084948437387863e-01
2.467500000000000000e+04 2.752551607707416914e-01
2.472500000000000000e+04 2.710243276092539899e-01
2.477500000000000000e+04 2.669141455773335614e-01
2.482500000000000000e+04 2.629226788508732815e-01
2.487500000000000000e+04 2.590479153463532969e-01
2.492500000000000000e+04 2.552877760604223001e-01
2.497500000000000000e+04 2.516401239620814079e-01
2.502500000000000000e+04 2.481027724359435027e-01
2.507500000000000000e+04 2.446734932774948801e-01
2.512500000000000000e+04 2.413500242437325860e-01
2.517500000000000000e+04 2.381300761644800923e-01
2.522500000000000000e+04 2.350113396212814010e-01
2.527500000000000000e+04 2.319914912021414921e-01
2.532500000000000000e+04 2.290681993422057083e-01
2.537500000000000000e+04 2.262391297612607877e-01
2.542500000000000000e+04 2.235019505096375869e-01
2.547500000000000000e+04 2.208543366355052717e-01
2.552500000000000000e+04 2.182939744870253940e-01
2.557500000000000000e+04 2.158185656631222138e-01
2.562500000000000000e+04 2.134258306271087924e-01
2.567500000000000000e+04 2.111135119978893027e-01
2.572500000000000000e+04 2.088793775336396930e-01
2.577500000000000000e+04 2.067212228226315007e-01
2.582500000000000000e+04 2.046368736962087820e-01
2.587500000000000000e+04 2.026241883785609987e-01
2.592500000000000000e+04 2.006810593880060944e-01
2.597500000000000000e+04 1.988054152037846967e-01
2.602500000000000000e+04 1.969952217130313821e-01
2.607500000000000000e+04 1.952484834509871092e-01
2.612500000000000000e+04 1.935632446481582725e-01
2.617500000000000000e+04 1.919375900973588067e-01
2.622500000000000000e+04 1.903696458528200963e-01
2.627500000000000000e+04 1.888575797738354933e-01
2.632500000000000000e+04 1.873996019239209110e-01
2.637500000000000000e+04 1.859939648370924070e-01
2.642500000000000000e+04 1.846389636613290086e-01
2.647500000000000000e+04 1.833329361897380883e-01
2.652500000000000000e+04 1.820742627885570120e-01
2.657500000000000000e+04 1.808613662312819892e-01
2.662500000000000000e+04 1.796927114474813902e-01
2.667500000000000000e+04 1.785668051943866963e-01
2.672500000000000000e+04 1.774821956586860872e-01
2.677500000000000000e+04 1.764374719961399884e-01
2.682500000000000000e+04 1.754312638152344950e-01
2.687500000000000000e+04 1.744622406115343971e-01
2.692500000000000000e+04 1.735291111581446777e-01
2.697500000000000000e+04 1.726306228585617053e-01
2.702500000000000000e+04 1.717655610663770815e-01
2.707500000000000000e+04 1.709327483767301981e-01
2.712500000000000000e+04 1.701310438936937952e-01
2.717500000000000000e+04 1.693593424779968881e-01
2.722500000000000000e+04 1.686165739790178031e-01
2.727500000000000000e+04 1.679017024537839131e-01
2.732500000000000000e+04 1.672137253766246834e-01
2.737500000000000000e+04 1.665516728420352033e-01
2.742500000000000000e+04 1.659146067641990852e-01
2.747500000000000000e+04 1.653016200744938935e-01
2.752500000000000000e+04 1.647118359197576876e-01
2.757500000000000000e+04 1.641444068634209941e-01
2.762500000000000000e+04 1.635985140908592095e-01
2.767500000000000000e+04 1.630733666207598020e-01
2.772500000000000000e+04 1.625682005240919048e-01
2.777500000000000000e+04 1.620822781520004086e-01
2.782500000000000000e+04 1.616148873730118840e-01
2.787500000000000000e+04 1.611653408214095973e-01
2.792500000000000000e+04 1.607329751578757959e-01
2.797500000000000000e+04 1.603171503415533050e-01
2.802500000000000000e+04 1.599172489161599930e-01
2.807500000000000000e+04 1.595326753091453886e-01
2.812500000000000000e+04 1.591628551454577212e-01
2.817500000000000000e+04 1.588072345756031678e-01
2.822500000000000000e+04 1.584652796187596968e-01
2.827500000000000000e+04 1.581364755202188110e-01
2.832500000000000000e+04 1.578203261246960698e-01
2.837500000000000000e+04 1.575163532651583098e-01
2.842500000000000000e+04 1.572240961661919012e-01
2.847500000000000000e+04 1.569431108635400973e-01
2.852500000000000000e+04 1.566729696384558113e-01
2.857500000000000000e+04 1.564132604676134741e-01
2.862500000000000000e+04 1.561635864880812075e-01
2.867500000000000000e+04 1.559235654776091051e-01
2.872500000000000000e+04 1.556928293491404158e-01
2.877500000000000000e+04 1.554710236608410900e-01
2.882500000000000000e+04 1.552578071400914916e-01
2.887500000000000000e+04 1.550528512218342092e-01
2.892500000000000000e+04 1.548558396010338012e-01
2.897500000000000000e+04 1.546664677988622005e-01
2.902500000000000000e+04 1.544844427425842992e-01
2.907500000000000000e+04 1.543094823582197850e-01
2.912500000000000000e+04 1.541413151765567979e-01
2.917500000000000000e+04 1.539796799516847114e-01
2.922500000000000000e+04 1.538243252923683080e-01
2.927500000000000000e+04 1.536750093043517673e-01
2.932500000000000000e+04 1.535314992460119210e-01
2.937500000000000000e+04 1.533935711939139190e-01
2.942500000000000000e+04 1.532610097208922106e-01
2.947500000000000000e+04 1.531336075840205868e-01
2.952500000000000000e+04 1.530111654241103902e-01
2.957500000000000000e+04 1.528934914744596030e-01
2.962500000000000000e+04 1.527804012807183198e-01
2.967500000000000000e+04 1.526717174294906776e-01
2.972500000000000000e+04 1.525672692868820790e-01
2.977500000000000000e+04 1.524668927461313717e-01
2.982500000000000000e+04 1.523704299844874932e-01
2.987500000000000000e+04 1.522777292277519012e-01
2.992500000000000000e+04 1.521886445239838959e-01
2.997500000000000000e+04 1.521030355251180022e-01
3.002500000000000000e+04 1.520207672761662021e-01
3.007500000000000000e+04 1.519417100119244968e-01
3.012500000000000000e+04 1.518657389618882914e-01
3.017500000000000000e+04 1.517927341608182878e-01
3.022500000000000000e+04 1.517225802675402080e-01
3.027500000000000000e+04 1.516551663893054847e-01
3.032500000000000000e+04 1.515903859131642051e-01
3.037500000000000000e+04 1.515281363436584983e-01
3.042500000000000000e+04 1.514683191457238953e-01
3.047500000000000000e+04 1.514108395940025054e-01
3.052500000000000000e+04 1.513556066277102208e-01
3.057500000000000000e+04 1.513025327108102891e-01
3.062500000000000000e+04 1.512515336970755853e-01
3.067500000000000000e+04 1.512025287003881668e-01
3.072500000000000000e+04 1.511554399703742002e-01
3.077500000000000000e+04 1.511101927715000903e-01
3.082500000000000000e+04 1.510667152681196834e-01
3.087500000000000000e+04 1.510249384125653960e-01
3.092500000000000000e+04 1.509847958384706035e-01
3.097500000000000000e+04 1.509462237572627707e-01
3.102500000000000000e+04 1.509091608593051970e-01
3.107500000000000000e+04 1.508735482180602050e-01
3.112500000000000000e+04 1.508393291984687912e-01
3.117500000000000000e+04 1.508064493684830032e-01
3.122500000000000000e+04 1.507748564139917979e-01
3.127500000000000000e+04 1.507445000573330862e-01
3.132500000000000000e+04 1.507153319779341027e-01
3.137500000000000000e+04 1.506873057373991909e-01
3.142500000000000000e+04 1.506603767062514865e-01
3.147500000000000000e+04 1.506345019940876773e-01
3.152500000000000000e+04 1.506096403819148777e-01
3.157500000000000000e+04 1.505857522578573082e-01
3.162500000000000000e+04 1.505627995545686937e-01
3.167500000000000000e+04 1.505407456894601870e-01
3.172500000000000000e+04 1.505195555067966040e-01
3.177500000000000000e+04 1.504991952226620022e-01
3.182500000000000000e+04 1.504796323717196849e-01
3.187500000000000000e+04 1.504608357556400933e-01
3.192500000000000000e+04 1.504427753939865109e-01
3.197500000000000000e+04 1.504254224770964765e-01
3.202500000000000000e+04 1.504087493204612769e-01
3.207500000000000000e+04 1.503927293208678073e-01
3.212500000000000000e+04 1.503773369141483685e-01
3.217500000000000000e+04 1.503625475350484908e-01
3.222500000000000000e+04 1.503483375783800924e-01
3.227500000000000000e+04 1.503346843612251016e-01
3.232500000000000000e+04 1.503215660874729076e-01
3.237500000000000000e+04 1.503089618130006022e-01
3.242500000000000000e+04 1.502968514124833899e-01
3.247500000000000000e+04 1.502852155473896889e-01
3.252500000000000000e+04 1.502740356355667939e-01
3.257500000000000000e+04 1.502632938213998848e-01
3.262500000000000000e+04 1.502529729480630016e-01
3.267500000000000000e+04 1.502430565294076981e-01
3.272500000000000000e+04 1.502335287243714013e-01
3.277500000000000000e+04 1.502243743118160113e-01
3.282500000000000000e+04 1.502155786660241965e-01
3.287500000000000000e+04 1.502071277336639865e-01
3.292500000000000000e+04 1.501990080111815784e-01
3.297500000000000000e+04 1.501912065236435945e-01
3.302500000000000000e+04 1.501837108040063873e-01
3.307500000000000000e+04 1.501765088730338815e-01
3.312500000000000000e+04 1.501695892205636984e-01
3.317500000000000000e+04 1.501629407871926947e-01
3.322500000000000000e+04 1.501565529460602011e-01
3.327500000000000000e+04 1.501504154867543683e-01
3.332500000000000000e+04 1.501445185984824071e-01
3.337500000000000000e+04 1.501388528545307965e-01
3.342500000000000000e+04 1.501334091975479734e-01
3.347500000000000000e+04 1.501281789246974863e-01
3.352500000000000000e+04 1.501231536741486072e-01
3.357500000000000000e+04 1.501183254113832022e-01
3.362500000000000000e+04 1.501136864165462936e-01
3.367500000000000000e+04 1.501092292724088006e-01
3.372500000000000000e+04 1.501049468519450869e-01
3.377500000000000000e+04 1.501008323076563900e-01
3.382500000000000000e+04 1.500968790600290814e-01
3.387500000000000000e+04 1.500930807872289108e-01
3.392500000000000000e+04 1.500894314154224973e-01
3.397500000000000000e+04 1.500859251085248092e-01
3.402500000000000000e+04 1.500825562589510886e-01
3.407500000000000000e+04 1.500793194791906759e-01
3.412500000000000000e+04 1.500762095924588757e-01
3.417500000000000000e+04 1.500732216250020012e-01
3.422500000000000000e+04 1.500703507980515883e-01
3.427500000000000000e+04 1.500675925197756111e-01
3.432500000000000000e+04 1.500649423784658210e-01
3.437500000000000000e+04 1.500623961355140035e-01
3.442500000000000000e+04 1.500599497179510022e-01
3.447500000000000000e+04 1.500575992126797209e-01
3.452500000000000000e+04 1.500553408597103677e-01
3.457500000000000000e+04 1.500531710454708068e-01
3.462500000000000000e+04 1.500510862865108985e-01
3.467500000000000000e+04 1.500490831140276204e-01
3.472500000000000000e+04 1.500471568725318117e-01
3.477500000000000000e+04 1.500452896506672129e-01
3.482500000000000000e+04 1.500433458548552923e-01
3.487500000000000000e+04 1.500403791807257969e-01
3.492500000000000000e+04 1.500319086208695141e-01
3.497500000000000000e+04 1.500105098801423897e-01
3.502500000000000000e+04 1.500105098801423897e-01
