# Profil de ElecX au temps 1.800999999999969e-11 
# simu : /Volumes/MERCURE/JOBS/Zeq2_tanh_50mic_1p5e20_B0_20ps/GNU/ElecX@y-c.set
# col 0 : abscisse (um)
# col 1 : ElecX (V/m)
0.00000000e+00	0.00000000e+00
1.00000000e+00	5.28641491e+03
2.00000000e+00	5.88585211e+03
3.00000000e+00	9.09615946e+03
4.00000000e+00	1.32105731e+04
5.00000000e+00	1.63639848e+04
6.00000000e+00	1.96118531e+04
7.00000000e+00	2.28773174e+04
8.00000000e+00	2.61448611e+04
9.00000000e+00	2.94125767e+04
1.00000000e+01	3.26801437e+04
1.10000000e+01	3.59475662e+04
1.20000000e+01	3.92152570e+04
1.30000000e+01	4.24823064e+04
1.40000000e+01	4.57493391e+04
1.50000000e+01	4.90166863e+04
1.60000000e+01	5.22837624e+04
1.70000000e+01	5.55501051e+04
1.80000000e+01	5.88173248e+04
1.90000000e+01	6.20836121e+04
2.00000000e+01	6.53499907e+04
2.10000000e+01	6.86166982e+04
2.20000000e+01	7.18821295e+04
2.30000000e+01	7.51491772e+04
2.40000000e+01	7.84138627e+04
2.50000000e+01	8.16806874e+04
2.60000000e+01	8.49452748e+04
2.70000000e+01	8.82119593e+04
2.80000000e+01	9.14759603e+04
2.90000000e+01	9.47422149e+04
3.00000000e+01	9.80066952e+04
3.10000000e+01	1.01271957e+05
3.20000000e+01	1.04536661e+05
3.30000000e+01	1.07801507e+05
3.40000000e+01	1.11066269e+05
3.50000000e+01	1.14330577e+05
3.60000000e+01	1.17595528e+05
3.70000000e+01	1.20859658e+05
3.80000000e+01	1.24124129e+05
3.90000000e+01	1.27389029e+05
4.00000000e+01	1.30652631e+05
4.10000000e+01	1.33917977e+05
4.20000000e+01	1.37181849e+05
4.30000000e+01	1.40446454e+05
4.40000000e+01	1.43711759e+05
4.50000000e+01	1.46975539e+05
4.60000000e+01	1.50241068e+05
4.70000000e+01	1.53506298e+05
4.80000000e+01	1.56770928e+05
4.90000000e+01	1.60036900e+05
5.00000000e+01	1.63302796e+05
5.10000000e+01	1.66568420e+05
5.20000000e+01	1.69835180e+05
5.30000000e+01	1.73102177e+05
5.40000000e+01	1.76368945e+05
5.50000000e+01	1.79636904e+05
5.60000000e+01	1.82905437e+05
5.70000000e+01	1.86173702e+05
5.80000000e+01	1.89443342e+05
5.90000000e+01	1.92713826e+05
6.00000000e+01	1.95983938e+05
6.10000000e+01	1.99255912e+05
6.20000000e+01	2.02528598e+05
6.30000000e+01	2.05801382e+05
6.40000000e+01	2.09075983e+05
6.50000000e+01	2.12351404e+05
6.60000000e+01	2.15627705e+05
6.70000000e+01	2.18905126e+05
6.80000000e+01	2.22184307e+05
6.90000000e+01	2.25464550e+05
7.00000000e+01	2.28745497e+05
7.10000000e+01	2.32029022e+05
7.20000000e+01	2.35313903e+05
7.30000000e+01	2.38599513e+05
7.40000000e+01	2.41887687e+05
7.50000000e+01	2.45177862e+05
7.60000000e+01	2.48469538e+05
7.70000000e+01	2.51762811e+05
7.80000000e+01	2.55059063e+05
7.90000000e+01	2.58357538e+05
8.00000000e+01	2.61657511e+05
8.10000000e+01	2.64960342e+05
8.20000000e+01	2.68265987e+05
8.30000000e+01	2.71574381e+05
8.40000000e+01	2.74884714e+05
8.50000000e+01	2.78198716e+05
8.60000000e+01	2.81515775e+05
8.70000000e+01	2.84835581e+05
8.80000000e+01	2.88158541e+05
8.90000000e+01	2.91485458e+05
9.00000000e+01	2.94816149e+05
9.10000000e+01	2.98149329e+05
9.20000000e+01	3.01487189e+05
9.30000000e+01	3.04829064e+05
9.40000000e+01	3.08175225e+05
9.50000000e+01	3.11524794e+05
9.60000000e+01	3.14879513e+05
9.70000000e+01	3.18238691e+05
9.80000000e+01	3.21602922e+05
9.90000000e+01	3.24971053e+05
1.00000000e+02	3.28344055e+05
1.01000000e+02	3.31724262e+05
1.02000000e+02	3.35109059e+05
1.03000000e+02	3.38499155e+05
1.04000000e+02	3.41894971e+05
1.05000000e+02	3.45297044e+05
1.06000000e+02	3.48705408e+05
1.07000000e+02	3.52120160e+05
1.08000000e+02	3.55540642e+05
1.09000000e+02	3.58968741e+05
1.10000000e+02	3.62403664e+05
1.11000000e+02	3.65845528e+05
1.12000000e+02	3.69295277e+05
1.13000000e+02	3.72751656e+05
1.14000000e+02	3.76216622e+05
1.15000000e+02	3.79689408e+05
1.16000000e+02	3.83170505e+05
1.17000000e+02	3.86660252e+05
1.18000000e+02	3.90158225e+05
1.19000000e+02	3.93665337e+05
1.20000000e+02	3.97181836e+05
1.21000000e+02	4.00707654e+05
1.22000000e+02	4.04243219e+05
1.23000000e+02	4.07788624e+05
1.24000000e+02	4.11344355e+05
1.25000000e+02	4.14910078e+05
1.26000000e+02	4.18487006e+05
1.27000000e+02	4.22074807e+05
1.28000000e+02	4.25673571e+05
1.29000000e+02	4.29284201e+05
1.30000000e+02	4.32906458e+05
1.31000000e+02	4.36540660e+05
1.32000000e+02	4.40187637e+05
1.33000000e+02	4.43846415e+05
1.34000000e+02	4.47519092e+05
1.35000000e+02	4.51204192e+05
1.36000000e+02	4.54903472e+05
1.37000000e+02	4.58615985e+05
1.38000000e+02	4.62343169e+05
1.39000000e+02	4.66084314e+05
1.40000000e+02	4.69840576e+05
1.41000000e+02	4.73611688e+05
1.42000000e+02	4.77398100e+05
1.43000000e+02	4.81200554e+05
1.44000000e+02	4.85018799e+05
1.45000000e+02	4.88853698e+05
1.46000000e+02	4.92702725e+05
1.47000000e+02	4.96572943e+05
1.48000000e+02	5.00459193e+05
1.49000000e+02	5.04362984e+05
1.50000000e+02	5.08284920e+05
1.51000000e+02	5.12224772e+05
1.52000000e+02	5.16184077e+05
1.53000000e+02	5.20162222e+05
1.54000000e+02	5.24159934e+05
1.55000000e+02	5.28177724e+05
1.56000000e+02	5.32215604e+05
1.57000000e+02	5.36274327e+05
1.58000000e+02	5.40354018e+05
1.59000000e+02	5.44455197e+05
1.60000000e+02	5.48578304e+05
1.61000000e+02	5.52723467e+05
1.62000000e+02	5.56891252e+05
1.63000000e+02	5.61082241e+05
1.64000000e+02	5.65296728e+05
1.65000000e+02	5.69534804e+05
1.66000000e+02	5.73797322e+05
1.67000000e+02	5.78084760e+05
1.68000000e+02	5.82396755e+05
1.69000000e+02	5.86734917e+05
1.70000000e+02	5.91098526e+05
1.71000000e+02	5.95489122e+05
1.72000000e+02	5.99905995e+05
1.73000000e+02	6.04350712e+05
1.74000000e+02	6.08822670e+05
1.75000000e+02	6.13323065e+05
1.76000000e+02	6.17852164e+05
1.77000000e+02	6.22410327e+05
1.78000000e+02	6.26998272e+05
1.79000000e+02	6.31616112e+05
1.80000000e+02	6.36264594e+05
1.81000000e+02	6.40944010e+05
1.82000000e+02	6.45653446e+05
1.83000000e+02	6.50396387e+05
1.84000000e+02	6.55172851e+05
1.85000000e+02	6.59981487e+05
1.86000000e+02	6.64823126e+05
1.87000000e+02	6.69699132e+05
1.88000000e+02	6.74609654e+05
1.89000000e+02	6.79555115e+05
1.90000000e+02	6.84536207e+05
1.91000000e+02	6.89553535e+05
1.92000000e+02	6.94607771e+05
1.93000000e+02	6.99699174e+05
1.94000000e+02	7.04828324e+05
1.95000000e+02	7.09995818e+05
1.96000000e+02	7.15202278e+05
1.97000000e+02	7.20448194e+05
1.98000000e+02	7.25734059e+05
1.99000000e+02	7.31060689e+05
2.00000000e+02	7.36428262e+05
2.01000000e+02	7.41838006e+05
2.02000000e+02	7.47289796e+05
2.03000000e+02	7.52784736e+05
2.04000000e+02	7.58323127e+05
2.05000000e+02	7.63905910e+05
2.06000000e+02	7.69533542e+05
2.07000000e+02	7.75206431e+05
2.08000000e+02	7.80925660e+05
2.09000000e+02	7.86691424e+05
2.10000000e+02	7.92504765e+05
2.11000000e+02	7.98366058e+05
2.12000000e+02	8.04276025e+05
2.13000000e+02	8.10234971e+05
2.14000000e+02	8.16245045e+05
2.15000000e+02	8.22305408e+05
2.16000000e+02	8.28416959e+05
2.17000000e+02	8.34580828e+05
2.18000000e+02	8.40797518e+05
2.19000000e+02	8.47067733e+05
2.20000000e+02	8.53392076e+05
2.21000000e+02	8.59771645e+05
2.22000000e+02	8.66206929e+05
2.23000000e+02	8.72698666e+05
2.24000000e+02	8.79247590e+05
2.25000000e+02	8.85854686e+05
2.26000000e+02	8.92520413e+05
2.27000000e+02	8.99245741e+05
2.28000000e+02	9.06031536e+05
2.29000000e+02	9.12878373e+05
2.30000000e+02	9.19787267e+05
2.31000000e+02	9.26758854e+05
2.32000000e+02	9.33794171e+05
2.33000000e+02	9.40893849e+05
2.34000000e+02	9.48058867e+05
2.35000000e+02	9.55290174e+05
2.36000000e+02	9.62588283e+05
2.37000000e+02	9.69954411e+05
2.38000000e+02	9.77389311e+05
2.39000000e+02	9.84893676e+05
2.40000000e+02	9.92468817e+05
2.41000000e+02	1.00011541e+06
2.42000000e+02	1.00783431e+06
2.43000000e+02	1.01562668e+06
2.44000000e+02	1.02349330e+06
2.45000000e+02	1.03143516e+06
2.46000000e+02	1.03945330e+06
2.47000000e+02	1.04754857e+06
2.48000000e+02	1.05572209e+06
2.49000000e+02	1.06397481e+06
2.50000000e+02	1.07230770e+06
2.51000000e+02	1.08072186e+06
2.52000000e+02	1.08921824e+06
2.53000000e+02	1.09779803e+06
2.54000000e+02	1.10646218e+06
2.55000000e+02	1.11521179e+06
2.56000000e+02	1.12404794e+06
2.57000000e+02	1.13297172e+06
2.58000000e+02	1.14198434e+06
2.59000000e+02	1.15108680e+06
2.60000000e+02	1.16028025e+06
2.61000000e+02	1.16956595e+06
2.62000000e+02	1.17894494e+06
2.63000000e+02	1.18841845e+06
2.64000000e+02	1.19798766e+06
2.65000000e+02	1.20765380e+06
2.66000000e+02	1.21741809e+06
2.67000000e+02	1.22728172e+06
2.68000000e+02	1.23724592e+06
2.69000000e+02	1.24731203e+06
2.70000000e+02	1.25748127e+06
2.71000000e+02	1.26775493e+06
2.72000000e+02	1.27813430e+06
2.73000000e+02	1.28862071e+06
2.74000000e+02	1.29921549e+06
2.75000000e+02	1.30991997e+06
2.76000000e+02	1.32073551e+06
2.77000000e+02	1.33166349e+06
2.78000000e+02	1.34270530e+06
2.79000000e+02	1.35386233e+06
2.80000000e+02	1.36513601e+06
2.81000000e+02	1.37652777e+06
2.82000000e+02	1.38803905e+06
2.83000000e+02	1.39967132e+06
2.84000000e+02	1.41142605e+06
2.85000000e+02	1.42330474e+06
2.86000000e+02	1.43530889e+06
2.87000000e+02	1.44744004e+06
2.88000000e+02	1.45969972e+06
2.89000000e+02	1.47208948e+06
2.90000000e+02	1.48461090e+06
2.91000000e+02	1.49726556e+06
2.92000000e+02	1.51005505e+06
2.93000000e+02	1.52298101e+06
2.94000000e+02	1.53604505e+06
2.95000000e+02	1.54924884e+06
2.96000000e+02	1.56259402e+06
2.97000000e+02	1.57608228e+06
2.98000000e+02	1.58971531e+06
2.99000000e+02	1.60349482e+06
3.00000000e+02	1.61742253e+06
3.01000000e+02	1.63150019e+06
3.02000000e+02	1.64572955e+06
3.03000000e+02	1.66011238e+06
3.04000000e+02	1.67465046e+06
3.05000000e+02	1.68934559e+06
3.06000000e+02	1.70419960e+06
3.07000000e+02	1.71921430e+06
3.08000000e+02	1.73439155e+06
3.09000000e+02	1.74973319e+06
3.10000000e+02	1.76524111e+06
3.11000000e+02	1.78091719e+06
3.12000000e+02	1.79676334e+06
3.13000000e+02	1.81278145e+06
3.14000000e+02	1.82897348e+06
3.15000000e+02	1.84534135e+06
3.16000000e+02	1.86188702e+06
3.17000000e+02	1.87861246e+06
3.18000000e+02	1.89551964e+06
3.19000000e+02	1.91261057e+06
3.20000000e+02	1.92988723e+06
3.21000000e+02	1.94735166e+06
3.22000000e+02	1.96500588e+06
3.23000000e+02	1.98285191e+06
3.24000000e+02	2.00089182e+06
3.25000000e+02	2.01912766e+06
3.26000000e+02	2.03756150e+06
3.27000000e+02	2.05619541e+06
3.28000000e+02	2.07503148e+06
3.29000000e+02	2.09407182e+06
3.30000000e+02	2.11331850e+06
3.31000000e+02	2.13277366e+06
3.32000000e+02	2.15243941e+06
3.33000000e+02	2.17231786e+06
3.34000000e+02	2.19241114e+06
3.35000000e+02	2.21272140e+06
3.36000000e+02	2.23325077e+06
3.37000000e+02	2.25400139e+06
3.38000000e+02	2.27497540e+06
3.39000000e+02	2.29617496e+06
3.40000000e+02	2.31760221e+06
3.41000000e+02	2.33925931e+06
3.42000000e+02	2.36114840e+06
3.43000000e+02	2.38327164e+06
3.44000000e+02	2.40563117e+06
3.45000000e+02	2.42822914e+06
3.46000000e+02	2.45106769e+06
3.47000000e+02	2.47414896e+06
3.48000000e+02	2.49747509e+06
3.49000000e+02	2.52104820e+06
3.50000000e+02	2.54487042e+06
3.51000000e+02	2.56894385e+06
3.52000000e+02	2.59327061e+06
3.53000000e+02	2.61785278e+06
3.54000000e+02	2.64269246e+06
3.55000000e+02	2.66779170e+06
3.56000000e+02	2.69315258e+06
3.57000000e+02	2.71877713e+06
3.58000000e+02	2.74466737e+06
3.59000000e+02	2.77082533e+06
3.60000000e+02	2.79725299e+06
3.61000000e+02	2.82395233e+06
3.62000000e+02	2.85092529e+06
3.63000000e+02	2.87817381e+06
3.64000000e+02	2.90569980e+06
3.65000000e+02	2.93350513e+06
3.66000000e+02	2.96159167e+06
3.67000000e+02	2.98996124e+06
3.68000000e+02	3.01861564e+06
3.69000000e+02	3.04755664e+06
3.70000000e+02	3.07678597e+06
3.71000000e+02	3.10630534e+06
3.72000000e+02	3.13611642e+06
3.73000000e+02	3.16622084e+06
3.74000000e+02	3.19662020e+06
3.75000000e+02	3.22731604e+06
3.76000000e+02	3.25830988e+06
3.77000000e+02	3.28960319e+06
3.78000000e+02	3.32119740e+06
3.79000000e+02	3.35309389e+06
3.80000000e+02	3.38529398e+06
3.81000000e+02	3.41779897e+06
3.82000000e+02	3.45061008e+06
3.83000000e+02	3.48372849e+06
3.84000000e+02	3.51715533e+06
3.85000000e+02	3.55089167e+06
3.86000000e+02	3.58493851e+06
3.87000000e+02	3.61929682e+06
3.88000000e+02	3.65396747e+06
3.89000000e+02	3.68895131e+06
3.90000000e+02	3.72424909e+06
3.91000000e+02	3.75986151e+06
3.92000000e+02	3.79578920e+06
3.93000000e+02	3.83203272e+06
3.94000000e+02	3.86859256e+06
3.95000000e+02	3.90546914e+06
3.96000000e+02	3.94266279e+06
3.97000000e+02	3.98017379e+06
3.98000000e+02	4.01800232e+06
3.99000000e+02	4.05614848e+06
4.00000000e+02	4.09461231e+06
4.01000000e+02	4.13339375e+06
4.02000000e+02	4.17249266e+06
4.03000000e+02	4.21190881e+06
4.04000000e+02	4.25164189e+06
4.05000000e+02	4.29169149e+06
4.06000000e+02	4.33205713e+06
4.07000000e+02	4.37273822e+06
4.08000000e+02	4.41373407e+06
4.09000000e+02	4.45504392e+06
4.10000000e+02	4.49666688e+06
4.11000000e+02	4.53860200e+06
4.12000000e+02	4.58084820e+06
4.13000000e+02	4.62340430e+06
4.14000000e+02	4.66626903e+06
4.15000000e+02	4.70944101e+06
4.16000000e+02	4.75291875e+06
4.17000000e+02	4.79670064e+06
4.18000000e+02	4.84078498e+06
4.19000000e+02	4.88516994e+06
4.20000000e+02	4.92985360e+06
4.21000000e+02	4.97483388e+06
4.22000000e+02	5.02010862e+06
4.23000000e+02	5.06567553e+06
4.24000000e+02	5.11153218e+06
4.25000000e+02	5.15767602e+06
4.26000000e+02	5.20410439e+06
4.27000000e+02	5.25081447e+06
4.28000000e+02	5.29780333e+06
4.29000000e+02	5.34506789e+06
4.30000000e+02	5.39260493e+06
4.31000000e+02	5.44041108e+06
4.32000000e+02	5.48848284e+06
4.33000000e+02	5.53681653e+06
4.34000000e+02	5.58540834e+06
4.35000000e+02	5.63425429e+06
4.36000000e+02	5.68335022e+06
4.37000000e+02	5.73269182e+06
4.38000000e+02	5.78227459e+06
4.39000000e+02	5.83209385e+06
4.40000000e+02	5.88214472e+06
4.41000000e+02	5.93242214e+06
4.42000000e+02	5.98292083e+06
4.43000000e+02	6.03363531e+06
4.44000000e+02	6.08455987e+06
4.45000000e+02	6.13568857e+06
4.46000000e+02	6.18701523e+06
4.47000000e+02	6.23853343e+06
4.48000000e+02	6.29023647e+06
4.49000000e+02	6.34211737e+06
4.50000000e+02	6.39416890e+06
4.51000000e+02	6.44638349e+06
4.52000000e+02	6.49875328e+06
4.53000000e+02	6.55127006e+06
4.54000000e+02	6.60392530e+06
4.55000000e+02	6.65671007e+06
4.56000000e+02	6.70961509e+06
4.57000000e+02	6.76263067e+06
4.58000000e+02	6.81574670e+06
4.59000000e+02	6.86895262e+06
4.60000000e+02	6.92223742e+06
4.61000000e+02	6.97558960e+06
4.62000000e+02	7.02899714e+06
4.63000000e+02	7.08244750e+06
4.64000000e+02	7.13592755e+06
4.65000000e+02	7.18942360e+06
4.66000000e+02	7.24292131e+06
4.67000000e+02	7.29640573e+06
4.68000000e+02	7.34986118e+06
4.69000000e+02	7.40327131e+06
4.70000000e+02	7.45661900e+06
4.71000000e+02	7.50988636e+06
4.72000000e+02	7.56305467e+06
4.73000000e+02	7.61610437e+06
4.74000000e+02	7.66901500e+06
4.75000000e+02	7.72176519e+06
4.76000000e+02	7.77433259e+06
4.77000000e+02	7.82669384e+06
4.78000000e+02	7.87882454e+06
4.79000000e+02	7.93069920e+06
4.80000000e+02	7.98229122e+06
4.81000000e+02	8.03357282e+06
4.82000000e+02	8.08451500e+06
4.83000000e+02	8.13508754e+06
4.84000000e+02	8.18525892e+06
4.85000000e+02	8.23499629e+06
4.86000000e+02	8.28426546e+06
4.87000000e+02	8.33303082e+06
4.88000000e+02	8.38125535e+06
4.89000000e+02	8.42890055e+06
4.90000000e+02	8.47592645e+06
4.91000000e+02	8.52229155e+06
4.92000000e+02	8.56795283e+06
4.93000000e+02	8.61286570e+06
4.94000000e+02	8.65698402e+06
4.95000000e+02	8.70026006e+06
4.96000000e+02	8.74264453e+06
4.97000000e+02	8.78408657e+06
4.98000000e+02	8.82453375e+06
4.99000000e+02	8.86393212e+06
5.00000000e+02	8.90222621e+06
5.01000000e+02	8.93935908e+06
5.02000000e+02	8.97527239e+06
5.03000000e+02	9.00990642e+06
5.04000000e+02	9.04320016e+06
5.05000000e+02	9.07509141e+06
5.06000000e+02	9.10551683e+06
5.07000000e+02	9.13441211e+06
5.08000000e+02	9.16171206e+06
5.09000000e+02	9.18735074e+06
5.10000000e+02	9.21126163e+06
5.11000000e+02	9.23337781e+06
5.12000000e+02	9.25363213e+06
5.13000000e+02	9.27195743e+06
5.14000000e+02	9.28828671e+06
5.15000000e+02	9.30255346e+06
5.16000000e+02	9.31469180e+06
5.17000000e+02	9.32463682e+06
5.18000000e+02	9.33232485e+06
5.19000000e+02	9.33769374e+06
5.20000000e+02	9.34068314e+06
5.21000000e+02	9.34123488e+06
5.22000000e+02	9.33929326e+06
5.23000000e+02	9.33480536e+06
5.24000000e+02	9.32772143e+06
5.25000000e+02	9.31799520e+06
5.26000000e+02	9.30558422e+06
5.27000000e+02	9.29045019e+06
5.28000000e+02	9.27255932e+06
5.29000000e+02	9.25188262e+06
5.30000000e+02	9.22839624e+06
5.31000000e+02	9.20208171e+06
5.32000000e+02	9.17292626e+06
5.33000000e+02	9.14092305e+06
5.34000000e+02	9.10607139e+06
5.35000000e+02	9.06837690e+06
5.36000000e+02	9.02785172e+06
5.37000000e+02	8.98451458e+06
5.38000000e+02	8.93839091e+06
5.39000000e+02	8.88951286e+06
5.40000000e+02	8.83791928e+06
5.41000000e+02	8.78365573e+06
5.42000000e+02	8.72677431e+06
5.43000000e+02	8.66733356e+06
5.44000000e+02	8.60539826e+06
5.45000000e+02	8.54103921e+06
5.46000000e+02	8.47433297e+06
5.47000000e+02	8.40536151e+06
5.48000000e+02	8.33421188e+06
5.49000000e+02	8.26097584e+06
5.50000000e+02	8.18574942e+06
5.51000000e+02	8.10863249e+06
5.52000000e+02	8.02972829e+06
5.53000000e+02	7.94914296e+06
5.54000000e+02	7.86698502e+06
5.55000000e+02	7.78336490e+06
5.56000000e+02	7.69839440e+06
5.57000000e+02	7.61218622e+06
5.58000000e+02	7.52485344e+06
5.59000000e+02	7.43650901e+06
5.60000000e+02	7.34726533e+06
5.61000000e+02	7.25723378e+06
5.62000000e+02	7.16652424e+06
5.63000000e+02	7.07524477e+06
5.64000000e+02	6.98350114e+06
5.65000000e+02	6.89139657e+06
5.66000000e+02	6.79903135e+06
5.67000000e+02	6.70650258e+06
5.68000000e+02	6.61390392e+06
5.69000000e+02	6.52132539e+06
5.70000000e+02	6.42885315e+06
5.71000000e+02	6.33656938e+06
5.72000000e+02	6.24455216e+06
5.73000000e+02	6.15287539e+06
5.74000000e+02	6.06160871e+06
5.75000000e+02	5.97081749e+06
5.76000000e+02	5.88056283e+06
5.77000000e+02	5.79090159e+06
5.78000000e+02	5.70188642e+06
5.79000000e+02	5.61356582e+06
5.80000000e+02	5.52598424e+06
5.81000000e+02	5.43918219e+06
5.82000000e+02	5.35319632e+06
5.83000000e+02	5.26805957e+06
5.84000000e+02	5.18380130e+06
5.85000000e+02	5.10044743e+06
5.86000000e+02	5.01802059e+06
5.87000000e+02	4.93654029e+06
5.88000000e+02	4.85602306e+06
5.89000000e+02	4.77648258e+06
5.90000000e+02	4.69792993e+06
5.91000000e+02	4.62037363e+06
5.92000000e+02	4.54381992e+06
5.93000000e+02	4.46827281e+06
5.94000000e+02	4.39373429e+06
5.95000000e+02	4.32020447e+06
5.96000000e+02	4.24768170e+06
5.97000000e+02	4.17616275e+06
5.98000000e+02	4.10564288e+06
5.99000000e+02	4.03611605e+06
6.00000000e+02	3.96757496e+06
6.01000000e+02	3.90001123e+06
6.02000000e+02	3.83341545e+06
6.03000000e+02	3.76777736e+06
6.04000000e+02	3.70308585e+06
6.05000000e+02	3.63932917e+06
6.06000000e+02	3.57649488e+06
6.07000000e+02	3.51457008e+06
6.08000000e+02	3.45354133e+06
6.09000000e+02	3.39339485e+06
6.10000000e+02	3.33411650e+06
6.11000000e+02	3.27569189e+06
6.12000000e+02	3.21810641e+06
6.13000000e+02	3.16134527e+06
6.14000000e+02	3.10539358e+06
6.15000000e+02	3.05023638e+06
6.16000000e+02	2.99585867e+06
6.17000000e+02	2.94224542e+06
6.18000000e+02	2.88938169e+06
6.19000000e+02	2.83725253e+06
6.20000000e+02	2.78584312e+06
6.21000000e+02	2.73513870e+06
6.22000000e+02	2.68512466e+06
6.23000000e+02	2.63578651e+06
6.24000000e+02	2.58710992e+06
6.25000000e+02	2.53908072e+06
6.26000000e+02	2.49168493e+06
6.27000000e+02	2.44490876e+06
6.28000000e+02	2.39873861e+06
6.29000000e+02	2.35316108e+06
6.30000000e+02	2.30816298e+06
6.31000000e+02	2.26373132e+06
6.32000000e+02	2.21985332e+06
6.33000000e+02	2.17651643e+06
6.34000000e+02	2.13370828e+06
6.35000000e+02	2.09141678e+06
6.36000000e+02	2.04962999e+06
6.37000000e+02	2.00833622e+06
6.38000000e+02	1.96752392e+06
6.39000000e+02	1.92718183e+06
6.40000000e+02	1.88729880e+06
6.41000000e+02	1.84786395e+06
6.42000000e+02	1.80886656e+06
6.43000000e+02	1.77029612e+06
6.44000000e+02	1.73214228e+06
6.45000000e+02	1.69439487e+06
6.46000000e+02	1.65704393e+06
6.47000000e+02	1.62007962e+06
6.48000000e+02	1.58349230e+06
6.49000000e+02	1.54727246e+06
6.50000000e+02	1.51141078e+06
6.51000000e+02	1.47589804e+06
6.52000000e+02	1.44072521e+06
6.53000000e+02	1.40588337e+06
6.54000000e+02	1.37136374e+06
6.55000000e+02	1.33715767e+06
6.56000000e+02	1.30325662e+06
6.57000000e+02	1.26965219e+06
6.58000000e+02	1.23633609e+06
6.59000000e+02	1.20330011e+06
6.60000000e+02	1.17053618e+06
6.61000000e+02	1.13803632e+06
6.62000000e+02	1.10579265e+06
6.63000000e+02	1.07379737e+06
6.64000000e+02	1.04204279e+06
6.65000000e+02	1.01052129e+06
6.66000000e+02	9.79225349e+05
6.67000000e+02	9.48147516e+05
6.68000000e+02	9.17280440e+05
6.69000000e+02	8.86616817e+05
6.70000000e+02	8.56149405e+05
6.71000000e+02	8.25871093e+05
6.72000000e+02	7.95774708e+05
6.73000000e+02	7.65853279e+05
6.74000000e+02	7.36099793e+05
6.75000000e+02	7.06507366e+05
6.76000000e+02	6.77069132e+05
6.77000000e+02	6.47778327e+05
6.78000000e+02	6.18628197e+05
6.79000000e+02	5.89612082e+05
6.80000000e+02	5.60723362e+05
6.81000000e+02	5.31955486e+05
6.82000000e+02	5.03301946e+05
6.83000000e+02	4.74756316e+05
6.84000000e+02	4.46312195e+05
6.85000000e+02	4.17963274e+05
6.86000000e+02	3.89703266e+05
6.87000000e+02	3.61525963e+05
6.88000000e+02	3.33425198e+05
6.89000000e+02	3.05394854e+05
6.90000000e+02	2.77428863e+05
6.91000000e+02	2.49521197e+05
6.92000000e+02	2.21665881e+05
6.93000000e+02	1.93856988e+05
6.94000000e+02	1.66088658e+05
6.95000000e+02	1.38355060e+05
6.96000000e+02	1.10652019e+05
6.97000000e+02	8.30909083e+04
6.98000000e+02	5.50825247e+04
6.99000000e+02	2.77535892e+04
7.00000000e+02	0.00000000e+00
