# Profil de ElecX au temps 2.009999999999998e-12 
# simu : /Volumes/MERCURE/JOBS/Zeq2_tanh_50mic_1p5e20_B0_20ps/GNU/ElecX@y-c.set
# col 0 : abscisse (um)
# col 1 : ElecX (V/m)
0.00000000e+00	0.00000000e+00
1.00000000e+00	2.31093327e+02
2.00000000e+00	-7.35372216e+01
3.00000000e+00	-7.98307813e+01
4.00000000e+00	1.60520429e+01
5.00000000e+00	4.04154281e+00
6.00000000e+00	2.07939839e+00
7.00000000e+00	1.95712096e+00
8.00000000e+00	2.03473219e+00
9.00000000e+00	2.13060055e+00
1.00000000e+01	2.22338586e+00
1.10000000e+01	2.31274045e+00
1.20000000e+01	2.40158263e+00
1.30000000e+01	2.49302482e+00
1.40000000e+01	2.58922358e+00
1.50000000e+01	2.69093355e+00
1.60000000e+01	2.79769084e+00
1.70000000e+01	2.90848138e+00
1.80000000e+01	3.02269326e+00
1.90000000e+01	3.14021850e+00
2.00000000e+01	3.26108307e+00
2.10000000e+01	3.38521652e+00
2.20000000e+01	3.51218108e+00
2.30000000e+01	3.64186643e+00
2.40000000e+01	3.77472538e+00
2.50000000e+01	3.91206643e+00
2.60000000e+01	4.05575560e+00
2.70000000e+01	4.20776682e+00
2.80000000e+01	4.36968282e+00
2.90000000e+01	4.54241988e+00
3.00000000e+01	4.72622819e+00
3.10000000e+01	4.92055716e+00
3.20000000e+01	5.12437692e+00
3.30000000e+01	5.33647082e+00
3.40000000e+01	5.55581994e+00
3.50000000e+01	5.78182550e+00
3.60000000e+01	6.01439467e+00
3.70000000e+01	6.25402788e+00
3.80000000e+01	6.50140658e+00
3.90000000e+01	6.75741816e+00
4.00000000e+01	7.02326699e+00
4.10000000e+01	7.30023427e+00
4.20000000e+01	7.58989970e+00
4.30000000e+01	7.89389870e+00
4.40000000e+01	8.21362039e+00
4.50000000e+01	8.55024400e+00
4.60000000e+01	8.90443671e+00
4.70000000e+01	9.27640909e+00
4.80000000e+01	9.66614323e+00
4.90000000e+01	1.00734338e+01
5.00000000e+01	1.04981422e+01
5.10000000e+01	1.09402443e+01
5.20000000e+01	1.13998569e+01
5.30000000e+01	1.18774789e+01
5.40000000e+01	1.23735789e+01
5.50000000e+01	1.28889075e+01
5.60000000e+01	1.34242423e+01
5.70000000e+01	1.39804327e+01
5.80000000e+01	1.45584942e+01
5.90000000e+01	1.51593412e+01
6.00000000e+01	1.57840105e+01
6.10000000e+01	1.64335158e+01
6.20000000e+01	1.71089838e+01
6.30000000e+01	1.78114837e+01
6.40000000e+01	1.85422409e+01
6.50000000e+01	1.93023383e+01
6.60000000e+01	2.00931342e+01
6.70000000e+01	2.09158317e+01
6.80000000e+01	2.17717981e+01
6.90000000e+01	2.26623994e+01
7.00000000e+01	2.35891023e+01
7.10000000e+01	2.45533759e+01
7.20000000e+01	2.55567688e+01
7.30000000e+01	2.66009111e+01
7.40000000e+01	2.76875125e+01
7.50000000e+01	2.88182460e+01
7.60000000e+01	2.99950249e+01
7.70000000e+01	3.12196859e+01
7.80000000e+01	3.24942408e+01
7.90000000e+01	3.38206933e+01
8.00000000e+01	3.52012332e+01
8.10000000e+01	3.66380246e+01
8.20000000e+01	3.81334384e+01
8.30000000e+01	3.96897928e+01
8.40000000e+01	4.13096606e+01
8.50000000e+01	4.29956202e+01
8.60000000e+01	4.47503431e+01
8.70000000e+01	4.65766756e+01
8.80000000e+01	4.84775176e+01
8.90000000e+01	5.04559105e+01
9.00000000e+01	5.25150514e+01
9.10000000e+01	5.46582766e+01
9.20000000e+01	5.68888922e+01
9.30000000e+01	5.92105268e+01
9.40000000e+01	6.16269657e+01
9.50000000e+01	6.41419673e+01
9.60000000e+01	6.67596193e+01
9.70000000e+01	6.94840999e+01
9.80000000e+01	7.23197427e+01
9.90000000e+01	7.52711441e+01
1.00000000e+02	7.83429960e+01
1.01000000e+02	8.15401452e+01
1.02000000e+02	8.48678285e+01
1.03000000e+02	8.83312928e+01
1.04000000e+02	9.19360611e+01
1.05000000e+02	9.56880119e+01
1.06000000e+02	9.95930471e+01
1.07000000e+02	1.03657388e+02
1.08000000e+02	1.07887667e+02
1.09000000e+02	1.12290543e+02
1.10000000e+02	1.16873099e+02
1.11000000e+02	1.21642659e+02
1.12000000e+02	1.26606872e+02
1.13000000e+02	1.31773663e+02
1.14000000e+02	1.37151314e+02
1.15000000e+02	1.42748399e+02
1.16000000e+02	1.48573904e+02
1.17000000e+02	1.54637125e+02
1.18000000e+02	1.60947797e+02
1.19000000e+02	1.67515969e+02
1.20000000e+02	1.74352204e+02
1.21000000e+02	1.81467406e+02
1.22000000e+02	1.88872972e+02
1.23000000e+02	1.96580699e+02
1.24000000e+02	2.04602978e+02
1.25000000e+02	2.12952663e+02
1.26000000e+02	2.21643023e+02
1.27000000e+02	2.30688029e+02
1.28000000e+02	2.40102138e+02
1.29000000e+02	2.49900451e+02
1.30000000e+02	2.60098528e+02
1.31000000e+02	2.70712796e+02
1.32000000e+02	2.81760167e+02
1.33000000e+02	2.93258368e+02
1.34000000e+02	3.05225747e+02
1.35000000e+02	3.17681484e+02
1.36000000e+02	3.30645441e+02
1.37000000e+02	3.44138431e+02
1.38000000e+02	3.58181998e+02
1.39000000e+02	3.72798596e+02
1.40000000e+02	3.88011654e+02
1.41000000e+02	4.03845459e+02
1.42000000e+02	4.20325334e+02
1.43000000e+02	4.37477676e+02
1.44000000e+02	4.55329847e+02
1.45000000e+02	4.73910509e+02
1.46000000e+02	4.93249274e+02
1.47000000e+02	5.13377099e+02
1.48000000e+02	5.34326246e+02
1.49000000e+02	5.56130116e+02
1.50000000e+02	5.78823629e+02
1.51000000e+02	6.02443054e+02
1.52000000e+02	6.27026201e+02
1.53000000e+02	6.52612355e+02
1.54000000e+02	6.79242414e+02
1.55000000e+02	7.06958955e+02
1.56000000e+02	7.35806321e+02
1.57000000e+02	7.65830613e+02
1.58000000e+02	7.97079878e+02
1.59000000e+02	8.29603984e+02
1.60000000e+02	8.63455045e+02
1.61000000e+02	8.98687062e+02
1.62000000e+02	9.35356429e+02
1.63000000e+02	9.73521749e+02
1.64000000e+02	1.01324399e+03
1.65000000e+02	1.05458671e+03
1.66000000e+02	1.09761590e+03
1.67000000e+02	1.14240039e+03
1.68000000e+02	1.18901172e+03
1.69000000e+02	1.23752444e+03
1.70000000e+02	1.28801593e+03
1.71000000e+02	1.34056702e+03
1.72000000e+02	1.39526158e+03
1.73000000e+02	1.45218701e+03
1.74000000e+02	1.51143430e+03
1.75000000e+02	1.57309799e+03
1.76000000e+02	1.63727669e+03
1.77000000e+02	1.70407284e+03
1.78000000e+02	1.77359308e+03
1.79000000e+02	1.84594854e+03
1.80000000e+02	1.92125465e+03
1.81000000e+02	1.99963174e+03
1.82000000e+02	2.08120484e+03
1.83000000e+02	2.16610425e+03
1.84000000e+02	2.25446549e+03
1.85000000e+02	2.34642950e+03
1.86000000e+02	2.44214314e+03
1.87000000e+02	2.54175910e+03
1.88000000e+02	2.64543632e+03
1.89000000e+02	2.75334018e+03
1.90000000e+02	2.86564286e+03
1.91000000e+02	2.98252340e+03
1.92000000e+02	3.10416822e+03
1.93000000e+02	3.23077132e+03
1.94000000e+02	3.36253447e+03
1.95000000e+02	3.49966775e+03
1.96000000e+02	3.64238969e+03
1.97000000e+02	3.79092772e+03
1.98000000e+02	3.94551849e+03
1.99000000e+02	4.10640829e+03
2.00000000e+02	4.27385330e+03
2.01000000e+02	4.44812018e+03
2.02000000e+02	4.62948637e+03
2.03000000e+02	4.81824052e+03
2.04000000e+02	5.01468306e+03
2.05000000e+02	5.21912643e+03
2.06000000e+02	5.43189588e+03
2.07000000e+02	5.65332975e+03
2.08000000e+02	5.88378011e+03
2.09000000e+02	6.12361312e+03
2.10000000e+02	6.37320999e+03
2.11000000e+02	6.63296712e+03
2.12000000e+02	6.90329700e+03
2.13000000e+02	7.18462886e+03
2.14000000e+02	7.47740912e+03
2.15000000e+02	7.78210227e+03
2.16000000e+02	8.09919151e+03
2.17000000e+02	8.42917958e+03
2.18000000e+02	8.77258934e+03
2.19000000e+02	9.12996491e+03
2.20000000e+02	9.50187208e+03
2.21000000e+02	9.88889952e+03
2.22000000e+02	1.02916596e+04
2.23000000e+02	1.07107891e+04
2.24000000e+02	1.11469506e+04
2.25000000e+02	1.16008331e+04
2.26000000e+02	1.20731533e+04
2.27000000e+02	1.25646566e+04
2.28000000e+02	1.30761182e+04
2.29000000e+02	1.36083442e+04
2.30000000e+02	1.41621733e+04
2.31000000e+02	1.47384772e+04
2.32000000e+02	1.53381628e+04
2.33000000e+02	1.59621728e+04
2.34000000e+02	1.66114877e+04
2.35000000e+02	1.72871268e+04
2.36000000e+02	1.79901502e+04
2.37000000e+02	1.87216598e+04
2.38000000e+02	1.94828012e+04
2.39000000e+02	2.02747656e+04
2.40000000e+02	2.10987912e+04
2.41000000e+02	2.19561651e+04
2.42000000e+02	2.28482252e+04
2.43000000e+02	2.37763621e+04
2.44000000e+02	2.47420211e+04
2.45000000e+02	2.57467045e+04
2.46000000e+02	2.67919733e+04
2.47000000e+02	2.78794496e+04
2.48000000e+02	2.90108193e+04
2.49000000e+02	3.01878337e+04
2.50000000e+02	3.14123125e+04
2.51000000e+02	3.26861462e+04
2.52000000e+02	3.40112988e+04
2.53000000e+02	3.53898102e+04
2.54000000e+02	3.68237993e+04
2.55000000e+02	3.83154665e+04
2.56000000e+02	3.98670973e+04
2.57000000e+02	4.14810647e+04
2.58000000e+02	4.31598326e+04
2.59000000e+02	4.49059592e+04
2.60000000e+02	4.67221000e+04
2.61000000e+02	4.86110116e+04
2.62000000e+02	5.05755549e+04
2.63000000e+02	5.26186991e+04
2.64000000e+02	5.47435251e+04
2.65000000e+02	5.69532296e+04
2.66000000e+02	5.92511289e+04
2.67000000e+02	6.16406629e+04
2.68000000e+02	6.41253995e+04
2.69000000e+02	6.67090385e+04
2.70000000e+02	6.93954164e+04
2.71000000e+02	7.21885105e+04
2.72000000e+02	7.50924437e+04
2.73000000e+02	7.81114888e+04
2.74000000e+02	8.12500739e+04
2.75000000e+02	8.45127868e+04
2.76000000e+02	8.79043798e+04
2.77000000e+02	9.14297755e+04
2.78000000e+02	9.50940711e+04
2.79000000e+02	9.89025443e+04
2.80000000e+02	1.02860658e+05
2.81000000e+02	1.06974067e+05
2.82000000e+02	1.11248620e+05
2.83000000e+02	1.15690372e+05
2.84000000e+02	1.20305581e+05
2.85000000e+02	1.25100721e+05
2.86000000e+02	1.30082483e+05
2.87000000e+02	1.35257786e+05
2.88000000e+02	1.40633775e+05
2.89000000e+02	1.46217835e+05
2.90000000e+02	1.52017590e+05
2.91000000e+02	1.58040914e+05
2.92000000e+02	1.64295934e+05
2.93000000e+02	1.70791036e+05
2.94000000e+02	1.77534870e+05
2.95000000e+02	1.84536360e+05
2.96000000e+02	1.91804704e+05
2.97000000e+02	1.99349380e+05
2.98000000e+02	2.07180157e+05
2.99000000e+02	2.15307095e+05
3.00000000e+02	2.23740550e+05
3.01000000e+02	2.32491182e+05
3.02000000e+02	2.41569959e+05
3.03000000e+02	2.50988159e+05
3.04000000e+02	2.60757378e+05
3.05000000e+02	2.70889531e+05
3.06000000e+02	2.81396858e+05
3.07000000e+02	2.92291926e+05
3.08000000e+02	3.03587633e+05
3.09000000e+02	3.15297211e+05
3.10000000e+02	3.27434228e+05
3.11000000e+02	3.40012590e+05
3.12000000e+02	3.53046542e+05
3.13000000e+02	3.66550672e+05
3.14000000e+02	3.80539908e+05
3.15000000e+02	3.95029520e+05
3.16000000e+02	4.10035121e+05
3.17000000e+02	4.25572662e+05
3.18000000e+02	4.41658434e+05
3.19000000e+02	4.58309066e+05
3.20000000e+02	4.75541521e+05
3.21000000e+02	4.93373092e+05
3.22000000e+02	5.11821398e+05
3.23000000e+02	5.30904382e+05
3.24000000e+02	5.50640301e+05
3.25000000e+02	5.71047724e+05
3.26000000e+02	5.92145522e+05
3.27000000e+02	6.13952862e+05
3.28000000e+02	6.36489197e+05
3.29000000e+02	6.59774260e+05
3.30000000e+02	6.83828049e+05
3.31000000e+02	7.08670818e+05
3.32000000e+02	7.34323070e+05
3.33000000e+02	7.60805537e+05
3.34000000e+02	7.88139171e+05
3.35000000e+02	8.16345130e+05
3.36000000e+02	8.45444763e+05
3.37000000e+02	8.75459595e+05
3.38000000e+02	9.06411307e+05
3.39000000e+02	9.38321725e+05
3.40000000e+02	9.71212801e+05
3.41000000e+02	1.00510659e+06
3.42000000e+02	1.04002524e+06
3.43000000e+02	1.07599096e+06
3.44000000e+02	1.11302601e+06
3.45000000e+02	1.15115269e+06
3.46000000e+02	1.19039330e+06
3.47000000e+02	1.23077012e+06
3.48000000e+02	1.27230540e+06
3.49000000e+02	1.31502133e+06
3.50000000e+02	1.35894004e+06
3.51000000e+02	1.40408354e+06
3.52000000e+02	1.45047372e+06
3.53000000e+02	1.49813233e+06
3.54000000e+02	1.54708094e+06
3.55000000e+02	1.59734096e+06
3.56000000e+02	1.64893354e+06
3.57000000e+02	1.70187965e+06
3.58000000e+02	1.75619995e+06
3.59000000e+02	1.81191486e+06
3.60000000e+02	1.86904448e+06
3.61000000e+02	1.92760859e+06
3.62000000e+02	1.98762663e+06
3.63000000e+02	2.04911767e+06
3.64000000e+02	2.11210041e+06
3.65000000e+02	2.17659313e+06
3.66000000e+02	2.24261368e+06
3.67000000e+02	2.31017947e+06
3.68000000e+02	2.37930746e+06
3.69000000e+02	2.45001411e+06
3.70000000e+02	2.52231538e+06
3.71000000e+02	2.59622670e+06
3.72000000e+02	2.67176298e+06
3.73000000e+02	2.74893856e+06
3.74000000e+02	2.82776719e+06
3.75000000e+02	2.90826206e+06
3.76000000e+02	2.99043570e+06
3.77000000e+02	3.07430003e+06
3.78000000e+02	3.15986633e+06
3.79000000e+02	3.24714518e+06
3.80000000e+02	3.33614647e+06
3.81000000e+02	3.42687939e+06
3.82000000e+02	3.51935238e+06
3.83000000e+02	3.61357313e+06
3.84000000e+02	3.70954852e+06
3.85000000e+02	3.80728464e+06
3.86000000e+02	3.90678673e+06
3.87000000e+02	4.00805917e+06
3.88000000e+02	4.11110542e+06
3.89000000e+02	4.21592804e+06
3.90000000e+02	4.32252857e+06
3.91000000e+02	4.43090759e+06
3.92000000e+02	4.54106461e+06
3.93000000e+02	4.65299802e+06
3.94000000e+02	4.76670512e+06
3.95000000e+02	4.88218197e+06
3.96000000e+02	4.99942341e+06
3.97000000e+02	5.11842297e+06
3.98000000e+02	5.23917280e+06
3.99000000e+02	5.36166364e+06
4.00000000e+02	5.48588471e+06
4.01000000e+02	5.61182364e+06
4.02000000e+02	5.73946643e+06
4.03000000e+02	5.86879732e+06
4.04000000e+02	5.99979871e+06
4.05000000e+02	6.13245107e+06
4.06000000e+02	6.26673286e+06
4.07000000e+02	6.40262039e+06
4.08000000e+02	6.54008773e+06
4.09000000e+02	6.67910657e+06
4.10000000e+02	6.81964613e+06
4.11000000e+02	6.96167302e+06
4.12000000e+02	7.10515108e+06
4.13000000e+02	7.25004127e+06
4.14000000e+02	7.39630151e+06
4.15000000e+02	7.54388654e+06
4.16000000e+02	7.69274773e+06
4.17000000e+02	7.84283298e+06
4.18000000e+02	7.99408647e+06
4.19000000e+02	8.14644855e+06
4.20000000e+02	8.29985552e+06
4.21000000e+02	8.45423949e+06
4.22000000e+02	8.60952813e+06
4.23000000e+02	8.76564453e+06
4.24000000e+02	8.92250700e+06
4.25000000e+02	9.08002883e+06
4.26000000e+02	9.23811812e+06
4.27000000e+02	9.39667758e+06
4.28000000e+02	9.55560432e+06
4.29000000e+02	9.71478961e+06
4.30000000e+02	9.87411875e+06
4.31000000e+02	1.00334708e+07
4.32000000e+02	1.01927184e+07
4.33000000e+02	1.03517276e+07
4.34000000e+02	1.05103575e+07
4.35000000e+02	1.06684606e+07
4.36000000e+02	1.08258818e+07
4.37000000e+02	1.09824590e+07
4.38000000e+02	1.11380224e+07
4.39000000e+02	1.12923947e+07
4.40000000e+02	1.14453910e+07
4.41000000e+02	1.15968183e+07
4.42000000e+02	1.17464760e+07
4.43000000e+02	1.18941554e+07
4.44000000e+02	1.20396398e+07
4.45000000e+02	1.21827047e+07
4.46000000e+02	1.23231176e+07
4.47000000e+02	1.24606383e+07
4.48000000e+02	1.25950189e+07
4.49000000e+02	1.27260039e+07
4.50000000e+02	1.28533309e+07
4.51000000e+02	1.29767303e+07
4.52000000e+02	1.30959261e+07
4.53000000e+02	1.32106361e+07
4.54000000e+02	1.33205727e+07
4.55000000e+02	1.34254431e+07
4.56000000e+02	1.35249503e+07
4.57000000e+02	1.36187938e+07
4.58000000e+02	1.37066706e+07
4.59000000e+02	1.37882757e+07
4.60000000e+02	1.38633038e+07
4.61000000e+02	1.39314501e+07
4.62000000e+02	1.39924117e+07
4.63000000e+02	1.40458891e+07
4.64000000e+02	1.40915873e+07
4.65000000e+02	1.41292182e+07
4.66000000e+02	1.41585015e+07
4.67000000e+02	1.41791669e+07
4.68000000e+02	1.41909561e+07
4.69000000e+02	1.41936245e+07
4.70000000e+02	1.41869437e+07
4.71000000e+02	1.41707028e+07
4.72000000e+02	1.41447115e+07
4.73000000e+02	1.41088014e+07
4.74000000e+02	1.40628286e+07
4.75000000e+02	1.40066759e+07
4.76000000e+02	1.39402543e+07
4.77000000e+02	1.38635055e+07
4.78000000e+02	1.37764035e+07
4.79000000e+02	1.36789564e+07
4.80000000e+02	1.35712078e+07
4.81000000e+02	1.34532384e+07
4.82000000e+02	1.33251666e+07
4.83000000e+02	1.31871500e+07
4.84000000e+02	1.30393856e+07
4.85000000e+02	1.28821100e+07
4.86000000e+02	1.27155993e+07
4.87000000e+02	1.25401692e+07
4.88000000e+02	1.23561733e+07
4.89000000e+02	1.21640027e+07
4.90000000e+02	1.19640841e+07
4.91000000e+02	1.17568780e+07
4.92000000e+02	1.15428761e+07
4.93000000e+02	1.13225991e+07
4.94000000e+02	1.10965931e+07
4.95000000e+02	1.08654267e+07
4.96000000e+02	1.06296870e+07
4.97000000e+02	1.03899761e+07
4.98000000e+02	1.01469065e+07
4.99000000e+02	9.90109713e+06
5.00000000e+02	9.65316885e+06
5.01000000e+02	9.40374003e+06
5.02000000e+02	9.15342213e+06
5.03000000e+02	8.90281534e+06
5.04000000e+02	8.65250442e+06
5.05000000e+02	8.40305469e+06
5.06000000e+02	8.15500831e+06
5.07000000e+02	7.90888096e+06
5.08000000e+02	7.66515879e+06
5.09000000e+02	7.42429587e+06
5.10000000e+02	7.18671208e+06
5.11000000e+02	6.95279147e+06
5.12000000e+02	6.72288113e+06
5.13000000e+02	6.49729052e+06
5.14000000e+02	6.27629134e+06
5.15000000e+02	6.06011783e+06
5.16000000e+02	5.84896745e+06
5.17000000e+02	5.64300209e+06
5.18000000e+02	5.44234946e+06
5.19000000e+02	5.24710490e+06
5.20000000e+02	5.05733337e+06
5.21000000e+02	4.87307163e+06
5.22000000e+02	4.69433057e+06
5.23000000e+02	4.52109758e+06
5.24000000e+02	4.35333897e+06
5.25000000e+02	4.19100239e+06
5.26000000e+02	4.03401911e+06
5.27000000e+02	3.88230630e+06
5.28000000e+02	3.73576915e+06
5.29000000e+02	3.59430286e+06
5.30000000e+02	3.45779445e+06
5.31000000e+02	3.32612446e+06
5.32000000e+02	3.19916843e+06
5.33000000e+02	3.07679828e+06
5.34000000e+02	2.95888350e+06
5.35000000e+02	2.84529215e+06
5.36000000e+02	2.73589179e+06
5.37000000e+02	2.63055027e+06
5.38000000e+02	2.52913632e+06
5.39000000e+02	2.43152014e+06
5.40000000e+02	2.33757385e+06
5.41000000e+02	2.24717182e+06
5.42000000e+02	2.16019098e+06
5.43000000e+02	2.07651106e+06
5.44000000e+02	1.99601473e+06
5.45000000e+02	1.91858776e+06
5.46000000e+02	1.84411909e+06
5.47000000e+02	1.77250088e+06
5.48000000e+02	1.70362854e+06
5.49000000e+02	1.63740073e+06
5.50000000e+02	1.57371936e+06
5.51000000e+02	1.51248953e+06
5.52000000e+02	1.45361953e+06
5.53000000e+02	1.39702074e+06
5.54000000e+02	1.34260758e+06
5.55000000e+02	1.29029748e+06
5.56000000e+02	1.24001076e+06
5.57000000e+02	1.19167059e+06
5.58000000e+02	1.14520288e+06
5.59000000e+02	1.10053623e+06
5.60000000e+02	1.05760185e+06
5.61000000e+02	1.01633346e+06
5.62000000e+02	9.76667230e+05
5.63000000e+02	9.38541678e+05
5.64000000e+02	9.01897620e+05
5.65000000e+02	8.66678078e+05
5.66000000e+02	8.32828209e+05
5.67000000e+02	8.00295227e+05
5.68000000e+02	7.69028339e+05
5.69000000e+02	7.38978667e+05
5.70000000e+02	7.10099186e+05
5.71000000e+02	6.82344653e+05
5.72000000e+02	6.55671548e+05
5.73000000e+02	6.30038004e+05
5.74000000e+02	6.05403756e+05
5.75000000e+02	5.81730075e+05
5.76000000e+02	5.58979712e+05
5.77000000e+02	5.37116847e+05
5.78000000e+02	5.16107034e+05
5.79000000e+02	4.95917148e+05
5.80000000e+02	4.76515339e+05
5.81000000e+02	4.57870980e+05
5.82000000e+02	4.39954625e+05
5.83000000e+02	4.22737962e+05
5.84000000e+02	4.06193772e+05
5.85000000e+02	3.90295885e+05
5.86000000e+02	3.75019142e+05
5.87000000e+02	3.60339358e+05
5.88000000e+02	3.46233281e+05
5.89000000e+02	3.32678561e+05
5.90000000e+02	3.19653711e+05
5.91000000e+02	3.07138078e+05
5.92000000e+02	2.95111809e+05
5.93000000e+02	2.83555821e+05
5.94000000e+02	2.72451770e+05
5.95000000e+02	2.61782025e+05
5.96000000e+02	2.51529639e+05
5.97000000e+02	2.41678325e+05
5.98000000e+02	2.32212427e+05
5.99000000e+02	2.23116897e+05
6.00000000e+02	2.14377273e+05
6.01000000e+02	2.05979656e+05
6.02000000e+02	1.97910688e+05
6.03000000e+02	1.90157528e+05
6.04000000e+02	1.82707839e+05
6.05000000e+02	1.75549762e+05
6.06000000e+02	1.68671900e+05
6.07000000e+02	1.62063300e+05
6.08000000e+02	1.55713436e+05
6.09000000e+02	1.49612194e+05
6.10000000e+02	1.43749851e+05
6.11000000e+02	1.38117067e+05
6.12000000e+02	1.32704862e+05
6.13000000e+02	1.27504611e+05
6.14000000e+02	1.22508021e+05
6.15000000e+02	1.17707126e+05
6.16000000e+02	1.13094270e+05
6.17000000e+02	1.08662095e+05
6.18000000e+02	1.04403531e+05
6.19000000e+02	1.00311784e+05
6.20000000e+02	9.63803263e+04
6.21000000e+02	9.26028837e+04
6.22000000e+02	8.89734280e+04
6.23000000e+02	8.54861663e+04
6.24000000e+02	8.21355322e+04
6.25000000e+02	7.89161769e+04
6.26000000e+02	7.58229606e+04
6.27000000e+02	7.28509445e+04
6.28000000e+02	6.99953828e+04
6.29000000e+02	6.72517154e+04
6.30000000e+02	6.46155606e+04
6.31000000e+02	6.20827079e+04
6.32000000e+02	5.96491115e+04
6.33000000e+02	5.73108841e+04
6.34000000e+02	5.50642903e+04
6.35000000e+02	5.29057409e+04
6.36000000e+02	5.08317871e+04
6.37000000e+02	4.88391151e+04
6.38000000e+02	4.69245408e+04
6.39000000e+02	4.50850047e+04
6.40000000e+02	4.33175670e+04
6.41000000e+02	4.16194032e+04
6.42000000e+02	3.99877991e+04
6.43000000e+02	3.84201468e+04
6.44000000e+02	3.69139407e+04
6.45000000e+02	3.54667731e+04
6.46000000e+02	3.40763308e+04
6.47000000e+02	3.27403907e+04
6.48000000e+02	3.14568174e+04
6.49000000e+02	3.02235587e+04
6.50000000e+02	2.90386429e+04
6.51000000e+02	2.79001755e+04
6.52000000e+02	2.68063362e+04
6.53000000e+02	2.57553760e+04
6.54000000e+02	2.47456145e+04
6.55000000e+02	2.37754369e+04
6.56000000e+02	2.28432918e+04
6.57000000e+02	2.19476884e+04
6.58000000e+02	2.10871943e+04
6.59000000e+02	2.02604328e+04
6.60000000e+02	1.94660809e+04
6.61000000e+02	1.87028665e+04
6.62000000e+02	1.79695659e+04
6.63000000e+02	1.72650009e+04
6.64000000e+02	1.65880348e+04
6.65000000e+02	1.59375689e+04
6.66000000e+02	1.53125355e+04
6.67000000e+02	1.47118912e+04
6.68000000e+02	1.41346064e+04
6.69000000e+02	1.35796531e+04
6.70000000e+02	1.30459907e+04
6.71000000e+02	1.25325497e+04
6.72000000e+02	1.20382184e+04
6.73000000e+02	1.15618336e+04
6.74000000e+02	1.11021818e+04
6.75000000e+02	1.06580140e+04
6.76000000e+02	1.02280760e+04
6.77000000e+02	9.81115140e+03
6.78000000e+02	9.40610753e+03
6.79000000e+02	9.01193029e+03
6.80000000e+02	8.62773299e+03
6.81000000e+02	8.25272892e+03
6.82000000e+02	7.88616848e+03
6.83000000e+02	7.52725261e+03
6.84000000e+02	7.17504228e+03
6.85000000e+02	6.82838066e+03
6.86000000e+02	6.48583701e+03
6.87000000e+02	6.14566711e+03
6.88000000e+02	5.80577552e+03
6.89000000e+02	5.46365833e+03
6.90000000e+02	5.11630650e+03
6.91000000e+02	4.76005742e+03
6.92000000e+02	4.39039057e+03
6.93000000e+02	4.00166516e+03
6.94000000e+02	3.58680443e+03
6.95000000e+02	3.13697348e+03
6.96000000e+02	2.64166912e+03
6.97000000e+02	2.10118574e+03
6.98000000e+02	1.43567750e+03
6.99000000e+02	7.67661002e+02
7.00000000e+02	0.00000000e+00
