# Profil de ElecX au temps 8.000000000000092e-12 
# simu : /Volumes/MERCURE/JOBS/Zeq2_tanh_50mic_1p5e20_B0_20ps/GNU/ElecX@y-c.set
# col 0 : abscisse (um)
# col 1 : ElecX (V/m)
0.00000000e+00	0.00000000e+00
1.00000000e+00	9.58631724e+02
2.00000000e+00	-1.78358802e+02
3.00000000e+00	-1.50159948e+02
4.00000000e+00	2.80641311e+02
5.00000000e+00	2.87202628e+02
6.00000000e+00	3.34836833e+02
7.00000000e+00	3.90423855e+02
8.00000000e+00	4.47427689e+02
9.00000000e+00	5.05166107e+02
1.00000000e+01	5.63612661e+02
1.10000000e+01	6.22831979e+02
1.20000000e+01	6.82904567e+02
1.30000000e+01	7.43913706e+02
1.40000000e+01	8.05943416e+02
1.50000000e+01	8.69078738e+02
1.60000000e+01	9.33405274e+02
1.70000000e+01	9.99009884e+02
1.80000000e+01	1.06598051e+03
1.90000000e+01	1.13440620e+03
2.00000000e+01	1.20437780e+03
2.10000000e+01	1.27598735e+03
2.20000000e+01	1.34932853e+03
2.30000000e+01	1.42449699e+03
2.40000000e+01	1.50158985e+03
2.50000000e+01	1.58070628e+03
2.60000000e+01	1.66194765e+03
2.70000000e+01	1.74541714e+03
2.80000000e+01	1.83122030e+03
2.90000000e+01	1.91946491e+03
3.00000000e+01	2.01026120e+03
3.10000000e+01	2.10372184e+03
3.20000000e+01	2.19996215e+03
3.30000000e+01	2.29910007e+03
3.40000000e+01	2.40125639e+03
3.50000000e+01	2.50655483e+03
3.60000000e+01	2.61512185e+03
3.70000000e+01	2.72708733e+03
3.80000000e+01	2.84258421e+03
3.90000000e+01	2.96174857e+03
4.00000000e+01	3.08472017e+03
4.10000000e+01	3.21164201e+03
4.20000000e+01	3.34266075e+03
4.30000000e+01	3.47792700e+03
4.40000000e+01	3.61759474e+03
4.50000000e+01	3.76182223e+03
4.60000000e+01	3.91077159e+03
4.70000000e+01	4.06460901e+03
4.80000000e+01	4.22350501e+03
4.90000000e+01	4.38763440e+03
5.00000000e+01	4.55717633e+03
5.10000000e+01	4.73231480e+03
5.20000000e+01	4.91323788e+03
5.30000000e+01	5.10013888e+03
5.40000000e+01	5.29321583e+03
5.50000000e+01	5.49267161e+03
5.60000000e+01	5.69871411e+03
5.70000000e+01	5.91155656e+03
5.80000000e+01	6.13141729e+03
5.90000000e+01	6.35852000e+03
6.00000000e+01	6.59309390e+03
6.10000000e+01	6.83537368e+03
6.20000000e+01	7.08559970e+03
6.30000000e+01	7.34401802e+03
6.40000000e+01	7.61088068e+03
6.50000000e+01	7.88644544e+03
6.60000000e+01	8.17097622e+03
6.70000000e+01	8.46474306e+03
6.80000000e+01	8.76802205e+03
6.90000000e+01	9.08109589e+03
7.00000000e+01	9.40425329e+03
7.10000000e+01	9.73778972e+03
7.20000000e+01	1.00820069e+04
7.30000000e+01	1.04372136e+04
7.40000000e+01	1.08037249e+04
7.50000000e+01	1.11818630e+04
7.60000000e+01	1.15719565e+04
7.70000000e+01	1.19743414e+04
7.80000000e+01	1.23893606e+04
7.90000000e+01	1.28173638e+04
8.00000000e+01	1.32587081e+04
8.10000000e+01	1.37137577e+04
8.20000000e+01	1.41828842e+04
8.30000000e+01	1.46664660e+04
8.40000000e+01	1.51648895e+04
8.50000000e+01	1.56785481e+04
8.60000000e+01	1.62078427e+04
8.70000000e+01	1.67531816e+04
8.80000000e+01	1.73149808e+04
8.90000000e+01	1.78936636e+04
9.00000000e+01	1.84896611e+04
9.10000000e+01	1.91034116e+04
9.20000000e+01	1.97353615e+04
9.30000000e+01	2.03859641e+04
9.40000000e+01	2.10556809e+04
9.50000000e+01	2.17449808e+04
9.60000000e+01	2.24543400e+04
9.70000000e+01	2.31842427e+04
9.80000000e+01	2.39351803e+04
9.90000000e+01	2.47076518e+04
1.00000000e+02	2.55021638e+04
1.01000000e+02	2.63192299e+04
1.02000000e+02	2.71593719e+04
1.03000000e+02	2.80231182e+04
1.04000000e+02	2.89110046e+04
1.05000000e+02	2.98235744e+04
1.06000000e+02	3.07613778e+04
1.07000000e+02	3.17249722e+04
1.08000000e+02	3.27149217e+04
1.09000000e+02	3.37317976e+04
1.10000000e+02	3.47761778e+04
1.11000000e+02	3.58486468e+04
1.12000000e+02	3.69497958e+04
1.13000000e+02	3.80802223e+04
1.14000000e+02	3.92405303e+04
1.15000000e+02	4.04313295e+04
1.16000000e+02	4.16532361e+04
1.17000000e+02	4.29068720e+04
1.18000000e+02	4.41928647e+04
1.19000000e+02	4.55118472e+04
1.20000000e+02	4.68644581e+04
1.21000000e+02	4.82513410e+04
1.22000000e+02	4.96731444e+04
1.23000000e+02	5.11305217e+04
1.24000000e+02	5.26241312e+04
1.25000000e+02	5.41546351e+04
1.26000000e+02	5.57227000e+04
1.27000000e+02	5.73289963e+04
1.28000000e+02	5.89741985e+04
1.29000000e+02	6.06589842e+04
1.30000000e+02	6.23840345e+04
1.31000000e+02	6.41500334e+04
1.32000000e+02	6.59576676e+04
1.33000000e+02	6.78076264e+04
1.34000000e+02	6.97006015e+04
1.35000000e+02	7.16372861e+04
1.36000000e+02	7.36183757e+04
1.37000000e+02	7.56445670e+04
1.38000000e+02	7.77165575e+04
1.39000000e+02	7.98350461e+04
1.40000000e+02	8.20007320e+04
1.41000000e+02	8.42143150e+04
1.42000000e+02	8.64764945e+04
1.43000000e+02	8.87879697e+04
1.44000000e+02	9.11494395e+04
1.45000000e+02	9.35616018e+04
1.46000000e+02	9.60251532e+04
1.47000000e+02	9.85407886e+04
1.48000000e+02	1.01109202e+05
1.49000000e+02	1.03731084e+05
1.50000000e+02	1.06407124e+05
1.51000000e+02	1.09138008e+05
1.52000000e+02	1.11924420e+05
1.53000000e+02	1.14767039e+05
1.54000000e+02	1.17666542e+05
1.55000000e+02	1.20623601e+05
1.56000000e+02	1.23638885e+05
1.57000000e+02	1.26713057e+05
1.58000000e+02	1.29846777e+05
1.59000000e+02	1.33040699e+05
1.60000000e+02	1.36295471e+05
1.61000000e+02	1.39611736e+05
1.62000000e+02	1.42990133e+05
1.63000000e+02	1.46431292e+05
1.64000000e+02	1.49935837e+05
1.65000000e+02	1.53504389e+05
1.66000000e+02	1.57137556e+05
1.67000000e+02	1.60835944e+05
1.68000000e+02	1.64600150e+05
1.69000000e+02	1.68430764e+05
1.70000000e+02	1.72328365e+05
1.71000000e+02	1.76293529e+05
1.72000000e+02	1.80326821e+05
1.73000000e+02	1.84428797e+05
1.74000000e+02	1.88600006e+05
1.75000000e+02	1.92840989e+05
1.76000000e+02	1.97152276e+05
1.77000000e+02	2.01534390e+05
1.78000000e+02	2.05987843e+05
1.79000000e+02	2.10513140e+05
1.80000000e+02	2.15110774e+05
1.81000000e+02	2.19781231e+05
1.82000000e+02	2.24524987e+05
1.83000000e+02	2.29342507e+05
1.84000000e+02	2.34234248e+05
1.85000000e+02	2.39200658e+05
1.86000000e+02	2.44242173e+05
1.87000000e+02	2.49359221e+05
1.88000000e+02	2.54552220e+05
1.89000000e+02	2.59821579e+05
1.90000000e+02	2.65167695e+05
1.91000000e+02	2.70590960e+05
1.92000000e+02	2.76091752e+05
1.93000000e+02	2.81670443e+05
1.94000000e+02	2.87327394e+05
1.95000000e+02	2.93062956e+05
1.96000000e+02	2.98877474e+05
1.97000000e+02	3.04771282e+05
1.98000000e+02	3.10744707e+05
1.99000000e+02	3.16798065e+05
2.00000000e+02	3.22931665e+05
2.01000000e+02	3.29145811e+05
2.02000000e+02	3.35440794e+05
2.03000000e+02	3.41816901e+05
2.04000000e+02	3.48274412e+05
2.05000000e+02	3.54813597e+05
2.06000000e+02	3.61434724e+05
2.07000000e+02	3.68138050e+05
2.08000000e+02	3.74923830e+05
2.09000000e+02	3.81792311e+05
2.10000000e+02	3.88743736e+05
2.11000000e+02	3.95778343e+05
2.12000000e+02	4.02896365e+05
2.13000000e+02	4.10098033e+05
2.14000000e+02	4.17383573e+05
2.15000000e+02	4.24753209e+05
2.16000000e+02	4.32207161e+05
2.17000000e+02	4.39745649e+05
2.18000000e+02	4.47368891e+05
2.19000000e+02	4.55077103e+05
2.20000000e+02	4.62870502e+05
2.21000000e+02	4.70749305e+05
2.22000000e+02	4.78713730e+05
2.23000000e+02	4.86763995e+05
2.24000000e+02	4.94900324e+05
2.25000000e+02	5.03122938e+05
2.26000000e+02	5.11432067e+05
2.27000000e+02	5.19827941e+05
2.28000000e+02	5.28310798e+05
2.29000000e+02	5.36880879e+05
2.30000000e+02	5.45538431e+05
2.31000000e+02	5.54283710e+05
2.32000000e+02	5.63116980e+05
2.33000000e+02	5.72038510e+05
2.34000000e+02	5.81048581e+05
2.35000000e+02	5.90147483e+05
2.36000000e+02	5.99335518e+05
2.37000000e+02	6.08612998e+05
2.38000000e+02	6.17980249e+05
2.39000000e+02	6.27437609e+05
2.40000000e+02	6.36985430e+05
2.41000000e+02	6.46624081e+05
2.42000000e+02	6.56353945e+05
2.43000000e+02	6.66175423e+05
2.44000000e+02	6.76088933e+05
2.45000000e+02	6.86094912e+05
2.46000000e+02	6.96193815e+05
2.47000000e+02	7.06386121e+05
2.48000000e+02	7.16672328e+05
2.49000000e+02	7.27052957e+05
2.50000000e+02	7.37528552e+05
2.51000000e+02	7.48099682e+05
2.52000000e+02	7.58766942e+05
2.53000000e+02	7.69530953e+05
2.54000000e+02	7.80392363e+05
2.55000000e+02	7.91351849e+05
2.56000000e+02	8.02410118e+05
2.57000000e+02	8.13567908e+05
2.58000000e+02	8.24825987e+05
2.59000000e+02	8.36185158e+05
2.60000000e+02	8.47646256e+05
2.61000000e+02	8.59210155e+05
2.62000000e+02	8.70877760e+05
2.63000000e+02	8.82650016e+05
2.64000000e+02	8.94527909e+05
2.65000000e+02	9.06512460e+05
2.66000000e+02	9.18604734e+05
2.67000000e+02	9.30805837e+05
2.68000000e+02	9.43116920e+05
2.69000000e+02	9.55539176e+05
2.70000000e+02	9.68073847e+05
2.71000000e+02	9.80722218e+05
2.72000000e+02	9.93485627e+05
2.73000000e+02	1.00636546e+06
2.74000000e+02	1.01936315e+06
2.75000000e+02	1.03248018e+06
2.76000000e+02	1.04571811e+06
2.77000000e+02	1.05907852e+06
2.78000000e+02	1.07256307e+06
2.79000000e+02	1.08617347e+06
2.80000000e+02	1.09991149e+06
2.81000000e+02	1.11377896e+06
2.82000000e+02	1.12777777e+06
2.83000000e+02	1.14190989e+06
2.84000000e+02	1.15617732e+06
2.85000000e+02	1.17058215e+06
2.86000000e+02	1.18512654e+06
2.87000000e+02	1.19981272e+06
2.88000000e+02	1.21464296e+06
2.89000000e+02	1.22961965e+06
2.90000000e+02	1.24474522e+06
2.91000000e+02	1.26002218e+06
2.92000000e+02	1.27545313e+06
2.93000000e+02	1.29104073e+06
2.94000000e+02	1.30678773e+06
2.95000000e+02	1.32269696e+06
2.96000000e+02	1.33877134e+06
2.97000000e+02	1.35501386e+06
2.98000000e+02	1.37142760e+06
2.99000000e+02	1.38801574e+06
3.00000000e+02	1.40478154e+06
3.01000000e+02	1.42172833e+06
3.02000000e+02	1.43885958e+06
3.03000000e+02	1.45617881e+06
3.04000000e+02	1.47368965e+06
3.05000000e+02	1.49139583e+06
3.06000000e+02	1.50930117e+06
3.07000000e+02	1.52740961e+06
3.08000000e+02	1.54572516e+06
3.09000000e+02	1.56425196e+06
3.10000000e+02	1.58299424e+06
3.11000000e+02	1.60195633e+06
3.12000000e+02	1.62114269e+06
3.13000000e+02	1.64055785e+06
3.14000000e+02	1.66020649e+06
3.15000000e+02	1.68009338e+06
3.16000000e+02	1.70022339e+06
3.17000000e+02	1.72060152e+06
3.18000000e+02	1.74123289e+06
3.19000000e+02	1.76212271e+06
3.20000000e+02	1.78327632e+06
3.21000000e+02	1.80469918e+06
3.22000000e+02	1.82639686e+06
3.23000000e+02	1.84837504e+06
3.24000000e+02	1.87063954e+06
3.25000000e+02	1.89319627e+06
3.26000000e+02	1.91605128e+06
3.27000000e+02	1.93921073e+06
3.28000000e+02	1.96268091e+06
3.29000000e+02	1.98646821e+06
3.30000000e+02	2.01057914e+06
3.31000000e+02	2.03502036e+06
3.32000000e+02	2.05979861e+06
3.33000000e+02	2.08492077e+06
3.34000000e+02	2.11039382e+06
3.35000000e+02	2.13622487e+06
3.36000000e+02	2.16242114e+06
3.37000000e+02	2.18898997e+06
3.38000000e+02	2.21593879e+06
3.39000000e+02	2.24327518e+06
3.40000000e+02	2.27100678e+06
3.41000000e+02	2.29914137e+06
3.42000000e+02	2.32768684e+06
3.43000000e+02	2.35665116e+06
3.44000000e+02	2.38604241e+06
3.45000000e+02	2.41586877e+06
3.46000000e+02	2.44613851e+06
3.47000000e+02	2.47685999e+06
3.48000000e+02	2.50804166e+06
3.49000000e+02	2.53969207e+06
3.50000000e+02	2.57181981e+06
3.51000000e+02	2.60443359e+06
3.52000000e+02	2.63754217e+06
3.53000000e+02	2.67115438e+06
3.54000000e+02	2.70527912e+06
3.55000000e+02	2.73992533e+06
3.56000000e+02	2.77510201e+06
3.57000000e+02	2.81081823e+06
3.58000000e+02	2.84708307e+06
3.59000000e+02	2.88390565e+06
3.60000000e+02	2.92129514e+06
3.61000000e+02	2.95926070e+06
3.62000000e+02	2.99781153e+06
3.63000000e+02	3.03695683e+06
3.64000000e+02	3.07670581e+06
3.65000000e+02	3.11706764e+06
3.66000000e+02	3.15805152e+06
3.67000000e+02	3.19966659e+06
3.68000000e+02	3.24192197e+06
3.69000000e+02	3.28482675e+06
3.70000000e+02	3.32838996e+06
3.71000000e+02	3.37262057e+06
3.72000000e+02	3.41752748e+06
3.73000000e+02	3.46311951e+06
3.74000000e+02	3.50940540e+06
3.75000000e+02	3.55639377e+06
3.76000000e+02	3.60409314e+06
3.77000000e+02	3.65251192e+06
3.78000000e+02	3.70165836e+06
3.79000000e+02	3.75154058e+06
3.80000000e+02	3.80216653e+06
3.81000000e+02	3.85354400e+06
3.82000000e+02	3.90568060e+06
3.83000000e+02	3.95858372e+06
3.84000000e+02	4.01226055e+06
3.85000000e+02	4.06671806e+06
3.86000000e+02	4.12196298e+06
3.87000000e+02	4.17800177e+06
3.88000000e+02	4.23484065e+06
3.89000000e+02	4.29248553e+06
3.90000000e+02	4.35094204e+06
3.91000000e+02	4.41021547e+06
3.92000000e+02	4.47031081e+06
3.93000000e+02	4.53123267e+06
3.94000000e+02	4.59298533e+06
3.95000000e+02	4.65557266e+06
3.96000000e+02	4.71899816e+06
3.97000000e+02	4.78326488e+06
3.98000000e+02	4.84837548e+06
3.99000000e+02	4.91433213e+06
4.00000000e+02	4.98113656e+06
4.01000000e+02	5.04879000e+06
4.02000000e+02	5.11729318e+06
4.03000000e+02	5.18664633e+06
4.04000000e+02	5.25684910e+06
4.05000000e+02	5.32790061e+06
4.06000000e+02	5.39979940e+06
4.07000000e+02	5.47254342e+06
4.08000000e+02	5.54612999e+06
4.09000000e+02	5.62055582e+06
4.10000000e+02	5.69581696e+06
4.11000000e+02	5.77190881e+06
4.12000000e+02	5.84882606e+06
4.13000000e+02	5.92656272e+06
4.14000000e+02	6.00511209e+06
4.15000000e+02	6.08446672e+06
4.16000000e+02	6.16461840e+06
4.17000000e+02	6.24555817e+06
4.18000000e+02	6.32727630e+06
4.19000000e+02	6.40976222e+06
4.20000000e+02	6.49300459e+06
4.21000000e+02	6.57699121e+06
4.22000000e+02	6.66170905e+06
4.23000000e+02	6.74714422e+06
4.24000000e+02	6.83328195e+06
4.25000000e+02	6.92010661e+06
4.26000000e+02	7.00760164e+06
4.27000000e+02	7.09574959e+06
4.28000000e+02	7.18453208e+06
4.29000000e+02	7.27392979e+06
4.30000000e+02	7.36392244e+06
4.31000000e+02	7.45448882e+06
4.32000000e+02	7.54560669e+06
4.33000000e+02	7.63725288e+06
4.34000000e+02	7.72940319e+06
4.35000000e+02	7.82203238e+06
4.36000000e+02	7.91511423e+06
4.37000000e+02	8.00862142e+06
4.38000000e+02	8.10252562e+06
4.39000000e+02	8.19679737e+06
4.40000000e+02	8.29140615e+06
4.41000000e+02	8.38632029e+06
4.42000000e+02	8.48150700e+06
4.43000000e+02	8.57693231e+06
4.44000000e+02	8.67256106e+06
4.45000000e+02	8.76835687e+06
4.46000000e+02	8.86428211e+06
4.47000000e+02	8.96029786e+06
4.48000000e+02	9.05636386e+06
4.49000000e+02	9.15243851e+06
4.50000000e+02	9.24847878e+06
4.51000000e+02	9.34444020e+06
4.52000000e+02	9.44027675e+06
4.53000000e+02	9.53594089e+06
4.54000000e+02	9.63138341e+06
4.55000000e+02	9.72655346e+06
4.56000000e+02	9.82139837e+06
4.57000000e+02	9.91586368e+06
4.58000000e+02	1.00098930e+07
4.59000000e+02	1.01034280e+07
4.60000000e+02	1.01964082e+07
4.61000000e+02	1.02887711e+07
4.62000000e+02	1.03804517e+07
4.63000000e+02	1.04713830e+07
4.64000000e+02	1.05614953e+07
4.65000000e+02	1.06507165e+07
4.66000000e+02	1.07389720e+07
4.67000000e+02	1.08261843e+07
4.68000000e+02	1.09122732e+07
4.69000000e+02	1.09971558e+07
4.70000000e+02	1.10807461e+07
4.71000000e+02	1.11629551e+07
4.72000000e+02	1.12436908e+07
4.73000000e+02	1.13228583e+07
4.74000000e+02	1.14003594e+07
4.75000000e+02	1.14760927e+07
4.76000000e+02	1.15499540e+07
4.77000000e+02	1.16218357e+07
4.78000000e+02	1.16916275e+07
4.79000000e+02	1.17592160e+07
4.80000000e+02	1.18244851e+07
4.81000000e+02	1.18873161e+07
4.82000000e+02	1.19475876e+07
4.83000000e+02	1.20051763e+07
4.84000000e+02	1.20599568e+07
4.85000000e+02	1.21118022e+07
4.86000000e+02	1.21605843e+07
4.87000000e+02	1.22061738e+07
4.88000000e+02	1.22484415e+07
4.89000000e+02	1.22872580e+07
4.90000000e+02	1.23224945e+07
4.91000000e+02	1.23540239e+07
4.92000000e+02	1.23817206e+07
4.93000000e+02	1.24054619e+07
4.94000000e+02	1.24251285e+07
4.95000000e+02	1.24406051e+07
4.96000000e+02	1.24517814e+07
4.97000000e+02	1.24585530e+07
4.98000000e+02	1.24608219e+07
4.99000000e+02	1.24584979e+07
5.00000000e+02	1.24514989e+07
5.01000000e+02	1.24397520e+07
5.02000000e+02	1.24231944e+07
5.03000000e+02	1.24017740e+07
5.04000000e+02	1.23754503e+07
5.05000000e+02	1.23441948e+07
5.06000000e+02	1.23079921e+07
5.07000000e+02	1.22668399e+07
5.08000000e+02	1.22207498e+07
5.09000000e+02	1.21697476e+07
5.10000000e+02	1.21138733e+07
5.11000000e+02	1.20531816e+07
5.12000000e+02	1.19877414e+07
5.13000000e+02	1.19176361e+07
5.14000000e+02	1.18429630e+07
5.15000000e+02	1.17638334e+07
5.16000000e+02	1.16803713e+07
5.17000000e+02	1.15927136e+07
5.18000000e+02	1.15010086e+07
5.19000000e+02	1.14054158e+07
5.20000000e+02	1.13061043e+07
5.21000000e+02	1.12032523e+07
5.22000000e+02	1.10970457e+07
5.23000000e+02	1.09876769e+07
5.24000000e+02	1.08753438e+07
5.25000000e+02	1.07602483e+07
5.26000000e+02	1.06425952e+07
5.27000000e+02	1.05225910e+07
5.28000000e+02	1.04004427e+07
5.29000000e+02	1.02763565e+07
5.30000000e+02	1.01505365e+07
5.31000000e+02	1.00231842e+07
5.32000000e+02	9.89449694e+06
5.33000000e+02	9.76466717e+06
5.34000000e+02	9.63388170e+06
5.35000000e+02	9.50232084e+06
5.36000000e+02	9.37015781e+06
5.37000000e+02	9.23755815e+06
5.38000000e+02	9.10467927e+06
5.39000000e+02	8.97167011e+06
5.40000000e+02	8.83867085e+06
5.41000000e+02	8.70581273e+06
5.42000000e+02	8.57321794e+06
5.43000000e+02	8.44099964e+06
5.44000000e+02	8.30926199e+06
5.45000000e+02	8.17810026e+06
5.46000000e+02	8.04760104e+06
5.47000000e+02	7.91784246e+06
5.48000000e+02	7.78889448e+06
5.49000000e+02	7.66081918e+06
5.50000000e+02	7.53367115e+06
5.51000000e+02	7.40749787e+06
5.52000000e+02	7.28234007e+06
5.53000000e+02	7.15823216e+06
5.54000000e+02	7.03520269e+06
5.55000000e+02	6.91327472e+06
5.56000000e+02	6.79246628e+06
5.57000000e+02	6.67279080e+06
5.58000000e+02	6.55425751e+06
5.59000000e+02	6.43687185e+06
5.60000000e+02	6.32063589e+06
5.61000000e+02	6.20554868e+06
5.62000000e+02	6.09160665e+06
5.63000000e+02	5.97880395e+06
5.64000000e+02	5.86713276e+06
5.65000000e+02	5.75658365e+06
5.66000000e+02	5.64714586e+06
5.67000000e+02	5.53880757e+06
5.68000000e+02	5.43155616e+06
5.69000000e+02	5.32537849e+06
5.70000000e+02	5.22026107e+06
5.71000000e+02	5.11619033e+06
5.72000000e+02	5.01315275e+06
5.73000000e+02	4.91113511e+06
5.74000000e+02	4.81012458e+06
5.75000000e+02	4.71010891e+06
5.76000000e+02	4.61107655e+06
5.77000000e+02	4.51301678e+06
5.78000000e+02	4.41591980e+06
5.79000000e+02	4.31977683e+06
5.80000000e+02	4.22458020e+06
5.81000000e+02	4.13032341e+06
5.82000000e+02	4.03700120e+06
5.83000000e+02	3.94460959e+06
5.84000000e+02	3.85314594e+06
5.85000000e+02	3.76260895e+06
5.86000000e+02	3.67299875e+06
5.87000000e+02	3.58431681e+06
5.88000000e+02	3.49656603e+06
5.89000000e+02	3.40975067e+06
5.90000000e+02	3.32387639e+06
5.91000000e+02	3.23895019e+06
5.92000000e+02	3.15498036e+06
5.93000000e+02	3.07197651e+06
5.94000000e+02	2.98994944e+06
5.95000000e+02	2.90891110e+06
5.96000000e+02	2.82887456e+06
5.97000000e+02	2.74985388e+06
5.98000000e+02	2.67186406e+06
5.99000000e+02	2.59492093e+06
6.00000000e+02	2.51904103e+06
6.01000000e+02	2.44424142e+06
6.02000000e+02	2.37054004e+06
6.03000000e+02	2.29795498e+06
6.04000000e+02	2.22650349e+06
6.05000000e+02	2.15620514e+06
6.06000000e+02	2.08707678e+06
6.07000000e+02	2.01913960e+06
6.08000000e+02	1.95240942e+06
6.09000000e+02	1.88690619e+06
6.10000000e+02	1.82264605e+06
6.11000000e+02	1.75964088e+06
6.12000000e+02	1.69790640e+06
6.13000000e+02	1.63746751e+06
6.14000000e+02	1.57832956e+06
6.15000000e+02	1.52050070e+06
6.16000000e+02	1.46399685e+06
6.17000000e+02	1.40883146e+06
6.18000000e+02	1.35500523e+06
6.19000000e+02	1.30252295e+06
6.20000000e+02	1.25139916e+06
6.21000000e+02	1.20162964e+06
6.22000000e+02	1.15321108e+06
6.23000000e+02	1.10615282e+06
6.24000000e+02	1.06044660e+06
6.25000000e+02	1.01608342e+06
6.26000000e+02	9.73066750e+05
6.27000000e+02	9.31381763e+05
6.28000000e+02	8.91017341e+05
6.29000000e+02	8.51967577e+05
6.30000000e+02	8.14212787e+05
6.31000000e+02	7.77740134e+05
6.32000000e+02	7.42534870e+05
6.33000000e+02	7.08573816e+05
6.34000000e+02	6.75841127e+05
6.35000000e+02	6.44314523e+05
6.36000000e+02	6.13969726e+05
6.37000000e+02	5.84787415e+05
6.38000000e+02	5.56738700e+05
6.39000000e+02	5.29800445e+05
6.40000000e+02	5.03946418e+05
6.41000000e+02	4.79147888e+05
6.42000000e+02	4.55379692e+05
6.43000000e+02	4.32611618e+05
6.44000000e+02	4.10816497e+05
6.45000000e+02	3.89965467e+05
6.46000000e+02	3.70028604e+05
6.47000000e+02	3.50978461e+05
6.48000000e+02	3.32784381e+05
6.49000000e+02	3.15418686e+05
6.50000000e+02	2.98851694e+05
6.51000000e+02	2.83055206e+05
6.52000000e+02	2.68000994e+05
6.53000000e+02	2.53660605e+05
6.54000000e+02	2.40007263e+05
6.55000000e+02	2.27013049e+05
6.56000000e+02	2.14651995e+05
6.57000000e+02	2.02897610e+05
6.58000000e+02	1.91724643e+05
6.59000000e+02	1.81108065e+05
6.60000000e+02	1.71023611e+05
6.61000000e+02	1.61447727e+05
6.62000000e+02	1.52357136e+05
6.63000000e+02	1.43729852e+05
6.64000000e+02	1.35543865e+05
6.65000000e+02	1.27778397e+05
6.66000000e+02	1.20412919e+05
6.67000000e+02	1.13427878e+05
6.68000000e+02	1.06804135e+05
6.69000000e+02	1.00523367e+05
6.70000000e+02	9.45677706e+04
6.71000000e+02	8.89202323e+04
6.72000000e+02	8.35642018e+04
6.73000000e+02	7.84837273e+04
6.74000000e+02	7.36634545e+04
6.75000000e+02	6.90885004e+04
6.76000000e+02	6.47446211e+04
6.77000000e+02	6.06179589e+04
6.78000000e+02	5.66952537e+04
6.79000000e+02	5.29636127e+04
6.80000000e+02	4.94106625e+04
6.81000000e+02	4.60243885e+04
6.82000000e+02	4.27932188e+04
6.83000000e+02	3.97059298e+04
6.84000000e+02	3.67516734e+04
6.85000000e+02	3.39199478e+04
6.86000000e+02	3.12005637e+04
6.87000000e+02	2.85836741e+04
6.88000000e+02	2.60597335e+04
6.89000000e+02	2.36195076e+04
6.90000000e+02	2.12540883e+04
6.91000000e+02	1.89548875e+04
6.92000000e+02	1.67136574e+04
6.93000000e+02	1.45225179e+04
6.94000000e+02	1.23739690e+04
6.95000000e+02	1.02609473e+04
6.96000000e+02	8.17781480e+03
6.97000000e+02	6.16738334e+03
6.98000000e+02	3.97192119e+03
6.99000000e+02	2.07454864e+03
7.00000000e+02	0.00000000e+00
