# Profil de FluxX au temps 1.300000000000017e-11 
# simu : /Volumes/MERCURE/JOBS/Zeq2_tanh_50mic_1p5e20_B0_20ps/GNU/FluxX@y-c.set
# col 0 : abscisse (um)
# col 1 : FluxX (W/cm2)
0.00000000e+00	0.00000000e+00
1.00000000e+00	8.10755772e+09
2.00000000e+00	1.62158657e+10
3.00000000e+00	2.43265260e+10
4.00000000e+00	3.24396686e+10
5.00000000e+00	4.05565453e+10
6.00000000e+00	4.86781064e+10
7.00000000e+00	5.68052921e+10
8.00000000e+00	6.49390352e+10
9.00000000e+00	7.30802637e+10
1.00000000e+01	8.12299016e+10
1.10000000e+01	8.93888698e+10
1.20000000e+01	9.75580849e+10
1.30000000e+01	1.05738457e+11
1.40000000e+01	1.13930892e+11
1.50000000e+01	1.22136292e+11
1.60000000e+01	1.30355551e+11
1.70000000e+01	1.38589553e+11
1.80000000e+01	1.46839184e+11
1.90000000e+01	1.55105313e+11
2.00000000e+01	1.63388807e+11
2.10000000e+01	1.71690524e+11
2.20000000e+01	1.80011311e+11
2.30000000e+01	1.88352010e+11
2.40000000e+01	1.96713447e+11
2.50000000e+01	2.05096448e+11
2.60000000e+01	2.13501819e+11
2.70000000e+01	2.21930364e+11
2.80000000e+01	2.30382866e+11
2.90000000e+01	2.38860109e+11
3.00000000e+01	2.47362855e+11
3.10000000e+01	2.55891861e+11
3.20000000e+01	2.64447866e+11
3.30000000e+01	2.73031602e+11
3.40000000e+01	2.81643785e+11
3.50000000e+01	2.90285116e+11
3.60000000e+01	2.98956287e+11
3.70000000e+01	3.07657971e+11
3.80000000e+01	3.16390832e+11
3.90000000e+01	3.25155517e+11
4.00000000e+01	3.33952654e+11
4.10000000e+01	3.42782866e+11
4.20000000e+01	3.51646750e+11
4.30000000e+01	3.60544896e+11
4.40000000e+01	3.69477872e+11
4.50000000e+01	3.78446231e+11
4.60000000e+01	3.87450516e+11
4.70000000e+01	3.96491244e+11
4.80000000e+01	4.05568920e+11
4.90000000e+01	4.14684036e+11
5.00000000e+01	4.23837059e+11
5.10000000e+01	4.33028441e+11
5.20000000e+01	4.42258623e+11
5.30000000e+01	4.51528019e+11
5.40000000e+01	4.60837030e+11
5.50000000e+01	4.70186040e+11
5.60000000e+01	4.79575413e+11
5.70000000e+01	4.89005492e+11
5.80000000e+01	4.98476608e+11
5.90000000e+01	5.07989070e+11
6.00000000e+01	5.17543165e+11
6.10000000e+01	5.27139169e+11
6.20000000e+01	5.36777334e+11
6.30000000e+01	5.46457891e+11
6.40000000e+01	5.56181060e+11
6.50000000e+01	5.65947034e+11
6.60000000e+01	5.75755992e+11
6.70000000e+01	5.85608092e+11
6.80000000e+01	5.95503473e+11
6.90000000e+01	6.05442256e+11
7.00000000e+01	6.15424540e+11
7.10000000e+01	6.25450411e+11
7.20000000e+01	6.35519930e+11
7.30000000e+01	6.45633139e+11
7.40000000e+01	6.55790067e+11
7.50000000e+01	6.65990718e+11
7.60000000e+01	6.76235080e+11
7.70000000e+01	6.86523119e+11
7.80000000e+01	6.96854790e+11
7.90000000e+01	7.07230022e+11
8.00000000e+01	7.17648724e+11
8.10000000e+01	7.28110793e+11
8.20000000e+01	7.38616108e+11
8.30000000e+01	7.49164522e+11
8.40000000e+01	7.59755876e+11
8.50000000e+01	7.70389994e+11
8.60000000e+01	7.81066679e+11
8.70000000e+01	7.91785717e+11
8.80000000e+01	8.02546878e+11
8.90000000e+01	8.13349915e+11
9.00000000e+01	8.24194563e+11
9.10000000e+01	8.35080536e+11
9.20000000e+01	8.46007541e+11
9.30000000e+01	8.56975261e+11
9.40000000e+01	8.67983366e+11
9.50000000e+01	8.79031504e+11
9.60000000e+01	8.90119318e+11
9.70000000e+01	9.01246429e+11
9.80000000e+01	9.12412441e+11
9.90000000e+01	9.23616946e+11
1.00000000e+02	9.34859525e+11
1.01000000e+02	9.46139744e+11
1.02000000e+02	9.57457146e+11
1.03000000e+02	9.68811266e+11
1.04000000e+02	9.80201625e+11
1.05000000e+02	9.91627732e+11
1.06000000e+02	1.00308908e+12
1.07000000e+02	1.01458515e+12
1.08000000e+02	1.02611542e+12
1.09000000e+02	1.03767934e+12
1.10000000e+02	1.04927636e+12
1.11000000e+02	1.06090592e+12
1.12000000e+02	1.07256743e+12
1.13000000e+02	1.08426032e+12
1.14000000e+02	1.09598398e+12
1.15000000e+02	1.10773782e+12
1.16000000e+02	1.11952121e+12
1.17000000e+02	1.13133354e+12
1.18000000e+02	1.14317416e+12
1.19000000e+02	1.15504244e+12
1.20000000e+02	1.16693773e+12
1.21000000e+02	1.17885938e+12
1.22000000e+02	1.19080671e+12
1.23000000e+02	1.20277906e+12
1.24000000e+02	1.21477574e+12
1.25000000e+02	1.22679609e+12
1.26000000e+02	1.23883941e+12
1.27000000e+02	1.25090500e+12
1.28000000e+02	1.26299217e+12
1.29000000e+02	1.27510022e+12
1.30000000e+02	1.28722844e+12
1.31000000e+02	1.29937612e+12
1.32000000e+02	1.31154255e+12
1.33000000e+02	1.32372701e+12
1.34000000e+02	1.33592880e+12
1.35000000e+02	1.34814718e+12
1.36000000e+02	1.36038144e+12
1.37000000e+02	1.37263085e+12
1.38000000e+02	1.38489471e+12
1.39000000e+02	1.39717228e+12
1.40000000e+02	1.40946285e+12
1.41000000e+02	1.42176569e+12
1.42000000e+02	1.43408010e+12
1.43000000e+02	1.44640534e+12
1.44000000e+02	1.45874071e+12
1.45000000e+02	1.47108550e+12
1.46000000e+02	1.48343899e+12
1.47000000e+02	1.49580049e+12
1.48000000e+02	1.50816929e+12
1.49000000e+02	1.52054470e+12
1.50000000e+02	1.53292603e+12
1.51000000e+02	1.54531260e+12
1.52000000e+02	1.55770371e+12
1.53000000e+02	1.57009870e+12
1.54000000e+02	1.58249688e+12
1.55000000e+02	1.59489762e+12
1.56000000e+02	1.60730024e+12
1.57000000e+02	1.61970410e+12
1.58000000e+02	1.63210856e+12
1.59000000e+02	1.64451300e+12
1.60000000e+02	1.65691680e+12
1.61000000e+02	1.66931933e+12
1.62000000e+02	1.68172001e+12
1.63000000e+02	1.69411824e+12
1.64000000e+02	1.70651345e+12
1.65000000e+02	1.71890507e+12
1.66000000e+02	1.73129254e+12
1.67000000e+02	1.74367530e+12
1.68000000e+02	1.75605283e+12
1.69000000e+02	1.76842459e+12
1.70000000e+02	1.78079007e+12
1.71000000e+02	1.79314878e+12
1.72000000e+02	1.80550023e+12
1.73000000e+02	1.81784395e+12
1.74000000e+02	1.83017947e+12
1.75000000e+02	1.84250637e+12
1.76000000e+02	1.85482421e+12
1.77000000e+02	1.86713258e+12
1.78000000e+02	1.87943108e+12
1.79000000e+02	1.89171933e+12
1.80000000e+02	1.90399696e+12
1.81000000e+02	1.91626363e+12
1.82000000e+02	1.92851899e+12
1.83000000e+02	1.94076274e+12
1.84000000e+02	1.95299457e+12
1.85000000e+02	1.96521420e+12
1.86000000e+02	1.97742138e+12
1.87000000e+02	1.98961588e+12
1.88000000e+02	2.00179747e+12
1.89000000e+02	2.01396592e+12
1.90000000e+02	2.02612103e+12
1.91000000e+02	2.03826262e+12
1.92000000e+02	2.05039054e+12
1.93000000e+02	2.06250462e+12
1.94000000e+02	2.07460477e+12
1.95000000e+02	2.08669086e+12
1.96000000e+02	2.09876281e+12
1.97000000e+02	2.11082058e+12
1.98000000e+02	2.12286409e+12
1.99000000e+02	2.13489335e+12
2.00000000e+02	2.14690832e+12
2.01000000e+02	2.15890905e+12
2.02000000e+02	2.17089555e+12
2.03000000e+02	2.18286788e+12
2.04000000e+02	2.19482611e+12
2.05000000e+02	2.20677034e+12
2.06000000e+02	2.21870069e+12
2.07000000e+02	2.23061727e+12
2.08000000e+02	2.24252026e+12
2.09000000e+02	2.25440981e+12
2.10000000e+02	2.26628613e+12
2.11000000e+02	2.27814942e+12
2.12000000e+02	2.28999991e+12
2.13000000e+02	2.30183786e+12
2.14000000e+02	2.31366354e+12
2.15000000e+02	2.32547723e+12
2.16000000e+02	2.33727925e+12
2.17000000e+02	2.34906992e+12
2.18000000e+02	2.36084958e+12
2.19000000e+02	2.37261861e+12
2.20000000e+02	2.38437739e+12
2.21000000e+02	2.39612631e+12
2.22000000e+02	2.40786581e+12
2.23000000e+02	2.41959631e+12
2.24000000e+02	2.43131828e+12
2.25000000e+02	2.44303218e+12
2.26000000e+02	2.45473851e+12
2.27000000e+02	2.46643777e+12
2.28000000e+02	2.47813048e+12
2.29000000e+02	2.48981720e+12
2.30000000e+02	2.50149846e+12
2.31000000e+02	2.51317485e+12
2.32000000e+02	2.52484694e+12
2.33000000e+02	2.53651535e+12
2.34000000e+02	2.54818068e+12
2.35000000e+02	2.55984357e+12
2.36000000e+02	2.57150466e+12
2.37000000e+02	2.58316460e+12
2.38000000e+02	2.59482407e+12
2.39000000e+02	2.60648375e+12
2.40000000e+02	2.61814433e+12
2.41000000e+02	2.62980652e+12
2.42000000e+02	2.64147104e+12
2.43000000e+02	2.65313860e+12
2.44000000e+02	2.66480996e+12
2.45000000e+02	2.67648585e+12
2.46000000e+02	2.68816703e+12
2.47000000e+02	2.69985426e+12
2.48000000e+02	2.71154833e+12
2.49000000e+02	2.72325000e+12
2.50000000e+02	2.73496006e+12
2.51000000e+02	2.74667932e+12
2.52000000e+02	2.75840855e+12
2.53000000e+02	2.77014858e+12
2.54000000e+02	2.78190020e+12
2.55000000e+02	2.79366424e+12
2.56000000e+02	2.80544150e+12
2.57000000e+02	2.81723280e+12
2.58000000e+02	2.82903897e+12
2.59000000e+02	2.84086083e+12
2.60000000e+02	2.85269920e+12
2.61000000e+02	2.86455490e+12
2.62000000e+02	2.87642876e+12
2.63000000e+02	2.88832160e+12
2.64000000e+02	2.90023424e+12
2.65000000e+02	2.91216750e+12
2.66000000e+02	2.92412219e+12
2.67000000e+02	2.93609913e+12
2.68000000e+02	2.94809913e+12
2.69000000e+02	2.96012298e+12
2.70000000e+02	2.97217150e+12
2.71000000e+02	2.98424546e+12
2.72000000e+02	2.99634566e+12
2.73000000e+02	3.00847287e+12
2.74000000e+02	3.02062787e+12
2.75000000e+02	3.03281141e+12
2.76000000e+02	3.04502425e+12
2.77000000e+02	3.05726713e+12
2.78000000e+02	3.06954078e+12
2.79000000e+02	3.08184593e+12
2.80000000e+02	3.09418328e+12
2.81000000e+02	3.10655353e+12
2.82000000e+02	3.11895737e+12
2.83000000e+02	3.13139546e+12
2.84000000e+02	3.14386846e+12
2.85000000e+02	3.15637701e+12
2.86000000e+02	3.16892175e+12
2.87000000e+02	3.18150327e+12
2.88000000e+02	3.19412217e+12
2.89000000e+02	3.20677904e+12
2.90000000e+02	3.21947442e+12
2.91000000e+02	3.23220885e+12
2.92000000e+02	3.24498286e+12
2.93000000e+02	3.25779695e+12
2.94000000e+02	3.27065160e+12
2.95000000e+02	3.28354727e+12
2.96000000e+02	3.29648440e+12
2.97000000e+02	3.30946339e+12
2.98000000e+02	3.32248466e+12
2.99000000e+02	3.33554857e+12
3.00000000e+02	3.34865546e+12
3.01000000e+02	3.36180566e+12
3.02000000e+02	3.37499947e+12
3.03000000e+02	3.38823715e+12
3.04000000e+02	3.40151896e+12
3.05000000e+02	3.41484512e+12
3.06000000e+02	3.42821582e+12
3.07000000e+02	3.44163122e+12
3.08000000e+02	3.45509145e+12
3.09000000e+02	3.46859664e+12
3.10000000e+02	3.48214684e+12
3.11000000e+02	3.49574212e+12
3.12000000e+02	3.50938249e+12
3.13000000e+02	3.52306793e+12
3.14000000e+02	3.53679839e+12
3.15000000e+02	3.55057381e+12
3.16000000e+02	3.56439406e+12
3.17000000e+02	3.57825900e+12
3.18000000e+02	3.59216845e+12
3.19000000e+02	3.60612218e+12
3.20000000e+02	3.62011996e+12
3.21000000e+02	3.63416149e+12
3.22000000e+02	3.64824645e+12
3.23000000e+02	3.66237447e+12
3.24000000e+02	3.67654515e+12
3.25000000e+02	3.69075805e+12
3.26000000e+02	3.70501269e+12
3.27000000e+02	3.71930855e+12
3.28000000e+02	3.73364506e+12
3.29000000e+02	3.74802163e+12
3.30000000e+02	3.76243759e+12
3.31000000e+02	3.77689227e+12
3.32000000e+02	3.79138492e+12
3.33000000e+02	3.80591476e+12
3.34000000e+02	3.82048097e+12
3.35000000e+02	3.83508267e+12
3.36000000e+02	3.84971894e+12
3.37000000e+02	3.86438882e+12
3.38000000e+02	3.87909127e+12
3.39000000e+02	3.89382524e+12
3.40000000e+02	3.90858960e+12
3.41000000e+02	3.92338318e+12
3.42000000e+02	3.93820475e+12
3.43000000e+02	3.95305303e+12
3.44000000e+02	3.96792670e+12
3.45000000e+02	3.98282435e+12
3.46000000e+02	3.99774455e+12
3.47000000e+02	4.01268580e+12
3.48000000e+02	4.02764652e+12
3.49000000e+02	4.04262510e+12
3.50000000e+02	4.05761985e+12
3.51000000e+02	4.07262904e+12
3.52000000e+02	4.08765086e+12
3.53000000e+02	4.10268343e+12
3.54000000e+02	4.11772483e+12
3.55000000e+02	4.13277305e+12
3.56000000e+02	4.14782603e+12
3.57000000e+02	4.16288164e+12
3.58000000e+02	4.17793768e+12
3.59000000e+02	4.19299186e+12
3.60000000e+02	4.20804186e+12
3.61000000e+02	4.22308527e+12
3.62000000e+02	4.23811958e+12
3.63000000e+02	4.25314225e+12
3.64000000e+02	4.26815064e+12
3.65000000e+02	4.28314205e+12
3.66000000e+02	4.29811368e+12
3.67000000e+02	4.31306268e+12
3.68000000e+02	4.32798610e+12
3.69000000e+02	4.34288093e+12
3.70000000e+02	4.35774406e+12
3.71000000e+02	4.37257230e+12
3.72000000e+02	4.38736240e+12
3.73000000e+02	4.40211102e+12
3.74000000e+02	4.41681471e+12
3.75000000e+02	4.43146996e+12
3.76000000e+02	4.44607318e+12
3.77000000e+02	4.46062068e+12
3.78000000e+02	4.47510868e+12
3.79000000e+02	4.48953333e+12
3.80000000e+02	4.50389068e+12
3.81000000e+02	4.51817669e+12
3.82000000e+02	4.53238724e+12
3.83000000e+02	4.54651812e+12
3.84000000e+02	4.56056502e+12
3.85000000e+02	4.57452354e+12
3.86000000e+02	4.58838921e+12
3.87000000e+02	4.60215745e+12
3.88000000e+02	4.61582359e+12
3.89000000e+02	4.62938288e+12
3.90000000e+02	4.64283047e+12
3.91000000e+02	4.65616142e+12
3.92000000e+02	4.66937071e+12
3.93000000e+02	4.68245322e+12
3.94000000e+02	4.69540373e+12
3.95000000e+02	4.70821696e+12
3.96000000e+02	4.72088752e+12
3.97000000e+02	4.73340992e+12
3.98000000e+02	4.74577862e+12
3.99000000e+02	4.75798795e+12
4.00000000e+02	4.77003218e+12
4.01000000e+02	4.78190549e+12
4.02000000e+02	4.79360199e+12
4.03000000e+02	4.80511567e+12
4.04000000e+02	4.81644047e+12
4.05000000e+02	4.82757025e+12
4.06000000e+02	4.83849877e+12
4.07000000e+02	4.84921975e+12
4.08000000e+02	4.85972679e+12
4.09000000e+02	4.87001345e+12
4.10000000e+02	4.88007321e+12
4.11000000e+02	4.88989949e+12
4.12000000e+02	4.89948563e+12
4.13000000e+02	4.90882491e+12
4.14000000e+02	4.91791056e+12
4.15000000e+02	4.92673575e+12
4.16000000e+02	4.93529359e+12
4.17000000e+02	4.94357714e+12
4.18000000e+02	4.95157942e+12
4.19000000e+02	4.95929338e+12
4.20000000e+02	4.96671197e+12
4.21000000e+02	4.97382807e+12
4.22000000e+02	4.98063454e+12
4.23000000e+02	4.98712421e+12
4.24000000e+02	4.99328988e+12
4.25000000e+02	4.99912434e+12
4.26000000e+02	5.00462035e+12
4.27000000e+02	5.00977067e+12
4.28000000e+02	5.01456806e+12
4.29000000e+02	5.01900524e+12
4.30000000e+02	5.02307499e+12
4.31000000e+02	5.02677006e+12
4.32000000e+02	5.03008322e+12
4.33000000e+02	5.03300727e+12
4.34000000e+02	5.03553503e+12
4.35000000e+02	5.03765934e+12
4.36000000e+02	5.03937311e+12
4.37000000e+02	5.04066925e+12
4.38000000e+02	5.04154075e+12
4.39000000e+02	5.04198065e+12
4.40000000e+02	5.04198204e+12
4.41000000e+02	5.04153810e+12
4.42000000e+02	5.04064206e+12
4.43000000e+02	5.03928726e+12
4.44000000e+02	5.03746711e+12
4.45000000e+02	5.03517511e+12
4.46000000e+02	5.03240490e+12
4.47000000e+02	5.02915019e+12
4.48000000e+02	5.02540483e+12
4.49000000e+02	5.02116279e+12
4.50000000e+02	5.01641818e+12
4.51000000e+02	5.01116526e+12
4.52000000e+02	5.00539840e+12
4.53000000e+02	4.99911218e+12
4.54000000e+02	4.99230132e+12
4.55000000e+02	4.98496070e+12
4.56000000e+02	4.97708542e+12
4.57000000e+02	4.96867074e+12
4.58000000e+02	4.95971214e+12
4.59000000e+02	4.95020529e+12
4.60000000e+02	4.94014610e+12
4.61000000e+02	4.92953069e+12
4.62000000e+02	4.91835543e+12
4.63000000e+02	4.90661694e+12
4.64000000e+02	4.89431207e+12
4.65000000e+02	4.88143797e+12
4.66000000e+02	4.86799205e+12
4.67000000e+02	4.85397200e+12
4.68000000e+02	4.83937583e+12
4.69000000e+02	4.82420184e+12
4.70000000e+02	4.80844865e+12
4.71000000e+02	4.79211522e+12
4.72000000e+02	4.77520084e+12
4.73000000e+02	4.75770517e+12
4.74000000e+02	4.73962822e+12
4.75000000e+02	4.72097038e+12
4.76000000e+02	4.70173244e+12
4.77000000e+02	4.68191558e+12
4.78000000e+02	4.66152140e+12
4.79000000e+02	4.64055191e+12
4.80000000e+02	4.61900960e+12
4.81000000e+02	4.59689736e+12
4.82000000e+02	4.57421859e+12
4.83000000e+02	4.55097713e+12
4.84000000e+02	4.52717734e+12
4.85000000e+02	4.50282408e+12
4.86000000e+02	4.47792270e+12
4.87000000e+02	4.45247911e+12
4.88000000e+02	4.42649973e+12
4.89000000e+02	4.39999155e+12
4.90000000e+02	4.37296213e+12
4.91000000e+02	4.34541959e+12
4.92000000e+02	4.31737262e+12
4.93000000e+02	4.28883053e+12
4.94000000e+02	4.25980320e+12
4.95000000e+02	4.23030116e+12
4.96000000e+02	4.20033549e+12
4.97000000e+02	4.16991795e+12
4.98000000e+02	4.13906089e+12
4.99000000e+02	4.10777727e+12
5.00000000e+02	4.07608069e+12
5.01000000e+02	4.04398536e+12
5.02000000e+02	4.01150611e+12
5.03000000e+02	3.97865838e+12
5.04000000e+02	3.94545820e+12
5.05000000e+02	3.91192218e+12
5.06000000e+02	3.87806751e+12
5.07000000e+02	3.84391194e+12
5.08000000e+02	3.80947373e+12
5.09000000e+02	3.77477169e+12
5.10000000e+02	3.73982507e+12
5.11000000e+02	3.70465360e+12
5.12000000e+02	3.66927742e+12
5.13000000e+02	3.63371707e+12
5.14000000e+02	3.59799342e+12
5.15000000e+02	3.56212764e+12
5.16000000e+02	3.52614118e+12
5.17000000e+02	3.49005568e+12
5.18000000e+02	3.45389294e+12
5.19000000e+02	3.41767489e+12
5.20000000e+02	3.38142348e+12
5.21000000e+02	3.34516067e+12
5.22000000e+02	3.30890836e+12
5.23000000e+02	3.27268832e+12
5.24000000e+02	3.23652215e+12
5.25000000e+02	3.20043118e+12
5.26000000e+02	3.16443645e+12
5.27000000e+02	3.12855864e+12
5.28000000e+02	3.09281801e+12
5.29000000e+02	3.05723433e+12
5.30000000e+02	3.02182683e+12
5.31000000e+02	2.98661416e+12
5.32000000e+02	2.95161434e+12
5.33000000e+02	2.91684470e+12
5.34000000e+02	2.88232183e+12
5.35000000e+02	2.84806156e+12
5.36000000e+02	2.81407894e+12
5.37000000e+02	2.78038816e+12
5.38000000e+02	2.74700256e+12
5.39000000e+02	2.71393460e+12
5.40000000e+02	2.68119586e+12
5.41000000e+02	2.64879699e+12
5.42000000e+02	2.61674774e+12
5.43000000e+02	2.58505695e+12
5.44000000e+02	2.55373254e+12
5.45000000e+02	2.52278151e+12
5.46000000e+02	2.49221001e+12
5.47000000e+02	2.46202325e+12
5.48000000e+02	2.43222564e+12
5.49000000e+02	2.40282070e+12
5.50000000e+02	2.37381118e+12
5.51000000e+02	2.34519902e+12
5.52000000e+02	2.31698542e+12
5.53000000e+02	2.28917083e+12
5.54000000e+02	2.26175504e+12
5.55000000e+02	2.23473717e+12
5.56000000e+02	2.20811573e+12
5.57000000e+02	2.18188865e+12
5.58000000e+02	2.15605330e+12
5.59000000e+02	2.13060655e+12
5.60000000e+02	2.10554480e+12
5.61000000e+02	2.08086403e+12
5.62000000e+02	2.05655977e+12
5.63000000e+02	2.03262725e+12
5.64000000e+02	2.00906132e+12
5.65000000e+02	1.98585655e+12
5.66000000e+02	1.96300724e+12
5.67000000e+02	1.94050746e+12
5.68000000e+02	1.91835105e+12
5.69000000e+02	1.89653169e+12
5.70000000e+02	1.87504289e+12
5.71000000e+02	1.85387804e+12
5.72000000e+02	1.83303041e+12
5.73000000e+02	1.81249319e+12
5.74000000e+02	1.79225950e+12
5.75000000e+02	1.77232241e+12
5.76000000e+02	1.75267494e+12
5.77000000e+02	1.73331013e+12
5.78000000e+02	1.71422098e+12
5.79000000e+02	1.69540053e+12
5.80000000e+02	1.67684182e+12
5.81000000e+02	1.65853792e+12
5.82000000e+02	1.64048196e+12
5.83000000e+02	1.62266711e+12
5.84000000e+02	1.60508659e+12
5.85000000e+02	1.58773371e+12
5.86000000e+02	1.57060183e+12
5.87000000e+02	1.55368438e+12
5.88000000e+02	1.53697488e+12
5.89000000e+02	1.52046694e+12
5.90000000e+02	1.50415426e+12
5.91000000e+02	1.48803060e+12
5.92000000e+02	1.47208985e+12
5.93000000e+02	1.45632595e+12
5.94000000e+02	1.44073299e+12
5.95000000e+02	1.42530509e+12
5.96000000e+02	1.41003653e+12
5.97000000e+02	1.39492164e+12
5.98000000e+02	1.37995486e+12
5.99000000e+02	1.36513074e+12
6.00000000e+02	1.35044390e+12
6.01000000e+02	1.33588907e+12
6.02000000e+02	1.32146108e+12
6.03000000e+02	1.30715483e+12
6.04000000e+02	1.29296534e+12
6.05000000e+02	1.27888770e+12
6.06000000e+02	1.26491709e+12
6.07000000e+02	1.25104879e+12
6.08000000e+02	1.23727816e+12
6.09000000e+02	1.22360064e+12
6.10000000e+02	1.21001177e+12
6.11000000e+02	1.19650715e+12
6.12000000e+02	1.18308247e+12
6.13000000e+02	1.16973352e+12
6.14000000e+02	1.15645615e+12
6.15000000e+02	1.14324627e+12
6.16000000e+02	1.13009989e+12
6.17000000e+02	1.11701310e+12
6.18000000e+02	1.10398204e+12
6.19000000e+02	1.09100294e+12
6.20000000e+02	1.07807209e+12
6.21000000e+02	1.06518586e+12
6.22000000e+02	1.05234067e+12
6.23000000e+02	1.03953303e+12
6.24000000e+02	1.02675951e+12
6.25000000e+02	1.01401673e+12
6.26000000e+02	1.00130139e+12
6.27000000e+02	9.88610267e+11
6.28000000e+02	9.75940172e+11
6.29000000e+02	9.63288000e+11
6.30000000e+02	9.50650703e+11
6.31000000e+02	9.38025296e+11
6.32000000e+02	9.25408858e+11
6.33000000e+02	9.12798527e+11
6.34000000e+02	9.00191507e+11
6.35000000e+02	8.87585063e+11
6.36000000e+02	8.74976524e+11
6.37000000e+02	8.62363280e+11
6.38000000e+02	8.49742784e+11
6.39000000e+02	8.37112555e+11
6.40000000e+02	8.24470175e+11
6.41000000e+02	8.11813293e+11
6.42000000e+02	7.99139624e+11
6.43000000e+02	7.86446948e+11
6.44000000e+02	7.73733116e+11
6.45000000e+02	7.60996044e+11
6.46000000e+02	7.48233722e+11
6.47000000e+02	7.35444210e+11
6.48000000e+02	7.22625644e+11
6.49000000e+02	7.09776233e+11
6.50000000e+02	6.96894262e+11
6.51000000e+02	6.83978100e+11
6.52000000e+02	6.71026194e+11
6.53000000e+02	6.58037055e+11
6.54000000e+02	6.45009287e+11
6.55000000e+02	6.31941679e+11
6.56000000e+02	6.18833192e+11
6.57000000e+02	6.05682484e+11
6.58000000e+02	5.92487674e+11
6.59000000e+02	5.79248550e+11
6.60000000e+02	5.65963820e+11
6.61000000e+02	5.52633748e+11
6.62000000e+02	5.39256720e+11
6.63000000e+02	5.25833087e+11
6.64000000e+02	5.12361666e+11
6.65000000e+02	4.98842051e+11
6.66000000e+02	4.85274758e+11
6.67000000e+02	4.71658447e+11
6.68000000e+02	4.57993875e+11
6.69000000e+02	4.44281163e+11
6.70000000e+02	4.30519570e+11
6.71000000e+02	4.16710527e+11
6.72000000e+02	4.02853364e+11
6.73000000e+02	3.88949268e+11
6.74000000e+02	3.74998291e+11
6.75000000e+02	3.61001596e+11
6.76000000e+02	3.46959464e+11
6.77000000e+02	3.32873030e+11
6.78000000e+02	3.18743425e+11
6.79000000e+02	3.04571270e+11
6.80000000e+02	2.90358190e+11
6.81000000e+02	2.76105169e+11
6.82000000e+02	2.61813725e+11
6.83000000e+02	2.47485118e+11
6.84000000e+02	2.33121220e+11
6.85000000e+02	2.18723223e+11
6.86000000e+02	2.04293058e+11
6.87000000e+02	1.89832620e+11
6.88000000e+02	1.75343564e+11
6.89000000e+02	1.60827777e+11
6.90000000e+02	1.46287392e+11
6.91000000e+02	1.31724411e+11
6.92000000e+02	1.17140869e+11
6.93000000e+02	1.02538963e+11
6.94000000e+02	8.79208927e+10
6.95000000e+02	7.32888769e+10
6.96000000e+02	5.86451880e+10
6.97000000e+02	4.39921360e+10
6.98000000e+02	2.93320005e+10
6.99000000e+02	1.46671748e+10
7.00000000e+02	0.00000000e+00
