# Profil de FluxX au temps 2.000999999999940e-11 
# simu : /Volumes/MERCURE/JOBS/Zeq2_tanh_50mic_1p5e20_B0_20ps/GNU/FluxX@y-c.set
# col 0 : abscisse (um)
# col 1 : FluxX (W/cm2)
0.00000000e+00	0.00000000e+00
1.00000000e+00	1.10224026e+10
2.00000000e+00	2.20444168e+10
3.00000000e+00	3.30665303e+10
4.00000000e+00	4.40877398e+10
5.00000000e+00	5.51081570e+10
6.00000000e+00	6.61276123e+10
7.00000000e+00	7.71459231e+10
8.00000000e+00	8.81629021e+10
9.00000000e+00	9.91783608e+10
1.00000000e+01	1.10192111e+11
1.10000000e+01	1.21203965e+11
1.20000000e+01	1.32213737e+11
1.30000000e+01	1.43221240e+11
1.40000000e+01	1.54226291e+11
1.50000000e+01	1.65228706e+11
1.60000000e+01	1.76228301e+11
1.70000000e+01	1.87224894e+11
1.80000000e+01	1.98218306e+11
1.90000000e+01	2.09208355e+11
2.00000000e+01	2.20194865e+11
2.10000000e+01	2.31177659e+11
2.20000000e+01	2.42156561e+11
2.30000000e+01	2.53131400e+11
2.40000000e+01	2.64101999e+11
2.50000000e+01	2.75068194e+11
2.60000000e+01	2.86029811e+11
2.70000000e+01	2.96986687e+11
2.80000000e+01	3.07938650e+11
2.90000000e+01	3.18885546e+11
3.00000000e+01	3.29827205e+11
3.10000000e+01	3.40763473e+11
3.20000000e+01	3.51694194e+11
3.30000000e+01	3.62619210e+11
3.40000000e+01	3.73538370e+11
3.50000000e+01	3.84451523e+11
3.60000000e+01	3.95358522e+11
3.70000000e+01	4.06259218e+11
3.80000000e+01	4.17153469e+11
3.90000000e+01	4.28041138e+11
4.00000000e+01	4.38922083e+11
4.10000000e+01	4.49796171e+11
4.20000000e+01	4.60663264e+11
4.30000000e+01	4.71523238e+11
4.40000000e+01	4.82375961e+11
4.50000000e+01	4.93221309e+11
4.60000000e+01	5.04059165e+11
4.70000000e+01	5.14889403e+11
4.80000000e+01	5.25711909e+11
4.90000000e+01	5.36526572e+11
5.00000000e+01	5.47333279e+11
5.10000000e+01	5.58131925e+11
5.20000000e+01	5.68922407e+11
5.30000000e+01	5.79704619e+11
5.40000000e+01	5.90478466e+11
5.50000000e+01	6.01243855e+11
5.60000000e+01	6.12000693e+11
5.70000000e+01	6.22748893e+11
5.80000000e+01	6.33488366e+11
5.90000000e+01	6.44219033e+11
6.00000000e+01	6.54940816e+11
6.10000000e+01	6.65653643e+11
6.20000000e+01	6.76357435e+11
6.30000000e+01	6.87052124e+11
6.40000000e+01	6.97737654e+11
6.50000000e+01	7.08413956e+11
6.60000000e+01	7.19080972e+11
6.70000000e+01	7.29738650e+11
6.80000000e+01	7.40386939e+11
6.90000000e+01	7.51025785e+11
7.00000000e+01	7.61655151e+11
7.10000000e+01	7.72274995e+11
7.20000000e+01	7.82885276e+11
7.30000000e+01	7.93485959e+11
7.40000000e+01	8.04077023e+11
7.50000000e+01	8.14658432e+11
7.60000000e+01	8.25230162e+11
7.70000000e+01	8.35792199e+11
7.80000000e+01	8.46344528e+11
7.90000000e+01	8.56887127e+11
8.00000000e+01	8.67419990e+11
8.10000000e+01	8.77943120e+11
8.20000000e+01	8.88456502e+11
8.30000000e+01	8.98960141e+11
8.40000000e+01	9.09454047e+11
8.50000000e+01	9.19938222e+11
8.60000000e+01	9.30412676e+11
8.70000000e+01	9.40877431e+11
8.80000000e+01	9.51332499e+11
8.90000000e+01	9.61777905e+11
9.00000000e+01	9.72213673e+11
9.10000000e+01	9.82639829e+11
9.20000000e+01	9.93056407e+11
9.30000000e+01	1.00346344e+12
9.40000000e+01	1.01386097e+12
9.50000000e+01	1.02424904e+12
9.60000000e+01	1.03462769e+12
9.70000000e+01	1.04499696e+12
9.80000000e+01	1.05535692e+12
9.90000000e+01	1.06570761e+12
1.00000000e+02	1.07604910e+12
1.01000000e+02	1.08638143e+12
1.02000000e+02	1.09670466e+12
1.03000000e+02	1.10701878e+12
1.04000000e+02	1.11732379e+12
1.05000000e+02	1.12761982e+12
1.06000000e+02	1.13790695e+12
1.07000000e+02	1.14818528e+12
1.08000000e+02	1.15845487e+12
1.09000000e+02	1.16871584e+12
1.10000000e+02	1.17896823e+12
1.11000000e+02	1.18921203e+12
1.12000000e+02	1.19944743e+12
1.13000000e+02	1.20967453e+12
1.14000000e+02	1.21989347e+12
1.15000000e+02	1.23010430e+12
1.16000000e+02	1.24030708e+12
1.17000000e+02	1.25050193e+12
1.18000000e+02	1.26068894e+12
1.19000000e+02	1.27086836e+12
1.20000000e+02	1.28104027e+12
1.21000000e+02	1.29120479e+12
1.22000000e+02	1.30136203e+12
1.23000000e+02	1.31151213e+12
1.24000000e+02	1.32165520e+12
1.25000000e+02	1.33179137e+12
1.26000000e+02	1.34192076e+12
1.27000000e+02	1.35204351e+12
1.28000000e+02	1.36215975e+12
1.29000000e+02	1.37226960e+12
1.30000000e+02	1.38237321e+12
1.31000000e+02	1.39247071e+12
1.32000000e+02	1.40256224e+12
1.33000000e+02	1.41264794e+12
1.34000000e+02	1.42272796e+12
1.35000000e+02	1.43280245e+12
1.36000000e+02	1.44287155e+12
1.37000000e+02	1.45293541e+12
1.38000000e+02	1.46299419e+12
1.39000000e+02	1.47304803e+12
1.40000000e+02	1.48309711e+12
1.41000000e+02	1.49314156e+12
1.42000000e+02	1.50318156e+12
1.43000000e+02	1.51321726e+12
1.44000000e+02	1.52324883e+12
1.45000000e+02	1.53327643e+12
1.46000000e+02	1.54330023e+12
1.47000000e+02	1.55332040e+12
1.48000000e+02	1.56333711e+12
1.49000000e+02	1.57335052e+12
1.50000000e+02	1.58336082e+12
1.51000000e+02	1.59336816e+12
1.52000000e+02	1.60337274e+12
1.53000000e+02	1.61337472e+12
1.54000000e+02	1.62337428e+12
1.55000000e+02	1.63337160e+12
1.56000000e+02	1.64336687e+12
1.57000000e+02	1.65336025e+12
1.58000000e+02	1.66335195e+12
1.59000000e+02	1.67334213e+12
1.60000000e+02	1.68333099e+12
1.61000000e+02	1.69331872e+12
1.62000000e+02	1.70330549e+12
1.63000000e+02	1.71329151e+12
1.64000000e+02	1.72327696e+12
1.65000000e+02	1.73326203e+12
1.66000000e+02	1.74324692e+12
1.67000000e+02	1.75323182e+12
1.68000000e+02	1.76321692e+12
1.69000000e+02	1.77320242e+12
1.70000000e+02	1.78318852e+12
1.71000000e+02	1.79317541e+12
1.72000000e+02	1.80316329e+12
1.73000000e+02	1.81315237e+12
1.74000000e+02	1.82314283e+12
1.75000000e+02	1.83313488e+12
1.76000000e+02	1.84312872e+12
1.77000000e+02	1.85312456e+12
1.78000000e+02	1.86312259e+12
1.79000000e+02	1.87312302e+12
1.80000000e+02	1.88312605e+12
1.81000000e+02	1.89313188e+12
1.82000000e+02	1.90314073e+12
1.83000000e+02	1.91315279e+12
1.84000000e+02	1.92316828e+12
1.85000000e+02	1.93318739e+12
1.86000000e+02	1.94321034e+12
1.87000000e+02	1.95323734e+12
1.88000000e+02	1.96326858e+12
1.89000000e+02	1.97330429e+12
1.90000000e+02	1.98334467e+12
1.91000000e+02	1.99338992e+12
1.92000000e+02	2.00344026e+12
1.93000000e+02	2.01349589e+12
1.94000000e+02	2.02355704e+12
1.95000000e+02	2.03362389e+12
1.96000000e+02	2.04369667e+12
1.97000000e+02	2.05377559e+12
1.98000000e+02	2.06386084e+12
1.99000000e+02	2.07395265e+12
2.00000000e+02	2.08405122e+12
2.01000000e+02	2.09415676e+12
2.02000000e+02	2.10426947e+12
2.03000000e+02	2.11438958e+12
2.04000000e+02	2.12451727e+12
2.05000000e+02	2.13465277e+12
2.06000000e+02	2.14479628e+12
2.07000000e+02	2.15494801e+12
2.08000000e+02	2.16510816e+12
2.09000000e+02	2.17527694e+12
2.10000000e+02	2.18545456e+12
2.11000000e+02	2.19564121e+12
2.12000000e+02	2.20583711e+12
2.13000000e+02	2.21604246e+12
2.14000000e+02	2.22625746e+12
2.15000000e+02	2.23648231e+12
2.16000000e+02	2.24671721e+12
2.17000000e+02	2.25696236e+12
2.18000000e+02	2.26721796e+12
2.19000000e+02	2.27748421e+12
2.20000000e+02	2.28776130e+12
2.21000000e+02	2.29804943e+12
2.22000000e+02	2.30834880e+12
2.23000000e+02	2.31865958e+12
2.24000000e+02	2.32898198e+12
2.25000000e+02	2.33931618e+12
2.26000000e+02	2.34966236e+12
2.27000000e+02	2.36002072e+12
2.28000000e+02	2.37039143e+12
2.29000000e+02	2.38077468e+12
2.30000000e+02	2.39117065e+12
2.31000000e+02	2.40157951e+12
2.32000000e+02	2.41200143e+12
2.33000000e+02	2.42243660e+12
2.34000000e+02	2.43288517e+12
2.35000000e+02	2.44334733e+12
2.36000000e+02	2.45382322e+12
2.37000000e+02	2.46431302e+12
2.38000000e+02	2.47481688e+12
2.39000000e+02	2.48533496e+12
2.40000000e+02	2.49586741e+12
2.41000000e+02	2.50641438e+12
2.42000000e+02	2.51697603e+12
2.43000000e+02	2.52755249e+12
2.44000000e+02	2.53814390e+12
2.45000000e+02	2.54875041e+12
2.46000000e+02	2.55937213e+12
2.47000000e+02	2.57000921e+12
2.48000000e+02	2.58066177e+12
2.49000000e+02	2.59132993e+12
2.50000000e+02	2.60201380e+12
2.51000000e+02	2.61271350e+12
2.52000000e+02	2.62342913e+12
2.53000000e+02	2.63416080e+12
2.54000000e+02	2.64490861e+12
2.55000000e+02	2.65567265e+12
2.56000000e+02	2.66645302e+12
2.57000000e+02	2.67724978e+12
2.58000000e+02	2.68806303e+12
2.59000000e+02	2.69889283e+12
2.60000000e+02	2.70973925e+12
2.61000000e+02	2.72060235e+12
2.62000000e+02	2.73148220e+12
2.63000000e+02	2.74237883e+12
2.64000000e+02	2.75329229e+12
2.65000000e+02	2.76422262e+12
2.66000000e+02	2.77516984e+12
2.67000000e+02	2.78613399e+12
2.68000000e+02	2.79711508e+12
2.69000000e+02	2.80811311e+12
2.70000000e+02	2.81912809e+12
2.71000000e+02	2.83016002e+12
2.72000000e+02	2.84120887e+12
2.73000000e+02	2.85227464e+12
2.74000000e+02	2.86335729e+12
2.75000000e+02	2.87445679e+12
2.76000000e+02	2.88557308e+12
2.77000000e+02	2.89670612e+12
2.78000000e+02	2.90785584e+12
2.79000000e+02	2.91902218e+12
2.80000000e+02	2.93020505e+12
2.81000000e+02	2.94140435e+12
2.82000000e+02	2.95262000e+12
2.83000000e+02	2.96385189e+12
2.84000000e+02	2.97509988e+12
2.85000000e+02	2.98636386e+12
2.86000000e+02	2.99764368e+12
2.87000000e+02	3.00893919e+12
2.88000000e+02	3.02025023e+12
2.89000000e+02	3.03157663e+12
2.90000000e+02	3.04291820e+12
2.91000000e+02	3.05427475e+12
2.92000000e+02	3.06564607e+12
2.93000000e+02	3.07703193e+12
2.94000000e+02	3.08843211e+12
2.95000000e+02	3.09984637e+12
2.96000000e+02	3.11127444e+12
2.97000000e+02	3.12271605e+12
2.98000000e+02	3.13417092e+12
2.99000000e+02	3.14563875e+12
3.00000000e+02	3.15711922e+12
3.01000000e+02	3.16861203e+12
3.02000000e+02	3.18011681e+12
3.03000000e+02	3.19163322e+12
3.04000000e+02	3.20316089e+12
3.05000000e+02	3.21469943e+12
3.06000000e+02	3.22624844e+12
3.07000000e+02	3.23780751e+12
3.08000000e+02	3.24937619e+12
3.09000000e+02	3.26095405e+12
3.10000000e+02	3.27254061e+12
3.11000000e+02	3.28413540e+12
3.12000000e+02	3.29573791e+12
3.13000000e+02	3.30734761e+12
3.14000000e+02	3.31896399e+12
3.15000000e+02	3.33058648e+12
3.16000000e+02	3.34221451e+12
3.17000000e+02	3.35384748e+12
3.18000000e+02	3.36548479e+12
3.19000000e+02	3.37712581e+12
3.20000000e+02	3.38876989e+12
3.21000000e+02	3.40041634e+12
3.22000000e+02	3.41206450e+12
3.23000000e+02	3.42371363e+12
3.24000000e+02	3.43536301e+12
3.25000000e+02	3.44701188e+12
3.26000000e+02	3.45865947e+12
3.27000000e+02	3.47030498e+12
3.28000000e+02	3.48194759e+12
3.29000000e+02	3.49358645e+12
3.30000000e+02	3.50522069e+12
3.31000000e+02	3.51684943e+12
3.32000000e+02	3.52847175e+12
3.33000000e+02	3.54008671e+12
3.34000000e+02	3.55169334e+12
3.35000000e+02	3.56329066e+12
3.36000000e+02	3.57487766e+12
3.37000000e+02	3.58645329e+12
3.38000000e+02	3.59801650e+12
3.39000000e+02	3.60956617e+12
3.40000000e+02	3.62110121e+12
3.41000000e+02	3.63262047e+12
3.42000000e+02	3.64412276e+12
3.43000000e+02	3.65560689e+12
3.44000000e+02	3.66707164e+12
3.45000000e+02	3.67851574e+12
3.46000000e+02	3.68993792e+12
3.47000000e+02	3.70133685e+12
3.48000000e+02	3.71271119e+12
3.49000000e+02	3.72405957e+12
3.50000000e+02	3.73538058e+12
3.51000000e+02	3.74667280e+12
3.52000000e+02	3.75793476e+12
3.53000000e+02	3.76916495e+12
3.54000000e+02	3.78036187e+12
3.55000000e+02	3.79152394e+12
3.56000000e+02	3.80264958e+12
3.57000000e+02	3.81373716e+12
3.58000000e+02	3.82478504e+12
3.59000000e+02	3.83579152e+12
3.60000000e+02	3.84675489e+12
3.61000000e+02	3.85767338e+12
3.62000000e+02	3.86854523e+12
3.63000000e+02	3.87936859e+12
3.64000000e+02	3.89014163e+12
3.65000000e+02	3.90086246e+12
3.66000000e+02	3.91152914e+12
3.67000000e+02	3.92213972e+12
3.68000000e+02	3.93269222e+12
3.69000000e+02	3.94318460e+12
3.70000000e+02	3.95361480e+12
3.71000000e+02	3.96398073e+12
3.72000000e+02	3.97428025e+12
3.73000000e+02	3.98451120e+12
3.74000000e+02	3.99467136e+12
3.75000000e+02	4.00475851e+12
3.76000000e+02	4.01477037e+12
3.77000000e+02	4.02470462e+12
3.78000000e+02	4.03455893e+12
3.79000000e+02	4.04433090e+12
3.80000000e+02	4.05401811e+12
3.81000000e+02	4.06361812e+12
3.82000000e+02	4.07312844e+12
3.83000000e+02	4.08254653e+12
3.84000000e+02	4.09186983e+12
3.85000000e+02	4.10109576e+12
3.86000000e+02	4.11022166e+12
3.87000000e+02	4.11924488e+12
3.88000000e+02	4.12816272e+12
3.89000000e+02	4.13697242e+12
3.90000000e+02	4.14567122e+12
3.91000000e+02	4.15425631e+12
3.92000000e+02	4.16272485e+12
3.93000000e+02	4.17107395e+12
3.94000000e+02	4.17930071e+12
3.95000000e+02	4.18740219e+12
3.96000000e+02	4.19537540e+12
3.97000000e+02	4.20321733e+12
3.98000000e+02	4.21092494e+12
3.99000000e+02	4.21849517e+12
4.00000000e+02	4.22592489e+12
4.01000000e+02	4.23321097e+12
4.02000000e+02	4.24035025e+12
4.03000000e+02	4.24733953e+12
4.04000000e+02	4.25417557e+12
4.05000000e+02	4.26085513e+12
4.06000000e+02	4.26737493e+12
4.07000000e+02	4.27373165e+12
4.08000000e+02	4.27992195e+12
4.09000000e+02	4.28594247e+12
4.10000000e+02	4.29178982e+12
4.11000000e+02	4.29746060e+12
4.12000000e+02	4.30295136e+12
4.13000000e+02	4.30825865e+12
4.14000000e+02	4.31337898e+12
4.15000000e+02	4.31830886e+12
4.16000000e+02	4.32304477e+12
4.17000000e+02	4.32758317e+12
4.18000000e+02	4.33192050e+12
4.19000000e+02	4.33605320e+12
4.20000000e+02	4.33997766e+12
4.21000000e+02	4.34369030e+12
4.22000000e+02	4.34718749e+12
4.23000000e+02	4.35046561e+12
4.24000000e+02	4.35352102e+12
4.25000000e+02	4.35635008e+12
4.26000000e+02	4.35894912e+12
4.27000000e+02	4.36131450e+12
4.28000000e+02	4.36344255e+12
4.29000000e+02	4.36532958e+12
4.30000000e+02	4.36697195e+12
4.31000000e+02	4.36836596e+12
4.32000000e+02	4.36950795e+12
4.33000000e+02	4.37039425e+12
4.34000000e+02	4.37102119e+12
4.35000000e+02	4.37138513e+12
4.36000000e+02	4.37148239e+12
4.37000000e+02	4.37130935e+12
4.38000000e+02	4.37086236e+12
4.39000000e+02	4.37013781e+12
4.40000000e+02	4.36913210e+12
4.41000000e+02	4.36784163e+12
4.42000000e+02	4.36626284e+12
4.43000000e+02	4.36439217e+12
4.44000000e+02	4.36222610e+12
4.45000000e+02	4.35976113e+12
4.46000000e+02	4.35699377e+12
4.47000000e+02	4.35392058e+12
4.48000000e+02	4.35053814e+12
4.49000000e+02	4.34684306e+12
4.50000000e+02	4.34283200e+12
4.51000000e+02	4.33850164e+12
4.52000000e+02	4.33384871e+12
4.53000000e+02	4.32886997e+12
4.54000000e+02	4.32356225e+12
4.55000000e+02	4.31792240e+12
4.56000000e+02	4.31194734e+12
4.57000000e+02	4.30563402e+12
4.58000000e+02	4.29897946e+12
4.59000000e+02	4.29198075e+12
4.60000000e+02	4.28463502e+12
4.61000000e+02	4.27693947e+12
4.62000000e+02	4.26889136e+12
4.63000000e+02	4.26048805e+12
4.64000000e+02	4.25172693e+12
4.65000000e+02	4.24260549e+12
4.66000000e+02	4.23312131e+12
4.67000000e+02	4.22327203e+12
4.68000000e+02	4.21305539e+12
4.69000000e+02	4.20246921e+12
4.70000000e+02	4.19151142e+12
4.71000000e+02	4.18018004e+12
4.72000000e+02	4.16847320e+12
4.73000000e+02	4.15638911e+12
4.74000000e+02	4.14392612e+12
4.75000000e+02	4.13108268e+12
4.76000000e+02	4.11785737e+12
4.77000000e+02	4.10424888e+12
4.78000000e+02	4.09025604e+12
4.79000000e+02	4.07587782e+12
4.80000000e+02	4.06111330e+12
4.81000000e+02	4.04596174e+12
4.82000000e+02	4.03042254e+12
4.83000000e+02	4.01449523e+12
4.84000000e+02	3.99817954e+12
4.85000000e+02	3.98147533e+12
4.86000000e+02	3.96438267e+12
4.87000000e+02	3.94690178e+12
4.88000000e+02	3.92903307e+12
4.89000000e+02	3.91077716e+12
4.90000000e+02	3.89213484e+12
4.91000000e+02	3.87310714e+12
4.92000000e+02	3.85369528e+12
4.93000000e+02	3.83390069e+12
4.94000000e+02	3.81372505e+12
4.95000000e+02	3.79317026e+12
4.96000000e+02	3.77223846e+12
4.97000000e+02	3.75093204e+12
4.98000000e+02	3.72925365e+12
4.99000000e+02	3.70720620e+12
5.00000000e+02	3.68479285e+12
5.01000000e+02	3.66201707e+12
5.02000000e+02	3.63888259e+12
5.03000000e+02	3.61539344e+12
5.04000000e+02	3.59155394e+12
5.05000000e+02	3.56736873e+12
5.06000000e+02	3.54284273e+12
5.07000000e+02	3.51798121e+12
5.08000000e+02	3.49278974e+12
5.09000000e+02	3.46727423e+12
5.10000000e+02	3.44144091e+12
5.11000000e+02	3.41529637e+12
5.12000000e+02	3.38884751e+12
5.13000000e+02	3.36210159e+12
5.14000000e+02	3.33506622e+12
5.15000000e+02	3.30774936e+12
5.16000000e+02	3.28015929e+12
5.17000000e+02	3.25230468e+12
5.18000000e+02	3.22419452e+12
5.19000000e+02	3.19583815e+12
5.20000000e+02	3.16724527e+12
5.21000000e+02	3.13842589e+12
5.22000000e+02	3.10939037e+12
5.23000000e+02	3.08014940e+12
5.24000000e+02	3.05071397e+12
5.25000000e+02	3.02109540e+12
5.26000000e+02	2.99130528e+12
5.27000000e+02	2.96135551e+12
5.28000000e+02	2.93125825e+12
5.29000000e+02	2.90102590e+12
5.30000000e+02	2.87067112e+12
5.31000000e+02	2.84020678e+12
5.32000000e+02	2.80964594e+12
5.33000000e+02	2.77900185e+12
5.34000000e+02	2.74828790e+12
5.35000000e+02	2.71751764e+12
5.36000000e+02	2.68670468e+12
5.37000000e+02	2.65586275e+12
5.38000000e+02	2.62500559e+12
5.39000000e+02	2.59414700e+12
5.40000000e+02	2.56330075e+12
5.41000000e+02	2.53248057e+12
5.42000000e+02	2.50170014e+12
5.43000000e+02	2.47097301e+12
5.44000000e+02	2.44031264e+12
5.45000000e+02	2.40973229e+12
5.46000000e+02	2.37924506e+12
5.47000000e+02	2.34886379e+12
5.48000000e+02	2.31860111e+12
5.49000000e+02	2.28846935e+12
5.50000000e+02	2.25848052e+12
5.51000000e+02	2.22864633e+12
5.52000000e+02	2.19897808e+12
5.53000000e+02	2.16948673e+12
5.54000000e+02	2.14018283e+12
5.55000000e+02	2.11107647e+12
5.56000000e+02	2.08217735e+12
5.57000000e+02	2.05349466e+12
5.58000000e+02	2.02503714e+12
5.59000000e+02	1.99681305e+12
5.60000000e+02	1.96883015e+12
5.61000000e+02	1.94109569e+12
5.62000000e+02	1.91361641e+12
5.63000000e+02	1.88639856e+12
5.64000000e+02	1.85944786e+12
5.65000000e+02	1.83276953e+12
5.66000000e+02	1.80636826e+12
5.67000000e+02	1.78024828e+12
5.68000000e+02	1.75441328e+12
5.69000000e+02	1.72886649e+12
5.70000000e+02	1.70361066e+12
5.71000000e+02	1.67864807e+12
5.72000000e+02	1.65398055e+12
5.73000000e+02	1.62960951e+12
5.74000000e+02	1.60553590e+12
5.75000000e+02	1.58176029e+12
5.76000000e+02	1.55828287e+12
5.77000000e+02	1.53510343e+12
5.78000000e+02	1.51222142e+12
5.79000000e+02	1.48963596e+12
5.80000000e+02	1.46734585e+12
5.81000000e+02	1.44534959e+12
5.82000000e+02	1.42364538e+12
5.83000000e+02	1.40223120e+12
5.84000000e+02	1.38110474e+12
5.85000000e+02	1.36026349e+12
5.86000000e+02	1.33970474e+12
5.87000000e+02	1.31942556e+12
5.88000000e+02	1.29942287e+12
5.89000000e+02	1.27969342e+12
5.90000000e+02	1.26023381e+12
5.91000000e+02	1.24104053e+12
5.92000000e+02	1.22210995e+12
5.93000000e+02	1.20343833e+12
5.94000000e+02	1.18502184e+12
5.95000000e+02	1.16685660e+12
5.96000000e+02	1.14893864e+12
5.97000000e+02	1.13126394e+12
5.98000000e+02	1.11382845e+12
5.99000000e+02	1.09662808e+12
6.00000000e+02	1.07965873e+12
6.01000000e+02	1.06291625e+12
6.02000000e+02	1.04639652e+12
6.03000000e+02	1.03009540e+12
6.04000000e+02	1.01400875e+12
6.05000000e+02	9.98132465e+11
6.06000000e+02	9.82462439e+11
6.07000000e+02	9.66994593e+11
6.08000000e+02	9.51724878e+11
6.09000000e+02	9.36649275e+11
6.10000000e+02	9.21763800e+11
6.11000000e+02	9.07064507e+11
6.12000000e+02	8.92547493e+11
6.13000000e+02	8.78208899e+11
6.14000000e+02	8.64044911e+11
6.15000000e+02	8.50051764e+11
6.16000000e+02	8.36225745e+11
6.17000000e+02	8.22563190e+11
6.18000000e+02	8.09060490e+11
6.19000000e+02	7.95714089e+11
6.20000000e+02	7.82520486e+11
6.21000000e+02	7.69476234e+11
6.22000000e+02	7.56577943e+11
6.23000000e+02	7.43822279e+11
6.24000000e+02	7.31205965e+11
6.25000000e+02	7.18725777e+11
6.26000000e+02	7.06378550e+11
6.27000000e+02	6.94161175e+11
6.28000000e+02	6.82070595e+11
6.29000000e+02	6.70103813e+11
6.30000000e+02	6.58257882e+11
6.31000000e+02	6.46529912e+11
6.32000000e+02	6.34917066e+11
6.33000000e+02	6.23416559e+11
6.34000000e+02	6.12025658e+11
6.35000000e+02	6.00741681e+11
6.36000000e+02	5.89562000e+11
6.37000000e+02	5.78484031e+11
6.38000000e+02	5.67505243e+11
6.39000000e+02	5.56623152e+11
6.40000000e+02	5.45835321e+11
6.41000000e+02	5.35139358e+11
6.42000000e+02	5.24532918e+11
6.43000000e+02	5.14013698e+11
6.44000000e+02	5.03579442e+11
6.45000000e+02	4.93227933e+11
6.46000000e+02	4.82956996e+11
6.47000000e+02	4.72764498e+11
6.48000000e+02	4.62648345e+11
6.49000000e+02	4.52606480e+11
6.50000000e+02	4.42636885e+11
6.51000000e+02	4.32737580e+11
6.52000000e+02	4.22906619e+11
6.53000000e+02	4.13142091e+11
6.54000000e+02	4.03442119e+11
6.55000000e+02	3.93804860e+11
6.56000000e+02	3.84228502e+11
6.57000000e+02	3.74711266e+11
6.58000000e+02	3.65251402e+11
6.59000000e+02	3.55847190e+11
6.60000000e+02	3.46496938e+11
6.61000000e+02	3.37198983e+11
6.62000000e+02	3.27951688e+11
6.63000000e+02	3.18753442e+11
6.64000000e+02	3.09602661e+11
6.65000000e+02	3.00497784e+11
6.66000000e+02	2.91437274e+11
6.67000000e+02	2.82419617e+11
6.68000000e+02	2.73443320e+11
6.69000000e+02	2.64506914e+11
6.70000000e+02	2.55608947e+11
6.71000000e+02	2.46747989e+11
6.72000000e+02	2.37922629e+11
6.73000000e+02	2.29131474e+11
6.74000000e+02	2.20373148e+11
6.75000000e+02	2.11646293e+11
6.76000000e+02	2.02949567e+11
6.77000000e+02	1.94281644e+11
6.78000000e+02	1.85641213e+11
6.79000000e+02	1.77026977e+11
6.80000000e+02	1.68437652e+11
6.81000000e+02	1.59871968e+11
6.82000000e+02	1.51328668e+11
6.83000000e+02	1.42806504e+11
6.84000000e+02	1.34304242e+11
6.85000000e+02	1.25820656e+11
6.86000000e+02	1.17354533e+11
6.87000000e+02	1.08904665e+11
6.88000000e+02	1.00469856e+11
6.89000000e+02	9.20489170e+10
6.90000000e+02	8.36406656e+10
6.91000000e+02	7.52439270e+10
6.92000000e+02	6.68575322e+10
6.93000000e+02	5.84803180e+10
6.94000000e+02	5.01111259e+10
6.95000000e+02	4.17488017e+10
6.96000000e+02	3.33921951e+10
6.97000000e+02	2.50401661e+10
6.98000000e+02	1.66915283e+10
6.99000000e+02	8.34518646e+09
7.00000000e+02	0.00000000e+00
