# Profil de Te au temps 1.200000000000016e-11 
# simu : /Volumes/MERCURE/JOBS/Zeq2_tanh_50mic_1p5e20_B0_20ps/GNU/Te@y-c.set
# col 0 : abscisse (um)
# col 1 : Te (keV)
5.00000000e-01	9.98011289e-01
1.50000000e+00	9.98010232e-01
2.50000000e+00	9.98008133e-01
3.50000000e+00	9.98004982e-01
4.50000000e+00	9.98000777e-01
5.50000000e+00	9.97995519e-01
6.50000000e+00	9.97989209e-01
7.50000000e+00	9.97981844e-01
8.50000000e+00	9.97973425e-01
9.50000000e+00	9.97963949e-01
1.05000000e+01	9.97953416e-01
1.15000000e+01	9.97941824e-01
1.25000000e+01	9.97929171e-01
1.35000000e+01	9.97915456e-01
1.45000000e+01	9.97900677e-01
1.55000000e+01	9.97884831e-01
1.65000000e+01	9.97867917e-01
1.75000000e+01	9.97849933e-01
1.85000000e+01	9.97830875e-01
1.95000000e+01	9.97810741e-01
2.05000000e+01	9.97789529e-01
2.15000000e+01	9.97767235e-01
2.25000000e+01	9.97743857e-01
2.35000000e+01	9.97719392e-01
2.45000000e+01	9.97693835e-01
2.55000000e+01	9.97667185e-01
2.65000000e+01	9.97639437e-01
2.75000000e+01	9.97610587e-01
2.85000000e+01	9.97580633e-01
2.95000000e+01	9.97549570e-01
3.05000000e+01	9.97517394e-01
3.15000000e+01	9.97484102e-01
3.25000000e+01	9.97449688e-01
3.35000000e+01	9.97414150e-01
3.45000000e+01	9.97377481e-01
3.55000000e+01	9.97339679e-01
3.65000000e+01	9.97300738e-01
3.75000000e+01	9.97260653e-01
3.85000000e+01	9.97219420e-01
3.95000000e+01	9.97177035e-01
4.05000000e+01	9.97133491e-01
4.15000000e+01	9.97088785e-01
4.25000000e+01	9.97042910e-01
4.35000000e+01	9.96995863e-01
4.45000000e+01	9.96947637e-01
4.55000000e+01	9.96898227e-01
4.65000000e+01	9.96847628e-01
4.75000000e+01	9.96795835e-01
4.85000000e+01	9.96742841e-01
4.95000000e+01	9.96688642e-01
5.05000000e+01	9.96633232e-01
5.15000000e+01	9.96576604e-01
5.25000000e+01	9.96518754e-01
5.35000000e+01	9.96459676e-01
5.45000000e+01	9.96399363e-01
5.55000000e+01	9.96337811e-01
5.65000000e+01	9.96275012e-01
5.75000000e+01	9.96210962e-01
5.85000000e+01	9.96145654e-01
5.95000000e+01	9.96079082e-01
6.05000000e+01	9.96011241e-01
6.15000000e+01	9.95942124e-01
6.25000000e+01	9.95871725e-01
6.35000000e+01	9.95800039e-01
6.45000000e+01	9.95727059e-01
6.55000000e+01	9.95652780e-01
6.65000000e+01	9.95577195e-01
6.75000000e+01	9.95500298e-01
6.85000000e+01	9.95422083e-01
6.95000000e+01	9.95342545e-01
7.05000000e+01	9.95261677e-01
7.15000000e+01	9.95179474e-01
7.25000000e+01	9.95095929e-01
7.35000000e+01	9.95011036e-01
7.45000000e+01	9.94924790e-01
7.55000000e+01	9.94837185e-01
7.65000000e+01	9.94748215e-01
7.75000000e+01	9.94657874e-01
7.85000000e+01	9.94566156e-01
7.95000000e+01	9.94473056e-01
8.05000000e+01	9.94378567e-01
8.15000000e+01	9.94282685e-01
8.25000000e+01	9.94185404e-01
8.35000000e+01	9.94086718e-01
8.45000000e+01	9.93986621e-01
8.55000000e+01	9.93885109e-01
8.65000000e+01	9.93782176e-01
8.75000000e+01	9.93677816e-01
8.85000000e+01	9.93572025e-01
8.95000000e+01	9.93464797e-01
9.05000000e+01	9.93356127e-01
9.15000000e+01	9.93246010e-01
9.25000000e+01	9.93134441e-01
9.35000000e+01	9.93021415e-01
9.45000000e+01	9.92906927e-01
9.55000000e+01	9.92790973e-01
9.65000000e+01	9.92673548e-01
9.75000000e+01	9.92554647e-01
9.85000000e+01	9.92434266e-01
9.95000000e+01	9.92312401e-01
1.00500000e+02	9.92189046e-01
1.01500000e+02	9.92064198e-01
1.02500000e+02	9.91937852e-01
1.03500000e+02	9.91810005e-01
1.04500000e+02	9.91680653e-01
1.05500000e+02	9.91549791e-01
1.06500000e+02	9.91417415e-01
1.07500000e+02	9.91283523e-01
1.08500000e+02	9.91148109e-01
1.09500000e+02	9.91011172e-01
1.10500000e+02	9.90872706e-01
1.11500000e+02	9.90732710e-01
1.12500000e+02	9.90591178e-01
1.13500000e+02	9.90448109e-01
1.14500000e+02	9.90303499e-01
1.15500000e+02	9.90157346e-01
1.16500000e+02	9.90009645e-01
1.17500000e+02	9.89860394e-01
1.18500000e+02	9.89709591e-01
1.19500000e+02	9.89557233e-01
1.20500000e+02	9.89403316e-01
1.21500000e+02	9.89247839e-01
1.22500000e+02	9.89090799e-01
1.23500000e+02	9.88932193e-01
1.24500000e+02	9.88772020e-01
1.25500000e+02	9.88610276e-01
1.26500000e+02	9.88446961e-01
1.27500000e+02	9.88282071e-01
1.28500000e+02	9.88115604e-01
1.29500000e+02	9.87947559e-01
1.30500000e+02	9.87777933e-01
1.31500000e+02	9.87606726e-01
1.32500000e+02	9.87433934e-01
1.33500000e+02	9.87259556e-01
1.34500000e+02	9.87083591e-01
1.35500000e+02	9.86906037e-01
1.36500000e+02	9.86726891e-01
1.37500000e+02	9.86546154e-01
1.38500000e+02	9.86363822e-01
1.39500000e+02	9.86179895e-01
1.40500000e+02	9.85994372e-01
1.41500000e+02	9.85807249e-01
1.42500000e+02	9.85618527e-01
1.43500000e+02	9.85428203e-01
1.44500000e+02	9.85236277e-01
1.45500000e+02	9.85042746e-01
1.46500000e+02	9.84847609e-01
1.47500000e+02	9.84650865e-01
1.48500000e+02	9.84452512e-01
1.49500000e+02	9.84252550e-01
1.50500000e+02	9.84050976e-01
1.51500000e+02	9.83847789e-01
1.52500000e+02	9.83642987e-01
1.53500000e+02	9.83436569e-01
1.54500000e+02	9.83228534e-01
1.55500000e+02	9.83018879e-01
1.56500000e+02	9.82807603e-01
1.57500000e+02	9.82594704e-01
1.58500000e+02	9.82380181e-01
1.59500000e+02	9.82164031e-01
1.60500000e+02	9.81946252e-01
1.61500000e+02	9.81726843e-01
1.62500000e+02	9.81505801e-01
1.63500000e+02	9.81283124e-01
1.64500000e+02	9.81058810e-01
1.65500000e+02	9.80832856e-01
1.66500000e+02	9.80605260e-01
1.67500000e+02	9.80376018e-01
1.68500000e+02	9.80145128e-01
1.69500000e+02	9.79912587e-01
1.70500000e+02	9.79678392e-01
1.71500000e+02	9.79442540e-01
1.72500000e+02	9.79205026e-01
1.73500000e+02	9.78965848e-01
1.74500000e+02	9.78725001e-01
1.75500000e+02	9.78482482e-01
1.76500000e+02	9.78238286e-01
1.77500000e+02	9.77992408e-01
1.78500000e+02	9.77744845e-01
1.79500000e+02	9.77495591e-01
1.80500000e+02	9.77244641e-01
1.81500000e+02	9.76991989e-01
1.82500000e+02	9.76737631e-01
1.83500000e+02	9.76481560e-01
1.84500000e+02	9.76223770e-01
1.85500000e+02	9.75964254e-01
1.86500000e+02	9.75703006e-01
1.87500000e+02	9.75440019e-01
1.88500000e+02	9.75175286e-01
1.89500000e+02	9.74908798e-01
1.90500000e+02	9.74640548e-01
1.91500000e+02	9.74370527e-01
1.92500000e+02	9.74098727e-01
1.93500000e+02	9.73825139e-01
1.94500000e+02	9.73549752e-01
1.95500000e+02	9.73272558e-01
1.96500000e+02	9.72993547e-01
1.97500000e+02	9.72712707e-01
1.98500000e+02	9.72430027e-01
1.99500000e+02	9.72145497e-01
2.00500000e+02	9.71859104e-01
2.01500000e+02	9.71570836e-01
2.02500000e+02	9.71280680e-01
2.03500000e+02	9.70988623e-01
2.04500000e+02	9.70694651e-01
2.05500000e+02	9.70398750e-01
2.06500000e+02	9.70100906e-01
2.07500000e+02	9.69801102e-01
2.08500000e+02	9.69499324e-01
2.09500000e+02	9.69195555e-01
2.10500000e+02	9.68889778e-01
2.11500000e+02	9.68581975e-01
2.12500000e+02	9.68272130e-01
2.13500000e+02	9.67960223e-01
2.14500000e+02	9.67646235e-01
2.15500000e+02	9.67330146e-01
2.16500000e+02	9.67011937e-01
2.17500000e+02	9.66691585e-01
2.18500000e+02	9.66369070e-01
2.19500000e+02	9.66044370e-01
2.20500000e+02	9.65717460e-01
2.21500000e+02	9.65388319e-01
2.22500000e+02	9.65056921e-01
2.23500000e+02	9.64723241e-01
2.24500000e+02	9.64387254e-01
2.25500000e+02	9.64048934e-01
2.26500000e+02	9.63708252e-01
2.27500000e+02	9.63365182e-01
2.28500000e+02	9.63019695e-01
2.29500000e+02	9.62671761e-01
2.30500000e+02	9.62321350e-01
2.31500000e+02	9.61968431e-01
2.32500000e+02	9.61612972e-01
2.33500000e+02	9.61254941e-01
2.34500000e+02	9.60894304e-01
2.35500000e+02	9.60531027e-01
2.36500000e+02	9.60165075e-01
2.37500000e+02	9.59796412e-01
2.38500000e+02	9.59425000e-01
2.39500000e+02	9.59050803e-01
2.40500000e+02	9.58673781e-01
2.41500000e+02	9.58293895e-01
2.42500000e+02	9.57911104e-01
2.43500000e+02	9.57525368e-01
2.44500000e+02	9.57136642e-01
2.45500000e+02	9.56744885e-01
2.46500000e+02	9.56350052e-01
2.47500000e+02	9.55952098e-01
2.48500000e+02	9.55550975e-01
2.49500000e+02	9.55146638e-01
2.50500000e+02	9.54739037e-01
2.51500000e+02	9.54328124e-01
2.52500000e+02	9.53913848e-01
2.53500000e+02	9.53496157e-01
2.54500000e+02	9.53074999e-01
2.55500000e+02	9.52650320e-01
2.56500000e+02	9.52222066e-01
2.57500000e+02	9.51790181e-01
2.58500000e+02	9.51354608e-01
2.59500000e+02	9.50915288e-01
2.60500000e+02	9.50472164e-01
2.61500000e+02	9.50025175e-01
2.62500000e+02	9.49574258e-01
2.63500000e+02	9.49119352e-01
2.64500000e+02	9.48660393e-01
2.65500000e+02	9.48197316e-01
2.66500000e+02	9.47730054e-01
2.67500000e+02	9.47258540e-01
2.68500000e+02	9.46782706e-01
2.69500000e+02	9.46302482e-01
2.70500000e+02	9.45817796e-01
2.71500000e+02	9.45328576e-01
2.72500000e+02	9.44834749e-01
2.73500000e+02	9.44336240e-01
2.74500000e+02	9.43832972e-01
2.75500000e+02	9.43324868e-01
2.76500000e+02	9.42811848e-01
2.77500000e+02	9.42293834e-01
2.78500000e+02	9.41770743e-01
2.79500000e+02	9.41242493e-01
2.80500000e+02	9.40708998e-01
2.81500000e+02	9.40170174e-01
2.82500000e+02	9.39625934e-01
2.83500000e+02	9.39076189e-01
2.84500000e+02	9.38520849e-01
2.85500000e+02	9.37959822e-01
2.86500000e+02	9.37393017e-01
2.87500000e+02	9.36820339e-01
2.88500000e+02	9.36241692e-01
2.89500000e+02	9.35656979e-01
2.90500000e+02	9.35066102e-01
2.91500000e+02	9.34468960e-01
2.92500000e+02	9.33865451e-01
2.93500000e+02	9.33255473e-01
2.94500000e+02	9.32638920e-01
2.95500000e+02	9.32015687e-01
2.96500000e+02	9.31385665e-01
2.97500000e+02	9.30748744e-01
2.98500000e+02	9.30104814e-01
2.99500000e+02	9.29453761e-01
3.00500000e+02	9.28795471e-01
3.01500000e+02	9.28129829e-01
3.02500000e+02	9.27456716e-01
3.03500000e+02	9.26776012e-01
3.04500000e+02	9.26087598e-01
3.05500000e+02	9.25391348e-01
3.06500000e+02	9.24687140e-01
3.07500000e+02	9.23974846e-01
3.08500000e+02	9.23254339e-01
3.09500000e+02	9.22525488e-01
3.10500000e+02	9.21788161e-01
3.11500000e+02	9.21042225e-01
3.12500000e+02	9.20287545e-01
3.13500000e+02	9.19523983e-01
3.14500000e+02	9.18751399e-01
3.15500000e+02	9.17969654e-01
3.16500000e+02	9.17178603e-01
3.17500000e+02	9.16378101e-01
3.18500000e+02	9.15568003e-01
3.19500000e+02	9.14748159e-01
3.20500000e+02	9.13918418e-01
3.21500000e+02	9.13078627e-01
3.22500000e+02	9.12228632e-01
3.23500000e+02	9.11368276e-01
3.24500000e+02	9.10497399e-01
3.25500000e+02	9.09615841e-01
3.26500000e+02	9.08723440e-01
3.27500000e+02	9.07820029e-01
3.28500000e+02	9.06905441e-01
3.29500000e+02	9.05979508e-01
3.30500000e+02	9.05042058e-01
3.31500000e+02	9.04092917e-01
3.32500000e+02	9.03131910e-01
3.33500000e+02	9.02158859e-01
3.34500000e+02	9.01173583e-01
3.35500000e+02	9.00175901e-01
3.36500000e+02	8.99165628e-01
3.37500000e+02	8.98142577e-01
3.38500000e+02	8.97106560e-01
3.39500000e+02	8.96057386e-01
3.40500000e+02	8.94994862e-01
3.41500000e+02	8.93918792e-01
3.42500000e+02	8.92828978e-01
3.43500000e+02	8.91725221e-01
3.44500000e+02	8.90607319e-01
3.45500000e+02	8.89475068e-01
3.46500000e+02	8.88328260e-01
3.47500000e+02	8.87166688e-01
3.48500000e+02	8.85990141e-01
3.49500000e+02	8.84798405e-01
3.50500000e+02	8.83591266e-01
3.51500000e+02	8.82368506e-01
3.52500000e+02	8.81129906e-01
3.53500000e+02	8.79875244e-01
3.54500000e+02	8.78604296e-01
3.55500000e+02	8.77316837e-01
3.56500000e+02	8.76012639e-01
3.57500000e+02	8.74691472e-01
3.58500000e+02	8.73353105e-01
3.59500000e+02	8.71997303e-01
3.60500000e+02	8.70623831e-01
3.61500000e+02	8.69232451e-01
3.62500000e+02	8.67822925e-01
3.63500000e+02	8.66395010e-01
3.64500000e+02	8.64948464e-01
3.65500000e+02	8.63483042e-01
3.66500000e+02	8.61998498e-01
3.67500000e+02	8.60494585e-01
3.68500000e+02	8.58971052e-01
3.69500000e+02	8.57427649e-01
3.70500000e+02	8.55864124e-01
3.71500000e+02	8.54280223e-01
3.72500000e+02	8.52675691e-01
3.73500000e+02	8.51050273e-01
3.74500000e+02	8.49403712e-01
3.75500000e+02	8.47735749e-01
3.76500000e+02	8.46046126e-01
3.77500000e+02	8.44334584e-01
3.78500000e+02	8.42600861e-01
3.79500000e+02	8.40844698e-01
3.80500000e+02	8.39065833e-01
3.81500000e+02	8.37264004e-01
3.82500000e+02	8.35438949e-01
3.83500000e+02	8.33590407e-01
3.84500000e+02	8.31718116e-01
3.85500000e+02	8.29821814e-01
3.86500000e+02	8.27901239e-01
3.87500000e+02	8.25956130e-01
3.88500000e+02	8.23986228e-01
3.89500000e+02	8.21991272e-01
3.90500000e+02	8.19971004e-01
3.91500000e+02	8.17925167e-01
3.92500000e+02	8.15853504e-01
3.93500000e+02	8.13755760e-01
3.94500000e+02	8.11631682e-01
3.95500000e+02	8.09481018e-01
3.96500000e+02	8.07303520e-01
3.97500000e+02	8.05098939e-01
3.98500000e+02	8.02867032e-01
3.99500000e+02	8.00607555e-01
4.00500000e+02	7.98320269e-01
4.01500000e+02	7.96004938e-01
4.02500000e+02	7.93661328e-01
4.03500000e+02	7.91289210e-01
4.04500000e+02	7.88888357e-01
4.05500000e+02	7.86458547e-01
4.06500000e+02	7.83999562e-01
4.07500000e+02	7.81511188e-01
4.08500000e+02	7.78993216e-01
4.09500000e+02	7.76445442e-01
4.10500000e+02	7.73867666e-01
4.11500000e+02	7.71259695e-01
4.12500000e+02	7.68621340e-01
4.13500000e+02	7.65952419e-01
4.14500000e+02	7.63252756e-01
4.15500000e+02	7.60522180e-01
4.16500000e+02	7.57760528e-01
4.17500000e+02	7.54967644e-01
4.18500000e+02	7.52143378e-01
4.19500000e+02	7.49287589e-01
4.20500000e+02	7.46400143e-01
4.21500000e+02	7.43480912e-01
4.22500000e+02	7.40529780e-01
4.23500000e+02	7.37546636e-01
4.24500000e+02	7.34531380e-01
4.25500000e+02	7.31483920e-01
4.26500000e+02	7.28404173e-01
4.27500000e+02	7.25292068e-01
4.28500000e+02	7.22147540e-01
4.29500000e+02	7.18970538e-01
4.30500000e+02	7.15761018e-01
4.31500000e+02	7.12518948e-01
4.32500000e+02	7.09244308e-01
4.33500000e+02	7.05937088e-01
4.34500000e+02	7.02597290e-01
4.35500000e+02	6.99224928e-01
4.36500000e+02	6.95820026e-01
4.37500000e+02	6.92382623e-01
4.38500000e+02	6.88912769e-01
4.39500000e+02	6.85410528e-01
4.40500000e+02	6.81875976e-01
4.41500000e+02	6.78309202e-01
4.42500000e+02	6.74710310e-01
4.43500000e+02	6.71079418e-01
4.44500000e+02	6.67416658e-01
4.45500000e+02	6.63722175e-01
4.46500000e+02	6.59996131e-01
4.47500000e+02	6.56238702e-01
4.48500000e+02	6.52450080e-01
4.49500000e+02	6.48630472e-01
4.50500000e+02	6.44780104e-01
4.51500000e+02	6.40899214e-01
4.52500000e+02	6.36988059e-01
4.53500000e+02	6.33046915e-01
4.54500000e+02	6.29076073e-01
4.55500000e+02	6.25075843e-01
4.56500000e+02	6.21046552e-01
4.57500000e+02	6.16988549e-01
4.58500000e+02	6.12902198e-01
4.59500000e+02	6.08787886e-01
4.60500000e+02	6.04646019e-01
4.61500000e+02	6.00477023e-01
4.62500000e+02	5.96281346e-01
4.63500000e+02	5.92059457e-01
4.64500000e+02	5.87811848e-01
4.65500000e+02	5.83539033e-01
4.66500000e+02	5.79241550e-01
4.67500000e+02	5.74919960e-01
4.68500000e+02	5.70574849e-01
4.69500000e+02	5.66206829e-01
4.70500000e+02	5.61816538e-01
4.71500000e+02	5.57404638e-01
4.72500000e+02	5.52971822e-01
4.73500000e+02	5.48518809e-01
4.74500000e+02	5.44046347e-01
4.75500000e+02	5.39555212e-01
4.76500000e+02	5.35046214e-01
4.77500000e+02	5.30520190e-01
4.78500000e+02	5.25978010e-01
4.79500000e+02	5.21420579e-01
4.80500000e+02	5.16848831e-01
4.81500000e+02	5.12263737e-01
4.82500000e+02	5.07666301e-01
4.83500000e+02	5.03057561e-01
4.84500000e+02	4.98438595e-01
4.85500000e+02	4.93810512e-01
4.86500000e+02	4.89174462e-01
4.87500000e+02	4.84531631e-01
4.88500000e+02	4.79883240e-01
4.89500000e+02	4.75230552e-01
4.90500000e+02	4.70574864e-01
4.91500000e+02	4.65917515e-01
4.92500000e+02	4.61259878e-01
4.93500000e+02	4.56603366e-01
4.94500000e+02	4.51949429e-01
4.95500000e+02	4.47299553e-01
4.96500000e+02	4.42655259e-01
4.97500000e+02	4.38018106e-01
4.98500000e+02	4.33389683e-01
4.99500000e+02	4.28771615e-01
5.00500000e+02	4.24165555e-01
5.01500000e+02	4.19573187e-01
5.02500000e+02	4.14996220e-01
5.03500000e+02	4.10436390e-01
5.04500000e+02	4.05895453e-01
5.05500000e+02	4.01375185e-01
5.06500000e+02	3.96877377e-01
5.07500000e+02	3.92403835e-01
5.08500000e+02	3.87956370e-01
5.09500000e+02	3.83536802e-01
5.10500000e+02	3.79146949e-01
5.11500000e+02	3.74788627e-01
5.12500000e+02	3.70463643e-01
5.13500000e+02	3.66173792e-01
5.14500000e+02	3.61920850e-01
5.15500000e+02	3.57706571e-01
5.16500000e+02	3.53532680e-01
5.17500000e+02	3.49400869e-01
5.18500000e+02	3.45312793e-01
5.19500000e+02	3.41270060e-01
5.20500000e+02	3.37274231e-01
5.21500000e+02	3.33326813e-01
5.22500000e+02	3.29429251e-01
5.23500000e+02	3.25582929e-01
5.24500000e+02	3.21789162e-01
5.25500000e+02	3.18049189e-01
5.26500000e+02	3.14364176e-01
5.27500000e+02	3.10735206e-01
5.28500000e+02	3.07163277e-01
5.29500000e+02	3.03649304e-01
5.30500000e+02	3.00194108e-01
5.31500000e+02	2.96798422e-01
5.32500000e+02	2.93462885e-01
5.33500000e+02	2.90188042e-01
5.34500000e+02	2.86974344e-01
5.35500000e+02	2.83822149e-01
5.36500000e+02	2.80731717e-01
5.37500000e+02	2.77703220e-01
5.38500000e+02	2.74736734e-01
5.39500000e+02	2.71832249e-01
5.40500000e+02	2.68989664e-01
5.41500000e+02	2.66208796e-01
5.42500000e+02	2.63489377e-01
5.43500000e+02	2.60831063e-01
5.44500000e+02	2.58233434e-01
5.45500000e+02	2.55695998e-01
5.46500000e+02	2.53218196e-01
5.47500000e+02	2.50799406e-01
5.48500000e+02	2.48438947e-01
5.49500000e+02	2.46136084e-01
5.50500000e+02	2.43890030e-01
5.51500000e+02	2.41699953e-01
5.52500000e+02	2.39564982e-01
5.53500000e+02	2.37484207e-01
5.54500000e+02	2.35456684e-01
5.55500000e+02	2.33481442e-01
5.56500000e+02	2.31557487e-01
5.57500000e+02	2.29683801e-01
5.58500000e+02	2.27859352e-01
5.59500000e+02	2.26083093e-01
5.60500000e+02	2.24353967e-01
5.61500000e+02	2.22670912e-01
5.62500000e+02	2.21032861e-01
5.63500000e+02	2.19438745e-01
5.64500000e+02	2.17887499e-01
5.65500000e+02	2.16378061e-01
5.66500000e+02	2.14909375e-01
5.67500000e+02	2.13480394e-01
5.68500000e+02	2.12090080e-01
5.69500000e+02	2.10737408e-01
5.70500000e+02	2.09421367e-01
5.71500000e+02	2.08140958e-01
5.72500000e+02	2.06895201e-01
5.73500000e+02	2.05683130e-01
5.74500000e+02	2.04503798e-01
5.75500000e+02	2.03356276e-01
5.76500000e+02	2.02239655e-01
5.77500000e+02	2.01153045e-01
5.78500000e+02	2.00095576e-01
5.79500000e+02	1.99066397e-01
5.80500000e+02	1.98064679e-01
5.81500000e+02	1.97089612e-01
5.82500000e+02	1.96140410e-01
5.83500000e+02	1.95216303e-01
5.84500000e+02	1.94316546e-01
5.85500000e+02	1.93440410e-01
5.86500000e+02	1.92587190e-01
5.87500000e+02	1.91756199e-01
5.88500000e+02	1.90946770e-01
5.89500000e+02	1.90158257e-01
5.90500000e+02	1.89390030e-01
5.91500000e+02	1.88641482e-01
5.92500000e+02	1.87912021e-01
5.93500000e+02	1.87201074e-01
5.94500000e+02	1.86508087e-01
5.95500000e+02	1.85832522e-01
5.96500000e+02	1.85173858e-01
5.97500000e+02	1.84531592e-01
5.98500000e+02	1.83905234e-01
5.99500000e+02	1.83294313e-01
6.00500000e+02	1.82698372e-01
6.01500000e+02	1.82116967e-01
6.02500000e+02	1.81549672e-01
6.03500000e+02	1.80996072e-01
6.04500000e+02	1.80455766e-01
6.05500000e+02	1.79928367e-01
6.06500000e+02	1.79413502e-01
6.07500000e+02	1.78910807e-01
6.08500000e+02	1.78419933e-01
6.09500000e+02	1.77940543e-01
6.10500000e+02	1.77472307e-01
6.11500000e+02	1.77014912e-01
6.12500000e+02	1.76568051e-01
6.13500000e+02	1.76131429e-01
6.14500000e+02	1.75704761e-01
6.15500000e+02	1.75287772e-01
6.16500000e+02	1.74880194e-01
6.17500000e+02	1.74481772e-01
6.18500000e+02	1.74092257e-01
6.19500000e+02	1.73711408e-01
6.20500000e+02	1.73338995e-01
6.21500000e+02	1.72974794e-01
6.22500000e+02	1.72618588e-01
6.23500000e+02	1.72270170e-01
6.24500000e+02	1.71929338e-01
6.25500000e+02	1.71595899e-01
6.26500000e+02	1.71269665e-01
6.27500000e+02	1.70950455e-01
6.28500000e+02	1.70638097e-01
6.29500000e+02	1.70332421e-01
6.30500000e+02	1.70033268e-01
6.31500000e+02	1.69740480e-01
6.32500000e+02	1.69453910e-01
6.33500000e+02	1.69173412e-01
6.34500000e+02	1.68898849e-01
6.35500000e+02	1.68630087e-01
6.36500000e+02	1.68366999e-01
6.37500000e+02	1.68109462e-01
6.38500000e+02	1.67857359e-01
6.39500000e+02	1.67610578e-01
6.40500000e+02	1.67369010e-01
6.41500000e+02	1.67132553e-01
6.42500000e+02	1.66901117e-01
6.43500000e+02	1.66674600e-01
6.44500000e+02	1.66452896e-01
6.45500000e+02	1.66235935e-01
6.46500000e+02	1.66023634e-01
6.47500000e+02	1.65815921e-01
6.48500000e+02	1.65612725e-01
6.49500000e+02	1.65413980e-01
6.50500000e+02	1.65219609e-01
6.51500000e+02	1.65029568e-01
6.52500000e+02	1.64843787e-01
6.53500000e+02	1.64662213e-01
6.54500000e+02	1.64484808e-01
6.55500000e+02	1.64311510e-01
6.56500000e+02	1.64142285e-01
6.57500000e+02	1.63977098e-01
6.58500000e+02	1.63815897e-01
6.59500000e+02	1.63658662e-01
6.60500000e+02	1.63505363e-01
6.61500000e+02	1.63355959e-01
6.62500000e+02	1.63210440e-01
6.63500000e+02	1.63068781e-01
6.64500000e+02	1.62930951e-01
6.65500000e+02	1.62796951e-01
6.66500000e+02	1.62666754e-01
6.67500000e+02	1.62540347e-01
6.68500000e+02	1.62417733e-01
6.69500000e+02	1.62298887e-01
6.70500000e+02	1.62183812e-01
6.71500000e+02	1.62072507e-01
6.72500000e+02	1.61964956e-01
6.73500000e+02	1.61861176e-01
6.74500000e+02	1.61761147e-01
6.75500000e+02	1.61664890e-01
6.76500000e+02	1.61572389e-01
6.77500000e+02	1.61483669e-01
6.78500000e+02	1.61398711e-01
6.79500000e+02	1.61317542e-01
6.80500000e+02	1.61240159e-01
6.81500000e+02	1.61166564e-01
6.82500000e+02	1.61096778e-01
6.83500000e+02	1.61030798e-01
6.84500000e+02	1.60968639e-01
6.85500000e+02	1.60910306e-01
6.86500000e+02	1.60855810e-01
6.87500000e+02	1.60805159e-01
6.88500000e+02	1.60758365e-01
6.89500000e+02	1.60715432e-01
6.90500000e+02	1.60676372e-01
6.91500000e+02	1.60641192e-01
6.92500000e+02	1.60609900e-01
6.93500000e+02	1.60582502e-01
6.94500000e+02	1.60559005e-01
6.95500000e+02	1.60539415e-01
6.96500000e+02	1.60523736e-01
6.97500000e+02	1.60511977e-01
6.98500000e+02	1.60504124e-01
6.99500000e+02	1.60500208e-01
