-1.551969266478802467e+02 2.299735028214263916e+07
-1.548512764771722914e+02 4.600888930898466706e+07
-1.545056263064643076e+02 6.904905388115738332e+07
-1.541599761357563523e+02 9.213245720957334340e+07
-1.538143259650483685e+02 1.152739113810710311e+08
-1.534686757943404132e+02 1.384883927813568711e+08
-1.531230256236324294e+02 1.617909869183812141e+08
-1.527773754529244457e+02 1.851968998017067313e+08
-1.524317252822164619e+02 2.087214386945547760e+08
-1.520860751115084781e+02 2.323800121057852805e+08
-1.517404249408005228e+02 2.561881798454498649e+08
-1.513947747700925390e+02 2.801616060939925313e+08
-1.510491245993845837e+02 3.043161379248824716e+08
-1.507034744286765999e+02 3.286677624962652326e+08
-1.503578242579686446e+02 3.532326620134502649e+08
-1.500121740872606608e+02 3.780272223579486609e+08
-1.496665239165526771e+02 4.030680177639973164e+08
-1.493208737458447217e+02 4.283718677433208227e+08
-1.489752235751367095e+02 4.539558148894933462e+08
-1.486295734044287542e+02 4.798371511744706035e+08
-1.482839232337207704e+02 5.060334454229119420e+08
-1.479382730630128151e+02 5.325625277902959585e+08
-1.475926228923048313e+02 5.594425290156792402e+08
-1.472469727215968760e+02 5.866918623460596800e+08
-1.469013225508888922e+02 6.143292588614097834e+08
-1.465556723801809085e+02 6.423737945535837412e+08
-1.462100222094729247e+02 6.708448325906233788e+08
-1.458643720387649694e+02 6.997621157707235813e+08
-1.455187218680569856e+02 7.291457276331186295e+08
-1.451730716973490019e+02 7.590161216924821138e+08
-1.448274215266410465e+02 7.893941059111800194e+08
-1.444817713559330628e+02 8.203008941177006960e+08
-1.441361211852251074e+02 8.517580667206442356e+08
-1.437904710145171236e+02 8.837876191799199581e+08
-1.434448208438091683e+02 9.164119498124297857e+08
-1.430991706731011845e+02 9.496538748860529661e+08
-1.427535205023932008e+02 9.835366093551106453e+08
-1.424078703316852454e+02 1.018083836136294603e+09
-1.420622201609772617e+02 1.053319639332780004e+09
-1.417165699902692779e+02 1.089268554071980476e+09
-1.413709198195613226e+02 1.125955579039708853e+09
-1.410252696488533388e+02 1.163406136203695059e+09
-1.406796194781453551e+02 1.201646125162546635e+09
-1.403339693074373713e+02 1.240701912902115583e+09
-1.399883191367293875e+02 1.280600312361374378e+09
-1.396426689660214322e+02 1.321368622248180389e+09
-1.392970187953134484e+02 1.363034630926126480e+09
-1.389513686246054647e+02 1.405626563956419706e+09
-1.386057184538975093e+02 1.449173175932317019e+09
-1.382600682831895256e+02 1.493703667980621576e+09
-1.379144181124815702e+02 1.539247769775964975e+09
-1.375687679417735865e+02 1.585835661944589853e+09
-1.372231177710656311e+02 1.633498044922450542e+09
-1.368774676003576474e+02 1.682266100226140976e+09
-1.365318174296496920e+02 1.732171512580482960e+09
-1.361861672589417083e+02 1.783246472804550171e+09
-1.358405170882337245e+02 1.835523658316023350e+09
-1.354948669175257407e+02 1.889036251912827969e+09
-1.351492167468177854e+02 1.943817958196381092e+09
-1.348035665761098016e+02 1.999902956583539009e+09
-1.344579164054018179e+02 2.057325947171883345e+09
-1.341122662346938625e+02 2.116122149877673626e+09
-1.337666160639858788e+02 2.176327278246530533e+09
-1.334209658932779234e+02 2.237977548010490894e+09
-1.330753157225699397e+02 2.301109699184250832e+09
-1.327296655518619843e+02 2.365760986356035233e+09
-1.323840153811540006e+02 2.431969167012737751e+09
-1.320383652104460168e+02 2.499772508901807308e+09
-1.316927150397380331e+02 2.569209821142591953e+09
-1.313470648690300493e+02 2.640320392677819252e+09
-1.310014146983220940e+02 2.713144075201664925e+09
-1.306557645276141102e+02 2.787721209624948502e+09
-1.303101143569061549e+02 2.864092672874845028e+09
-1.299644641861981711e+02 2.942299868936670780e+09
-1.296188140154901873e+02 3.022384739522879124e+09
-1.292731638447822320e+02 3.104389752944946766e+09
-1.289275136740742482e+02 3.188357922034568787e+09
-1.285818635033662645e+02 3.274332788293946266e+09
-1.282362133326582807e+02 3.362358449423234940e+09
-1.278905631619503254e+02 3.452479570550830364e+09
-1.275449129912423416e+02 3.544741361495987415e+09
-1.271992628205343863e+02 3.639189584449999809e+09
-1.268536126498264025e+02 3.735870607388821125e+09
-1.265079624791184472e+02 3.834831342846155643e+09
-1.261623123084104634e+02 3.936119317404440403e+09
-1.258166621377024796e+02 4.039782662467673302e+09
-1.254710119669945101e+02 4.145870083829343796e+09
-1.251253617962865405e+02 4.254430932713404655e+09
-1.247797116255785710e+02 4.365515186117734909e+09
-1.244340614548705872e+02 4.479173478776226044e+09
-1.240884112841626319e+02 4.595457054438064575e+09
-1.237427611134546481e+02 4.714417893203527451e+09
-1.233971109427466644e+02 4.836108609394353867e+09
-1.230514607720386806e+02 4.960582545111020088e+09
-1.227058106013307253e+02 5.087893756015370369e+09
-1.223601604306227415e+02 5.218097050297283173e+09
-1.220145102599147577e+02 5.351247958738986015e+09
-1.216688600892067882e+02 5.487402830967562675e+09
-1.213232099184988186e+02 5.626618799014293671e+09
-1.209775597477908491e+02 5.768953809365936279e+09
-1.206319095770828653e+02 5.914466674622182846e+09
-1.202862594063749100e+02 6.063217069208385468e+09
-1.199406092356669262e+02 6.215265568442414284e+09
-1.195949590649589567e+02 6.370673687589327812e+09
-1.192493088942509729e+02 6.529503873999097824e+09
-1.189036587235430034e+02 6.691819584982191086e+09
-1.185580085528350338e+02 6.857685287365069389e+09
-1.182123583821270500e+02 7.027166505902188301e+09
-1.178667082114190947e+02 7.200329845752290726e+09
-1.175210580407111109e+02 7.377243043399807930e+09
-1.171754078700031414e+02 7.557974993609245300e+09
-1.168297576992951718e+02 7.742595798139533043e+09
-1.164841075285872023e+02 7.931176775972733498e+09
-1.161384573578792185e+02 8.123790563797651291e+09
-1.157928071871712632e+02 8.320511084783138275e+09
-1.154471570164632794e+02 8.521413683538838387e+09
-1.151015068457552957e+02 8.726575066383886337e+09
-1.147558566750473119e+02 8.936073451568243027e+09
-1.144102065043393281e+02 9.149988542441371918e+09
-1.140645563336313728e+02 9.368401613443483353e+09
-1.137189061629233890e+02 9.591395577213901520e+09
-1.133732559922154195e+02 9.819054996918149948e+09
-1.130276058215074499e+02 1.005146617252834129e+10
-1.126819556507994804e+02 1.028871718093408966e+10
-1.123363054800914966e+02 1.053089797195537567e+10
-1.119906553093835129e+02 1.077810035383563232e+10
-1.116450051386755575e+02 1.103041813762488747e+10
-1.112993549679675738e+02 1.128794716006800842e+10
-1.109537047972596042e+02 1.155078534136352158e+10
-1.106080546265516347e+02 1.181903276662222672e+10
-1.102624044558436651e+02 1.209279175334342766e+10
-1.099167542851356814e+02 1.237216692609465027e+10
-1.095711041144277260e+02 1.265726526758492661e+10
-1.092254539437197423e+02 1.294819621579442596e+10
-1.088798037730117585e+02 1.324507171847299004e+10
-1.085341536023037889e+02 1.354800632934459305e+10
-1.081885034315958194e+02 1.385711726933848190e+10
-1.078428532608878498e+02 1.417252450717149162e+10
-1.074972030901798661e+02 1.449435084357886124e+10
-1.071515529194719107e+02 1.482272202685054016e+10
-1.068059027487639270e+02 1.515776675647637939e+10
-1.064602525780559432e+02 1.549961683639644051e+10
-1.061146024073479595e+02 1.584840728203329468e+10
-1.057689522366400041e+02 1.620427630092658806e+10
-1.054233020659320204e+02 1.656736551218901062e+10
-1.050776518952240366e+02 1.693781995263141823e+10
-1.047320017245160813e+02 1.731578820597895432e+10
-1.043863515538080975e+02 1.770142248959254837e+10
-1.040407013831001279e+02 1.809487874049971390e+10
-1.036950512123921442e+02 1.849631675307890320e+10
-1.033494010416841888e+02 1.890590023404432678e+10
-1.030037508709762051e+02 1.932379693575242233e+10
-1.026581007002682355e+02 1.975017872151050568e+10
-1.023124505295602660e+02 2.018522173939185333e+10
-1.019668003588522822e+02 2.062910646293133926e+10
-1.016211501881443127e+02 2.108201782971372223e+10
-1.012755000174363289e+02 2.154414535059051132e+10
-1.009298498467283736e+02 2.201568322753305054e+10
-1.005841996760203898e+02 2.249683046111584091e+10
-1.002385495053124203e+02 2.298779097800721741e+10
-9.989289933460445070e+01 2.348877370237750244e+10
-9.954724916389648115e+01 2.399999278846813202e+10
-9.920159899318849739e+01 2.452166759903859711e+10
-9.885594882248054205e+01 2.505402295180877304e+10
-9.851029865177255829e+01 2.559728917919646454e+10
-9.816464848106457453e+01 2.615170228368458176e+10
-9.781899831035659076e+01 2.671750404452452087e+10
-9.747334813964860700e+01 2.729494221234887314e+10
-9.712769796894065166e+01 2.788427056710824203e+10
-9.678204779823266790e+01 2.848574911152383041e+10
-9.643639762752469835e+01 2.909964420032653809e+10
-9.609074745681672880e+01 2.972622867411829376e+10
-9.574509728610875925e+01 3.036578201460062027e+10
-9.539944711540077549e+01 3.101859049731129074e+10
-9.505379694469279173e+01 3.168494734380762482e+10
-9.470814677398483639e+01 3.236515286580735016e+10
-9.436249660327685262e+01 3.305951464772721863e+10
-9.401684643256889728e+01 3.376834768530649948e+10
-9.367119626186091352e+01 3.449197456238453674e+10
-9.332554609115294397e+01 3.523072562445129395e+10
-9.297989592044496021e+01 3.598493912863622284e+10
-9.263424574973700487e+01 3.675496146330012512e+10
-9.228859557902902111e+01 3.754114726738706970e+10
-9.194294540832105156e+01 3.834385969184053040e+10
-9.159729523761308201e+01 3.916347048903815460e+10
-9.125164506690509825e+01 4.000036030101351929e+10
-9.090599489619712870e+01 4.085491879798939514e+10
-9.056034472548914493e+01 4.172754488718367767e+10
-9.021469455478118959e+01 4.261864693438694000e+10
-8.986904438407320583e+01 4.352864296581295776e+10
-8.952339421336522207e+01 4.445796086944415283e+10
-8.917774404265723831e+01 4.540703861765008545e+10
-8.883209387194928297e+01 4.637632454125650787e+10
-8.848644370124129921e+01 4.736627746241835022e+10
-8.814079353053331545e+01 4.837736702050891113e+10
-8.779514335982536011e+01 4.941007386849027252e+10
-8.744949318911737635e+01 5.046488992251805115e+10
-8.710384301840940680e+01 5.154231863941525269e+10
-8.675819284770142303e+01 5.264287522887642670e+10
-8.641254267699346769e+01 5.376708698255400848e+10
-8.606689250628548393e+01 5.491549346924909973e+10
-8.572124233557752859e+01 5.608864688476786804e+10
-8.537559216486954483e+01 5.728711230581311035e+10
-8.502994199416156107e+01 5.851146796124541473e+10
-8.468429182345359152e+01 5.976230557796133423e+10
-8.433864165274562197e+01 6.104023066055657196e+10
-8.399299148203765242e+01 6.234586278937171173e+10
-8.364734131132966866e+01 6.367983599230162811e+10
-8.330169114062171332e+01 6.504279903234121704e+10
-8.295604096991372955e+01 6.643541576789735413e+10
-8.261039079920576000e+01 6.785836549424591064e+10
-8.226474062849777624e+01 6.931234329047874451e+10
-8.191909045778982090e+01 7.079806041010818481e+10
-8.157344028708182293e+01 7.231624464517851257e+10
-8.122779011637385338e+01 7.386764068753210449e+10
-8.088213994566588383e+01 7.545301056029907227e+10
-8.053648977495790007e+01 7.707313398476339722e+10
-8.019083960424994473e+01 7.872880883833113098e+10
-7.984518943354196097e+01 8.042085152297644043e+10
-7.949953926283399142e+01 8.215009746143353271e+10
-7.915388909212600765e+01 8.391740147899545288e+10
-7.880823892141803810e+01 8.572363830963539124e+10
-7.846258875071005434e+01 8.756970304586390686e+10
-7.811693858000208479e+01 8.945651161702740479e+10
-7.777128840929411524e+01 9.138500126214739990e+10
-7.742563823858614569e+01 9.335613108327738953e+10
-7.707998806787817614e+01 9.537088249025144958e+10
-7.673433789717020659e+01 9.743025979249954224e+10
-7.638868772646222283e+01 9.953529068778045654e+10
-7.604303755575423907e+01 1.016870268599935150e+11
-7.569738738504626951e+01 1.038865444944178467e+11
-7.535173721433829996e+01 1.061349448906731873e+11
-7.500608704363033041e+01 1.084333550538505096e+11
-7.466043687292236086e+01 1.107829282771090240e+11
-7.431478670221437710e+01 1.131848447687519989e+11
-7.396913653150640755e+01 1.156403123157814331e+11
-7.362348636079843800e+01 1.181505668557768250e+11
-7.327783619009045424e+01 1.207168732372190094e+11
-7.293218601938248469e+01 1.233405257925713501e+11
-7.258653584867450093e+01 1.260228491038733826e+11
-7.224088567796653138e+01 1.287651986732484894e+11
-7.189523550725856182e+01 1.315689616402131805e+11
-7.154958533655059227e+01 1.344355575255814209e+11
-7.120393516584262272e+01 1.373664389850844269e+11
-7.085828499513463896e+01 1.403630925305821228e+11
-7.051263482442666941e+01 1.434270393711991577e+11
-7.016698465371868565e+01 1.465598361677021484e+11
-6.982133448301071610e+01 1.497630758354985962e+11
-6.947568431230273234e+01 1.530383883952546997e+11
-6.913003414159476279e+01 1.563874417859888306e+11
-6.878438397088679324e+01 1.598119427386472168e+11
-6.843873380017882369e+01 1.633136376192260742e+11
-6.809308362947085413e+01 1.668943133325219116e+11
-6.774743345876287037e+01 1.705557982234071960e+11
-6.740178328805490082e+01 1.742999629570536804e+11
-6.705613311734693127e+01 1.781287214826236877e+11
-6.671048294663896172e+01 1.820440319476537476e+11
-6.636483277593099217e+01 1.860478976658176880e+11
-6.601918260522300841e+01 1.901423680745820923e+11
-6.567353243451502465e+01 1.943295397050706482e+11
-6.532788226380705510e+01 1.986115572102025146e+11
-6.498223209309908555e+01 2.029906143301203003e+11
-6.463658192239111600e+01 2.074689549141958923e+11
-6.429093175168313223e+01 2.120488739831264343e+11
-6.394528158097516268e+01 2.167327186884893494e+11
-6.359963141026719313e+01 2.215228894682376404e+11
-6.325398123955922358e+01 2.264218409697391663e+11
-6.290833106885123982e+01 2.314320832332737427e+11
-6.256268089814327027e+01 2.365561826651549072e+11
-6.221703072743529361e+01 2.417967631757365723e+11
-6.187138055672732406e+01 2.471565072155390930e+11
-6.152573038601934030e+01 2.526381568696611023e+11
-6.118008021531137075e+01 2.582445149415032654e+11
-6.083443004460339409e+01 2.639784460282269897e+11
-6.048877987389542454e+01 2.698428776061765442e+11
-6.014312970318745499e+01 2.758408011006582031e+11
-5.979747953247947834e+01 2.819752729530141602e+11
-5.945182936177150168e+01 2.882494156829990234e+11
-5.910617919106352502e+01 2.946664189769363403e+11
-5.876052902035555547e+01 3.012295406576373901e+11
-5.841487884964758592e+01 3.079421077816106567e+11
-5.806922867893960927e+01 3.148075176092842407e+11
-5.772357850823163972e+01 3.218292386079677124e+11
-5.737792833752365596e+01 3.290108113970780640e+11
-5.703227816681568640e+01 3.363558497262152100e+11
-5.668662799610770975e+01 3.438680413380642090e+11
-5.634097782539974020e+01 3.515511488853029175e+11
-5.599532765469175644e+01 3.594090107327786255e+11
-5.564967748398378689e+01 3.674455417781010742e+11
-5.530402731327581733e+01 3.756647341817385864e+11
-5.495837714256784068e+01 3.840706580745393677e+11
-5.461272697185987113e+01 3.926674621920885010e+11
-5.426707680115189447e+01 4.014593744671065674e+11
-5.392142663044392492e+01 4.104507025004212646e+11
-5.357577645973595537e+01 4.196458340515510864e+11
-5.323012628902797161e+01 4.290492373614049072e+11
-5.288447611832000206e+01 4.386654614238353882e+11
-5.253882594761201830e+01 4.484991361709188843e+11
-5.219317577690404875e+01 4.585549725473584595e+11
-5.184752560619607209e+01 4.688377624581076050e+11
-5.150187543548810254e+01 4.793523786429328613e+11
-5.115622526478013299e+01 4.901037743755917969e+11
-5.081057509407215633e+01 5.010969830462003784e+11
-5.046492492336418678e+01 5.123371176186879883e+11
-5.011927475265621013e+01 5.238293698970504761e+11
-4.977362458194824058e+01 5.355790096484821167e+11
-4.942797441124027102e+01 5.475913835299247437e+11
-4.908232424053228726e+01 5.598719138517741699e+11
-4.873667406982430350e+01 5.724260971122878418e+11
-4.839102389911633395e+01 5.852595023228541260e+11
-4.804537372840836440e+01 5.983777691273732910e+11
-4.769972355770038774e+01 6.117866056544649658e+11
-4.735407338699241819e+01 6.254917860715065918e+11
-4.700842321628444864e+01 6.394991479922072754e+11
-4.666277304557647199e+01 6.538145894583531494e+11
-4.631712287486850244e+01 6.684440656623707275e+11
-4.597147270416052578e+01 6.833935853908370361e+11
-4.562582253345254912e+01 6.986692070625698242e+11
-4.528017236274457247e+01 7.142770344121903076e+11
-4.493452219203660292e+01 7.302232118626453857e+11
-4.458887202132861916e+01 7.465139194004136963e+11
-4.424322185062064960e+01 7.631553670854177246e+11
-4.389757167991268005e+01 7.801537890879017334e+11
-4.355192150920470340e+01 7.975154373117326660e+11
-4.320627133849673385e+01 8.152465744541020508e+11
-4.286062116778876430e+01 8.333534665854454346e+11
-4.251497099708078053e+01 8.518423752229138184e+11
-4.216932082637281098e+01 8.707195487703360596e+11
-4.182367065566483433e+01 8.899912134343463135e+11
-4.147802048495686478e+01 9.096635634754525146e+11
-4.113237031424888812e+01 9.297427508446474609e+11
-4.078672014354091147e+01 9.502348741354915771e+11
-4.044106997283294191e+01 9.711459668349487305e+11
-4.009541980212497236e+01 9.924819848584237061e+11
-3.974976963141699571e+01 1.014248793312858032e+12
-3.940411946070901905e+01 1.036452152471265015e+12
-3.905846929000104240e+01 1.059097702948215332e+12
-3.871281911929307284e+01 1.082190950005463135e+12
-3.836716894858510329e+01 1.105737247001064453e+12
-3.802151877787711953e+01 1.129741777924731934e+12
-3.767586860716914998e+01 1.154209538982372559e+12
-3.733021843646118043e+01 1.179145319257094238e+12
-3.698456826575320378e+01 1.204553680333132080e+12
-3.663891809504522712e+01 1.230438934894171631e+12
-3.629326792433725046e+01 1.256805124326679688e+12
-3.594761775362928091e+01 1.283655995236109863e+12
-3.560196758292131136e+01 1.310994974759511719e+12
-3.525631741221333471e+01 1.338825144906960693e+12
-3.491066724150535805e+01 1.367149215696506348e+12
-3.456501707079738139e+01 1.395969497075239014e+12
-3.421936690008941184e+01 1.425287869736961670e+12
-3.387371672938143519e+01 1.455105754675922363e+12
-3.352806655867346564e+01 1.485424081630513428e+12
-3.318241638796549609e+01 1.516243256191208008e+12
-3.283676621725751232e+01 1.547563125769878418e+12
-3.249111604654954277e+01 1.579382944357329102e+12
-3.214546587584156612e+01 1.611701336008234863e+12
-3.179981570513359657e+01 1.644516257155855469e+12
-3.145416553442561991e+01 1.677824957771249268e+12
-3.110851536371764681e+01 1.711623941273856934e+12
-3.076286519300967015e+01 1.745908923404328369e+12
-3.041721502230169705e+01 1.780674789888595459e+12
-3.007156485159372750e+01 1.815915553144803955e+12
-2.972591468088575084e+01 1.851624307909593994e+12
-2.938026451017777774e+01 1.887793185930688477e+12
-2.903461433946980463e+01 1.924413309836671875e+12
-2.868896416876182798e+01 1.961474746142813477e+12
-2.834331399805385487e+01 1.998966457564632324e+12
-2.799766382734587822e+01 2.036876254819543701e+12
-2.765201365663790867e+01 2.075190747805930908e+12
-2.730636348592993556e+01 2.113895296556829834e+12
-2.696071331522196246e+01 2.152973961912480957e+12
-2.661506314451398580e+01 2.192409456165922607e+12
-2.626941297380600915e+01 2.232183093851212891e+12
-2.592376280309803604e+01 2.272274742790265137e+12
-2.557811263239006649e+01 2.312662775733350098e+12
-2.523246246168209339e+01 2.353324022687259277e+12
-2.488681229097412029e+01 2.394233724238514160e+12
-2.454116212026614363e+01 2.435365486132104004e+12
-2.419551194955816698e+01 2.476691235367185059e+12
-2.384986177885019387e+01 2.518181178096687500e+12
-2.350421160814222432e+01 2.559803759658787598e+12
-2.315856143743425122e+01 2.601525627106889648e+12
-2.281291126672627456e+01 2.643311594505761230e+12
-2.246726109601830146e+01 2.685124611444838867e+12
-2.212161092531032480e+01 2.726925735174250977e+12
-2.177596075460235170e+01 2.768674106666177734e+12
-2.143031058389438215e+01 2.810326931104755859e+12
-2.108466041318640549e+01 2.851839463327407227e+12
-2.073901024247843239e+01 2.893164998452435059e+12
-2.039336007177045573e+01 2.934254868414228027e+12
-2.004770990106248618e+01 2.975058444734630859e+12
-1.970205973035450953e+01 3.015523148048847656e+12
-1.935640955964653642e+01 3.055594464994753906e+12
-1.901075938893855977e+01 3.095215972807191406e+12
-1.866510921823059022e+01 3.134329372275686523e+12
-1.831945904752261356e+01 3.172874529530782227e+12
-1.797380887681464046e+01 3.210789527133592773e+12
-1.762815870610666735e+01 3.248010725040803711e+12
-1.728250853539869070e+01 3.284472831893724121e+12
-1.693685836469071759e+01 3.320108987117325684e+12
-1.659120819398274804e+01 3.354850854287851074e+12
-1.624555802327477139e+01 3.388628726225684082e+12
-1.589990785256679828e+01 3.421371642141895508e+12
-1.555425768185882340e+01 3.453007517327314941e+12
-1.520860751115084852e+01 3.483463285548800293e+12
-1.486295734044287542e+01 3.512665054533418457e+12
-1.451730716973490232e+01 3.540538274757876465e+12
-1.417165699902692744e+01 3.567007921583246094e+12
-1.382600682831895433e+01 3.591998690964620605e+12
-1.348035665761098123e+01 3.615435208627249023e+12
-1.313470648690300457e+01 3.637242252656869629e+12
-1.278905631619503325e+01 3.657344989385584473e+12
-1.244340614548706014e+01 3.675669222236441406e+12
-1.209775597477908349e+01 3.692141653157401367e+12
-1.175210580407111216e+01 3.706690156203954590e+12
-1.140645563336313728e+01 3.719244062658984375e+12
-1.106080546265516240e+01 3.729734456863926270e+12
-1.071515529194719107e+01 3.738094482077920898e+12
-1.036950512123921619e+01 3.744259655218199707e+12
-1.002385495053124309e+01 3.748168189431473633e+12
-9.678204779823268211e+00 3.749761323220075684e+12
-9.332554609115295108e+00 3.748983654714611816e+12
-8.986904438407320228e+00 3.745783479526110352e+12
-8.641254267699345348e+00 3.740113130495317871e+12
-8.295604096991374021e+00 3.731929317519879395e+12
-7.949953926283399142e+00 3.721193465463408691e+12
-7.604303755575424262e+00 3.707872048051792969e+12
-7.258653584867451158e+00 3.691936915555473145e+12
-6.913003414159477167e+00 3.673365613871573242e+12
-6.567353243451502287e+00 3.652141692562283691e+12
-6.221703072743530072e+00 3.628254999335493164e+12
-5.876052902035556080e+00 3.601701958306895508e+12
-5.530402731327581201e+00 3.572485829338511719e+12
-5.184752560619608097e+00 3.540616945760562500e+12
-4.839102389911634106e+00 3.506112927666718262e+12
-4.493452219203660114e+00 3.468998868049631836e+12
-4.147802048495687011e+00 3.429307489008145508e+12
-3.802151877787712131e+00 3.387079265336599121e+12
-3.456501707079738583e+00 3.342362512876938965e+12
-3.110851536371765036e+00 3.295213439162331055e+12
-2.765201365663790600e+00 3.245696153891971191e+12
-2.419551194955817053e+00 3.193882637165660156e+12
-2.073901024247843505e+00 3.139852663382819824e+12
-1.728250853539869292e+00 3.083693679148300781e+12
-1.382600682831895300e+00 3.025500633677972656e+12
-1.036950512123921753e+00 2.965375760625960449e+12
-6.913003414159476501e-01 2.903428310476603027e+12
-3.456501707079738250e-01 2.839774233158626465e+12
0.000000000000000000e+00 2.774535810895056152e+12
3.456501707079738250e-01 2.707841241775563477e+12
6.913003414159476501e-01 2.639824175010668945e+12
1.036950512123921753e+00 2.570623199331046387e+12
1.382600682831895300e+00 2.500381286523174316e+12
1.728250853539869292e+00 2.429245192629575684e+12
2.073901024247843505e+00 2.357364819927810547e+12
2.419551194955817053e+00 2.284892543288225098e+12
2.765201365663790600e+00 2.211982505075590820e+12
3.110851536371765036e+00 2.138789883318622559e+12
3.456501707079738583e+00 2.065470138379938965e+12
3.802151877787712131e+00 1.992178243750981689e+12
4.147802048495687011e+00 1.919067907131270264e+12
4.493452219203660114e+00 1.846290788305595947e+12
4.839102389911634106e+00 1.773995720566510254e+12
5.184752560619608097e+00 1.702327942755419434e+12
5.530402731327581201e+00 1.631428349159894531e+12
5.876052902035556080e+00 1.561432764524062256e+12
6.221703072743530072e+00 1.492471251399626953e+12
6.567353243451502287e+00 1.424667456950250488e+12
6.913003414159477167e+00 1.358138006057674316e+12
7.258653584867451158e+00 1.292991947266431396e+12
7.604303755575424262e+00 1.229330257506343506e+12
7.949953926283399142e+00 1.167245411070444092e+12
8.295604096991374021e+00 1.106821017552646240e+12
8.641254267699345348e+00 1.048131532668351807e+12
8.986904438407320228e+00 9.912420450072829590e+11
9.332554609115295108e+00 9.362081408022734375e+11
9.678204779823268211e+00 8.830758477495493164e+11
1.002385495053124309e+01 8.318816578936760254e+11
1.036950512123921619e+01 7.826526284644987793e+11
1.071515529194719107e+01 7.354065585018450928e+11
1.106080546265516240e+01 6.901522380496169434e+11
1.140645563336313728e+01 6.468897656676865234e+11
1.175210580407111216e+01 6.056109291052274170e+11
1.209775597477908349e+01 5.662996431169249268e+11
1.244340614548706014e+01 5.289324377144231567e+11
1.278905631619503325e+01 4.934789894983543091e+11
1.313470648690300457e+01 4.599026883017043457e+11
1.348035665761098123e+01 4.281612311001849976e+11
1.382600682831895433e+01 3.982072349677858276e+11
1.417165699902692744e+01 3.699888608986894531e+11
1.451730716973490232e+01 3.434504405154531250e+11
1.486295734044287542e+01 3.185330979925427246e+11
1.520860751115084852e+01 2.951753600086450195e+11
1.555425768185882340e+01 2.733137471069817810e+11
1.589990785256679828e+01 2.528833405473063049e+11
1.624555802327477139e+01 2.338183194784090271e+11
1.659120819398274804e+01 2.160524640972554626e+11
1.693685836469071759e+01 1.995196212906322632e+11
1.728250853539869070e+01 1.841541301337060852e+11
1.762815870610666735e+01 1.698912054524304504e+11
1.797380887681464046e+01 1.566672784790009766e+11
1.831945904752261356e+01 1.444202943901967468e+11
1.866510921823059022e+01 1.330899672208760529e+11
1.901075938893855977e+01 1.226179932657488098e+11
1.935640955964653642e+01 1.129482246244023895e+11
1.970205973035450953e+01 1.040268049975066986e+11
2.004770990106248618e+01 9.580227020126159668e+10
2.039336007177045573e+01 8.822561614054109192e+10
2.073901024247843239e+01 8.125033716927383423e+10
2.108466041318640549e+01 7.483243787409756470e+10
2.143031058389438215e+01 6.893042135135652161e+10
2.177596075460235170e+01 6.350525702153942108e+10
2.212161092531032480e+01 5.852033094081371307e+10
2.246726109601830146e+01 5.394138144207591248e+10
2.281291126672627456e+01 4.973642277416556549e+10
2.315856143743425122e+01 4.587565921699250793e+10
2.350421160814222432e+01 4.233139194153034973e+10
2.384986177885019387e+01 3.907792066409951019e+10
2.419551194955816698e+01 3.609144191968829346e+10
2.454116212026614363e+01 3.334994555729360962e+10
2.488681229097412029e+01 3.083311084294955826e+10
2.523246246168209339e+01 2.852220335061101151e+10
2.557811263239006649e+01 2.639997362641452789e+10
2.592376280309803604e+01 2.445055843329558563e+10
2.626941297380600915e+01 2.265938521961383820e+10
2.661506314451398580e+01 2.101308030889361191e+10
2.696071331522196246e+01 1.949938117768371964e+10
2.730636348592993556e+01 1.810705307547937393e+10
2.765201365663790867e+01 1.682581014173975563e+10
2.799766382734587822e+01 1.564624109270339584e+10
2.834331399805385487e+01 1.455973948024271393e+10
2.868896416876182798e+01 1.355843846821895027e+10
2.903461433946980463e+01 1.263515002522236824e+10
2.938026451017777774e+01 1.178330839671951485e+10
2.972591468088575084e+01 1.099691769172034645e+10
3.007156485159372750e+01 1.027050339910042763e+10
3.041721502230169705e+01 9.599067635138206482e+09
3.076286519300967015e+01 8.978047915193674088e+09
3.110851536371764681e+01 8.403279239110078812e+09
3.145416553442561991e+01 7.870959279265418053e+09
3.179981570513359657e+01 7.377616463326772690e+09
3.214546587584156612e+01 6.920080748792565346e+09
3.249111604654954277e+01 6.495456893159123421e+09
3.283676621725751232e+01 6.101100031808587074e+09
3.318241638796549609e+01 5.734593384765990257e+09
3.352806655867346564e+01 5.393727923143712044e+09
3.387371672938143519e+01 5.076483836075710297e+09
3.421936690008941184e+01 4.781013648980468750e+09
3.456501707079738139e+01 4.505626854058712959e+09
3.491066724150535805e+01 4.248775923726736546e+09
3.525631741221333471e+01 4.009043587133257389e+09
3.560196758292131136e+01 3.785131259117622375e+09
3.594761775362928091e+01 3.575848519548154354e+09
3.629326792433725046e+01 3.380103549296386719e+09
3.663891809504522712e+01 3.196894436699970722e+09
3.698456826575320378e+01 3.025301275787111282e+09
3.733021843646118043e+01 2.864478984050771236e+09
3.767586860716914998e+01 2.713650774032351494e+09
3.802151877787711953e+01 2.572102218609549522e+09
3.836716894858510329e+01 2.439175855315998077e+09
3.871281911929307284e+01 2.314266279915241241e+09
3.905846929000104240e+01 2.196815683926222324e+09
3.940411946070901905e+01 2.086309795039496183e+09
3.974976963141699571e+01 1.982274182969472647e+09
4.009541980212497236e+01 1.884270896977943659e+09
4.044106997283294191e+01 1.791895404219651222e+09
4.078672014354091147e+01 1.704773801094014168e+09
4.113237031424888812e+01 1.622560272308858395e+09
4.147802048495686478e+01 1.544934774777399778e+09
4.182367065566483433e+01 1.471600925594079494e+09
4.216932082637281098e+01 1.402284075301740646e+09
4.251497099708078053e+01 1.336729549415174723e+09
4.286062116778876430e+01 1.274701042809252024e+09
4.320627133849673385e+01 1.215979152997530937e+09
4.355192150920470340e+01 1.160360039605089188e+09
4.389757167991268005e+01 1.107654198677500248e+09
4.424322185062064960e+01 1.057685341328483343e+09
4.458887202132861916e+01 1.010289367405903220e+09
4.493452219203660292e+01 9.653134255881613493e+08
4.528017236274457247e+01 9.226150522386740446e+08
4.562582253345254912e+01 8.820613819346258640e+08
4.597147270416052578e+01 8.435284234021995068e+08
4.631712287486850244e+01 8.069003950057260990e+08
4.666277304557647199e+01 7.720691146071200371e+08
4.700842321628444864e+01 7.389334390464730263e+08
4.735407338699241819e+01 7.073987488840376139e+08
4.769972355770038774e+01 6.773764745279263258e+08
4.804537372840836440e+01 6.487836601686117649e+08
4.839102389911633395e+01 6.215425622789487839e+08
4.873667406982430350e+01 5.955802797175928354e+08
4.908232424053228726e+01 5.708284128120092154e+08
4.942797441124027102e+01 5.472227488949021101e+08
4.977362458194824058e+01 5.247029721565946937e+08
5.011927475265621013e+01 5.032123957210565805e+08
5.046492492336418678e+01 4.826977141502360106e+08
5.081057509407215633e+01 4.631087746747162342e+08
5.115622526478013299e+01 4.443983655846501589e+08
5.150187543548810254e+01 4.265220204555306435e+08
5.184752560619607209e+01 4.094378368471331000e+08
5.219317577690404875e+01 3.931063083570235372e+08
5.253882594761201830e+01 3.774901689461882114e+08
5.288447611832000206e+01 3.625542485679132342e+08
5.323012628902797161e+01 3.482653391832587719e+08
5.357577645973595537e+01 3.345920703750854731e+08
5.392142663044392492e+01 3.215047937915579677e+08
5.426707680115189447e+01 3.089754757411255836e+08
5.461272697185987113e+01 2.969775973018768430e+08
5.495837714256784068e+01 2.854860613831791878e+08
5.530402731327581733e+01 2.744771061898804903e+08
5.564967748398378689e+01 2.639282246274445951e+08
5.599532765469175644e+01 2.538180891754348874e+08
5.634097782539974020e+01 2.441264818377835453e+08
5.668662799610770975e+01 2.348342287979664207e+08
5.703227816681568640e+01 2.259231394024056792e+08
5.737792833752365596e+01 2.173759491811609566e+08
5.772357850823163972e+01 2.091762666060745120e+08
5.806922867893960927e+01 2.013085233181908131e+08
5.841487884964758592e+01 1.937579275448884070e+08
5.876052902035555547e+01 1.865104205310944319e+08
5.910617919106352502e+01 1.795526357230488360e+08
5.945182936177150168e+01 1.728718605380550325e+08
5.979747953247947834e+01 1.664560005174893439e+08
6.014312970318745499e+01 1.602935457216386497e+08
6.048877987389542454e+01 1.543735391911990941e+08
6.083443004460339409e+01 1.486855473302741051e+08
6.118008021531137075e+01 1.432196321134672761e+08
6.152573038601934030e+01 1.379663249412406087e+08
6.187138055672732406e+01 1.329166020639084727e+08
6.221703072743529361e+01 1.280618614918481559e+08
6.256268089814327027e+01 1.233939012158361524e+08
6.290833106885123982e+01 1.189048987485900521e+08
6.325398123955922358e+01 1.145873918068922907e+08
6.359963141026719313e+01 1.104342601461545974e+08
6.394528158097516268e+01 1.064387083958760202e+08
6.429093175168313223e+01 1.025942498864918351e+08
6.463658192239111600e+01 9.889469137647305429e+07
6.498223209309908555e+01 9.533411862501884997e+07
6.532788226380705510e+01 9.190688277747286856e+07
6.567353243451502465e+01 8.860758747986908257e+07
6.601918260522300841e+01 8.543107670214517415e+07
6.636483277593099217e+01 8.237242322225284576e+07
6.671048294663896172e+01 7.942691772336496413e+07
6.705613311734693127e+01 7.659005847303575277e+07
6.740178328805490082e+01 7.385754155085232854e+07
6.774743345876287037e+01 7.122525159027837217e+07
6.809308362947085413e+01 6.868925301765605807e+07
6.843873380017882369e+01 6.624578172760592401e+07
6.878438397088679324e+01 6.389123722329204530e+07
6.913003414159476279e+01 6.162217514394678921e+07
6.947568431230273234e+01 5.943530020943304896e+07
6.982133448301071610e+01 5.732745952180118114e+07
7.016698465371868565e+01 5.529563624425563216e+07
7.051263482442666941e+01 5.333694361700669676e+07
7.085828499513463896e+01 5.144861932494526356e+07
7.120393516584262272e+01 4.962802017841882259e+07
7.154958533655059227e+01 4.787261714299784601e+07
7.189523550725856182e+01 4.617999067704776675e+07
7.224088567796653138e+01 4.454782641987394542e+07
7.258653584867450093e+01 4.297391120309355855e+07
7.293218601938248469e+01 4.145612945214315504e+07
7.327783619009045424e+01 3.999245992166221887e+07
7.362348636079843800e+01 3.858097290783058107e+07
7.396913653150640755e+01 3.721982788349170238e+07
7.431478670221437710e+01 3.590727167136942595e+07
7.466043687292236086e+01 3.464163724234399199e+07
7.500608704363033041e+01 3.342134322501678765e+07
7.535173721433829996e+01 3.224489427795241773e+07
7.569738738504626951e+01 3.111088253201815486e+07
7.604303755575423907e+01 3.001799032655169070e+07
7.638868772646222283e+01 2.896499454463984817e+07
7.673433789717020659e+01 2.795077302938512340e+07
7.707998806787817614e+01 2.697431353007473424e+07
7.742563823858614569e+01 2.603472596909207851e+07
7.777128840929411524e+01 2.513125889665401354e+07
7.811693858000208479e+01 2.426332134408159927e+07
7.846258875071005434e+01 2.343051160773831233e+07
7.880823892141803810e+01 2.263265493341339007e+07
7.915388909212600765e+01 2.186985257731508091e+07
7.949953926283399142e+01 2.114254532968882099e+07
7.984518943354196097e+01 2.045159522025360540e+07
8.019083960424994473e+01 1.979838952839593589e+07
8.053648977495790007e+01 1.918497151060688496e+07
8.088213994566588383e+01 1.861420107394134253e+07
8.122779011637385338e+01 1.808994585953515023e+07
8.157344028708182293e+01 1.761729567184405774e+07
8.191909045778982090e+01 1.720277817807364836e+07
8.226474062849777624e+01 1.685452438719152287e+07
8.261039079920576000e+01 1.658227934926437028e+07
8.295604096991372955e+01 1.639706284690836817e+07
8.330169114062171332e+01 1.631014239535802789e+07
8.364734131132966866e+01 1.633078337356053293e+07
8.399299148203765242e+01 1.646203406254660524e+07
8.433864165274562197e+01 1.669376079401534423e+07
8.468429182345359152e+01 1.699271710867053270e+07
8.502994199416156107e+01 1.729145811951749027e+07
8.537559216486954483e+01 1.748237328123735264e+07
8.572124233557752859e+01 1.742933046190714464e+07
8.606689250628548393e+01 1.700989321406756714e+07
8.641254267699346769e+01 1.617780611686061881e+07
8.675819284770142303e+01 1.500777562147727795e+07
8.710384301840940680e+01 1.364710970618231036e+07
8.744949318911737635e+01 1.224459061174827069e+07
8.779514335982536011e+01 1.090973778621373512e+07
8.814079353053331545e+01 9.704765819942519069e+06
8.848644370124129921e+01 8.653896855095919222e+06
8.883209387194928297e+01 7.756894230446985923e+06
8.917774404265723831e+01 7.000489537282784469e+06
8.952339421336522207e+01 6.366107187338895164e+06
8.986904438407320583e+01 5.834363707128234208e+06
9.021469455478118959e+01 5.387334743036037311e+06
9.056034472548914493e+01 5.009469979713073000e+06
9.090599489619712870e+01 4.687771868381024338e+06
9.125164506690509825e+01 4.411618827984564938e+06
9.159729523761308201e+01 4.172447907092303038e+06
9.194294540832105156e+01 3.963408849078588188e+06
9.228859557902902111e+01 3.779041910009051207e+06
9.263424574973700487e+01 3.614999494480870198e+06
9.297989592044496021e+01 3.467815619556248188e+06
9.332554609115294397e+01 3.334719715974017978e+06
9.367119626186091352e+01 3.213488543154076673e+06
9.401684643256889728e+01 3.102329522550164722e+06
9.436249660327685262e+01 2.999789344208513852e+06
9.470814677398483639e+01 2.904682541773121338e+06
9.505379694469279173e+01 2.816035733733773232e+06
9.539944711540077549e+01 2.733044075435819104e+06
9.574509728610875925e+01 2.655037189110754058e+06
9.609074745681672880e+01 2.581452462684618775e+06
9.643639762752469835e+01 2.511814060865514446e+06
9.678204779823266790e+01 2.445716373231221922e+06
9.712769796894065166e+01 2.382810933921029791e+06
9.747334813964860700e+01 2.322796025069124997e+06
9.781899831035659076e+01 2.265408406412051059e+06
9.816464848106457453e+01 2.210416709631071892e+06
9.851029865177255829e+01 2.157616095071638934e+06
9.885594882248054205e+01 2.106824018842419609e+06
9.920159899318849739e+01 2.057876731681270758e+06
9.954724916389648115e+01 2.010626496131322114e+06
9.989289933460445070e+01 1.964939273615991930e+06
1.002385495053124203e+02 1.920692862160997931e+06
1.005841996760203898e+02 1.877775347395397024e+06
1.009298498467283736e+02 1.836083813758376753e+06
1.012755000174363289e+02 1.795523316128282808e+06
1.016211501881443127e+02 1.756005961988896597e+06
1.019668003588522822e+02 1.717450189536566380e+06
1.023124505295602660e+02 1.679780140240662033e+06
1.026581007002682355e+02 1.642925126724928850e+06
1.030037508709762051e+02 1.606819182549903635e+06
1.033494010416841888e+02 1.571400672187259654e+06
1.036950512123921442e+02 1.536611956570508424e+06
1.040407013831001279e+02 1.502399105012248037e+06
1.043863515538080975e+02 1.468711626694472507e+06
1.047320017245160813e+02 1.435502269286095630e+06
1.050776518952240366e+02 1.402726791646905942e+06
1.054233020659320204e+02 1.370343794748719083e+06
1.057689522366400041e+02 1.338314570335387019e+06
1.061146024073479595e+02 1.306602932545175310e+06
1.064602525780559432e+02 1.275175098138167057e+06
1.068059027487639270e+02 1.243999558269754518e+06
1.071515529194719107e+02 1.213046961890939157e+06
1.074972030901798661e+02 1.182290004577394342e+06
1.078428532608878498e+02 1.151703337271436118e+06
1.081885034315958194e+02 1.121263465560168028e+06
1.085341536023037889e+02 1.090948654874686152e+06
1.088798037730117585e+02 1.060738860190475825e+06
1.092254539437197423e+02 1.030615629174498026e+06
1.095711041144277260e+02 1.000562033826488187e+06
1.099167542851356814e+02 9.705625928479309659e+05
1.102624044558436651e+02 9.406032083149249665e+05
1.106080546265516347e+02 9.106710800896984292e+05
1.109537047972596042e+02 8.807546656025792472e+05
1.112993549679675738e+02 8.508435894984251354e+05
1.116450051386755575e+02 8.209286063432376832e+05
1.119906553093835129e+02 7.910015253816923359e+05
1.123363054800914966e+02 7.610551633778114337e+05
1.126819556507994804e+02 7.310832880760943517e+05
1.130276058215074499e+02 7.010805604743262520e+05
1.133732559922154195e+02 6.710424919901050162e+05
1.137189061629233890e+02 6.409653891494984273e+05
1.140645563336313728e+02 6.108463108705108752e+05
1.144102065043393281e+02 5.806830176629921189e+05
1.147558566750473119e+02 5.504739281278625131e+05
1.151015068457552957e+02 5.202180865505721304e+05
1.154471570164632794e+02 4.899151031310607796e+05
1.157928071871712632e+02 4.595651307788904523e+05
1.161384573578792185e+02 4.291688124464250868e+05
1.164841075285872023e+02 3.987272590325523634e+05
1.168297576992951718e+02 3.682420044164880528e+05
1.171754078700031414e+02 3.377149625935310614e+05
1.175210580407111109e+02 3.071484132819777005e+05
1.178667082114190947e+02 2.765449452816089615e+05
1.182123583821270500e+02 2.459074540730567533e+05
1.185580085528350338e+02 2.152390739950543793e+05
1.189036587235430034e+02 1.845431797443040705e+05
1.192493088942509729e+02 1.538233389337982517e+05
1.195949590649589567e+02 1.230832880260254024e+05
1.199406092356669262e+02 9.232690327346423874e+04
1.202862594063749100e+02 6.155817186012069578e+04
1.206319095770828653e+02 3.078116234489561612e+04
