# Profil de ElecX au temps 1.009999999999998e-12 
# simu : /Volumes/MERCURE/JOBS/Zeq1_tanh_50mic_1p5e20_B0_20ps/GNU/ElecX@y-c.set
# col 0 : abscisse (um)
# col 1 : ElecX (V/m)
0.00000000e+00	0.00000000e+00
1.00000000e+00	1.17796913e+02
2.00000000e+00	-3.68699126e+01
3.00000000e+00	-4.10091565e+01
4.00000000e+00	8.37367637e+00
5.00000000e+00	2.51914803e+00
6.00000000e+00	1.69456245e+00
7.00000000e+00	1.74780696e+00
8.00000000e+00	1.75940523e+00
9.00000000e+00	1.71224636e+00
1.00000000e+01	1.75209127e+00
1.10000000e+01	1.87586809e+00
1.20000000e+01	1.96907074e+00
1.30000000e+01	1.97170087e+00
1.40000000e+01	1.91164739e+00
1.50000000e+01	1.84113330e+00
1.60000000e+01	1.79163274e+00
1.70000000e+01	1.77160411e+00
1.80000000e+01	1.77796057e+00
1.90000000e+01	1.80222274e+00
2.00000000e+01	1.83397003e+00
2.10000000e+01	1.86625878e+00
2.20000000e+01	1.89926086e+00
2.30000000e+01	1.93900181e+00
2.40000000e+01	1.99227424e+00
2.50000000e+01	2.06235823e+00
2.60000000e+01	2.14838409e+00
2.70000000e+01	2.24673091e+00
2.80000000e+01	2.35335548e+00
2.90000000e+01	2.46514004e+00
3.00000000e+01	2.58026904e+00
3.10000000e+01	2.69808896e+00
3.20000000e+01	2.81851035e+00
3.30000000e+01	2.94192982e+00
3.40000000e+01	3.06873311e+00
3.50000000e+01	3.19937686e+00
3.60000000e+01	3.33426720e+00
3.70000000e+01	3.47375723e+00
3.80000000e+01	3.61819132e+00
3.90000000e+01	3.76791639e+00
4.00000000e+01	3.92320928e+00
4.10000000e+01	4.08446303e+00
4.20000000e+01	4.25195064e+00
4.30000000e+01	4.42602051e+00
4.40000000e+01	4.60703498e+00
4.50000000e+01	4.79527342e+00
4.60000000e+01	4.99112059e+00
4.70000000e+01	5.19492873e+00
4.80000000e+01	5.40700380e+00
4.90000000e+01	5.62767265e+00
5.00000000e+01	5.85737825e+00
5.10000000e+01	6.09642428e+00
5.20000000e+01	6.34523855e+00
5.30000000e+01	6.60418817e+00
5.40000000e+01	6.87371326e+00
5.50000000e+01	7.15424366e+00
5.60000000e+01	7.44619667e+00
5.70000000e+01	7.75010667e+00
5.80000000e+01	8.06637644e+00
5.90000000e+01	8.39557828e+00
6.00000000e+01	8.73821336e+00
6.10000000e+01	9.09482290e+00
6.20000000e+01	9.46600127e+00
6.30000000e+01	9.85229121e+00
6.40000000e+01	1.02543921e+01
6.50000000e+01	1.06728658e+01
6.60000000e+01	1.11084339e+01
6.70000000e+01	1.15617933e+01
6.80000000e+01	1.20336334e+01
6.90000000e+01	1.25247208e+01
7.00000000e+01	1.30358827e+01
7.10000000e+01	1.35678565e+01
7.20000000e+01	1.41216038e+01
7.30000000e+01	1.46978950e+01
7.40000000e+01	1.52977326e+01
7.50000000e+01	1.59220385e+01
7.60000000e+01	1.65718385e+01
7.70000000e+01	1.72481598e+01
7.80000000e+01	1.79520423e+01
7.90000000e+01	1.86846999e+01
8.00000000e+01	1.94472348e+01
8.10000000e+01	2.02408821e+01
8.20000000e+01	2.10669184e+01
8.30000000e+01	2.19266728e+01
8.40000000e+01	2.28215210e+01
8.50000000e+01	2.37529004e+01
8.60000000e+01	2.47222451e+01
8.70000000e+01	2.57312110e+01
8.80000000e+01	2.67813031e+01
8.90000000e+01	2.78742663e+01
9.00000000e+01	2.90118238e+01
9.10000000e+01	3.01958205e+01
9.20000000e+01	3.14281352e+01
9.30000000e+01	3.27107359e+01
9.40000000e+01	3.40456864e+01
9.50000000e+01	3.54351163e+01
9.60000000e+01	3.68812361e+01
9.70000000e+01	3.83863976e+01
9.80000000e+01	3.99529562e+01
9.90000000e+01	4.15834825e+01
1.00000000e+02	4.32805154e+01
1.01000000e+02	4.50468012e+01
1.02000000e+02	4.68852181e+01
1.03000000e+02	4.87986276e+01
1.04000000e+02	5.07901288e+01
1.05000000e+02	5.28629104e+01
1.06000000e+02	5.50202656e+01
1.07000000e+02	5.72656963e+01
1.08000000e+02	5.96027180e+01
1.09000000e+02	6.20351559e+01
1.10000000e+02	6.45668286e+01
1.11000000e+02	6.72018537e+01
1.12000000e+02	6.99443829e+01
1.13000000e+02	7.27988500e+01
1.14000000e+02	7.57698300e+01
1.15000000e+02	7.88620244e+01
1.16000000e+02	8.20804317e+01
1.17000000e+02	8.54301560e+01
1.18000000e+02	8.89166131e+01
1.19000000e+02	9.25453572e+01
1.20000000e+02	9.63221437e+01
1.21000000e+02	1.00253108e+02
1.22000000e+02	1.04344486e+02
1.23000000e+02	1.08602828e+02
1.24000000e+02	1.13034948e+02
1.25000000e+02	1.17647946e+02
1.26000000e+02	1.22449218e+02
1.27000000e+02	1.27446412e+02
1.28000000e+02	1.32647553e+02
1.29000000e+02	1.38060919e+02
1.30000000e+02	1.43695236e+02
1.31000000e+02	1.49559502e+02
1.32000000e+02	1.55663041e+02
1.33000000e+02	1.62015699e+02
1.34000000e+02	1.68627570e+02
1.35000000e+02	1.75509347e+02
1.36000000e+02	1.82671888e+02
1.37000000e+02	1.90126750e+02
1.38000000e+02	1.97885853e+02
1.39000000e+02	2.05961605e+02
1.40000000e+02	2.14366908e+02
1.41000000e+02	2.23115241e+02
1.42000000e+02	2.32220569e+02
1.43000000e+02	2.41697510e+02
1.44000000e+02	2.51561148e+02
1.45000000e+02	2.61827341e+02
1.46000000e+02	2.72512506e+02
1.47000000e+02	2.83633710e+02
1.48000000e+02	2.95208729e+02
1.49000000e+02	3.07256143e+02
1.50000000e+02	3.19795191e+02
1.51000000e+02	3.32845941e+02
1.52000000e+02	3.46429266e+02
1.53000000e+02	3.60566903e+02
1.54000000e+02	3.75281484e+02
1.55000000e+02	3.90596541e+02
1.56000000e+02	4.06536570e+02
1.57000000e+02	4.23127085e+02
1.58000000e+02	4.40394636e+02
1.59000000e+02	4.58366835e+02
1.60000000e+02	4.77072435e+02
1.61000000e+02	4.96541349e+02
1.62000000e+02	5.16804779e+02
1.63000000e+02	5.37895077e+02
1.64000000e+02	5.59846016e+02
1.65000000e+02	5.82692711e+02
1.66000000e+02	6.06471727e+02
1.67000000e+02	6.31221063e+02
1.68000000e+02	6.56980352e+02
1.69000000e+02	6.83790771e+02
1.70000000e+02	7.11695246e+02
1.71000000e+02	7.40738378e+02
1.72000000e+02	7.70966642e+02
1.73000000e+02	8.02428393e+02
1.74000000e+02	8.35173934e+02
1.75000000e+02	8.69255717e+02
1.76000000e+02	9.04728162e+02
1.77000000e+02	9.41648076e+02
1.78000000e+02	9.80074500e+02
1.79000000e+02	1.02006887e+03
1.80000000e+02	1.06169517e+03
1.81000000e+02	1.10501998e+03
1.82000000e+02	1.15011261e+03
1.83000000e+02	1.19704517e+03
1.84000000e+02	1.24589270e+03
1.85000000e+02	1.29673333e+03
1.86000000e+02	1.34964837e+03
1.87000000e+02	1.40472246e+03
1.88000000e+02	1.46204364e+03
1.89000000e+02	1.52170361e+03
1.90000000e+02	1.58379774e+03
1.91000000e+02	1.64842534e+03
1.92000000e+02	1.71568973e+03
1.93000000e+02	1.78569847e+03
1.94000000e+02	1.85856352e+03
1.95000000e+02	1.93440133e+03
1.96000000e+02	2.01333321e+03
1.97000000e+02	2.09548528e+03
1.98000000e+02	2.18098892e+03
1.99000000e+02	2.26998080e+03
2.00000000e+02	2.36260318e+03
2.01000000e+02	2.45900413e+03
2.02000000e+02	2.55933769e+03
2.03000000e+02	2.66376427e+03
2.04000000e+02	2.77245072e+03
2.05000000e+02	2.88557081e+03
2.06000000e+02	3.00330524e+03
2.07000000e+02	3.12584220e+03
2.08000000e+02	3.25337742e+03
2.09000000e+02	3.38611479e+03
2.10000000e+02	3.52426628e+03
2.11000000e+02	3.66805262e+03
2.12000000e+02	3.81770354e+03
2.13000000e+02	3.97345810e+03
2.14000000e+02	4.13556501e+03
2.15000000e+02	4.30428323e+03
2.16000000e+02	4.47988221e+03
2.17000000e+02	4.66264233e+03
2.18000000e+02	4.85285543e+03
2.19000000e+02	5.05082522e+03
2.20000000e+02	5.25686769e+03
2.21000000e+02	5.47131183e+03
2.22000000e+02	5.69449987e+03
2.23000000e+02	5.92678802e+03
2.24000000e+02	6.16854700e+03
2.25000000e+02	6.42016251e+03
2.26000000e+02	6.68203604e+03
2.27000000e+02	6.95458533e+03
2.28000000e+02	7.23824509e+03
2.29000000e+02	7.53346773e+03
2.30000000e+02	7.84072399e+03
2.31000000e+02	8.16050380e+03
2.32000000e+02	8.49331691e+03
2.33000000e+02	8.83969378e+03
2.34000000e+02	9.20018643e+03
2.35000000e+02	9.57536927e+03
2.36000000e+02	9.96583999e+03
2.37000000e+02	1.03722206e+04
2.38000000e+02	1.07951581e+04
2.39000000e+02	1.12353260e+04
2.40000000e+02	1.16934251e+04
2.41000000e+02	1.21701842e+04
2.42000000e+02	1.26663622e+04
2.43000000e+02	1.31827483e+04
2.44000000e+02	1.37201638e+04
2.45000000e+02	1.42794631e+04
2.46000000e+02	1.48615354e+04
2.47000000e+02	1.54673057e+04
2.48000000e+02	1.60977364e+04
2.49000000e+02	1.67538288e+04
2.50000000e+02	1.74366245e+04
2.51000000e+02	1.81472076e+04
2.52000000e+02	1.88867053e+04
2.53000000e+02	1.96562908e+04
2.54000000e+02	2.04571844e+04
2.55000000e+02	2.12906554e+04
2.56000000e+02	2.21580246e+04
2.57000000e+02	2.30606655e+04
2.58000000e+02	2.40000073e+04
2.59000000e+02	2.49775363e+04
2.60000000e+02	2.59947989e+04
2.61000000e+02	2.70534031e+04
2.62000000e+02	2.81550219e+04
2.63000000e+02	2.93013951e+04
2.64000000e+02	3.04943322e+04
2.65000000e+02	3.17357155e+04
2.66000000e+02	3.30275022e+04
2.67000000e+02	3.43717279e+04
2.68000000e+02	3.57705095e+04
2.69000000e+02	3.72260485e+04
2.70000000e+02	3.87406339e+04
2.71000000e+02	4.03166462e+04
2.72000000e+02	4.19565604e+04
2.73000000e+02	4.36629500e+04
2.74000000e+02	4.54384906e+04
2.75000000e+02	4.72859641e+04
2.76000000e+02	4.92082623e+04
2.77000000e+02	5.12083917e+04
2.78000000e+02	5.32894775e+04
2.79000000e+02	5.54547684e+04
2.80000000e+02	5.77076408e+04
2.81000000e+02	6.00516044e+04
2.82000000e+02	6.24903064e+04
2.83000000e+02	6.50275375e+04
2.84000000e+02	6.76672366e+04
2.85000000e+02	7.04134968e+04
2.86000000e+02	7.32705708e+04
2.87000000e+02	7.62428772e+04
2.88000000e+02	7.93350063e+04
2.89000000e+02	8.25517266e+04
2.90000000e+02	8.58979914e+04
2.91000000e+02	8.93789453e+04
2.92000000e+02	9.29999314e+04
2.93000000e+02	9.67664981e+04
2.94000000e+02	1.00684407e+05
2.95000000e+02	1.04759640e+05
2.96000000e+02	1.08998408e+05
2.97000000e+02	1.13407158e+05
2.98000000e+02	1.17992580e+05
2.99000000e+02	1.22761621e+05
3.00000000e+02	1.27721486e+05
3.01000000e+02	1.32879653e+05
3.02000000e+02	1.38243881e+05
3.03000000e+02	1.43822218e+05
3.04000000e+02	1.49623009e+05
3.05000000e+02	1.55654913e+05
3.06000000e+02	1.61926903e+05
3.07000000e+02	1.68448287e+05
3.08000000e+02	1.75228710e+05
3.09000000e+02	1.82278170e+05
3.10000000e+02	1.89607027e+05
3.11000000e+02	1.97226013e+05
3.12000000e+02	2.05146248e+05
3.13000000e+02	2.13379247e+05
3.14000000e+02	2.21936932e+05
3.15000000e+02	2.30831648e+05
3.16000000e+02	2.40076171e+05
3.17000000e+02	2.49683722e+05
3.18000000e+02	2.59667979e+05
3.19000000e+02	2.70043090e+05
3.20000000e+02	2.80823685e+05
3.21000000e+02	2.92024887e+05
3.22000000e+02	3.03662327e+05
3.23000000e+02	3.15752156e+05
3.24000000e+02	3.28311057e+05
3.25000000e+02	3.41356255e+05
3.26000000e+02	3.54905534e+05
3.27000000e+02	3.68977246e+05
3.28000000e+02	3.83590322e+05
3.29000000e+02	3.98764286e+05
3.30000000e+02	4.14519264e+05
3.31000000e+02	4.30875997e+05
3.32000000e+02	4.47855849e+05
3.33000000e+02	4.65480819e+05
3.34000000e+02	4.83773547e+05
3.35000000e+02	5.02757326e+05
3.36000000e+02	5.22456109e+05
3.37000000e+02	5.42894516e+05
3.38000000e+02	5.64097836e+05
3.39000000e+02	5.86092040e+05
3.40000000e+02	6.08903776e+05
3.41000000e+02	6.32560381e+05
3.42000000e+02	6.57089873e+05
3.43000000e+02	6.82520959e+05
3.44000000e+02	7.08883028e+05
3.45000000e+02	7.36206152e+05
3.46000000e+02	7.64521076e+05
3.47000000e+02	7.93859217e+05
3.48000000e+02	8.24252650e+05
3.49000000e+02	8.55734101e+05
3.50000000e+02	8.88336931e+05
3.51000000e+02	9.22095121e+05
3.52000000e+02	9.57043255e+05
3.53000000e+02	9.93216495e+05
3.54000000e+02	1.03065056e+06
3.55000000e+02	1.06938171e+06
3.56000000e+02	1.10944670e+06
3.57000000e+02	1.15088273e+06
3.58000000e+02	1.19372747e+06
3.59000000e+02	1.23801896e+06
3.60000000e+02	1.28379559e+06
3.61000000e+02	1.33109605e+06
3.62000000e+02	1.37995929e+06
3.63000000e+02	1.43042444e+06
3.64000000e+02	1.48253079e+06
3.65000000e+02	1.53631767e+06
3.66000000e+02	1.59182446e+06
3.67000000e+02	1.64909045e+06
3.68000000e+02	1.70815479e+06
3.69000000e+02	1.76905642e+06
3.70000000e+02	1.83183398e+06
3.71000000e+02	1.89652572e+06
3.72000000e+02	1.96316941e+06
3.73000000e+02	2.03180223e+06
3.74000000e+02	2.10246071e+06
3.75000000e+02	2.17518057e+06
3.76000000e+02	2.24999665e+06
3.77000000e+02	2.32694278e+06
3.78000000e+02	2.40605170e+06
3.79000000e+02	2.48735487e+06
3.80000000e+02	2.57088242e+06
3.81000000e+02	2.65666297e+06
3.82000000e+02	2.74472355e+06
3.83000000e+02	2.83508942e+06
3.84000000e+02	2.92778394e+06
3.85000000e+02	3.02282850e+06
3.86000000e+02	3.12024226e+06
3.87000000e+02	3.22004214e+06
3.88000000e+02	3.32224256e+06
3.89000000e+02	3.42685537e+06
3.90000000e+02	3.53388969e+06
3.91000000e+02	3.64335171e+06
3.92000000e+02	3.75524464e+06
3.93000000e+02	3.86956844e+06
3.94000000e+02	3.98631979e+06
3.95000000e+02	4.10549183e+06
3.96000000e+02	4.22707411e+06
3.97000000e+02	4.35105235e+06
3.98000000e+02	4.47740835e+06
3.99000000e+02	4.60611983e+06
4.00000000e+02	4.73716026e+06
4.01000000e+02	4.87049872e+06
4.02000000e+02	5.00609977e+06
4.03000000e+02	5.14392330e+06
4.04000000e+02	5.28392434e+06
4.05000000e+02	5.42605299e+06
4.06000000e+02	5.57025423e+06
4.07000000e+02	5.71646778e+06
4.08000000e+02	5.86462798e+06
4.09000000e+02	6.01466364e+06
4.10000000e+02	6.16649792e+06
4.11000000e+02	6.32004816e+06
4.12000000e+02	6.47522580e+06
4.13000000e+02	6.63193621e+06
4.14000000e+02	6.79007858e+06
4.15000000e+02	6.94954581e+06
4.16000000e+02	7.11022436e+06
4.17000000e+02	7.27199419e+06
4.18000000e+02	7.43472858e+06
4.19000000e+02	7.59829408e+06
4.20000000e+02	7.76255041e+06
4.21000000e+02	7.92735035e+06
4.22000000e+02	8.09253966e+06
4.23000000e+02	8.25795704e+06
4.24000000e+02	8.42343404e+06
4.25000000e+02	8.58879502e+06
4.26000000e+02	8.75385716e+06
4.27000000e+02	8.91843038e+06
4.28000000e+02	9.08231742e+06
4.29000000e+02	9.24531382e+06
4.30000000e+02	9.40720798e+06
4.31000000e+02	9.56778128e+06
4.32000000e+02	9.72680816e+06
4.33000000e+02	9.88405627e+06
4.34000000e+02	1.00392867e+07
4.35000000e+02	1.01922541e+07
4.36000000e+02	1.03427071e+07
4.37000000e+02	1.04903885e+07
4.38000000e+02	1.06350358e+07
4.39000000e+02	1.07763815e+07
4.40000000e+02	1.09141536e+07
4.41000000e+02	1.10480762e+07
4.42000000e+02	1.11778702e+07
4.43000000e+02	1.13032539e+07
4.44000000e+02	1.14239438e+07
4.45000000e+02	1.15396555e+07
4.46000000e+02	1.16501044e+07
4.47000000e+02	1.17550072e+07
4.48000000e+02	1.18540826e+07
4.49000000e+02	1.19470523e+07
4.50000000e+02	1.20336429e+07
4.51000000e+02	1.21135867e+07
4.52000000e+02	1.21866229e+07
4.53000000e+02	1.22524999e+07
4.54000000e+02	1.23109757e+07
4.55000000e+02	1.23618205e+07
4.56000000e+02	1.24048174e+07
4.57000000e+02	1.24397646e+07
4.58000000e+02	1.24664766e+07
4.59000000e+02	1.24847860e+07
4.60000000e+02	1.24945450e+07
4.61000000e+02	1.24956270e+07
4.62000000e+02	1.24879278e+07
4.63000000e+02	1.24713674e+07
4.64000000e+02	1.24458905e+07
4.65000000e+02	1.24114683e+07
4.66000000e+02	1.23680993e+07
4.67000000e+02	1.23158098e+07
4.68000000e+02	1.22546548e+07
4.69000000e+02	1.21847181e+07
4.70000000e+02	1.21061129e+07
4.71000000e+02	1.20189813e+07
4.72000000e+02	1.19234940e+07
4.73000000e+02	1.18198502e+07
4.74000000e+02	1.17082762e+07
4.75000000e+02	1.15890249e+07
4.76000000e+02	1.14623741e+07
4.77000000e+02	1.13286252e+07
4.78000000e+02	1.11881012e+07
4.79000000e+02	1.10411454e+07
4.80000000e+02	1.08881185e+07
4.81000000e+02	1.07293972e+07
4.82000000e+02	1.05653710e+07
4.83000000e+02	1.03964407e+07
4.84000000e+02	1.02230151e+07
4.85000000e+02	1.00455091e+07
4.86000000e+02	9.86434091e+06
4.87000000e+02	9.67992959e+06
4.88000000e+02	9.49269292e+06
4.89000000e+02	9.30304493e+06
4.90000000e+02	9.11139382e+06
4.91000000e+02	8.91813997e+06
4.92000000e+02	8.72367406e+06
4.93000000e+02	8.52837541e+06
4.94000000e+02	8.33261054e+06
4.95000000e+02	8.13673182e+06
4.96000000e+02	7.94107639e+06
4.97000000e+02	7.74596527e+06
4.98000000e+02	7.55170259e+06
4.99000000e+02	7.35857511e+06
5.00000000e+02	7.16685180e+06
5.01000000e+02	6.97678366e+06
5.02000000e+02	6.78860366e+06
5.03000000e+02	6.60252681e+06
5.04000000e+02	6.41875038e+06
5.05000000e+02	6.23745417e+06
5.06000000e+02	6.05880095e+06
5.07000000e+02	5.88293695e+06
5.08000000e+02	5.70999237e+06
5.09000000e+02	5.54008204e+06
5.10000000e+02	5.37330601e+06
5.11000000e+02	5.20975028e+06
5.12000000e+02	5.04948752e+06
5.13000000e+02	4.89257772e+06
5.14000000e+02	4.73906899e+06
5.15000000e+02	4.58899824e+06
5.16000000e+02	4.44239195e+06
5.17000000e+02	4.29926683e+06
5.18000000e+02	4.15963054e+06
5.19000000e+02	4.02348237e+06
5.20000000e+02	3.89081390e+06
5.21000000e+02	3.76160962e+06
5.22000000e+02	3.63584755e+06
5.23000000e+02	3.51349980e+06
5.24000000e+02	3.39453316e+06
5.25000000e+02	3.27890959e+06
5.26000000e+02	3.16658673e+06
5.27000000e+02	3.05751840e+06
5.28000000e+02	2.95165500e+06
5.29000000e+02	2.84894392e+06
5.30000000e+02	2.74933000e+06
5.31000000e+02	2.65275581e+06
5.32000000e+02	2.55916204e+06
5.33000000e+02	2.46848778e+06
5.34000000e+02	2.38067087e+06
5.35000000e+02	2.29564809e+06
5.36000000e+02	2.21335547e+06
5.37000000e+02	2.13372849e+06
5.38000000e+02	2.05670230e+06
5.39000000e+02	1.98221191e+06
5.40000000e+02	1.91019234e+06
5.41000000e+02	1.84057884e+06
5.42000000e+02	1.77330696e+06
5.43000000e+02	1.70831273e+06
5.44000000e+02	1.64553275e+06
5.45000000e+02	1.58490431e+06
5.46000000e+02	1.52636547e+06
5.47000000e+02	1.46985514e+06
5.48000000e+02	1.41531318e+06
5.49000000e+02	1.36268042e+06
5.50000000e+02	1.31189872e+06
5.51000000e+02	1.26291107e+06
5.52000000e+02	1.21566155e+06
5.53000000e+02	1.17009542e+06
5.54000000e+02	1.12615911e+06
5.55000000e+02	1.08380028e+06
5.56000000e+02	1.04296777e+06
5.57000000e+02	1.00361169e+06
5.58000000e+02	9.65683370e+05
5.59000000e+02	9.29135374e+05
5.60000000e+02	8.93921510e+05
5.61000000e+02	8.59996818e+05
5.62000000e+02	8.27317562e+05
5.63000000e+02	7.95841223e+05
5.64000000e+02	7.65526485e+05
5.65000000e+02	7.36333223e+05
5.66000000e+02	7.08222485e+05
5.67000000e+02	6.81156477e+05
5.68000000e+02	6.55098542e+05
5.69000000e+02	6.30013143e+05
5.70000000e+02	6.05865840e+05
5.71000000e+02	5.82623269e+05
5.72000000e+02	5.60253120e+05
5.73000000e+02	5.38724116e+05
5.74000000e+02	5.18005987e+05
5.75000000e+02	4.98069447e+05
5.76000000e+02	4.78886171e+05
5.77000000e+02	4.60428772e+05
5.78000000e+02	4.42670776e+05
5.79000000e+02	4.25586598e+05
5.80000000e+02	4.09151517e+05
5.81000000e+02	3.93341655e+05
5.82000000e+02	3.78133953e+05
5.83000000e+02	3.63506144e+05
5.84000000e+02	3.49436735e+05
5.85000000e+02	3.35904981e+05
5.86000000e+02	3.22890864e+05
5.87000000e+02	3.10375071e+05
5.88000000e+02	2.98338971e+05
5.89000000e+02	2.86764597e+05
5.90000000e+02	2.75634620e+05
5.91000000e+02	2.64932334e+05
5.92000000e+02	2.54641633e+05
5.93000000e+02	2.44746991e+05
5.94000000e+02	2.35233446e+05
5.95000000e+02	2.26086579e+05
5.96000000e+02	2.17292497e+05
5.97000000e+02	2.08837814e+05
5.98000000e+02	2.00709636e+05
5.99000000e+02	1.92895542e+05
6.00000000e+02	1.85383571e+05
6.01000000e+02	1.78162201e+05
6.02000000e+02	1.71220340e+05
6.03000000e+02	1.64547307e+05
6.04000000e+02	1.58132817e+05
6.05000000e+02	1.51966971e+05
6.06000000e+02	1.46040238e+05
6.07000000e+02	1.40343447e+05
6.08000000e+02	1.34867767e+05
6.09000000e+02	1.29604703e+05
6.10000000e+02	1.24546077e+05
6.11000000e+02	1.19684021e+05
6.12000000e+02	1.15010964e+05
6.13000000e+02	1.10519620e+05
6.14000000e+02	1.06202981e+05
6.15000000e+02	1.02054304e+05
6.16000000e+02	9.80671026e+04
6.17000000e+02	9.42351369e+04
6.18000000e+02	9.05524045e+04
6.19000000e+02	8.70131321e+04
6.20000000e+02	8.36117667e+04
6.21000000e+02	8.03429676e+04
6.22000000e+02	7.72015983e+04
6.23000000e+02	7.41827191e+04
6.24000000e+02	7.12815796e+04
6.25000000e+02	6.84936117e+04
6.26000000e+02	6.58144225e+04
6.27000000e+02	6.32397881e+04
6.28000000e+02	6.07656471e+04
6.29000000e+02	5.83880943e+04
6.30000000e+02	5.61033750e+04
6.31000000e+02	5.39078791e+04
6.32000000e+02	5.17981359e+04
6.33000000e+02	4.97708087e+04
6.34000000e+02	4.78226894e+04
6.35000000e+02	4.59506943e+04
6.36000000e+02	4.41518584e+04
6.37000000e+02	4.24233319e+04
6.38000000e+02	4.07623752e+04
6.39000000e+02	3.91663545e+04
6.40000000e+02	3.76327385e+04
6.41000000e+02	3.61590936e+04
6.42000000e+02	3.47430810e+04
6.43000000e+02	3.33824523e+04
6.44000000e+02	3.20750465e+04
6.45000000e+02	3.08187867e+04
6.46000000e+02	2.96116763e+04
6.47000000e+02	2.84517967e+04
6.48000000e+02	2.73373035e+04
6.49000000e+02	2.62664244e+04
6.50000000e+02	2.52374558e+04
6.51000000e+02	2.42487604e+04
6.52000000e+02	2.32987647e+04
6.53000000e+02	2.23859566e+04
6.54000000e+02	2.15088825e+04
6.55000000e+02	2.06661459e+04
6.56000000e+02	1.98564043e+04
6.57000000e+02	1.90783679e+04
6.58000000e+02	1.83307969e+04
6.59000000e+02	1.76124999e+04
6.60000000e+02	1.69223321e+04
6.61000000e+02	1.62591933e+04
6.62000000e+02	1.56220262e+04
6.63000000e+02	1.50098146e+04
6.64000000e+02	1.44215824e+04
6.65000000e+02	1.38563911e+04
6.66000000e+02	1.33133393e+04
6.67000000e+02	1.27915604e+04
6.68000000e+02	1.22902220e+04
6.69000000e+02	1.18085240e+04
6.70000000e+02	1.13456976e+04
6.71000000e+02	1.09010042e+04
6.72000000e+02	1.04737337e+04
6.73000000e+02	1.00632041e+04
6.74000000e+02	9.66875997e+03
6.75000000e+02	9.28977133e+03
6.76000000e+02	8.92563276e+03
6.77000000e+02	8.57576202e+03
6.78000000e+02	8.23959818e+03
6.79000000e+02	7.91659835e+03
6.80000000e+02	7.60623063e+03
6.81000000e+02	7.30795812e+03
6.82000000e+02	7.02120390e+03
6.83000000e+02	6.74527842e+03
6.84000000e+02	6.47924192e+03
6.85000000e+02	6.22167369e+03
6.86000000e+02	5.97034731e+03
6.87000000e+02	5.72188982e+03
6.88000000e+02	5.47163495e+03
6.89000000e+02	5.21397587e+03
6.90000000e+02	4.94338809e+03
6.91000000e+02	4.65575187e+03
6.92000000e+02	4.34890913e+03
6.93000000e+02	4.02138694e+03
6.94000000e+02	3.66948385e+03
6.95000000e+02	3.28430370e+03
6.96000000e+02	2.85008392e+03
6.97000000e+02	2.34922255e+03
6.98000000e+02	1.70952584e+03
6.99000000e+02	9.54056295e+02
7.00000000e+02	0.00000000e+00
