# Profil de ElecX au temps 1.800999999999969e-11 
# simu : /Volumes/MERCURE/JOBS/Zeq1_tanh_50mic_1p5e20_B0_20ps/GNU/ElecX@y-c.set
# col 0 : abscisse (um)
# col 1 : ElecX (V/m)
0.00000000e+00	0.00000000e+00
1.00000000e+00	5.54107303e+03
2.00000000e+00	6.40130361e+03
3.00000000e+00	9.78002089e+03
4.00000000e+00	1.41744330e+04
5.00000000e+00	1.75691815e+04
6.00000000e+00	2.10589104e+04
7.00000000e+00	2.45653599e+04
8.00000000e+00	2.80737306e+04
9.00000000e+00	3.15822614e+04
1.00000000e+01	3.50906389e+04
1.10000000e+01	3.85993211e+04
1.20000000e+01	4.21072547e+04
1.30000000e+01	4.56148313e+04
1.40000000e+01	4.91232760e+04
1.50000000e+01	5.26301118e+04
1.60000000e+01	5.61380957e+04
1.70000000e+01	5.96447203e+04
1.80000000e+01	6.31521328e+04
1.90000000e+01	6.66581837e+04
2.00000000e+01	7.01653706e+04
2.10000000e+01	7.36707740e+04
2.20000000e+01	7.71771746e+04
2.30000000e+01	8.06825055e+04
2.40000000e+01	8.41879877e+04
2.50000000e+01	8.76933314e+04
2.60000000e+01	9.11973039e+04
2.70000000e+01	9.47026884e+04
2.80000000e+01	9.82064513e+04
2.90000000e+01	1.01710031e+05
3.00000000e+01	1.05214300e+05
3.10000000e+01	1.08717132e+05
3.20000000e+01	1.12219894e+05
3.30000000e+01	1.15723059e+05
3.40000000e+01	1.19225317e+05
3.50000000e+01	1.22727124e+05
3.60000000e+01	1.26229271e+05
3.70000000e+01	1.29730803e+05
3.80000000e+01	1.33231695e+05
3.90000000e+01	1.36733170e+05
4.00000000e+01	1.40233871e+05
4.10000000e+01	1.43733945e+05
4.20000000e+01	1.47234638e+05
4.30000000e+01	1.50735066e+05
4.40000000e+01	1.54234501e+05
4.50000000e+01	1.57734173e+05
4.60000000e+01	1.61234185e+05
4.70000000e+01	1.64733711e+05
4.80000000e+01	1.68232649e+05
4.90000000e+01	1.71732233e+05
5.00000000e+01	1.75231898e+05
5.10000000e+01	1.78730448e+05
5.20000000e+01	1.82229982e+05
5.30000000e+01	1.85729433e+05
5.40000000e+01	1.89229020e+05
5.50000000e+01	1.92727860e+05
5.60000000e+01	1.96228021e+05
5.70000000e+01	1.99727981e+05
5.80000000e+01	2.03227952e+05
5.90000000e+01	2.06727991e+05
6.00000000e+01	2.10228987e+05
6.10000000e+01	2.13730461e+05
6.20000000e+01	2.17231569e+05
6.30000000e+01	2.20733600e+05
6.40000000e+01	2.24236160e+05
6.50000000e+01	2.27739783e+05
6.60000000e+01	2.31243024e+05
6.70000000e+01	2.34747697e+05
6.80000000e+01	2.38253113e+05
6.90000000e+01	2.41759875e+05
7.00000000e+01	2.45266127e+05
7.10000000e+01	2.48774608e+05
7.20000000e+01	2.52283765e+05
7.30000000e+01	2.55794605e+05
7.40000000e+01	2.59305084e+05
7.50000000e+01	2.62818481e+05
7.60000000e+01	2.66332939e+05
7.70000000e+01	2.69849240e+05
7.80000000e+01	2.73365832e+05
7.90000000e+01	2.76885384e+05
8.00000000e+01	2.80406100e+05
8.10000000e+01	2.83929465e+05
8.20000000e+01	2.87453415e+05
8.30000000e+01	2.90980571e+05
8.40000000e+01	2.94509672e+05
8.50000000e+01	2.98041454e+05
8.60000000e+01	3.01574604e+05
8.70000000e+01	3.05111124e+05
8.80000000e+01	3.08650274e+05
8.90000000e+01	3.12192282e+05
9.00000000e+01	3.15736841e+05
9.10000000e+01	3.19284255e+05
9.20000000e+01	3.22835650e+05
9.30000000e+01	3.26389917e+05
9.40000000e+01	3.29947845e+05
9.50000000e+01	3.33508695e+05
9.60000000e+01	3.37074111e+05
9.70000000e+01	3.40643187e+05
9.80000000e+01	3.44216661e+05
9.90000000e+01	3.47793344e+05
1.00000000e+02	3.51375223e+05
1.01000000e+02	3.54961536e+05
1.02000000e+02	3.58552532e+05
1.03000000e+02	3.62148668e+05
1.04000000e+02	3.65748977e+05
1.05000000e+02	3.69355468e+05
1.06000000e+02	3.72966873e+05
1.07000000e+02	3.76584146e+05
1.08000000e+02	3.80207449e+05
1.09000000e+02	3.83835698e+05
1.10000000e+02	3.87471039e+05
1.11000000e+02	3.91112864e+05
1.12000000e+02	3.94760539e+05
1.13000000e+02	3.98415992e+05
1.14000000e+02	4.02077393e+05
1.15000000e+02	4.05746628e+05
1.16000000e+02	4.09423197e+05
1.17000000e+02	4.13107457e+05
1.18000000e+02	4.16799477e+05
1.19000000e+02	4.20500041e+05
1.20000000e+02	4.24208095e+05
1.21000000e+02	4.27925471e+05
1.22000000e+02	4.31651462e+05
1.23000000e+02	4.35383897e+05
1.24000000e+02	4.39130178e+05
1.25000000e+02	4.42884373e+05
1.26000000e+02	4.46648436e+05
1.27000000e+02	4.50422249e+05
1.28000000e+02	4.54206171e+05
1.29000000e+02	4.58001243e+05
1.30000000e+02	4.61806843e+05
1.31000000e+02	4.65623779e+05
1.32000000e+02	4.69451790e+05
1.33000000e+02	4.73292069e+05
1.34000000e+02	4.77144106e+05
1.35000000e+02	4.81008237e+05
1.36000000e+02	4.84885169e+05
1.37000000e+02	4.88774912e+05
1.38000000e+02	4.92677918e+05
1.39000000e+02	4.96594252e+05
1.40000000e+02	5.00524611e+05
1.41000000e+02	5.04468786e+05
1.42000000e+02	5.08427622e+05
1.43000000e+02	5.12401216e+05
1.44000000e+02	5.16389890e+05
1.45000000e+02	5.20393569e+05
1.46000000e+02	5.24413343e+05
1.47000000e+02	5.28449390e+05
1.48000000e+02	5.32501114e+05
1.49000000e+02	5.36570326e+05
1.50000000e+02	5.40656057e+05
1.51000000e+02	5.44759742e+05
1.52000000e+02	5.48880610e+05
1.53000000e+02	5.53020381e+05
1.54000000e+02	5.57176599e+05
1.55000000e+02	5.61353371e+05
1.56000000e+02	5.65550795e+05
1.57000000e+02	5.69766477e+05
1.58000000e+02	5.74002411e+05
1.59000000e+02	5.78258088e+05
1.60000000e+02	5.82535147e+05
1.61000000e+02	5.86833089e+05
1.62000000e+02	5.91152402e+05
1.63000000e+02	5.95493966e+05
1.64000000e+02	5.99857775e+05
1.65000000e+02	6.04244106e+05
1.66000000e+02	6.08653860e+05
1.67000000e+02	6.13086963e+05
1.68000000e+02	6.17544361e+05
1.69000000e+02	6.22025647e+05
1.70000000e+02	6.26532028e+05
1.71000000e+02	6.31063803e+05
1.72000000e+02	6.35620865e+05
1.73000000e+02	6.40204194e+05
1.74000000e+02	6.44814070e+05
1.75000000e+02	6.49450743e+05
1.76000000e+02	6.54115335e+05
1.77000000e+02	6.58807100e+05
1.78000000e+02	6.63527819e+05
1.79000000e+02	6.68276916e+05
1.80000000e+02	6.73054671e+05
1.81000000e+02	6.77861638e+05
1.82000000e+02	6.82701141e+05
1.83000000e+02	6.87570598e+05
1.84000000e+02	6.92470418e+05
1.85000000e+02	6.97401959e+05
1.86000000e+02	7.02365836e+05
1.87000000e+02	7.07362147e+05
1.88000000e+02	7.12391697e+05
1.89000000e+02	7.17454459e+05
1.90000000e+02	7.22551413e+05
1.91000000e+02	7.27682870e+05
1.92000000e+02	7.32849279e+05
1.93000000e+02	7.38051100e+05
1.94000000e+02	7.43289094e+05
1.95000000e+02	7.48563779e+05
1.96000000e+02	7.53875910e+05
1.97000000e+02	7.59225426e+05
1.98000000e+02	7.64613842e+05
1.99000000e+02	7.70040388e+05
2.00000000e+02	7.75506956e+05
2.01000000e+02	7.81012686e+05
2.02000000e+02	7.86558353e+05
2.03000000e+02	7.92147423e+05
2.04000000e+02	7.97776659e+05
2.05000000e+02	8.03448156e+05
2.06000000e+02	8.09162234e+05
2.07000000e+02	8.14919784e+05
2.08000000e+02	8.20720971e+05
2.09000000e+02	8.26566784e+05
2.10000000e+02	8.32457690e+05
2.11000000e+02	8.38394177e+05
2.12000000e+02	8.44376920e+05
2.13000000e+02	8.50406880e+05
2.14000000e+02	8.56484019e+05
2.15000000e+02	8.62609446e+05
2.16000000e+02	8.68783688e+05
2.17000000e+02	8.75007182e+05
2.18000000e+02	8.81280853e+05
2.19000000e+02	8.87604978e+05
2.20000000e+02	8.93981316e+05
2.21000000e+02	9.00408962e+05
2.22000000e+02	9.06889423e+05
2.23000000e+02	9.13423139e+05
2.24000000e+02	9.20010876e+05
2.25000000e+02	9.26653427e+05
2.26000000e+02	9.33351136e+05
2.27000000e+02	9.40105271e+05
2.28000000e+02	9.46915966e+05
2.29000000e+02	9.53784174e+05
2.30000000e+02	9.60710828e+05
2.31000000e+02	9.67696314e+05
2.32000000e+02	9.74741587e+05
2.33000000e+02	9.81847165e+05
2.34000000e+02	9.89013639e+05
2.35000000e+02	9.96242479e+05
2.36000000e+02	1.00353346e+06
2.37000000e+02	1.01088834e+06
2.38000000e+02	1.01830727e+06
2.39000000e+02	1.02579122e+06
2.40000000e+02	1.03334098e+06
2.41000000e+02	1.04095709e+06
2.42000000e+02	1.04864080e+06
2.43000000e+02	1.05639253e+06
2.44000000e+02	1.06421331e+06
2.45000000e+02	1.07210392e+06
2.46000000e+02	1.08006515e+06
2.47000000e+02	1.08809789e+06
2.48000000e+02	1.09620295e+06
2.49000000e+02	1.10438130e+06
2.50000000e+02	1.11263371e+06
2.51000000e+02	1.12096103e+06
2.52000000e+02	1.12936421e+06
2.53000000e+02	1.13784418e+06
2.54000000e+02	1.14640171e+06
2.55000000e+02	1.15503788e+06
2.56000000e+02	1.16375347e+06
2.57000000e+02	1.17254949e+06
2.58000000e+02	1.18142687e+06
2.59000000e+02	1.19038651e+06
2.60000000e+02	1.19942946e+06
2.61000000e+02	1.20855656e+06
2.62000000e+02	1.21776891e+06
2.63000000e+02	1.22706741e+06
2.64000000e+02	1.23645308e+06
2.65000000e+02	1.24592695e+06
2.66000000e+02	1.25549004e+06
2.67000000e+02	1.26514330e+06
2.68000000e+02	1.27488786e+06
2.69000000e+02	1.28472472e+06
2.70000000e+02	1.29465494e+06
2.71000000e+02	1.30467957e+06
2.72000000e+02	1.31479969e+06
2.73000000e+02	1.32501638e+06
2.74000000e+02	1.33533074e+06
2.75000000e+02	1.34574388e+06
2.76000000e+02	1.35625690e+06
2.77000000e+02	1.36687093e+06
2.78000000e+02	1.37758711e+06
2.79000000e+02	1.38840657e+06
2.80000000e+02	1.39933048e+06
2.81000000e+02	1.41036000e+06
2.82000000e+02	1.42149631e+06
2.83000000e+02	1.43274060e+06
2.84000000e+02	1.44409405e+06
2.85000000e+02	1.45555789e+06
2.86000000e+02	1.46713332e+06
2.87000000e+02	1.47882157e+06
2.88000000e+02	1.49062390e+06
2.89000000e+02	1.50254153e+06
2.90000000e+02	1.51457574e+06
2.91000000e+02	1.52672780e+06
2.92000000e+02	1.53899897e+06
2.93000000e+02	1.55139056e+06
2.94000000e+02	1.56390386e+06
2.95000000e+02	1.57654018e+06
2.96000000e+02	1.58930085e+06
2.97000000e+02	1.60218720e+06
2.98000000e+02	1.61520055e+06
2.99000000e+02	1.62834228e+06
3.00000000e+02	1.64161373e+06
3.01000000e+02	1.65501627e+06
3.02000000e+02	1.66855130e+06
3.03000000e+02	1.68222018e+06
3.04000000e+02	1.69602433e+06
3.05000000e+02	1.70996515e+06
3.06000000e+02	1.72404406e+06
3.07000000e+02	1.73826248e+06
3.08000000e+02	1.75262185e+06
3.09000000e+02	1.76712361e+06
3.10000000e+02	1.78176922e+06
3.11000000e+02	1.79656013e+06
3.12000000e+02	1.81149781e+06
3.13000000e+02	1.82658375e+06
3.14000000e+02	1.84181942e+06
3.15000000e+02	1.85720632e+06
3.16000000e+02	1.87274595e+06
3.17000000e+02	1.88843981e+06
3.18000000e+02	1.90428941e+06
3.19000000e+02	1.92029629e+06
3.20000000e+02	1.93646196e+06
3.21000000e+02	1.95278796e+06
3.22000000e+02	1.96927582e+06
3.23000000e+02	1.98592709e+06
3.24000000e+02	2.00274331e+06
3.25000000e+02	2.01972604e+06
3.26000000e+02	2.03687684e+06
3.27000000e+02	2.05419728e+06
3.28000000e+02	2.07168890e+06
3.29000000e+02	2.08935330e+06
3.30000000e+02	2.10719203e+06
3.31000000e+02	2.12520667e+06
3.32000000e+02	2.14339881e+06
3.33000000e+02	2.16177001e+06
3.34000000e+02	2.18032186e+06
3.35000000e+02	2.19905594e+06
3.36000000e+02	2.21797383e+06
3.37000000e+02	2.23707711e+06
3.38000000e+02	2.25636736e+06
3.39000000e+02	2.27584616e+06
3.40000000e+02	2.29551508e+06
3.41000000e+02	2.31537571e+06
3.42000000e+02	2.33542961e+06
3.43000000e+02	2.35567835e+06
3.44000000e+02	2.37612349e+06
3.45000000e+02	2.39676660e+06
3.46000000e+02	2.41760923e+06
3.47000000e+02	2.43865293e+06
3.48000000e+02	2.45989924e+06
3.49000000e+02	2.48134969e+06
3.50000000e+02	2.50300581e+06
3.51000000e+02	2.52486912e+06
3.52000000e+02	2.54694112e+06
3.53000000e+02	2.56922332e+06
3.54000000e+02	2.59171721e+06
3.55000000e+02	2.61442425e+06
3.56000000e+02	2.63734592e+06
3.57000000e+02	2.66048366e+06
3.58000000e+02	2.68383891e+06
3.59000000e+02	2.70741310e+06
3.60000000e+02	2.73120762e+06
3.61000000e+02	2.75522388e+06
3.62000000e+02	2.77946324e+06
3.63000000e+02	2.80392705e+06
3.64000000e+02	2.82861666e+06
3.65000000e+02	2.85353339e+06
3.66000000e+02	2.87867852e+06
3.67000000e+02	2.90405333e+06
3.68000000e+02	2.92965908e+06
3.69000000e+02	2.95549699e+06
3.70000000e+02	2.98156827e+06
3.71000000e+02	3.00787410e+06
3.72000000e+02	3.03441563e+06
3.73000000e+02	3.06119399e+06
3.74000000e+02	3.08821027e+06
3.75000000e+02	3.11546556e+06
3.76000000e+02	3.14296089e+06
3.77000000e+02	3.17069727e+06
3.78000000e+02	3.19867567e+06
3.79000000e+02	3.22689706e+06
3.80000000e+02	3.25536233e+06
3.81000000e+02	3.28407238e+06
3.82000000e+02	3.31302804e+06
3.83000000e+02	3.34223012e+06
3.84000000e+02	3.37167939e+06
3.85000000e+02	3.40137659e+06
3.86000000e+02	3.43132242e+06
3.87000000e+02	3.46151752e+06
3.88000000e+02	3.49196251e+06
3.89000000e+02	3.52265798e+06
3.90000000e+02	3.55360444e+06
3.91000000e+02	3.58480239e+06
3.92000000e+02	3.61625228e+06
3.93000000e+02	3.64795449e+06
3.94000000e+02	3.67990940e+06
3.95000000e+02	3.71211730e+06
3.96000000e+02	3.74457846e+06
3.97000000e+02	3.77729309e+06
3.98000000e+02	3.81026136e+06
3.99000000e+02	3.84348338e+06
4.00000000e+02	3.87695922e+06
4.01000000e+02	3.91068889e+06
4.02000000e+02	3.94467236e+06
4.03000000e+02	3.97890953e+06
4.04000000e+02	4.01340026e+06
4.05000000e+02	4.04814437e+06
4.06000000e+02	4.08314159e+06
4.07000000e+02	4.11839163e+06
4.08000000e+02	4.15389413e+06
4.09000000e+02	4.18964866e+06
4.10000000e+02	4.22565477e+06
4.11000000e+02	4.26191191e+06
4.12000000e+02	4.29841951e+06
4.13000000e+02	4.33517690e+06
4.14000000e+02	4.37218340e+06
4.15000000e+02	4.40943822e+06
4.16000000e+02	4.44694054e+06
4.17000000e+02	4.48468948e+06
4.18000000e+02	4.52268407e+06
4.19000000e+02	4.56092331e+06
4.20000000e+02	4.59940610e+06
4.21000000e+02	4.63813131e+06
4.22000000e+02	4.67709771e+06
4.23000000e+02	4.71630402e+06
4.24000000e+02	4.75574890e+06
4.25000000e+02	4.79543091e+06
4.26000000e+02	4.83534857e+06
4.27000000e+02	4.87550029e+06
4.28000000e+02	4.91588445e+06
4.29000000e+02	4.95649931e+06
4.30000000e+02	4.99734308e+06
4.31000000e+02	5.03841386e+06
4.32000000e+02	5.07970970e+06
4.33000000e+02	5.12122854e+06
4.34000000e+02	5.16296824e+06
4.35000000e+02	5.20492655e+06
4.36000000e+02	5.24710116e+06
4.37000000e+02	5.28948962e+06
4.38000000e+02	5.33208942e+06
4.39000000e+02	5.37489790e+06
4.40000000e+02	5.41791231e+06
4.41000000e+02	5.46112979e+06
4.42000000e+02	5.50454735e+06
4.43000000e+02	5.54816186e+06
4.44000000e+02	5.59197008e+06
4.45000000e+02	5.63596861e+06
4.46000000e+02	5.68015392e+06
4.47000000e+02	5.72452231e+06
4.48000000e+02	5.76906993e+06
4.49000000e+02	5.81379276e+06
4.50000000e+02	5.85868657e+06
4.51000000e+02	5.90374699e+06
4.52000000e+02	5.94896940e+06
4.53000000e+02	5.99434901e+06
4.54000000e+02	6.03988078e+06
4.55000000e+02	6.08555944e+06
4.56000000e+02	6.13137948e+06
4.57000000e+02	6.17733512e+06
4.58000000e+02	6.22342030e+06
4.59000000e+02	6.26962868e+06
4.60000000e+02	6.31595359e+06
4.61000000e+02	6.36238806e+06
4.62000000e+02	6.40892474e+06
4.63000000e+02	6.45555595e+06
4.64000000e+02	6.50227361e+06
4.65000000e+02	6.54906924e+06
4.66000000e+02	6.59593393e+06
4.67000000e+02	6.64285832e+06
4.68000000e+02	6.68983258e+06
4.69000000e+02	6.73684638e+06
4.70000000e+02	6.78388886e+06
4.71000000e+02	6.83094862e+06
4.72000000e+02	6.87801368e+06
4.73000000e+02	6.92507144e+06
4.74000000e+02	6.97210868e+06
4.75000000e+02	7.01911151e+06
4.76000000e+02	7.06606532e+06
4.77000000e+02	7.11295479e+06
4.78000000e+02	7.15976383e+06
4.79000000e+02	7.20647555e+06
4.80000000e+02	7.25307222e+06
4.81000000e+02	7.29953526e+06
4.82000000e+02	7.34584517e+06
4.83000000e+02	7.39198150e+06
4.84000000e+02	7.43792285e+06
4.85000000e+02	7.48364679e+06
4.86000000e+02	7.52912984e+06
4.87000000e+02	7.57434744e+06
4.88000000e+02	7.61927390e+06
4.89000000e+02	7.66388238e+06
4.90000000e+02	7.70814484e+06
4.91000000e+02	7.75203202e+06
4.92000000e+02	7.79551339e+06
4.93000000e+02	7.83855714e+06
4.94000000e+02	7.88113015e+06
4.95000000e+02	7.92319794e+06
4.96000000e+02	7.96472465e+06
4.97000000e+02	8.00567307e+06
4.98000000e+02	8.04600454e+06
4.99000000e+02	8.08567901e+06
5.00000000e+02	8.12465497e+06
5.01000000e+02	8.16288951e+06
5.02000000e+02	8.20033826e+06
5.03000000e+02	8.23695543e+06
5.04000000e+02	8.27269384e+06
5.05000000e+02	8.30750488e+06
5.06000000e+02	8.34133862e+06
5.07000000e+02	8.37414378e+06
5.08000000e+02	8.40586780e+06
5.09000000e+02	8.43645691e+06
5.10000000e+02	8.46585618e+06
5.11000000e+02	8.49400961e+06
5.12000000e+02	8.52086020e+06
5.13000000e+02	8.54635006e+06
5.14000000e+02	8.57042053e+06
5.15000000e+02	8.59301231e+06
5.16000000e+02	8.61406558e+06
5.17000000e+02	8.63352015e+06
5.18000000e+02	8.65131567e+06
5.19000000e+02	8.66739177e+06
5.20000000e+02	8.68168826e+06
5.21000000e+02	8.69414535e+06
5.22000000e+02	8.70470387e+06
5.23000000e+02	8.71330549e+06
5.24000000e+02	8.71989299e+06
5.25000000e+02	8.72441050e+06
5.26000000e+02	8.72680378e+06
5.27000000e+02	8.72702046e+06
5.28000000e+02	8.72501041e+06
5.29000000e+02	8.72072591e+06
5.30000000e+02	8.71412204e+06
5.31000000e+02	8.70515695e+06
5.32000000e+02	8.69379211e+06
5.33000000e+02	8.67999267e+06
5.34000000e+02	8.66372767e+06
5.35000000e+02	8.64497038e+06
5.36000000e+02	8.62369854e+06
5.37000000e+02	8.59989458e+06
5.38000000e+02	8.57354591e+06
5.39000000e+02	8.54464506e+06
5.40000000e+02	8.51318993e+06
5.41000000e+02	8.47918392e+06
5.42000000e+02	8.44263608e+06
5.43000000e+02	8.40356117e+06
5.44000000e+02	8.36197979e+06
5.45000000e+02	8.31791835e+06
5.46000000e+02	8.27140913e+06
5.47000000e+02	8.22249017e+06
5.48000000e+02	8.17120528e+06
5.49000000e+02	8.11760382e+06
5.50000000e+02	8.06174062e+06
5.51000000e+02	8.00367578e+06
5.52000000e+02	7.94347441e+06
5.53000000e+02	7.88120640e+06
5.54000000e+02	7.81694613e+06
5.55000000e+02	7.75077212e+06
5.56000000e+02	7.68276670e+06
5.57000000e+02	7.61301567e+06
5.58000000e+02	7.54160784e+06
5.59000000e+02	7.46863471e+06
5.60000000e+02	7.39418999e+06
5.61000000e+02	7.31836921e+06
5.62000000e+02	7.24126926e+06
5.63000000e+02	7.16298802e+06
5.64000000e+02	7.08362388e+06
5.65000000e+02	7.00327536e+06
5.66000000e+02	6.92204069e+06
5.67000000e+02	6.84001743e+06
5.68000000e+02	6.75730210e+06
5.69000000e+02	6.67398982e+06
5.70000000e+02	6.59017399e+06
5.71000000e+02	6.50594599e+06
5.72000000e+02	6.42139487e+06
5.73000000e+02	6.33660713e+06
5.74000000e+02	6.25166651e+06
5.75000000e+02	6.16665372e+06
5.76000000e+02	6.08164635e+06
5.77000000e+02	5.99671868e+06
5.78000000e+02	5.91194159e+06
5.79000000e+02	5.82738244e+06
5.80000000e+02	5.74310504e+06
5.81000000e+02	5.65916959e+06
5.82000000e+02	5.57563266e+06
5.83000000e+02	5.49254720e+06
5.84000000e+02	5.40996257e+06
5.85000000e+02	5.32792456e+06
5.86000000e+02	5.24647547e+06
5.87000000e+02	5.16565414e+06
5.88000000e+02	5.08549610e+06
5.89000000e+02	5.00603361e+06
5.90000000e+02	4.92729576e+06
5.91000000e+02	4.84930863e+06
5.92000000e+02	4.77209536e+06
5.93000000e+02	4.69567632e+06
5.94000000e+02	4.62006917e+06
5.95000000e+02	4.54528908e+06
5.96000000e+02	4.47134876e+06
5.97000000e+02	4.39825868e+06
5.98000000e+02	4.32602714e+06
5.99000000e+02	4.25466046e+06
6.00000000e+02	4.18416303e+06
6.01000000e+02	4.11453749e+06
6.02000000e+02	4.04578487e+06
6.03000000e+02	3.97790464e+06
6.04000000e+02	3.91089490e+06
6.05000000e+02	3.84475241e+06
6.06000000e+02	3.77947280e+06
6.07000000e+02	3.71505056e+06
6.08000000e+02	3.65147923e+06
6.09000000e+02	3.58875144e+06
6.10000000e+02	3.52685902e+06
6.11000000e+02	3.46579305e+06
6.12000000e+02	3.40554400e+06
6.13000000e+02	3.34610174e+06
6.14000000e+02	3.28745562e+06
6.15000000e+02	3.22959461e+06
6.16000000e+02	3.17250723e+06
6.17000000e+02	3.11618171e+06
6.18000000e+02	3.06060601e+06
6.19000000e+02	3.00576782e+06
6.20000000e+02	2.95165472e+06
6.21000000e+02	2.89825411e+06
6.22000000e+02	2.84555328e+06
6.23000000e+02	2.79353947e+06
6.24000000e+02	2.74219985e+06
6.25000000e+02	2.69152159e+06
6.26000000e+02	2.64149185e+06
6.27000000e+02	2.59209786e+06
6.28000000e+02	2.54332688e+06
6.29000000e+02	2.49516629e+06
6.30000000e+02	2.44760353e+06
6.31000000e+02	2.40062615e+06
6.32000000e+02	2.35422181e+06
6.33000000e+02	2.30837829e+06
6.34000000e+02	2.26308347e+06
6.35000000e+02	2.21832541e+06
6.36000000e+02	2.17409229e+06
6.37000000e+02	2.13037246e+06
6.38000000e+02	2.08715446e+06
6.39000000e+02	2.04442694e+06
6.40000000e+02	2.00217876e+06
6.41000000e+02	1.96039888e+06
6.42000000e+02	1.91907646e+06
6.43000000e+02	1.87820080e+06
6.44000000e+02	1.83776137e+06
6.45000000e+02	1.79774781e+06
6.46000000e+02	1.75814990e+06
6.47000000e+02	1.71895758e+06
6.48000000e+02	1.68016093e+06
6.49000000e+02	1.64175020e+06
6.50000000e+02	1.60371576e+06
6.51000000e+02	1.56604814e+06
6.52000000e+02	1.52873801e+06
6.53000000e+02	1.49177614e+06
6.54000000e+02	1.45515348e+06
6.55000000e+02	1.41886105e+06
6.56000000e+02	1.38289003e+06
6.57000000e+02	1.34723170e+06
6.58000000e+02	1.31187746e+06
6.59000000e+02	1.27681882e+06
6.60000000e+02	1.24204737e+06
6.61000000e+02	1.20755485e+06
6.62000000e+02	1.17333307e+06
6.63000000e+02	1.13937391e+06
6.64000000e+02	1.10566940e+06
6.65000000e+02	1.07221161e+06
6.66000000e+02	1.03899271e+06
6.67000000e+02	1.00600495e+06
6.68000000e+02	9.73240665e+05
6.69000000e+02	9.40692238e+05
6.70000000e+02	9.08352149e+05
6.71000000e+02	8.76212934e+05
6.72000000e+02	8.44267168e+05
6.73000000e+02	8.12507533e+05
6.74000000e+02	7.80926723e+05
6.75000000e+02	7.49517509e+05
6.76000000e+02	7.18272725e+05
6.77000000e+02	6.87185259e+05
6.78000000e+02	6.56248054e+05
6.79000000e+02	6.25454120e+05
6.80000000e+02	5.94796541e+05
6.81000000e+02	5.64268402e+05
6.82000000e+02	5.33862925e+05
6.83000000e+02	5.03573281e+05
6.84000000e+02	4.73392747e+05
6.85000000e+02	4.43314607e+05
6.86000000e+02	4.13332212e+05
6.87000000e+02	3.83438962e+05
6.88000000e+02	3.53628319e+05
6.89000000e+02	3.23893790e+05
6.90000000e+02	2.94228914e+05
6.91000000e+02	2.64627247e+05
6.92000000e+02	2.35082357e+05
6.93000000e+02	2.05587825e+05
6.94000000e+02	1.76137281e+05
6.95000000e+02	1.46724344e+05
6.96000000e+02	1.17344265e+05
6.97000000e+02	8.81114596e+04
6.98000000e+02	5.84057357e+04
6.99000000e+02	2.94439196e+04
7.00000000e+02	0.00000000e+00
