# Profil de FluxX au temps 5.000000000000045e-12 
# simu : /Volumes/MERCURE/JOBS/Zeq1_tanh_50mic_1p5e20_B0_20ps/GNU/FluxX@y-c.set
# col 0 : abscisse (um)
# col 1 : FluxX (W/cm2)
0.00000000e+00	0.00000000e+00
1.00000000e+00	3.07094680e+06
2.00000000e+00	5.96201403e+06
3.00000000e+00	9.35262695e+06
4.00000000e+00	1.23985557e+07
5.00000000e+00	1.54389986e+07
6.00000000e+00	1.84966363e+07
7.00000000e+00	2.15813957e+07
8.00000000e+00	2.46996528e+07
9.00000000e+00	2.78567574e+07
1.00000000e+01	3.10578440e+07
1.10000000e+01	3.43079050e+07
1.20000000e+01	3.76118335e+07
1.30000000e+01	4.09746753e+07
1.40000000e+01	4.44018372e+07
1.50000000e+01	4.78990132e+07
1.60000000e+01	5.14719440e+07
1.70000000e+01	5.51263228e+07
1.80000000e+01	5.88679318e+07
1.90000000e+01	6.27028187e+07
2.00000000e+01	6.66373375e+07
2.10000000e+01	7.06780739e+07
2.20000000e+01	7.48317312e+07
2.30000000e+01	7.91050851e+07
2.40000000e+01	8.35049977e+07
2.50000000e+01	8.80384664e+07
2.60000000e+01	9.27126770e+07
2.70000000e+01	9.75350379e+07
2.80000000e+01	1.02513209e+08
2.90000000e+01	1.07655113e+08
3.00000000e+01	1.12968946e+08
3.10000000e+01	1.18463188e+08
3.20000000e+01	1.24146612e+08
3.30000000e+01	1.30028299e+08
3.40000000e+01	1.36117647e+08
3.50000000e+01	1.42424388e+08
3.60000000e+01	1.48958599e+08
3.70000000e+01	1.55730725e+08
3.80000000e+01	1.62751588e+08
3.90000000e+01	1.70032410e+08
4.00000000e+01	1.77584823e+08
4.10000000e+01	1.85420895e+08
4.20000000e+01	1.93553145e+08
4.30000000e+01	2.01994563e+08
4.40000000e+01	2.10758635e+08
4.50000000e+01	2.19859356e+08
4.60000000e+01	2.29311260e+08
4.70000000e+01	2.39129439e+08
4.80000000e+01	2.49329571e+08
4.90000000e+01	2.59927937e+08
5.00000000e+01	2.70941459e+08
5.10000000e+01	2.82387714e+08
5.20000000e+01	2.94284972e+08
5.30000000e+01	3.06652221e+08
5.40000000e+01	3.19509194e+08
5.50000000e+01	3.32876409e+08
5.60000000e+01	3.46775192e+08
5.70000000e+01	3.61227718e+08
5.80000000e+01	3.76257041e+08
5.90000000e+01	3.91887132e+08
6.00000000e+01	4.08142919e+08
6.10000000e+01	4.25050322e+08
6.20000000e+01	4.42636301e+08
6.30000000e+01	4.60928886e+08
6.40000000e+01	4.79957232e+08
6.50000000e+01	4.99751662e+08
6.60000000e+01	5.20343711e+08
6.70000000e+01	5.41766184e+08
6.80000000e+01	5.64053189e+08
6.90000000e+01	5.87240214e+08
7.00000000e+01	6.11364164e+08
7.10000000e+01	6.36463431e+08
7.20000000e+01	6.62577947e+08
7.30000000e+01	6.89749249e+08
7.40000000e+01	7.18020541e+08
7.50000000e+01	7.47436764e+08
7.60000000e+01	7.78044671e+08
7.70000000e+01	8.09892890e+08
7.80000000e+01	8.43032009e+08
7.90000000e+01	8.77514647e+08
8.00000000e+01	9.13395539e+08
8.10000000e+01	9.50731627e+08
8.20000000e+01	9.89582139e+08
8.30000000e+01	1.03000869e+09
8.40000000e+01	1.07207536e+09
8.50000000e+01	1.11584882e+09
8.60000000e+01	1.16139841e+09
8.70000000e+01	1.20879627e+09
8.80000000e+01	1.25811743e+09
8.90000000e+01	1.30943991e+09
9.00000000e+01	1.36284491e+09
9.10000000e+01	1.41841683e+09
9.20000000e+01	1.47624350e+09
9.30000000e+01	1.53641623e+09
9.40000000e+01	1.59903002e+09
9.50000000e+01	1.66418365e+09
9.60000000e+01	1.73197983e+09
9.70000000e+01	1.80252541e+09
9.80000000e+01	1.87593147e+09
9.90000000e+01	1.95231352e+09
1.00000000e+02	2.03179169e+09
1.01000000e+02	2.11449085e+09
1.02000000e+02	2.20054087e+09
1.03000000e+02	2.29007675e+09
1.04000000e+02	2.38323886e+09
1.05000000e+02	2.48017312e+09
1.06000000e+02	2.58103124e+09
1.07000000e+02	2.68597091e+09
1.08000000e+02	2.79515608e+09
1.09000000e+02	2.90875715e+09
1.10000000e+02	3.02695125e+09
1.11000000e+02	3.14992247e+09
1.12000000e+02	3.27786216e+09
1.13000000e+02	3.41096918e+09
1.14000000e+02	3.54945021e+09
1.15000000e+02	3.69351999e+09
1.16000000e+02	3.84340171e+09
1.17000000e+02	3.99932725e+09
1.18000000e+02	4.16153753e+09
1.19000000e+02	4.33028286e+09
1.20000000e+02	4.50582329e+09
1.21000000e+02	4.68842893e+09
1.22000000e+02	4.87838039e+09
1.23000000e+02	5.07596907e+09
1.24000000e+02	5.28149766e+09
1.25000000e+02	5.49528047e+09
1.26000000e+02	5.71764390e+09
1.27000000e+02	5.94892683e+09
1.28000000e+02	6.18948113e+09
1.29000000e+02	6.43967206e+09
1.30000000e+02	6.69987882e+09
1.31000000e+02	6.97049495e+09
1.32000000e+02	7.25192893e+09
1.33000000e+02	7.54460466e+09
1.34000000e+02	7.84896199e+09
1.35000000e+02	8.16545729e+09
1.36000000e+02	8.49456403e+09
1.37000000e+02	8.83677335e+09
1.38000000e+02	9.19259468e+09
1.39000000e+02	9.56255634e+09
1.40000000e+02	9.94720619e+09
1.41000000e+02	1.03471123e+10
1.42000000e+02	1.07628636e+10
1.43000000e+02	1.11950707e+10
1.44000000e+02	1.16443661e+10
1.45000000e+02	1.21114058e+10
1.46000000e+02	1.25968693e+10
1.47000000e+02	1.31014605e+10
1.48000000e+02	1.36259089e+10
1.49000000e+02	1.41709697e+10
1.50000000e+02	1.47374253e+10
1.51000000e+02	1.53260858e+10
1.52000000e+02	1.59377899e+10
1.53000000e+02	1.65734058e+10
1.54000000e+02	1.72338320e+10
1.55000000e+02	1.79199984e+10
1.56000000e+02	1.86328671e+10
1.57000000e+02	1.93734333e+10
1.58000000e+02	2.01427265e+10
1.59000000e+02	2.09418112e+10
1.60000000e+02	2.17717882e+10
1.61000000e+02	2.26337953e+10
1.62000000e+02	2.35290087e+10
1.63000000e+02	2.44586436e+10
1.64000000e+02	2.54239558e+10
1.65000000e+02	2.64262423e+10
1.66000000e+02	2.74668428e+10
1.67000000e+02	2.85471405e+10
1.68000000e+02	2.96685634e+10
1.69000000e+02	3.08325856e+10
1.70000000e+02	3.20407280e+10
1.71000000e+02	3.32945597e+10
1.72000000e+02	3.45956995e+10
1.73000000e+02	3.59458165e+10
1.74000000e+02	3.73466317e+10
1.75000000e+02	3.87999190e+10
1.76000000e+02	4.03075064e+10
1.77000000e+02	4.18712774e+10
1.78000000e+02	4.34931719e+10
1.79000000e+02	4.51751877e+10
1.80000000e+02	4.69193814e+10
1.81000000e+02	4.87278698e+10
1.82000000e+02	5.06028309e+10
1.83000000e+02	5.25465055e+10
1.84000000e+02	5.45611977e+10
1.85000000e+02	5.66492765e+10
1.86000000e+02	5.88131769e+10
1.87000000e+02	6.10554009e+10
1.88000000e+02	6.33785185e+10
1.89000000e+02	6.57851692e+10
1.90000000e+02	6.82780622e+10
1.91000000e+02	7.08599785e+10
1.92000000e+02	7.35337708e+10
1.93000000e+02	7.63023651e+10
1.94000000e+02	7.91687615e+10
1.95000000e+02	8.21360349e+10
1.96000000e+02	8.52073356e+10
1.97000000e+02	8.83858906e+10
1.98000000e+02	9.16750039e+10
1.99000000e+02	9.50780570e+10
2.00000000e+02	9.85985100e+10
2.01000000e+02	1.02239901e+11
2.02000000e+02	1.06005849e+11
2.03000000e+02	1.09900051e+11
2.04000000e+02	1.13926284e+11
2.05000000e+02	1.18088405e+11
2.06000000e+02	1.22390352e+11
2.07000000e+02	1.26836143e+11
2.08000000e+02	1.31429875e+11
2.09000000e+02	1.36175725e+11
2.10000000e+02	1.41077951e+11
2.11000000e+02	1.46140889e+11
2.12000000e+02	1.51368955e+11
2.13000000e+02	1.56766642e+11
2.14000000e+02	1.62338520e+11
2.15000000e+02	1.68089236e+11
2.16000000e+02	1.74023514e+11
2.17000000e+02	1.80146151e+11
2.18000000e+02	1.86462017e+11
2.19000000e+02	1.92976056e+11
2.20000000e+02	1.99693279e+11
2.21000000e+02	2.06618768e+11
2.22000000e+02	2.13757672e+11
2.23000000e+02	2.21115204e+11
2.24000000e+02	2.28696641e+11
2.25000000e+02	2.36507319e+11
2.26000000e+02	2.44552634e+11
2.27000000e+02	2.52838037e+11
2.28000000e+02	2.61369032e+11
2.29000000e+02	2.70151172e+11
2.30000000e+02	2.79190059e+11
2.31000000e+02	2.88491337e+11
2.32000000e+02	2.98060692e+11
2.33000000e+02	3.07903846e+11
2.34000000e+02	3.18026555e+11
2.35000000e+02	3.28434604e+11
2.36000000e+02	3.39133803e+11
2.37000000e+02	3.50129984e+11
2.38000000e+02	3.61428995e+11
2.39000000e+02	3.73036697e+11
2.40000000e+02	3.84958959e+11
2.41000000e+02	3.97201653e+11
2.42000000e+02	4.09770648e+11
2.43000000e+02	4.22671807e+11
2.44000000e+02	4.35910980e+11
2.45000000e+02	4.49493999e+11
2.46000000e+02	4.63426675e+11
2.47000000e+02	4.77714786e+11
2.48000000e+02	4.92364078e+11
2.49000000e+02	5.07380258e+11
2.50000000e+02	5.22768982e+11
2.51000000e+02	5.38535858e+11
2.52000000e+02	5.54686431e+11
2.53000000e+02	5.71226184e+11
2.54000000e+02	5.88160526e+11
2.55000000e+02	6.05494789e+11
2.56000000e+02	6.23234220e+11
2.57000000e+02	6.41383974e+11
2.58000000e+02	6.59949110e+11
2.59000000e+02	6.78934581e+11
2.60000000e+02	6.98345227e+11
2.61000000e+02	7.18185773e+11
2.62000000e+02	7.38460816e+11
2.63000000e+02	7.59174823e+11
2.64000000e+02	7.80332120e+11
2.65000000e+02	8.01936891e+11
2.66000000e+02	8.23993165e+11
2.67000000e+02	8.46504811e+11
2.68000000e+02	8.69475537e+11
2.69000000e+02	8.92908873e+11
2.70000000e+02	9.16808174e+11
2.71000000e+02	9.41176607e+11
2.72000000e+02	9.66017150e+11
2.73000000e+02	9.91332579e+11
2.74000000e+02	1.01712547e+12
2.75000000e+02	1.04339818e+12
2.76000000e+02	1.07015287e+12
2.77000000e+02	1.09739144e+12
2.78000000e+02	1.12511561e+12
2.79000000e+02	1.15332684e+12
2.80000000e+02	1.18202634e+12
2.81000000e+02	1.21121511e+12
2.82000000e+02	1.24089386e+12
2.83000000e+02	1.27106308e+12
2.84000000e+02	1.30172299e+12
2.85000000e+02	1.33287355e+12
2.86000000e+02	1.36451445e+12
2.87000000e+02	1.39664511e+12
2.88000000e+02	1.42926468e+12
2.89000000e+02	1.46237202e+12
2.90000000e+02	1.49596573e+12
2.91000000e+02	1.53004411e+12
2.92000000e+02	1.56460519e+12
2.93000000e+02	1.59964670e+12
2.94000000e+02	1.63516609e+12
2.95000000e+02	1.67116050e+12
2.96000000e+02	1.70762680e+12
2.97000000e+02	1.74456155e+12
2.98000000e+02	1.78196103e+12
2.99000000e+02	1.81982122e+12
3.00000000e+02	1.85813779e+12
3.01000000e+02	1.89690614e+12
3.02000000e+02	1.93612136e+12
3.03000000e+02	1.97577825e+12
3.04000000e+02	2.01587132e+12
3.05000000e+02	2.05639479e+12
3.06000000e+02	2.09734259e+12
3.07000000e+02	2.13870835e+12
3.08000000e+02	2.18048545e+12
3.09000000e+02	2.22266695e+12
3.10000000e+02	2.26524566e+12
3.11000000e+02	2.30821409e+12
3.12000000e+02	2.35156451e+12
3.13000000e+02	2.39528889e+12
3.14000000e+02	2.43937897e+12
3.15000000e+02	2.48382619e+12
3.16000000e+02	2.52862177e+12
3.17000000e+02	2.57375667e+12
3.18000000e+02	2.61922162e+12
3.19000000e+02	2.66500708e+12
3.20000000e+02	2.71110330e+12
3.21000000e+02	2.75750031e+12
3.22000000e+02	2.80418791e+12
3.23000000e+02	2.85115569e+12
3.24000000e+02	2.89839303e+12
3.25000000e+02	2.94588911e+12
3.26000000e+02	2.99363294e+12
3.27000000e+02	3.04161330e+12
3.28000000e+02	3.08981884e+12
3.29000000e+02	3.13823801e+12
3.30000000e+02	3.18685911e+12
3.31000000e+02	3.23567029e+12
3.32000000e+02	3.28465954e+12
3.33000000e+02	3.33381473e+12
3.34000000e+02	3.38312358e+12
3.35000000e+02	3.43257370e+12
3.36000000e+02	3.48215260e+12
3.37000000e+02	3.53184765e+12
3.38000000e+02	3.58164617e+12
3.39000000e+02	3.63153535e+12
3.40000000e+02	3.68150234e+12
3.41000000e+02	3.73153417e+12
3.42000000e+02	3.78161786e+12
3.43000000e+02	3.83174035e+12
3.44000000e+02	3.88188852e+12
3.45000000e+02	3.93204925e+12
3.46000000e+02	3.98220936e+12
3.47000000e+02	4.03235567e+12
3.48000000e+02	4.08247496e+12
3.49000000e+02	4.13255404e+12
3.50000000e+02	4.18257969e+12
3.51000000e+02	4.23253873e+12
3.52000000e+02	4.28241796e+12
3.53000000e+02	4.33220425e+12
3.54000000e+02	4.38188446e+12
3.55000000e+02	4.43144552e+12
3.56000000e+02	4.48087438e+12
3.57000000e+02	4.53015806e+12
3.58000000e+02	4.57928362e+12
3.59000000e+02	4.62823819e+12
3.60000000e+02	4.67700899e+12
3.61000000e+02	4.72558326e+12
3.62000000e+02	4.77394838e+12
3.63000000e+02	4.82209176e+12
3.64000000e+02	4.87000092e+12
3.65000000e+02	4.91766348e+12
3.66000000e+02	4.96506712e+12
3.67000000e+02	5.01219965e+12
3.68000000e+02	5.05904895e+12
3.69000000e+02	5.10560302e+12
3.70000000e+02	5.15184994e+12
3.71000000e+02	5.19777792e+12
3.72000000e+02	5.24337525e+12
3.73000000e+02	5.28863033e+12
3.74000000e+02	5.33353165e+12
3.75000000e+02	5.37806783e+12
3.76000000e+02	5.42222757e+12
3.77000000e+02	5.46599966e+12
3.78000000e+02	5.50937299e+12
3.79000000e+02	5.55233656e+12
3.80000000e+02	5.59487944e+12
3.81000000e+02	5.63699079e+12
3.82000000e+02	5.67865984e+12
3.83000000e+02	5.71987591e+12
3.84000000e+02	5.76062837e+12
3.85000000e+02	5.80090667e+12
3.86000000e+02	5.84070031e+12
3.87000000e+02	5.87999883e+12
3.88000000e+02	5.91879181e+12
3.89000000e+02	5.95706887e+12
3.90000000e+02	5.99481965e+12
3.91000000e+02	6.03203380e+12
3.92000000e+02	6.06870098e+12
3.93000000e+02	6.10481084e+12
3.94000000e+02	6.14035300e+12
3.95000000e+02	6.17531708e+12
3.96000000e+02	6.20969265e+12
3.97000000e+02	6.24346921e+12
3.98000000e+02	6.27663623e+12
3.99000000e+02	6.30918310e+12
4.00000000e+02	6.34109910e+12
4.01000000e+02	6.37237345e+12
4.02000000e+02	6.40299523e+12
4.03000000e+02	6.43295343e+12
4.04000000e+02	6.46223689e+12
4.05000000e+02	6.49083432e+12
4.06000000e+02	6.51873425e+12
4.07000000e+02	6.54592508e+12
4.08000000e+02	6.57239502e+12
4.09000000e+02	6.59813210e+12
4.10000000e+02	6.62312414e+12
4.11000000e+02	6.64735879e+12
4.12000000e+02	6.67082347e+12
4.13000000e+02	6.69350538e+12
4.14000000e+02	6.71539152e+12
4.15000000e+02	6.73646864e+12
4.16000000e+02	6.75672328e+12
4.17000000e+02	6.77614173e+12
4.18000000e+02	6.79471006e+12
4.19000000e+02	6.81241411e+12
4.20000000e+02	6.82923946e+12
4.21000000e+02	6.84517148e+12
4.22000000e+02	6.86019533e+12
4.23000000e+02	6.87429592e+12
4.24000000e+02	6.88745797e+12
4.25000000e+02	6.89966599e+12
4.26000000e+02	6.91090431e+12
4.27000000e+02	6.92115706e+12
4.28000000e+02	6.93040824e+12
4.29000000e+02	6.93864168e+12
4.30000000e+02	6.94584110e+12
4.31000000e+02	6.95199009e+12
4.32000000e+02	6.95707219e+12
4.33000000e+02	6.96107085e+12
4.34000000e+02	6.96396952e+12
4.35000000e+02	6.96575161e+12
4.36000000e+02	6.96640059e+12
4.37000000e+02	6.96589997e+12
4.38000000e+02	6.96423337e+12
4.39000000e+02	6.96138451e+12
4.40000000e+02	6.95733730e+12
4.41000000e+02	6.95207585e+12
4.42000000e+02	6.94558451e+12
4.43000000e+02	6.93784793e+12
4.44000000e+02	6.92885108e+12
4.45000000e+02	6.91857932e+12
4.46000000e+02	6.90701842e+12
4.47000000e+02	6.89415462e+12
4.48000000e+02	6.87997471e+12
4.49000000e+02	6.86446600e+12
4.50000000e+02	6.84761647e+12
4.51000000e+02	6.82941474e+12
4.52000000e+02	6.80985015e+12
4.53000000e+02	6.78891286e+12
4.54000000e+02	6.76659380e+12
4.55000000e+02	6.74288482e+12
4.56000000e+02	6.71777870e+12
4.57000000e+02	6.69126920e+12
4.58000000e+02	6.66335114e+12
4.59000000e+02	6.63402043e+12
4.60000000e+02	6.60327412e+12
4.61000000e+02	6.57111047e+12
4.62000000e+02	6.53752899e+12
4.63000000e+02	6.50253051e+12
4.64000000e+02	6.46611719e+12
4.65000000e+02	6.42829262e+12
4.66000000e+02	6.38906181e+12
4.67000000e+02	6.34843128e+12
4.68000000e+02	6.30640909e+12
4.69000000e+02	6.26300488e+12
4.70000000e+02	6.21822988e+12
4.71000000e+02	6.17209701e+12
4.72000000e+02	6.12462082e+12
4.73000000e+02	6.07581761e+12
4.74000000e+02	6.02570539e+12
4.75000000e+02	5.97430392e+12
4.76000000e+02	5.92163472e+12
4.77000000e+02	5.86772107e+12
4.78000000e+02	5.81258803e+12
4.79000000e+02	5.75626239e+12
4.80000000e+02	5.69877273e+12
4.81000000e+02	5.64014931e+12
4.82000000e+02	5.58042410e+12
4.83000000e+02	5.51963071e+12
4.84000000e+02	5.45780437e+12
4.85000000e+02	5.39498184e+12
4.86000000e+02	5.33120135e+12
4.87000000e+02	5.26650253e+12
4.88000000e+02	5.20092632e+12
4.89000000e+02	5.13451486e+12
4.90000000e+02	5.06731139e+12
4.91000000e+02	4.99936014e+12
4.92000000e+02	4.93070616e+12
4.93000000e+02	4.86139526e+12
4.94000000e+02	4.79147377e+12
4.95000000e+02	4.72098850e+12
4.96000000e+02	4.64998648e+12
4.97000000e+02	4.57851488e+12
4.98000000e+02	4.50662082e+12
4.99000000e+02	4.43435121e+12
5.00000000e+02	4.36175258e+12
5.01000000e+02	4.28887095e+12
5.02000000e+02	4.21575168e+12
5.03000000e+02	4.14243928e+12
5.04000000e+02	4.06897735e+12
5.05000000e+02	3.99540840e+12
5.06000000e+02	3.92177373e+12
5.07000000e+02	3.84811341e+12
5.08000000e+02	3.77446608e+12
5.09000000e+02	3.70086901e+12
5.10000000e+02	3.62735793e+12
5.11000000e+02	3.55396709e+12
5.12000000e+02	3.48072920e+12
5.13000000e+02	3.40767544e+12
5.14000000e+02	3.33483549e+12
5.15000000e+02	3.26223755e+12
5.16000000e+02	3.18990843e+12
5.17000000e+02	3.11787358e+12
5.18000000e+02	3.04615724e+12
5.19000000e+02	2.97478244e+12
5.20000000e+02	2.90377124e+12
5.21000000e+02	2.83314473e+12
5.22000000e+02	2.76292327e+12
5.23000000e+02	2.69312656e+12
5.24000000e+02	2.62377380e+12
5.25000000e+02	2.55488388e+12
5.26000000e+02	2.48647547e+12
5.27000000e+02	2.41856722e+12
5.28000000e+02	2.35117790e+12
5.29000000e+02	2.28432652e+12
5.30000000e+02	2.21803249e+12
5.31000000e+02	2.15231575e+12
5.32000000e+02	2.08719689e+12
5.33000000e+02	2.02269725e+12
5.34000000e+02	1.95883903e+12
5.35000000e+02	1.89564536e+12
5.36000000e+02	1.83314037e+12
5.37000000e+02	1.77134921e+12
5.38000000e+02	1.71029811e+12
5.39000000e+02	1.65001439e+12
5.40000000e+02	1.59052638e+12
5.41000000e+02	1.53186345e+12
5.42000000e+02	1.47405589e+12
5.43000000e+02	1.41713488e+12
5.44000000e+02	1.36113231e+12
5.45000000e+02	1.30608067e+12
5.46000000e+02	1.25201290e+12
5.47000000e+02	1.19896220e+12
5.48000000e+02	1.14696180e+12
5.49000000e+02	1.09604477e+12
5.50000000e+02	1.04624374e+12
5.51000000e+02	9.97590652e+11
5.52000000e+02	9.50116516e+11
5.53000000e+02	9.03851087e+11
5.54000000e+02	8.58822605e+11
5.55000000e+02	8.15057500e+11
5.56000000e+02	7.72580108e+11
5.57000000e+02	7.31412401e+11
5.58000000e+02	6.91573717e+11
5.59000000e+02	6.53080517e+11
5.60000000e+02	6.15946160e+11
5.61000000e+02	5.80180703e+11
5.62000000e+02	5.45790731e+11
5.63000000e+02	5.12779219e+11
5.64000000e+02	4.81145436e+11
5.65000000e+02	4.50884875e+11
5.66000000e+02	4.21989239e+11
5.67000000e+02	3.94446452e+11
5.68000000e+02	3.68240722e+11
5.69000000e+02	3.43352637e+11
5.70000000e+02	3.19759309e+11
5.71000000e+02	2.97434539e+11
5.72000000e+02	2.76349032e+11
5.73000000e+02	2.56470628e+11
5.74000000e+02	2.37764568e+11
5.75000000e+02	2.20193777e+11
5.76000000e+02	2.03719161e+11
5.77000000e+02	1.88299919e+11
5.78000000e+02	1.73893860e+11
5.79000000e+02	1.60457722e+11
5.80000000e+02	1.47947485e+11
5.81000000e+02	1.36318680e+11
5.82000000e+02	1.25526680e+11
5.83000000e+02	1.15526985e+11
5.84000000e+02	1.06275484e+11
5.85000000e+02	9.77286903e+10
5.86000000e+02	8.98439657e+10
5.87000000e+02	8.25797131e+10
5.88000000e+02	7.58955471e+10
5.89000000e+02	6.97524387e+10
5.90000000e+02	6.41128363e+10
5.91000000e+02	5.89407618e+10
5.92000000e+02	5.42018844e+10
5.93000000e+02	4.98635715e+10
5.94000000e+02	4.58949203e+10
5.95000000e+02	4.22667702e+10
5.96000000e+02	3.89516986e+10
5.97000000e+02	3.59240017e+10
5.98000000e+02	3.31596623e+10
5.99000000e+02	3.06363062e+10
6.00000000e+02	2.83331488e+10
6.01000000e+02	2.62309371e+10
6.02000000e+02	2.43118818e+10
6.03000000e+02	2.25595862e+10
6.04000000e+02	2.09589743e+10
6.05000000e+02	1.94962140e+10
6.06000000e+02	1.81586420e+10
6.07000000e+02	1.69346875e+10
6.08000000e+02	1.58137977e+10
6.09000000e+02	1.47863647e+10
6.10000000e+02	1.38436553e+10
6.11000000e+02	1.29777427e+10
6.12000000e+02	1.21814419e+10
6.13000000e+02	1.14482484e+10
6.14000000e+02	1.07722800e+10
6.15000000e+02	1.01482224e+10
6.16000000e+02	9.57127849e+09
6.17000000e+02	9.03712124e+09
6.18000000e+02	8.54184961e+09
6.19000000e+02	8.08194834e+09
6.20000000e+02	7.65425081e+09
6.21000000e+02	7.25590494e+09
6.22000000e+02	6.88434215e+09
6.23000000e+02	6.53724894e+09
6.24000000e+02	6.21254119e+09
6.25000000e+02	5.90834075e+09
6.26000000e+02	5.62295433e+09
6.27000000e+02	5.35485439e+09
6.28000000e+02	5.10266198e+09
6.29000000e+02	4.86513122e+09
6.30000000e+02	4.64113541e+09
6.31000000e+02	4.42965462e+09
6.32000000e+02	4.22976447e+09
6.33000000e+02	4.04062619e+09
6.34000000e+02	3.86147766e+09
6.35000000e+02	3.69162549e+09
6.36000000e+02	3.53043790e+09
6.37000000e+02	3.37733840e+09
6.38000000e+02	3.23180013e+09
6.39000000e+02	3.09334085e+09
6.40000000e+02	2.96151846e+09
6.41000000e+02	2.83592698e+09
6.42000000e+02	2.71619299e+09
6.43000000e+02	2.60197243e+09
6.44000000e+02	2.49294776e+09
6.45000000e+02	2.38882537e+09
6.46000000e+02	2.28933326e+09
6.47000000e+02	2.19421902e+09
6.48000000e+02	2.10324794e+09
6.49000000e+02	2.01620130e+09
6.50000000e+02	1.93287493e+09
6.51000000e+02	1.85307783e+09
6.52000000e+02	1.77663092e+09
6.53000000e+02	1.70336604e+09
6.54000000e+02	1.63312494e+09
6.55000000e+02	1.56575839e+09
6.56000000e+02	1.50112547e+09
6.57000000e+02	1.43909286e+09
6.58000000e+02	1.37953422e+09
6.59000000e+02	1.32232965e+09
6.60000000e+02	1.26736516e+09
6.61000000e+02	1.21453225e+09
6.62000000e+02	1.16372745e+09
6.63000000e+02	1.11485198e+09
6.64000000e+02	1.06781133e+09
6.65000000e+02	1.02251499e+09
6.66000000e+02	9.78876072e+08
6.67000000e+02	9.36811081e+08
6.68000000e+02	8.96239597e+08
6.69000000e+02	8.57084038e+08
6.70000000e+02	8.19269411e+08
6.71000000e+02	7.82723084e+08
6.72000000e+02	7.47374579e+08
6.73000000e+02	7.13155347e+08
6.74000000e+02	6.79998586e+08
6.75000000e+02	6.47839049e+08
6.76000000e+02	6.16612881e+08
6.77000000e+02	5.86257433e+08
6.78000000e+02	5.56711129e+08
6.79000000e+02	5.27913318e+08
6.80000000e+02	4.99804148e+08
6.81000000e+02	4.72324462e+08
6.82000000e+02	4.45415715e+08
6.83000000e+02	4.19019917e+08
6.84000000e+02	3.93079640e+08
6.85000000e+02	3.67538087e+08
6.86000000e+02	3.42339202e+08
6.87000000e+02	3.17427866e+08
6.88000000e+02	2.92750176e+08
6.89000000e+02	2.68253879e+08
6.90000000e+02	2.43888998e+08
6.91000000e+02	2.19608610e+08
6.92000000e+02	1.95369775e+08
6.93000000e+02	1.71134670e+08
6.94000000e+02	1.46871867e+08
6.95000000e+02	1.22557737e+08
6.96000000e+02	9.81777395e+07
6.97000000e+02	7.37267575e+07
6.98000000e+02	4.91719423e+07
6.99000000e+02	2.45954470e+07
7.00000000e+02	0.00000000e+00
