# Profil de FluxX au temps 3.000000000000013e-12 
# simu : /Volumes/MERCURE/JOBS/Zeq1_tanh_50mic_1p5e20_B0_20ps/GNU/FluxX@y-c.set
# col 0 : abscisse (um)
# col 1 : FluxX (W/cm2)
0.00000000e+00	0.00000000e+00
1.00000000e+00	4.10711577e+05
2.00000000e+00	6.29499323e+05
3.00000000e+00	1.32181315e+06
4.00000000e+00	1.67833789e+06
5.00000000e+00	2.01450661e+06
6.00000000e+00	2.34667117e+06
7.00000000e+00	2.68027581e+06
8.00000000e+00	3.01724886e+06
9.00000000e+00	3.35839911e+06
1.00000000e+01	3.70432366e+06
1.10000000e+01	4.05559790e+06
1.20000000e+01	4.41281126e+06
1.30000000e+01	4.77655978e+06
1.40000000e+01	5.14744777e+06
1.50000000e+01	5.52609449e+06
1.60000000e+01	5.91312123e+06
1.70000000e+01	6.30916860e+06
1.80000000e+01	6.71488557e+06
1.90000000e+01	7.13093559e+06
2.00000000e+01	7.55799110e+06
2.10000000e+01	7.99673925e+06
2.20000000e+01	8.44787609e+06
2.30000000e+01	8.91210916e+06
2.40000000e+01	9.39015923e+06
2.50000000e+01	9.88276533e+06
2.60000000e+01	1.03906841e+07
2.70000000e+01	1.09146961e+07
2.80000000e+01	1.14556139e+07
2.90000000e+01	1.20142822e+07
3.00000000e+01	1.25915878e+07
3.10000000e+01	1.31884619e+07
3.20000000e+01	1.38058797e+07
3.30000000e+01	1.44448672e+07
3.40000000e+01	1.51064952e+07
3.50000000e+01	1.57918804e+07
3.60000000e+01	1.65021781e+07
3.70000000e+01	1.72385825e+07
3.80000000e+01	1.80023208e+07
3.90000000e+01	1.87946525e+07
4.00000000e+01	1.96168693e+07
4.10000000e+01	2.04702977e+07
4.20000000e+01	2.13562981e+07
4.30000000e+01	2.22762737e+07
4.40000000e+01	2.32316696e+07
4.50000000e+01	2.42239835e+07
4.60000000e+01	2.52547716e+07
4.70000000e+01	2.63256531e+07
4.80000000e+01	2.74383175e+07
4.90000000e+01	2.85945327e+07
5.00000000e+01	2.97961546e+07
5.10000000e+01	3.10451280e+07
5.20000000e+01	3.23434999e+07
5.30000000e+01	3.36934172e+07
5.40000000e+01	3.50971310e+07
5.50000000e+01	3.65569964e+07
5.60000000e+01	3.80754656e+07
5.70000000e+01	3.96550903e+07
5.80000000e+01	4.12985124e+07
5.90000000e+01	4.30084586e+07
6.00000000e+01	4.47877419e+07
6.10000000e+01	4.66392515e+07
6.20000000e+01	4.85659657e+07
6.30000000e+01	5.05709426e+07
6.40000000e+01	5.26573358e+07
6.50000000e+01	5.48284004e+07
6.60000000e+01	5.70875090e+07
6.70000000e+01	5.94381633e+07
6.80000000e+01	6.18840094e+07
6.90000000e+01	6.44288531e+07
7.00000000e+01	6.70766674e+07
7.10000000e+01	6.98316083e+07
7.20000000e+01	7.26980201e+07
7.30000000e+01	7.56804440e+07
7.40000000e+01	7.87836221e+07
7.50000000e+01	8.20125032e+07
7.60000000e+01	8.53722467e+07
7.70000000e+01	8.88682286e+07
7.80000000e+01	9.25060529e+07
7.90000000e+01	9.62915489e+07
8.00000000e+01	1.00230786e+08
8.10000000e+01	1.04330081e+08
8.20000000e+01	1.08596007e+08
8.30000000e+01	1.13035400e+08
8.40000000e+01	1.17655381e+08
8.50000000e+01	1.22463351e+08
8.60000000e+01	1.27467015e+08
8.70000000e+01	1.32674390e+08
8.80000000e+01	1.38093819e+08
8.90000000e+01	1.43733982e+08
9.00000000e+01	1.49603913e+08
9.10000000e+01	1.55713012e+08
9.20000000e+01	1.62071062e+08
9.30000000e+01	1.68688241e+08
9.40000000e+01	1.75575144e+08
9.50000000e+01	1.82742797e+08
9.60000000e+01	1.90202669e+08
9.70000000e+01	1.97966704e+08
9.80000000e+01	2.06047326e+08
9.90000000e+01	2.14457468e+08
1.00000000e+02	2.23210589e+08
1.01000000e+02	2.32320695e+08
1.02000000e+02	2.41802364e+08
1.03000000e+02	2.51670768e+08
1.04000000e+02	2.61941697e+08
1.05000000e+02	2.72631584e+08
1.06000000e+02	2.83757532e+08
1.07000000e+02	2.95337340e+08
1.08000000e+02	3.07389533e+08
1.09000000e+02	3.19933392e+08
1.10000000e+02	3.32988981e+08
1.11000000e+02	3.46577183e+08
1.12000000e+02	3.60719729e+08
1.13000000e+02	3.75439240e+08
1.14000000e+02	3.90759255e+08
1.15000000e+02	4.06704274e+08
1.16000000e+02	4.23299791e+08
1.17000000e+02	4.40572344e+08
1.18000000e+02	4.58549549e+08
1.19000000e+02	4.77260146e+08
1.20000000e+02	4.96734049e+08
1.21000000e+02	5.17002388e+08
1.22000000e+02	5.38097561e+08
1.23000000e+02	5.60053289e+08
1.24000000e+02	5.82904662e+08
1.25000000e+02	6.06688205e+08
1.26000000e+02	6.31441928e+08
1.27000000e+02	6.57205386e+08
1.28000000e+02	6.84019750e+08
1.29000000e+02	7.11927866e+08
1.30000000e+02	7.40974324e+08
1.31000000e+02	7.71205533e+08
1.32000000e+02	8.02669788e+08
1.33000000e+02	8.35417352e+08
1.34000000e+02	8.69500534e+08
1.35000000e+02	9.04973772e+08
1.36000000e+02	9.41893721e+08
1.37000000e+02	9.80319341e+08
1.38000000e+02	1.02031199e+09
1.39000000e+02	1.06193553e+09
1.40000000e+02	1.10525641e+09
1.41000000e+02	1.15034379e+09
1.42000000e+02	1.19726963e+09
1.43000000e+02	1.24610885e+09
1.44000000e+02	1.29693938e+09
1.45000000e+02	1.34984233e+09
1.46000000e+02	1.40490212e+09
1.47000000e+02	1.46220659e+09
1.48000000e+02	1.52184714e+09
1.49000000e+02	1.58391891e+09
1.50000000e+02	1.64852089e+09
1.51000000e+02	1.71575607e+09
1.52000000e+02	1.78573167e+09
1.53000000e+02	1.85855922e+09
1.54000000e+02	1.93435480e+09
1.55000000e+02	2.01323920e+09
1.56000000e+02	2.09533810e+09
1.57000000e+02	2.18078228e+09
1.58000000e+02	2.26970785e+09
1.59000000e+02	2.36225639e+09
1.60000000e+02	2.45857527e+09
1.61000000e+02	2.55881780e+09
1.62000000e+02	2.66314351e+09
1.63000000e+02	2.77171838e+09
1.64000000e+02	2.88471514e+09
1.65000000e+02	3.00231349e+09
1.66000000e+02	3.12470039e+09
1.67000000e+02	3.25207038e+09
1.68000000e+02	3.38462587e+09
1.69000000e+02	3.52257743e+09
1.70000000e+02	3.66614416e+09
1.71000000e+02	3.81555399e+09
1.72000000e+02	3.97104406e+09
1.73000000e+02	4.13286108e+09
1.74000000e+02	4.30126171e+09
1.75000000e+02	4.47651295e+09
1.76000000e+02	4.65889256e+09
1.77000000e+02	4.84868949e+09
1.78000000e+02	5.04620432e+09
1.79000000e+02	5.25174972e+09
1.80000000e+02	5.46565093e+09
1.81000000e+02	5.68824626e+09
1.82000000e+02	5.91988759e+09
1.83000000e+02	6.16094095e+09
1.84000000e+02	6.41178701e+09
1.85000000e+02	6.67282174e+09
1.86000000e+02	6.94445692e+09
1.87000000e+02	7.22712084e+09
1.88000000e+02	7.52125889e+09
1.89000000e+02	7.82733427e+09
1.90000000e+02	8.14582865e+09
1.91000000e+02	8.47724292e+09
1.92000000e+02	8.82209792e+09
1.93000000e+02	9.18093523e+09
1.94000000e+02	9.55431795e+09
1.95000000e+02	9.94283155e+09
1.96000000e+02	1.03470847e+10
1.97000000e+02	1.07677103e+10
1.98000000e+02	1.12053662e+10
1.99000000e+02	1.16607363e+10
2.00000000e+02	1.21345314e+10
2.01000000e+02	1.26274905e+10
2.02000000e+02	1.31403816e+10
2.03000000e+02	1.36740029e+10
2.04000000e+02	1.42291840e+10
2.05000000e+02	1.48067871e+10
2.06000000e+02	1.54077078e+10
2.07000000e+02	1.60328772e+10
2.08000000e+02	1.66832623e+10
2.09000000e+02	1.73598680e+10
2.10000000e+02	1.80637381e+10
2.11000000e+02	1.87959570e+10
2.12000000e+02	1.95576512e+10
2.13000000e+02	2.03499904e+10
2.14000000e+02	2.11741896e+10
2.15000000e+02	2.20315106e+10
2.16000000e+02	2.29232636e+10
2.17000000e+02	2.38508087e+10
2.18000000e+02	2.48155583e+10
2.19000000e+02	2.58189783e+10
2.20000000e+02	2.68625906e+10
2.21000000e+02	2.79479744e+10
2.22000000e+02	2.90767687e+10
2.23000000e+02	3.02506744e+10
2.24000000e+02	3.14714559e+10
2.25000000e+02	3.27409438e+10
2.26000000e+02	3.40610370e+10
2.27000000e+02	3.54337049e+10
2.28000000e+02	3.68609898e+10
2.29000000e+02	3.83450093e+10
2.30000000e+02	3.98879589e+10
2.31000000e+02	4.14921142e+10
2.32000000e+02	4.31598341e+10
2.33000000e+02	4.48935627e+10
2.34000000e+02	4.66958326e+10
2.35000000e+02	4.85692672e+10
2.36000000e+02	5.05165841e+10
2.37000000e+02	5.25405972e+10
2.38000000e+02	5.46442204e+10
2.39000000e+02	5.68304699e+10
2.40000000e+02	5.91024676e+10
2.41000000e+02	6.14634443e+10
2.42000000e+02	6.39167422e+10
2.43000000e+02	6.64658186e+10
2.44000000e+02	6.91142490e+10
2.45000000e+02	7.18657301e+10
2.46000000e+02	7.47240832e+10
2.47000000e+02	7.76932574e+10
2.48000000e+02	8.07773329e+10
2.49000000e+02	8.39805243e+10
2.50000000e+02	8.73071840e+10
2.51000000e+02	9.07618054e+10
2.52000000e+02	9.43490262e+10
2.53000000e+02	9.80736317e+10
2.54000000e+02	1.01940558e+11
2.55000000e+02	1.05954896e+11
2.56000000e+02	1.10121894e+11
2.57000000e+02	1.14446958e+11
2.58000000e+02	1.18935663e+11
2.59000000e+02	1.23593746e+11
2.60000000e+02	1.28427116e+11
2.61000000e+02	1.33441853e+11
2.62000000e+02	1.38644216e+11
2.63000000e+02	1.44040637e+11
2.64000000e+02	1.49637732e+11
2.65000000e+02	1.55442299e+11
2.66000000e+02	1.61461322e+11
2.67000000e+02	1.67701972e+11
2.68000000e+02	1.74171608e+11
2.69000000e+02	1.80877783e+11
2.70000000e+02	1.87828241e+11
2.71000000e+02	1.95030918e+11
2.72000000e+02	2.02493948e+11
2.73000000e+02	2.10225658e+11
2.74000000e+02	2.18234574e+11
2.75000000e+02	2.26529416e+11
2.76000000e+02	2.35119101e+11
2.77000000e+02	2.44012740e+11
2.78000000e+02	2.53219641e+11
2.79000000e+02	2.62749304e+11
2.80000000e+02	2.72611422e+11
2.81000000e+02	2.82815877e+11
2.82000000e+02	2.93372738e+11
2.83000000e+02	3.04292259e+11
2.84000000e+02	3.15584873e+11
2.85000000e+02	3.27261192e+11
2.86000000e+02	3.39331998e+11
2.87000000e+02	3.51808244e+11
2.88000000e+02	3.64701039e+11
2.89000000e+02	3.78021653e+11
2.90000000e+02	3.91781501e+11
2.91000000e+02	4.05992140e+11
2.92000000e+02	4.20665262e+11
2.93000000e+02	4.35812680e+11
2.94000000e+02	4.51446325e+11
2.95000000e+02	4.67578233e+11
2.96000000e+02	4.84220533e+11
2.97000000e+02	5.01385439e+11
2.98000000e+02	5.19085235e+11
2.99000000e+02	5.37332263e+11
3.00000000e+02	5.56138910e+11
3.01000000e+02	5.75517594e+11
3.02000000e+02	5.95480749e+11
3.03000000e+02	6.16040809e+11
3.04000000e+02	6.37210191e+11
3.05000000e+02	6.59001280e+11
3.06000000e+02	6.81426409e+11
3.07000000e+02	7.04497842e+11
3.08000000e+02	7.28227754e+11
3.09000000e+02	7.52628215e+11
3.10000000e+02	7.77711163e+11
3.11000000e+02	8.03488388e+11
3.12000000e+02	8.29971510e+11
3.13000000e+02	8.57171954e+11
3.14000000e+02	8.85100931e+11
3.15000000e+02	9.13769412e+11
3.16000000e+02	9.43188107e+11
3.17000000e+02	9.73367437e+11
3.18000000e+02	1.00431752e+12
3.19000000e+02	1.03604812e+12
3.20000000e+02	1.06856866e+12
3.21000000e+02	1.10188816e+12
3.22000000e+02	1.13601525e+12
3.23000000e+02	1.17095810e+12
3.24000000e+02	1.20672442e+12
3.25000000e+02	1.24332144e+12
3.26000000e+02	1.28075587e+12
3.27000000e+02	1.31903388e+12
3.28000000e+02	1.35816106e+12
3.29000000e+02	1.39814243e+12
3.30000000e+02	1.43898236e+12
3.31000000e+02	1.48068461e+12
3.32000000e+02	1.52325225e+12
3.33000000e+02	1.56668766e+12
3.34000000e+02	1.61099250e+12
3.35000000e+02	1.65616770e+12
3.36000000e+02	1.70221343e+12
3.37000000e+02	1.74912905e+12
3.38000000e+02	1.79691313e+12
3.39000000e+02	1.84556342e+12
3.40000000e+02	1.89507681e+12
3.41000000e+02	1.94544933e+12
3.42000000e+02	1.99667612e+12
3.43000000e+02	2.04875142e+12
3.44000000e+02	2.10166856e+12
3.45000000e+02	2.15541993e+12
3.46000000e+02	2.20999698e+12
3.47000000e+02	2.26539021e+12
3.48000000e+02	2.32158912e+12
3.49000000e+02	2.37858227e+12
3.50000000e+02	2.43635721e+12
3.51000000e+02	2.49490050e+12
3.52000000e+02	2.55419770e+12
3.53000000e+02	2.61423337e+12
3.54000000e+02	2.67499105e+12
3.55000000e+02	2.73645327e+12
3.56000000e+02	2.79860157e+12
3.57000000e+02	2.86141647e+12
3.58000000e+02	2.92487747e+12
3.59000000e+02	2.98896309e+12
3.60000000e+02	3.05365084e+12
3.61000000e+02	3.11891725e+12
3.62000000e+02	3.18473787e+12
3.63000000e+02	3.25108727e+12
3.64000000e+02	3.31793908e+12
3.65000000e+02	3.38526596e+12
3.66000000e+02	3.45303965e+12
3.67000000e+02	3.52123099e+12
3.68000000e+02	3.58980989e+12
3.69000000e+02	3.65874540e+12
3.70000000e+02	3.72800570e+12
3.71000000e+02	3.79755814e+12
3.72000000e+02	3.86736924e+12
3.73000000e+02	3.93740473e+12
3.74000000e+02	4.00762955e+12
3.75000000e+02	4.07800792e+12
3.76000000e+02	4.14850332e+12
3.77000000e+02	4.21907853e+12
3.78000000e+02	4.28969568e+12
3.79000000e+02	4.36031625e+12
3.80000000e+02	4.43090110e+12
3.81000000e+02	4.50141053e+12
3.82000000e+02	4.57180427e+12
3.83000000e+02	4.64204155e+12
3.84000000e+02	4.71208109e+12
3.85000000e+02	4.78188116e+12
3.86000000e+02	4.85139961e+12
3.87000000e+02	4.92059390e+12
3.88000000e+02	4.98942111e+12
3.89000000e+02	5.05783802e+12
3.90000000e+02	5.12580109e+12
3.91000000e+02	5.19326652e+12
3.92000000e+02	5.26019030e+12
3.93000000e+02	5.32652821e+12
3.94000000e+02	5.39223586e+12
3.95000000e+02	5.45726872e+12
3.96000000e+02	5.52158218e+12
3.97000000e+02	5.58513155e+12
3.98000000e+02	5.64787211e+12
3.99000000e+02	5.70975911e+12
4.00000000e+02	5.77074784e+12
4.01000000e+02	5.83079365e+12
4.02000000e+02	5.88985196e+12
4.03000000e+02	5.94787830e+12
4.04000000e+02	6.00482835e+12
4.05000000e+02	6.06065794e+12
4.06000000e+02	6.11532311e+12
4.07000000e+02	6.16878013e+12
4.08000000e+02	6.22098548e+12
4.09000000e+02	6.27189594e+12
4.10000000e+02	6.32146859e+12
4.11000000e+02	6.36966080e+12
4.12000000e+02	6.41643032e+12
4.13000000e+02	6.46173525e+12
4.14000000e+02	6.50553406e+12
4.15000000e+02	6.54778565e+12
4.16000000e+02	6.58844937e+12
4.17000000e+02	6.62748498e+12
4.18000000e+02	6.66485273e+12
4.19000000e+02	6.70051339e+12
4.20000000e+02	6.73442822e+12
4.21000000e+02	6.76655900e+12
4.22000000e+02	6.79686811e+12
4.23000000e+02	6.82531847e+12
4.24000000e+02	6.85187361e+12
4.25000000e+02	6.87649769e+12
4.26000000e+02	6.89915551e+12
4.27000000e+02	6.91981253e+12
4.28000000e+02	6.93843492e+12
4.29000000e+02	6.95498955e+12
4.30000000e+02	6.96944405e+12
4.31000000e+02	6.98176684e+12
4.32000000e+02	6.99192712e+12
4.33000000e+02	6.99989495e+12
4.34000000e+02	7.00564128e+12
4.35000000e+02	7.00913795e+12
4.36000000e+02	7.01035779e+12
4.37000000e+02	7.00927462e+12
4.38000000e+02	7.00586330e+12
4.39000000e+02	7.00009982e+12
4.40000000e+02	6.99196131e+12
4.41000000e+02	6.98142612e+12
4.42000000e+02	6.96847387e+12
4.43000000e+02	6.95308554e+12
4.44000000e+02	6.93524352e+12
4.45000000e+02	6.91493168e+12
4.46000000e+02	6.89213547e+12
4.47000000e+02	6.86684199e+12
4.48000000e+02	6.83904007e+12
4.49000000e+02	6.80872037e+12
4.50000000e+02	6.77587548e+12
4.51000000e+02	6.74050001e+12
4.52000000e+02	6.70259068e+12
4.53000000e+02	6.66214647e+12
4.54000000e+02	6.61916866e+12
4.55000000e+02	6.57366101e+12
4.56000000e+02	6.52562983e+12
4.57000000e+02	6.47508411e+12
4.58000000e+02	6.42203563e+12
4.59000000e+02	6.36649908e+12
4.60000000e+02	6.30849217e+12
4.61000000e+02	6.24803574e+12
4.62000000e+02	6.18515391e+12
4.63000000e+02	6.11987412e+12
4.64000000e+02	6.05222732e+12
4.65000000e+02	5.98224797e+12
4.66000000e+02	5.90997424e+12
4.67000000e+02	5.83544801e+12
4.68000000e+02	5.75871500e+12
4.69000000e+02	5.67982483e+12
4.70000000e+02	5.59883106e+12
4.71000000e+02	5.51579124e+12
4.72000000e+02	5.43076697e+12
4.73000000e+02	5.34382388e+12
4.74000000e+02	5.25503168e+12
4.75000000e+02	5.16446410e+12
4.76000000e+02	5.07219890e+12
4.77000000e+02	4.97831780e+12
4.78000000e+02	4.88290643e+12
4.79000000e+02	4.78605426e+12
4.80000000e+02	4.68785447e+12
4.81000000e+02	4.58840387e+12
4.82000000e+02	4.48780272e+12
4.83000000e+02	4.38615463e+12
4.84000000e+02	4.28356635e+12
4.85000000e+02	4.18014761e+12
4.86000000e+02	4.07601091e+12
4.87000000e+02	3.97127129e+12
4.88000000e+02	3.86604614e+12
4.89000000e+02	3.76045491e+12
4.90000000e+02	3.65461891e+12
4.91000000e+02	3.54866101e+12
4.92000000e+02	3.44270538e+12
4.93000000e+02	3.33687718e+12
4.94000000e+02	3.23130234e+12
4.95000000e+02	3.12610719e+12
4.96000000e+02	3.02141816e+12
4.97000000e+02	2.91736151e+12
4.98000000e+02	2.81406296e+12
4.99000000e+02	2.71164735e+12
5.00000000e+02	2.61023834e+12
5.01000000e+02	2.50995801e+12
5.02000000e+02	2.41092652e+12
5.03000000e+02	2.31326169e+12
5.04000000e+02	2.21707867e+12
5.05000000e+02	2.12248949e+12
5.06000000e+02	2.02960265e+12
5.07000000e+02	1.93852270e+12
5.08000000e+02	1.84934980e+12
5.09000000e+02	1.76217930e+12
5.10000000e+02	1.67710122e+12
5.11000000e+02	1.59419987e+12
5.12000000e+02	1.51355335e+12
5.13000000e+02	1.43523314e+12
5.14000000e+02	1.35930364e+12
5.15000000e+02	1.28582179e+12
5.16000000e+02	1.21483665e+12
5.17000000e+02	1.14638911e+12
5.18000000e+02	1.08051151e+12
5.19000000e+02	1.01722746e+12
5.20000000e+02	9.56551625e+11
5.21000000e+02	8.98489572e+11
5.22000000e+02	8.43037764e+11
5.23000000e+02	7.90183569e+11
5.24000000e+02	7.39905383e+11
5.25000000e+02	6.92172830e+11
5.26000000e+02	6.46947057e+11
5.27000000e+02	6.04181115e+11
5.28000000e+02	5.63820422e+11
5.29000000e+02	5.25803312e+11
5.30000000e+02	4.90061645e+11
5.31000000e+02	4.56521493e+11
5.32000000e+02	4.25103873e+11
5.33000000e+02	3.95725512e+11
5.34000000e+02	3.68299653e+11
5.35000000e+02	3.42736863e+11
5.36000000e+02	3.18945846e+11
5.37000000e+02	2.96834235e+11
5.38000000e+02	2.76309363e+11
5.39000000e+02	2.57278987e+11
5.40000000e+02	2.39651968e+11
5.41000000e+02	2.23338885e+11
5.42000000e+02	2.08252587e+11
5.43000000e+02	1.94308672e+11
5.44000000e+02	1.81425892e+11
5.45000000e+02	1.69526487e+11
5.46000000e+02	1.58536433e+11
5.47000000e+02	1.48385634e+11
5.48000000e+02	1.39008034e+11
5.49000000e+02	1.30341676e+11
5.50000000e+02	1.22328695e+11
5.51000000e+02	1.14915271e+11
5.52000000e+02	1.08051532e+11
5.53000000e+02	1.01691429e+11
5.54000000e+02	9.57925747e+10
5.55000000e+02	9.03160635e+10
5.56000000e+02	8.52262803e+10
5.57000000e+02	8.04906924e+10
5.58000000e+02	7.60796408e+10
5.59000000e+02	7.19661293e+10
5.60000000e+02	6.81256167e+10
5.61000000e+02	6.45358148e+10
5.62000000e+02	6.11764952e+10
5.63000000e+02	5.80293046e+10
5.64000000e+02	5.50775929e+10
5.65000000e+02	5.23062510e+10
5.66000000e+02	4.97015626e+10
5.67000000e+02	4.72510672e+10
5.68000000e+02	4.49434345e+10
5.69000000e+02	4.27683515e+10
5.70000000e+02	4.07164193e+10
5.71000000e+02	3.87790606e+10
5.72000000e+02	3.69484367e+10
5.73000000e+02	3.52173731e+10
5.74000000e+02	3.35792928e+10
5.75000000e+02	3.20281570e+10
5.76000000e+02	3.05584122e+10
5.77000000e+02	2.91649433e+10
5.78000000e+02	2.78430314e+10
5.79000000e+02	2.65883164e+10
5.80000000e+02	2.53967640e+10
5.81000000e+02	2.42646357e+10
5.82000000e+02	2.31884627e+10
5.83000000e+02	2.21650216e+10
5.84000000e+02	2.11913136e+10
5.85000000e+02	2.02645455e+10
5.86000000e+02	1.93821123e+10
5.87000000e+02	1.85415821e+10
5.88000000e+02	1.77406817e+10
5.89000000e+02	1.69772847e+10
5.90000000e+02	1.62493998e+10
5.91000000e+02	1.55551602e+10
5.92000000e+02	1.48928148e+10
5.93000000e+02	1.42607192e+10
5.94000000e+02	1.36573281e+10
5.95000000e+02	1.30811884e+10
5.96000000e+02	1.25309320e+10
5.97000000e+02	1.20052708e+10
5.98000000e+02	1.15029903e+10
5.99000000e+02	1.10229453e+10
6.00000000e+02	1.05640549e+10
6.01000000e+02	1.01252983e+10
6.02000000e+02	9.70571071e+09
6.03000000e+02	9.30438025e+09
6.04000000e+02	8.92044403e+09
6.05000000e+02	8.55308533e+09
6.06000000e+02	8.20153067e+09
6.07000000e+02	7.86504713e+09
6.08000000e+02	7.54293991e+09
6.09000000e+02	7.23455005e+09
6.10000000e+02	6.93925222e+09
6.11000000e+02	6.65645282e+09
6.12000000e+02	6.38558809e+09
6.13000000e+02	6.12612237e+09
6.14000000e+02	5.87754654e+09
6.15000000e+02	5.63937649e+09
6.16000000e+02	5.41115173e+09
6.17000000e+02	5.19243405e+09
6.18000000e+02	4.98280634e+09
6.19000000e+02	4.78187141e+09
6.20000000e+02	4.58925093e+09
6.21000000e+02	4.40458440e+09
6.22000000e+02	4.22752825e+09
6.23000000e+02	4.05775488e+09
6.24000000e+02	3.89495190e+09
6.25000000e+02	3.73882129e+09
6.26000000e+02	3.58907870e+09
6.27000000e+02	3.44545272e+09
6.28000000e+02	3.30768426e+09
6.29000000e+02	3.17552591e+09
6.30000000e+02	3.04874137e+09
6.31000000e+02	2.92710489e+09
6.32000000e+02	2.81040077e+09
6.33000000e+02	2.69842287e+09
6.34000000e+02	2.59097411e+09
6.35000000e+02	2.48786609e+09
6.36000000e+02	2.38891863e+09
6.37000000e+02	2.29395941e+09
6.38000000e+02	2.20282358e+09
6.39000000e+02	2.11535342e+09
6.40000000e+02	2.03139799e+09
6.41000000e+02	1.95081284e+09
6.42000000e+02	1.87345967e+09
6.43000000e+02	1.79920607e+09
6.44000000e+02	1.72792524e+09
6.45000000e+02	1.65949569e+09
6.46000000e+02	1.59380100e+09
6.47000000e+02	1.53072959e+09
6.48000000e+02	1.47017439e+09
6.49000000e+02	1.41203265e+09
6.50000000e+02	1.35620563e+09
6.51000000e+02	1.30259833e+09
6.52000000e+02	1.25111923e+09
6.53000000e+02	1.20167996e+09
6.54000000e+02	1.15419497e+09
6.55000000e+02	1.10858125e+09
6.56000000e+02	1.06475799e+09
6.57000000e+02	1.02264627e+09
6.58000000e+02	9.82168831e+08
6.59000000e+02	9.43249841e+08
6.60000000e+02	9.05814837e+08
6.61000000e+02	8.69790754e+08
6.62000000e+02	8.35106084e+08
6.63000000e+02	8.01691204e+08
6.64000000e+02	7.69478832e+08
6.65000000e+02	7.38404531e+08
6.66000000e+02	7.08407249e+08
6.67000000e+02	6.79429747e+08
6.68000000e+02	6.51418848e+08
6.69000000e+02	6.24325446e+08
6.70000000e+02	5.98104169e+08
6.71000000e+02	5.72712789e+08
6.72000000e+02	5.48111372e+08
6.73000000e+02	5.24261300e+08
6.74000000e+02	5.01124310e+08
6.75000000e+02	4.78661648e+08
6.76000000e+02	4.56833457e+08
6.77000000e+02	4.35598457e+08
6.78000000e+02	4.14913827e+08
6.79000000e+02	3.94735320e+08
6.80000000e+02	3.75017416e+08
6.81000000e+02	3.55713474e+08
6.82000000e+02	3.36775791e+08
6.83000000e+02	3.18155567e+08
6.84000000e+02	2.99802796e+08
6.85000000e+02	2.81666125e+08
6.86000000e+02	2.63692717e+08
6.87000000e+02	2.45828143e+08
6.88000000e+02	2.28016390e+08
6.89000000e+02	2.10199978e+08
6.90000000e+02	1.92320309e+08
6.91000000e+02	1.74318344e+08
6.92000000e+02	1.56135781e+08
6.93000000e+02	1.37716947e+08
6.94000000e+02	1.19011711e+08
6.95000000e+02	9.99797711e+07
6.96000000e+02	8.05966426e+07
6.97000000e+02	6.08608282e+07
6.98000000e+02	4.07678453e+07
6.99000000e+02	2.04491051e+07
7.00000000e+02	0.00000000e+00
