# Profil de FluxX au temps 2.000999999999940e-11 
# simu : /Volumes/MERCURE/JOBS/Zeq1_tanh_50mic_1p5e20_B0_20ps/GNU/FluxX@y-c.set
# col 0 : abscisse (um)
# col 1 : FluxX (W/cm2)
0.00000000e+00	0.00000000e+00
1.00000000e+00	1.37804218e+10
2.00000000e+00	2.75603017e+10
3.00000000e+00	4.13399787e+10
4.00000000e+00	5.51182974e+10
5.00000000e+00	6.88952123e+10
6.00000000e+00	8.26704085e+10
7.00000000e+00	9.64435484e+10
8.00000000e+00	1.10214294e+11
9.00000000e+00	1.23982307e+11
1.00000000e+01	1.37747250e+11
1.10000000e+01	1.51508787e+11
1.20000000e+01	1.65266578e+11
1.30000000e+01	1.79020291e+11
1.40000000e+01	1.92769593e+11
1.50000000e+01	2.06514151e+11
1.60000000e+01	2.20253637e+11
1.70000000e+01	2.33987719e+11
1.80000000e+01	2.47716073e+11
1.90000000e+01	2.61438371e+11
2.00000000e+01	2.75154293e+11
2.10000000e+01	2.88863513e+11
2.20000000e+01	3.02565718e+11
2.30000000e+01	3.16260591e+11
2.40000000e+01	3.29947816e+11
2.50000000e+01	3.43627084e+11
2.60000000e+01	3.57298085e+11
2.70000000e+01	3.70960516e+11
2.80000000e+01	3.84614068e+11
2.90000000e+01	3.98258443e+11
3.00000000e+01	4.11893344e+11
3.10000000e+01	4.25518473e+11
3.20000000e+01	4.39133546e+11
3.30000000e+01	4.52738274e+11
3.40000000e+01	4.66332370e+11
3.50000000e+01	4.79915558e+11
3.60000000e+01	4.93487559e+11
3.70000000e+01	5.07048095e+11
3.80000000e+01	5.20596897e+11
3.90000000e+01	5.34133706e+11
4.00000000e+01	5.47658257e+11
4.10000000e+01	5.61170290e+11
4.20000000e+01	5.74669559e+11
4.30000000e+01	5.88155805e+11
4.40000000e+01	6.01628783e+11
4.50000000e+01	6.15088259e+11
4.60000000e+01	6.28533998e+11
4.70000000e+01	6.41965760e+11
4.80000000e+01	6.55383322e+11
4.90000000e+01	6.68786457e+11
5.00000000e+01	6.82174953e+11
5.10000000e+01	6.95548598e+11
5.20000000e+01	7.08907177e+11
5.30000000e+01	7.22250490e+11
5.40000000e+01	7.35578333e+11
5.50000000e+01	7.48890520e+11
5.60000000e+01	7.62186866e+11
5.70000000e+01	7.75467177e+11
5.80000000e+01	7.88731273e+11
5.90000000e+01	8.01978988e+11
6.00000000e+01	8.15210158e+11
6.10000000e+01	8.28424618e+11
6.20000000e+01	8.41622201e+11
6.30000000e+01	8.54802757e+11
6.40000000e+01	8.67966154e+11
6.50000000e+01	8.81112244e+11
6.60000000e+01	8.94240882e+11
6.70000000e+01	9.07351940e+11
6.80000000e+01	9.20445308e+11
6.90000000e+01	9.33520861e+11
7.00000000e+01	9.46578472e+11
7.10000000e+01	9.59618041e+11
7.20000000e+01	9.72639477e+11
7.30000000e+01	9.85642679e+11
7.40000000e+01	9.98627542e+11
7.50000000e+01	1.01159399e+12
7.60000000e+01	1.02454196e+12
7.70000000e+01	1.03747136e+12
7.80000000e+01	1.05038212e+12
7.90000000e+01	1.06327418e+12
8.00000000e+01	1.07614750e+12
8.10000000e+01	1.08900201e+12
8.20000000e+01	1.10183766e+12
8.30000000e+01	1.11465443e+12
8.40000000e+01	1.12745228e+12
8.50000000e+01	1.14023118e+12
8.60000000e+01	1.15299109e+12
8.70000000e+01	1.16573203e+12
8.80000000e+01	1.17845396e+12
8.90000000e+01	1.19115688e+12
9.00000000e+01	1.20384080e+12
9.10000000e+01	1.21650571e+12
9.20000000e+01	1.22915163e+12
9.30000000e+01	1.24177858e+12
9.40000000e+01	1.25438658e+12
9.50000000e+01	1.26697565e+12
9.60000000e+01	1.27954583e+12
9.70000000e+01	1.29209716e+12
9.80000000e+01	1.30462968e+12
9.90000000e+01	1.31714343e+12
1.00000000e+02	1.32963848e+12
1.01000000e+02	1.34211490e+12
1.02000000e+02	1.35457270e+12
1.03000000e+02	1.36701189e+12
1.04000000e+02	1.37943251e+12
1.05000000e+02	1.39183468e+12
1.06000000e+02	1.40421852e+12
1.07000000e+02	1.41658410e+12
1.08000000e+02	1.42893151e+12
1.09000000e+02	1.44126087e+12
1.10000000e+02	1.45357218e+12
1.11000000e+02	1.46586554e+12
1.12000000e+02	1.47814117e+12
1.13000000e+02	1.49039916e+12
1.14000000e+02	1.50263965e+12
1.15000000e+02	1.51486279e+12
1.16000000e+02	1.52706868e+12
1.17000000e+02	1.53925746e+12
1.18000000e+02	1.55142926e+12
1.19000000e+02	1.56358427e+12
1.20000000e+02	1.57572258e+12
1.21000000e+02	1.58784434e+12
1.22000000e+02	1.59994975e+12
1.23000000e+02	1.61203897e+12
1.24000000e+02	1.62411209e+12
1.25000000e+02	1.63616931e+12
1.26000000e+02	1.64821085e+12
1.27000000e+02	1.66023682e+12
1.28000000e+02	1.67224737e+12
1.29000000e+02	1.68424276e+12
1.30000000e+02	1.69622313e+12
1.31000000e+02	1.70818862e+12
1.32000000e+02	1.72013952e+12
1.33000000e+02	1.73207592e+12
1.34000000e+02	1.74399800e+12
1.35000000e+02	1.75590580e+12
1.36000000e+02	1.76779982e+12
1.37000000e+02	1.77968023e+12
1.38000000e+02	1.79154725e+12
1.39000000e+02	1.80340108e+12
1.40000000e+02	1.81524195e+12
1.41000000e+02	1.82707006e+12
1.42000000e+02	1.83888565e+12
1.43000000e+02	1.85068893e+12
1.44000000e+02	1.86248012e+12
1.45000000e+02	1.87425946e+12
1.46000000e+02	1.88602717e+12
1.47000000e+02	1.89778349e+12
1.48000000e+02	1.90952865e+12
1.49000000e+02	1.92126288e+12
1.50000000e+02	1.93298643e+12
1.51000000e+02	1.94469954e+12
1.52000000e+02	1.95640244e+12
1.53000000e+02	1.96809537e+12
1.54000000e+02	1.97977858e+12
1.55000000e+02	1.99145231e+12
1.56000000e+02	2.00311680e+12
1.57000000e+02	2.01477230e+12
1.58000000e+02	2.02641907e+12
1.59000000e+02	2.03805734e+12
1.60000000e+02	2.04968738e+12
1.61000000e+02	2.06130943e+12
1.62000000e+02	2.07292376e+12
1.63000000e+02	2.08453060e+12
1.64000000e+02	2.09613023e+12
1.65000000e+02	2.10772289e+12
1.66000000e+02	2.11930885e+12
1.67000000e+02	2.13088835e+12
1.68000000e+02	2.14246167e+12
1.69000000e+02	2.15402906e+12
1.70000000e+02	2.16559078e+12
1.71000000e+02	2.17714709e+12
1.72000000e+02	2.18869825e+12
1.73000000e+02	2.20024452e+12
1.74000000e+02	2.21178616e+12
1.75000000e+02	2.22332342e+12
1.76000000e+02	2.23485657e+12
1.77000000e+02	2.24638586e+12
1.78000000e+02	2.25791156e+12
1.79000000e+02	2.26943393e+12
1.80000000e+02	2.28095323e+12
1.81000000e+02	2.29246971e+12
1.82000000e+02	2.30398364e+12
1.83000000e+02	2.31549527e+12
1.84000000e+02	2.32700487e+12
1.85000000e+02	2.33851269e+12
1.86000000e+02	2.35001900e+12
1.87000000e+02	2.36152404e+12
1.88000000e+02	2.37302807e+12
1.89000000e+02	2.38453136e+12
1.90000000e+02	2.39603415e+12
1.91000000e+02	2.40753670e+12
1.92000000e+02	2.41903926e+12
1.93000000e+02	2.43054209e+12
1.94000000e+02	2.44204542e+12
1.95000000e+02	2.45354952e+12
1.96000000e+02	2.46505463e+12
1.97000000e+02	2.47656099e+12
1.98000000e+02	2.48806886e+12
1.99000000e+02	2.49957847e+12
2.00000000e+02	2.51109008e+12
2.01000000e+02	2.52260391e+12
2.02000000e+02	2.53412021e+12
2.03000000e+02	2.54563923e+12
2.04000000e+02	2.55716119e+12
2.05000000e+02	2.56868634e+12
2.06000000e+02	2.58021490e+12
2.07000000e+02	2.59174711e+12
2.08000000e+02	2.60328319e+12
2.09000000e+02	2.61482338e+12
2.10000000e+02	2.62636790e+12
2.11000000e+02	2.63791697e+12
2.12000000e+02	2.64947081e+12
2.13000000e+02	2.66102965e+12
2.14000000e+02	2.67259369e+12
2.15000000e+02	2.68416315e+12
2.16000000e+02	2.69573825e+12
2.17000000e+02	2.70731918e+12
2.18000000e+02	2.71890616e+12
2.19000000e+02	2.73049939e+12
2.20000000e+02	2.74209907e+12
2.21000000e+02	2.75370540e+12
2.22000000e+02	2.76531857e+12
2.23000000e+02	2.77693877e+12
2.24000000e+02	2.78856620e+12
2.25000000e+02	2.80020103e+12
2.26000000e+02	2.81184346e+12
2.27000000e+02	2.82349366e+12
2.28000000e+02	2.83515180e+12
2.29000000e+02	2.84681806e+12
2.30000000e+02	2.85849261e+12
2.31000000e+02	2.87017562e+12
2.32000000e+02	2.88186723e+12
2.33000000e+02	2.89356761e+12
2.34000000e+02	2.90527692e+12
2.35000000e+02	2.91699530e+12
2.36000000e+02	2.92872289e+12
2.37000000e+02	2.94045984e+12
2.38000000e+02	2.95220629e+12
2.39000000e+02	2.96396236e+12
2.40000000e+02	2.97572818e+12
2.41000000e+02	2.98750388e+12
2.42000000e+02	2.99928957e+12
2.43000000e+02	3.01108537e+12
2.44000000e+02	3.02289138e+12
2.45000000e+02	3.03470771e+12
2.46000000e+02	3.04653445e+12
2.47000000e+02	3.05837171e+12
2.48000000e+02	3.07021956e+12
2.49000000e+02	3.08207808e+12
2.50000000e+02	3.09394736e+12
2.51000000e+02	3.10582746e+12
2.52000000e+02	3.11771845e+12
2.53000000e+02	3.12962039e+12
2.54000000e+02	3.14153333e+12
2.55000000e+02	3.15345731e+12
2.56000000e+02	3.16539238e+12
2.57000000e+02	3.17733856e+12
2.58000000e+02	3.18929588e+12
2.59000000e+02	3.20126437e+12
2.60000000e+02	3.21324403e+12
2.61000000e+02	3.22523487e+12
2.62000000e+02	3.23723689e+12
2.63000000e+02	3.24925007e+12
2.64000000e+02	3.26127441e+12
2.65000000e+02	3.27330987e+12
2.66000000e+02	3.28535643e+12
2.67000000e+02	3.29741404e+12
2.68000000e+02	3.30948265e+12
2.69000000e+02	3.32156220e+12
2.70000000e+02	3.33365264e+12
2.71000000e+02	3.34575389e+12
2.72000000e+02	3.35786586e+12
2.73000000e+02	3.36998846e+12
2.74000000e+02	3.38212160e+12
2.75000000e+02	3.39426515e+12
2.76000000e+02	3.40641901e+12
2.77000000e+02	3.41858303e+12
2.78000000e+02	3.43075709e+12
2.79000000e+02	3.44294103e+12
2.80000000e+02	3.45513470e+12
2.81000000e+02	3.46733791e+12
2.82000000e+02	3.47955050e+12
2.83000000e+02	3.49177227e+12
2.84000000e+02	3.50400301e+12
2.85000000e+02	3.51624252e+12
2.86000000e+02	3.52849057e+12
2.87000000e+02	3.54074692e+12
2.88000000e+02	3.55301133e+12
2.89000000e+02	3.56528352e+12
2.90000000e+02	3.57756324e+12
2.91000000e+02	3.58985020e+12
2.92000000e+02	3.60214409e+12
2.93000000e+02	3.61444462e+12
2.94000000e+02	3.62675145e+12
2.95000000e+02	3.63906425e+12
2.96000000e+02	3.65138266e+12
2.97000000e+02	3.66370634e+12
2.98000000e+02	3.67603489e+12
2.99000000e+02	3.68836792e+12
3.00000000e+02	3.70070504e+12
3.01000000e+02	3.71304582e+12
3.02000000e+02	3.72538982e+12
3.03000000e+02	3.73773659e+12
3.04000000e+02	3.75008567e+12
3.05000000e+02	3.76243658e+12
3.06000000e+02	3.77478882e+12
3.07000000e+02	3.78714188e+12
3.08000000e+02	3.79949522e+12
3.09000000e+02	3.81184830e+12
3.10000000e+02	3.82420056e+12
3.11000000e+02	3.83655143e+12
3.12000000e+02	3.84890029e+12
3.13000000e+02	3.86124654e+12
3.14000000e+02	3.87358955e+12
3.15000000e+02	3.88592867e+12
3.16000000e+02	3.89826323e+12
3.17000000e+02	3.91059254e+12
3.18000000e+02	3.92291590e+12
3.19000000e+02	3.93523258e+12
3.20000000e+02	3.94754184e+12
3.21000000e+02	3.95984292e+12
3.22000000e+02	3.97213503e+12
3.23000000e+02	3.98441738e+12
3.24000000e+02	3.99668913e+12
3.25000000e+02	4.00894946e+12
3.26000000e+02	4.02119748e+12
3.27000000e+02	4.03343232e+12
3.28000000e+02	4.04565307e+12
3.29000000e+02	4.05785881e+12
3.30000000e+02	4.07004858e+12
3.31000000e+02	4.08222141e+12
3.32000000e+02	4.09437630e+12
3.33000000e+02	4.10651225e+12
3.34000000e+02	4.11862820e+12
3.35000000e+02	4.13072310e+12
3.36000000e+02	4.14279587e+12
3.37000000e+02	4.15484538e+12
3.38000000e+02	4.16687051e+12
3.39000000e+02	4.17887011e+12
3.40000000e+02	4.19084298e+12
3.41000000e+02	4.20278792e+12
3.42000000e+02	4.21470370e+12
3.43000000e+02	4.22658906e+12
3.44000000e+02	4.23844273e+12
3.45000000e+02	4.25026339e+12
3.46000000e+02	4.26204971e+12
3.47000000e+02	4.27380033e+12
3.48000000e+02	4.28551387e+12
3.49000000e+02	4.29718891e+12
3.50000000e+02	4.30882402e+12
3.51000000e+02	4.32041773e+12
3.52000000e+02	4.33196855e+12
3.53000000e+02	4.34347496e+12
3.54000000e+02	4.35493541e+12
3.55000000e+02	4.36634833e+12
3.56000000e+02	4.37771211e+12
3.57000000e+02	4.38902513e+12
3.58000000e+02	4.40028572e+12
3.59000000e+02	4.41149220e+12
3.60000000e+02	4.42264286e+12
3.61000000e+02	4.43373594e+12
3.62000000e+02	4.44476968e+12
3.63000000e+02	4.45574228e+12
3.64000000e+02	4.46665190e+12
3.65000000e+02	4.47749669e+12
3.66000000e+02	4.48827474e+12
3.67000000e+02	4.49898416e+12
3.68000000e+02	4.50962299e+12
3.69000000e+02	4.52018924e+12
3.70000000e+02	4.53068092e+12
3.71000000e+02	4.54109599e+12
3.72000000e+02	4.55143238e+12
3.73000000e+02	4.56168799e+12
3.74000000e+02	4.57186071e+12
3.75000000e+02	4.58194837e+12
3.76000000e+02	4.59194879e+12
3.77000000e+02	4.60185976e+12
3.78000000e+02	4.61167903e+12
3.79000000e+02	4.62140432e+12
3.80000000e+02	4.63103334e+12
3.81000000e+02	4.64056375e+12
3.82000000e+02	4.64999319e+12
3.83000000e+02	4.65931927e+12
3.84000000e+02	4.66853957e+12
3.85000000e+02	4.67765163e+12
3.86000000e+02	4.68665298e+12
3.87000000e+02	4.69554112e+12
3.88000000e+02	4.70431351e+12
3.89000000e+02	4.71296758e+12
3.90000000e+02	4.72150074e+12
3.91000000e+02	4.72991038e+12
3.92000000e+02	4.73819385e+12
3.93000000e+02	4.74634847e+12
3.94000000e+02	4.75437154e+12
3.95000000e+02	4.76226034e+12
3.96000000e+02	4.77001211e+12
3.97000000e+02	4.77762407e+12
3.98000000e+02	4.78509341e+12
3.99000000e+02	4.79241732e+12
4.00000000e+02	4.79959292e+12
4.01000000e+02	4.80661735e+12
4.02000000e+02	4.81348769e+12
4.03000000e+02	4.82020103e+12
4.04000000e+02	4.82675440e+12
4.05000000e+02	4.83314485e+12
4.06000000e+02	4.83936938e+12
4.07000000e+02	4.84542496e+12
4.08000000e+02	4.85130857e+12
4.09000000e+02	4.85701715e+12
4.10000000e+02	4.86254762e+12
4.11000000e+02	4.86789690e+12
4.12000000e+02	4.87306185e+12
4.13000000e+02	4.87803937e+12
4.14000000e+02	4.88282630e+12
4.15000000e+02	4.88741948e+12
4.16000000e+02	4.89181572e+12
4.17000000e+02	4.89601184e+12
4.18000000e+02	4.90000463e+12
4.19000000e+02	4.90379088e+12
4.20000000e+02	4.90736734e+12
4.21000000e+02	4.91073078e+12
4.22000000e+02	4.91387794e+12
4.23000000e+02	4.91680556e+12
4.24000000e+02	4.91951038e+12
4.25000000e+02	4.92198910e+12
4.26000000e+02	4.92423844e+12
4.27000000e+02	4.92625512e+12
4.28000000e+02	4.92803583e+12
4.29000000e+02	4.92957727e+12
4.30000000e+02	4.93087615e+12
4.31000000e+02	4.93192916e+12
4.32000000e+02	4.93273299e+12
4.33000000e+02	4.93328433e+12
4.34000000e+02	4.93357989e+12
4.35000000e+02	4.93361637e+12
4.36000000e+02	4.93339046e+12
4.37000000e+02	4.93289887e+12
4.38000000e+02	4.93213833e+12
4.39000000e+02	4.93110555e+12
4.40000000e+02	4.92979726e+12
4.41000000e+02	4.92821021e+12
4.42000000e+02	4.92634114e+12
4.43000000e+02	4.92418682e+12
4.44000000e+02	4.92174404e+12
4.45000000e+02	4.91900958e+12
4.46000000e+02	4.91598026e+12
4.47000000e+02	4.91265290e+12
4.48000000e+02	4.90902435e+12
4.49000000e+02	4.90509149e+12
4.50000000e+02	4.90085121e+12
4.51000000e+02	4.89630041e+12
4.52000000e+02	4.89143605e+12
4.53000000e+02	4.88625510e+12
4.54000000e+02	4.88075454e+12
4.55000000e+02	4.87493142e+12
4.56000000e+02	4.86878280e+12
4.57000000e+02	4.86230576e+12
4.58000000e+02	4.85549744e+12
4.59000000e+02	4.84835502e+12
4.60000000e+02	4.84087570e+12
4.61000000e+02	4.83305674e+12
4.62000000e+02	4.82489542e+12
4.63000000e+02	4.81638911e+12
4.64000000e+02	4.80753517e+12
4.65000000e+02	4.79833106e+12
4.66000000e+02	4.78877428e+12
4.67000000e+02	4.77886236e+12
4.68000000e+02	4.76859292e+12
4.69000000e+02	4.75796363e+12
4.70000000e+02	4.74697222e+12
4.71000000e+02	4.73561649e+12
4.72000000e+02	4.72389429e+12
4.73000000e+02	4.71180358e+12
4.74000000e+02	4.69934237e+12
4.75000000e+02	4.68650874e+12
4.76000000e+02	4.67330088e+12
4.77000000e+02	4.65971703e+12
4.78000000e+02	4.64575555e+12
4.79000000e+02	4.63141488e+12
4.80000000e+02	4.61669355e+12
4.81000000e+02	4.60159020e+12
4.82000000e+02	4.58610357e+12
4.83000000e+02	4.57023251e+12
4.84000000e+02	4.55397598e+12
4.85000000e+02	4.53733307e+12
4.86000000e+02	4.52030298e+12
4.87000000e+02	4.50288504e+12
4.88000000e+02	4.48507872e+12
4.89000000e+02	4.46688361e+12
4.90000000e+02	4.44829947e+12
4.91000000e+02	4.42932620e+12
4.92000000e+02	4.40996385e+12
4.93000000e+02	4.39021262e+12
4.94000000e+02	4.37007291e+12
4.95000000e+02	4.34954526e+12
4.96000000e+02	4.32863042e+12
4.97000000e+02	4.30732930e+12
4.98000000e+02	4.28564303e+12
4.99000000e+02	4.26357291e+12
5.00000000e+02	4.24112048e+12
5.01000000e+02	4.21828747e+12
5.02000000e+02	4.19507584e+12
5.03000000e+02	4.17148780e+12
5.04000000e+02	4.14752577e+12
5.05000000e+02	4.12319241e+12
5.06000000e+02	4.09849067e+12
5.07000000e+02	4.07342371e+12
5.08000000e+02	4.04799499e+12
5.09000000e+02	4.02220825e+12
5.10000000e+02	3.99606748e+12
5.11000000e+02	3.96957697e+12
5.12000000e+02	3.94274133e+12
5.13000000e+02	3.91556544e+12
5.14000000e+02	3.88805450e+12
5.15000000e+02	3.86021403e+12
5.16000000e+02	3.83204985e+12
5.17000000e+02	3.80356814e+12
5.18000000e+02	3.77477538e+12
5.19000000e+02	3.74567839e+12
5.20000000e+02	3.71628433e+12
5.21000000e+02	3.68660071e+12
5.22000000e+02	3.65663537e+12
5.23000000e+02	3.62639649e+12
5.24000000e+02	3.59589260e+12
5.25000000e+02	3.56513259e+12
5.26000000e+02	3.53412566e+12
5.27000000e+02	3.50288137e+12
5.28000000e+02	3.47140960e+12
5.29000000e+02	3.43972059e+12
5.30000000e+02	3.40782488e+12
5.31000000e+02	3.37573331e+12
5.32000000e+02	3.34345706e+12
5.33000000e+02	3.31100760e+12
5.34000000e+02	3.27839667e+12
5.35000000e+02	3.24563629e+12
5.36000000e+02	3.21273873e+12
5.37000000e+02	3.17971651e+12
5.38000000e+02	3.14658238e+12
5.39000000e+02	3.11334927e+12
5.40000000e+02	3.08003030e+12
5.41000000e+02	3.04663877e+12
5.42000000e+02	3.01318810e+12
5.43000000e+02	2.97969183e+12
5.44000000e+02	2.94616358e+12
5.45000000e+02	2.91261705e+12
5.46000000e+02	2.87906594e+12
5.47000000e+02	2.84552400e+12
5.48000000e+02	2.81200492e+12
5.49000000e+02	2.77852236e+12
5.50000000e+02	2.74508989e+12
5.51000000e+02	2.71172096e+12
5.52000000e+02	2.67842890e+12
5.53000000e+02	2.64522684e+12
5.54000000e+02	2.61212774e+12
5.55000000e+02	2.57914431e+12
5.56000000e+02	2.54628900e+12
5.57000000e+02	2.51357400e+12
5.58000000e+02	2.48101115e+12
5.59000000e+02	2.44861201e+12
5.60000000e+02	2.41638772e+12
5.61000000e+02	2.38434908e+12
5.62000000e+02	2.35250648e+12
5.63000000e+02	2.32086988e+12
5.64000000e+02	2.28944883e+12
5.65000000e+02	2.25825240e+12
5.66000000e+02	2.22728921e+12
5.67000000e+02	2.19656740e+12
5.68000000e+02	2.16609465e+12
5.69000000e+02	2.13587811e+12
5.70000000e+02	2.10592448e+12
5.71000000e+02	2.07623994e+12
5.72000000e+02	2.04683016e+12
5.73000000e+02	2.01770036e+12
5.74000000e+02	1.98885522e+12
5.75000000e+02	1.96029896e+12
5.76000000e+02	1.93203531e+12
5.77000000e+02	1.90406753e+12
5.78000000e+02	1.87639843e+12
5.79000000e+02	1.84903036e+12
5.80000000e+02	1.82196521e+12
5.81000000e+02	1.79520447e+12
5.82000000e+02	1.76874922e+12
5.83000000e+02	1.74260013e+12
5.84000000e+02	1.71675748e+12
5.85000000e+02	1.69122122e+12
5.86000000e+02	1.66599091e+12
5.87000000e+02	1.64106581e+12
5.88000000e+02	1.61644485e+12
5.89000000e+02	1.59212667e+12
5.90000000e+02	1.56810963e+12
5.91000000e+02	1.54439181e+12
5.92000000e+02	1.52097106e+12
5.93000000e+02	1.49784502e+12
5.94000000e+02	1.47501108e+12
5.95000000e+02	1.45246646e+12
5.96000000e+02	1.43020818e+12
5.97000000e+02	1.40823312e+12
5.98000000e+02	1.38653799e+12
5.99000000e+02	1.36511936e+12
6.00000000e+02	1.34397369e+12
6.01000000e+02	1.32309733e+12
6.02000000e+02	1.30248653e+12
6.03000000e+02	1.28213744e+12
6.04000000e+02	1.26204617e+12
6.05000000e+02	1.24220873e+12
6.06000000e+02	1.22262109e+12
6.07000000e+02	1.20327919e+12
6.08000000e+02	1.18417892e+12
6.09000000e+02	1.16531615e+12
6.10000000e+02	1.14668672e+12
6.11000000e+02	1.12828647e+12
6.12000000e+02	1.11011123e+12
6.13000000e+02	1.09215683e+12
6.14000000e+02	1.07441912e+12
6.15000000e+02	1.05689395e+12
6.16000000e+02	1.03957718e+12
6.17000000e+02	1.02246471e+12
6.18000000e+02	1.00555246e+12
6.19000000e+02	9.88836368e+11
6.20000000e+02	9.72312417e+11
6.21000000e+02	9.55976621e+11
6.22000000e+02	9.39825033e+11
6.23000000e+02	9.23853748e+11
6.24000000e+02	9.08058903e+11
6.25000000e+02	8.92436677e+11
6.26000000e+02	8.76983299e+11
6.27000000e+02	8.61695044e+11
6.28000000e+02	8.46568234e+11
6.29000000e+02	8.31599244e+11
6.30000000e+02	8.16784497e+11
6.31000000e+02	8.02120467e+11
6.32000000e+02	7.87603682e+11
6.33000000e+02	7.73230718e+11
6.34000000e+02	7.58998207e+11
6.35000000e+02	7.44902830e+11
6.36000000e+02	7.30941322e+11
6.37000000e+02	7.17110469e+11
6.38000000e+02	7.03407109e+11
6.39000000e+02	6.89828131e+11
6.40000000e+02	6.76370476e+11
6.41000000e+02	6.63031136e+11
6.42000000e+02	6.49807150e+11
6.43000000e+02	6.36695610e+11
6.44000000e+02	6.23693656e+11
6.45000000e+02	6.10798475e+11
6.46000000e+02	5.98007301e+11
6.47000000e+02	5.85317419e+11
6.48000000e+02	5.72726155e+11
6.49000000e+02	5.60230883e+11
6.50000000e+02	5.47829021e+11
6.51000000e+02	5.35518032e+11
6.52000000e+02	5.23295418e+11
6.53000000e+02	5.11158728e+11
6.54000000e+02	4.99105548e+11
6.55000000e+02	4.87133507e+11
6.56000000e+02	4.75240272e+11
6.57000000e+02	4.63423548e+11
6.58000000e+02	4.51681079e+11
6.59000000e+02	4.40010644e+11
6.60000000e+02	4.28410059e+11
6.61000000e+02	4.16877174e+11
6.62000000e+02	4.05409873e+11
6.63000000e+02	3.94006074e+11
6.64000000e+02	3.82663723e+11
6.65000000e+02	3.71380802e+11
6.66000000e+02	3.60155319e+11
6.67000000e+02	3.48985314e+11
6.68000000e+02	3.37868854e+11
6.69000000e+02	3.26804032e+11
6.70000000e+02	3.15788970e+11
6.71000000e+02	3.04821815e+11
6.72000000e+02	2.93900738e+11
6.73000000e+02	2.83023935e+11
6.74000000e+02	2.72189623e+11
6.75000000e+02	2.61396045e+11
6.76000000e+02	2.50641460e+11
6.77000000e+02	2.39924153e+11
6.78000000e+02	2.29242423e+11
6.79000000e+02	2.18594591e+11
6.80000000e+02	2.07978996e+11
6.81000000e+02	1.97393992e+11
6.82000000e+02	1.86837950e+11
6.83000000e+02	1.76309258e+11
6.84000000e+02	1.65806315e+11
6.85000000e+02	1.55327537e+11
6.86000000e+02	1.44871352e+11
6.87000000e+02	1.34436198e+11
6.88000000e+02	1.24020527e+11
6.89000000e+02	1.13622799e+11
6.90000000e+02	1.03241487e+11
6.91000000e+02	9.28750683e+10
6.92000000e+02	8.25220323e+10
6.93000000e+02	7.21808733e+10
6.94000000e+02	6.18500927e+10
6.95000000e+02	5.15281973e+10
6.96000000e+02	4.12136989e+10
6.97000000e+02	3.09051222e+10
6.98000000e+02	2.06009428e+10
6.99000000e+02	1.02997233e+10
7.00000000e+02	0.00000000e+00
