# Profil de Te au temps 7.000000000000077e-12 
# simu : /Volumes/MERCURE/JOBS/Zeq1_tanh_50mic_1p5e20_B0_20ps/GNU/Te@y-c.set
# col 0 : abscisse (um)
# col 1 : Te (keV)
5.00000000e-01	9.99991956e-01
1.50000000e+00	9.99991940e-01
2.50000000e+00	9.99991916e-01
3.50000000e+00	9.99991879e-01
4.50000000e+00	9.99991827e-01
5.50000000e+00	9.99991762e-01
6.50000000e+00	9.99991684e-01
7.50000000e+00	9.99991593e-01
8.50000000e+00	9.99991488e-01
9.50000000e+00	9.99991370e-01
1.05000000e+01	9.99991238e-01
1.15000000e+01	9.99991092e-01
1.25000000e+01	9.99990932e-01
1.35000000e+01	9.99990757e-01
1.45000000e+01	9.99990568e-01
1.55000000e+01	9.99990364e-01
1.65000000e+01	9.99990145e-01
1.75000000e+01	9.99989910e-01
1.85000000e+01	9.99989659e-01
1.95000000e+01	9.99989391e-01
2.05000000e+01	9.99989107e-01
2.15000000e+01	9.99988806e-01
2.25000000e+01	9.99988487e-01
2.35000000e+01	9.99988150e-01
2.45000000e+01	9.99987794e-01
2.55000000e+01	9.99987419e-01
2.65000000e+01	9.99987024e-01
2.75000000e+01	9.99986608e-01
2.85000000e+01	9.99986172e-01
2.95000000e+01	9.99985714e-01
3.05000000e+01	9.99985233e-01
3.15000000e+01	9.99984730e-01
3.25000000e+01	9.99984202e-01
3.35000000e+01	9.99983650e-01
3.45000000e+01	9.99983072e-01
3.55000000e+01	9.99982467e-01
3.65000000e+01	9.99981836e-01
3.75000000e+01	9.99981176e-01
3.85000000e+01	9.99980486e-01
3.95000000e+01	9.99979766e-01
4.05000000e+01	9.99979015e-01
4.15000000e+01	9.99978231e-01
4.25000000e+01	9.99977414e-01
4.35000000e+01	9.99976561e-01
4.45000000e+01	9.99975673e-01
4.55000000e+01	9.99974746e-01
4.65000000e+01	9.99973781e-01
4.75000000e+01	9.99972775e-01
4.85000000e+01	9.99971728e-01
4.95000000e+01	9.99970637e-01
5.05000000e+01	9.99969501e-01
5.15000000e+01	9.99968318e-01
5.25000000e+01	9.99967087e-01
5.35000000e+01	9.99965805e-01
5.45000000e+01	9.99964472e-01
5.55000000e+01	9.99963084e-01
5.65000000e+01	9.99961640e-01
5.75000000e+01	9.99960138e-01
5.85000000e+01	9.99958576e-01
5.95000000e+01	9.99956951e-01
6.05000000e+01	9.99955261e-01
6.15000000e+01	9.99953504e-01
6.25000000e+01	9.99951677e-01
6.35000000e+01	9.99949778e-01
6.45000000e+01	9.99947803e-01
6.55000000e+01	9.99945751e-01
6.65000000e+01	9.99943617e-01
6.75000000e+01	9.99941400e-01
6.85000000e+01	9.99939096e-01
6.95000000e+01	9.99936701e-01
7.05000000e+01	9.99934213e-01
7.15000000e+01	9.99931629e-01
7.25000000e+01	9.99928943e-01
7.35000000e+01	9.99926154e-01
7.45000000e+01	9.99923257e-01
7.55000000e+01	9.99920247e-01
7.65000000e+01	9.99917122e-01
7.75000000e+01	9.99913877e-01
7.85000000e+01	9.99910506e-01
7.95000000e+01	9.99907007e-01
8.05000000e+01	9.99903374e-01
8.15000000e+01	9.99899602e-01
8.25000000e+01	9.99895687e-01
8.35000000e+01	9.99891623e-01
8.45000000e+01	9.99887405e-01
8.55000000e+01	9.99883027e-01
8.65000000e+01	9.99878484e-01
8.75000000e+01	9.99873770e-01
8.85000000e+01	9.99868879e-01
8.95000000e+01	9.99863804e-01
9.05000000e+01	9.99858539e-01
9.15000000e+01	9.99853078e-01
9.25000000e+01	9.99847413e-01
9.35000000e+01	9.99841538e-01
9.45000000e+01	9.99835445e-01
9.55000000e+01	9.99829126e-01
9.65000000e+01	9.99822574e-01
9.75000000e+01	9.99815781e-01
9.85000000e+01	9.99808738e-01
9.95000000e+01	9.99801437e-01
1.00500000e+02	9.99793869e-01
1.01500000e+02	9.99786026e-01
1.02500000e+02	9.99777897e-01
1.03500000e+02	9.99769473e-01
1.04500000e+02	9.99760744e-01
1.05500000e+02	9.99751700e-01
1.06500000e+02	9.99742330e-01
1.07500000e+02	9.99732625e-01
1.08500000e+02	9.99722571e-01
1.09500000e+02	9.99712159e-01
1.10500000e+02	9.99701376e-01
1.11500000e+02	9.99690211e-01
1.12500000e+02	9.99678649e-01
1.13500000e+02	9.99666680e-01
1.14500000e+02	9.99654290e-01
1.15500000e+02	9.99641465e-01
1.16500000e+02	9.99628191e-01
1.17500000e+02	9.99614455e-01
1.18500000e+02	9.99600240e-01
1.19500000e+02	9.99585533e-01
1.20500000e+02	9.99570318e-01
1.21500000e+02	9.99554579e-01
1.22500000e+02	9.99538300e-01
1.23500000e+02	9.99521464e-01
1.24500000e+02	9.99504054e-01
1.25500000e+02	9.99486053e-01
1.26500000e+02	9.99467442e-01
1.27500000e+02	9.99448202e-01
1.28500000e+02	9.99428316e-01
1.29500000e+02	9.99407764e-01
1.30500000e+02	9.99386526e-01
1.31500000e+02	9.99364581e-01
1.32500000e+02	9.99341909e-01
1.33500000e+02	9.99318488e-01
1.34500000e+02	9.99294297e-01
1.35500000e+02	9.99269314e-01
1.36500000e+02	9.99243515e-01
1.37500000e+02	9.99216878e-01
1.38500000e+02	9.99189378e-01
1.39500000e+02	9.99160992e-01
1.40500000e+02	9.99131694e-01
1.41500000e+02	9.99101459e-01
1.42500000e+02	9.99070261e-01
1.43500000e+02	9.99038074e-01
1.44500000e+02	9.99004870e-01
1.45500000e+02	9.98970622e-01
1.46500000e+02	9.98935302e-01
1.47500000e+02	9.98898881e-01
1.48500000e+02	9.98861330e-01
1.49500000e+02	9.98822618e-01
1.50500000e+02	9.98782717e-01
1.51500000e+02	9.98741594e-01
1.52500000e+02	9.98699218e-01
1.53500000e+02	9.98655558e-01
1.54500000e+02	9.98610579e-01
1.55500000e+02	9.98564250e-01
1.56500000e+02	9.98516535e-01
1.57500000e+02	9.98467402e-01
1.58500000e+02	9.98416814e-01
1.59500000e+02	9.98364737e-01
1.60500000e+02	9.98311133e-01
1.61500000e+02	9.98255967e-01
1.62500000e+02	9.98199200e-01
1.63500000e+02	9.98140796e-01
1.64500000e+02	9.98080715e-01
1.65500000e+02	9.98018918e-01
1.66500000e+02	9.97955367e-01
1.67500000e+02	9.97890020e-01
1.68500000e+02	9.97822837e-01
1.69500000e+02	9.97753777e-01
1.70500000e+02	9.97682798e-01
1.71500000e+02	9.97609858e-01
1.72500000e+02	9.97534913e-01
1.73500000e+02	9.97457920e-01
1.74500000e+02	9.97378836e-01
1.75500000e+02	9.97297615e-01
1.76500000e+02	9.97214214e-01
1.77500000e+02	9.97128585e-01
1.78500000e+02	9.97040684e-01
1.79500000e+02	9.96950464e-01
1.80500000e+02	9.96857878e-01
1.81500000e+02	9.96762879e-01
1.82500000e+02	9.96665418e-01
1.83500000e+02	9.96565448e-01
1.84500000e+02	9.96462920e-01
1.85500000e+02	9.96357784e-01
1.86500000e+02	9.96249991e-01
1.87500000e+02	9.96139492e-01
1.88500000e+02	9.96026235e-01
1.89500000e+02	9.95910171e-01
1.90500000e+02	9.95791247e-01
1.91500000e+02	9.95669414e-01
1.92500000e+02	9.95544619e-01
1.93500000e+02	9.95416810e-01
1.94500000e+02	9.95285934e-01
1.95500000e+02	9.95151940e-01
1.96500000e+02	9.95014775e-01
1.97500000e+02	9.94874384e-01
1.98500000e+02	9.94730716e-01
1.99500000e+02	9.94583716e-01
2.00500000e+02	9.94433332e-01
2.01500000e+02	9.94279508e-01
2.02500000e+02	9.94122191e-01
2.03500000e+02	9.93961326e-01
2.04500000e+02	9.93796860e-01
2.05500000e+02	9.93628738e-01
2.06500000e+02	9.93456905e-01
2.07500000e+02	9.93281307e-01
2.08500000e+02	9.93101890e-01
2.09500000e+02	9.92918597e-01
2.10500000e+02	9.92731376e-01
2.11500000e+02	9.92540171e-01
2.12500000e+02	9.92344927e-01
2.13500000e+02	9.92145589e-01
2.14500000e+02	9.91942104e-01
2.15500000e+02	9.91734416e-01
2.16500000e+02	9.91522472e-01
2.17500000e+02	9.91306217e-01
2.18500000e+02	9.91085596e-01
2.19500000e+02	9.90860556e-01
2.20500000e+02	9.90631042e-01
2.21500000e+02	9.90397001e-01
2.22500000e+02	9.90158380e-01
2.23500000e+02	9.89915125e-01
2.24500000e+02	9.89667183e-01
2.25500000e+02	9.89414501e-01
2.26500000e+02	9.89157026e-01
2.27500000e+02	9.88894707e-01
2.28500000e+02	9.88627490e-01
2.29500000e+02	9.88355325e-01
2.30500000e+02	9.88078159e-01
2.31500000e+02	9.87795942e-01
2.32500000e+02	9.87508622e-01
2.33500000e+02	9.87216150e-01
2.34500000e+02	9.86918475e-01
2.35500000e+02	9.86615546e-01
2.36500000e+02	9.86307315e-01
2.37500000e+02	9.85993733e-01
2.38500000e+02	9.85674751e-01
2.39500000e+02	9.85350320e-01
2.40500000e+02	9.85020393e-01
2.41500000e+02	9.84684921e-01
2.42500000e+02	9.84343859e-01
2.43500000e+02	9.83997158e-01
2.44500000e+02	9.83644773e-01
2.45500000e+02	9.83286657e-01
2.46500000e+02	9.82922766e-01
2.47500000e+02	9.82553053e-01
2.48500000e+02	9.82177474e-01
2.49500000e+02	9.81795984e-01
2.50500000e+02	9.81408541e-01
2.51500000e+02	9.81015098e-01
2.52500000e+02	9.80615614e-01
2.53500000e+02	9.80210046e-01
2.54500000e+02	9.79798350e-01
2.55500000e+02	9.79380485e-01
2.56500000e+02	9.78956408e-01
2.57500000e+02	9.78526078e-01
2.58500000e+02	9.78089453e-01
2.59500000e+02	9.77646492e-01
2.60500000e+02	9.77197154e-01
2.61500000e+02	9.76741399e-01
2.62500000e+02	9.76279186e-01
2.63500000e+02	9.75810475e-01
2.64500000e+02	9.75335226e-01
2.65500000e+02	9.74853398e-01
2.66500000e+02	9.74364952e-01
2.67500000e+02	9.73869848e-01
2.68500000e+02	9.73368047e-01
2.69500000e+02	9.72859508e-01
2.70500000e+02	9.72344192e-01
2.71500000e+02	9.71822058e-01
2.72500000e+02	9.71293068e-01
2.73500000e+02	9.70757180e-01
2.74500000e+02	9.70214356e-01
2.75500000e+02	9.69664554e-01
2.76500000e+02	9.69107733e-01
2.77500000e+02	9.68543854e-01
2.78500000e+02	9.67972874e-01
2.79500000e+02	9.67394752e-01
2.80500000e+02	9.66809445e-01
2.81500000e+02	9.66216911e-01
2.82500000e+02	9.65617108e-01
2.83500000e+02	9.65009990e-01
2.84500000e+02	9.64395515e-01
2.85500000e+02	9.63773636e-01
2.86500000e+02	9.63144308e-01
2.87500000e+02	9.62507484e-01
2.88500000e+02	9.61863116e-01
2.89500000e+02	9.61211156e-01
2.90500000e+02	9.60551555e-01
2.91500000e+02	9.59884262e-01
2.92500000e+02	9.59209225e-01
2.93500000e+02	9.58526390e-01
2.94500000e+02	9.57835704e-01
2.95500000e+02	9.57137112e-01
2.96500000e+02	9.56430555e-01
2.97500000e+02	9.55715976e-01
2.98500000e+02	9.54993314e-01
2.99500000e+02	9.54262507e-01
3.00500000e+02	9.53523492e-01
3.01500000e+02	9.52776203e-01
3.02500000e+02	9.52020572e-01
3.03500000e+02	9.51256532e-01
3.04500000e+02	9.50484010e-01
3.05500000e+02	9.49702932e-01
3.06500000e+02	9.48913223e-01
3.07500000e+02	9.48114805e-01
3.08500000e+02	9.47307596e-01
3.09500000e+02	9.46491515e-01
3.10500000e+02	9.45666475e-01
3.11500000e+02	9.44832387e-01
3.12500000e+02	9.43989161e-01
3.13500000e+02	9.43136703e-01
3.14500000e+02	9.42274915e-01
3.15500000e+02	9.41403698e-01
3.16500000e+02	9.40522948e-01
3.17500000e+02	9.39632558e-01
3.18500000e+02	9.38732418e-01
3.19500000e+02	9.37822416e-01
3.20500000e+02	9.36902433e-01
3.21500000e+02	9.35972350e-01
3.22500000e+02	9.35032043e-01
3.23500000e+02	9.34081382e-01
3.24500000e+02	9.33120236e-01
3.25500000e+02	9.32148468e-01
3.26500000e+02	9.31165939e-01
3.27500000e+02	9.30172503e-01
3.28500000e+02	9.29168011e-01
3.29500000e+02	9.28152311e-01
3.30500000e+02	9.27125244e-01
3.31500000e+02	9.26086647e-01
3.32500000e+02	9.25036354e-01
3.33500000e+02	9.23974193e-01
3.34500000e+02	9.22899985e-01
3.35500000e+02	9.21813551e-01
3.36500000e+02	9.20714702e-01
3.37500000e+02	9.19603246e-01
3.38500000e+02	9.18478986e-01
3.39500000e+02	9.17341720e-01
3.40500000e+02	9.16191239e-01
3.41500000e+02	9.15027329e-01
3.42500000e+02	9.13849772e-01
3.43500000e+02	9.12658343e-01
3.44500000e+02	9.11452811e-01
3.45500000e+02	9.10232941e-01
3.46500000e+02	9.08998490e-01
3.47500000e+02	9.07749211e-01
3.48500000e+02	9.06484850e-01
3.49500000e+02	9.05205148e-01
3.50500000e+02	9.03909839e-01
3.51500000e+02	9.02598652e-01
3.52500000e+02	9.01271308e-01
3.53500000e+02	8.99927526e-01
3.54500000e+02	8.98567014e-01
3.55500000e+02	8.97189477e-01
3.56500000e+02	8.95794614e-01
3.57500000e+02	8.94382116e-01
3.58500000e+02	8.92951670e-01
3.59500000e+02	8.91502955e-01
3.60500000e+02	8.90035646e-01
3.61500000e+02	8.88549410e-01
3.62500000e+02	8.87043910e-01
3.63500000e+02	8.85518801e-01
3.64500000e+02	8.83973735e-01
3.65500000e+02	8.82408355e-01
3.66500000e+02	8.80822301e-01
3.67500000e+02	8.79215206e-01
3.68500000e+02	8.77586698e-01
3.69500000e+02	8.75936399e-01
3.70500000e+02	8.74263926e-01
3.71500000e+02	8.72568891e-01
3.72500000e+02	8.70850902e-01
3.73500000e+02	8.69109560e-01
3.74500000e+02	8.67344463e-01
3.75500000e+02	8.65555205e-01
3.76500000e+02	8.63741373e-01
3.77500000e+02	8.61902552e-01
3.78500000e+02	8.60038323e-01
3.79500000e+02	8.58148262e-01
3.80500000e+02	8.56231944e-01
3.81500000e+02	8.54288939e-01
3.82500000e+02	8.52318813e-01
3.83500000e+02	8.50321132e-01
3.84500000e+02	8.48295458e-01
3.85500000e+02	8.46241352e-01
3.86500000e+02	8.44158370e-01
3.87500000e+02	8.42046071e-01
3.88500000e+02	8.39904011e-01
3.89500000e+02	8.37731744e-01
3.90500000e+02	8.35528826e-01
3.91500000e+02	8.33294811e-01
3.92500000e+02	8.31029254e-01
3.93500000e+02	8.28731711e-01
3.94500000e+02	8.26401739e-01
3.95500000e+02	8.24038898e-01
3.96500000e+02	8.21642747e-01
3.97500000e+02	8.19212851e-01
3.98500000e+02	8.16748775e-01
3.99500000e+02	8.14250090e-01
4.00500000e+02	8.11716369e-01
4.01500000e+02	8.09147190e-01
4.02500000e+02	8.06542138e-01
4.03500000e+02	8.03900800e-01
4.04500000e+02	8.01222771e-01
4.05500000e+02	7.98507654e-01
4.06500000e+02	7.95755055e-01
4.07500000e+02	7.92964593e-01
4.08500000e+02	7.90135891e-01
4.09500000e+02	7.87268582e-01
4.10500000e+02	7.84362310e-01
4.11500000e+02	7.81416728e-01
4.12500000e+02	7.78431499e-01
4.13500000e+02	7.75406297e-01
4.14500000e+02	7.72340811e-01
4.15500000e+02	7.69234738e-01
4.16500000e+02	7.66087791e-01
4.17500000e+02	7.62899697e-01
4.18500000e+02	7.59670195e-01
4.19500000e+02	7.56399042e-01
4.20500000e+02	7.53086007e-01
4.21500000e+02	7.49730879e-01
4.22500000e+02	7.46333462e-01
4.23500000e+02	7.42893576e-01
4.24500000e+02	7.39411063e-01
4.25500000e+02	7.35885781e-01
4.26500000e+02	7.32317607e-01
4.27500000e+02	7.28706439e-01
4.28500000e+02	7.25052196e-01
4.29500000e+02	7.21354817e-01
4.30500000e+02	7.17614264e-01
4.31500000e+02	7.13830520e-01
4.32500000e+02	7.10003592e-01
4.33500000e+02	7.06133510e-01
4.34500000e+02	7.02220328e-01
4.35500000e+02	6.98264124e-01
4.36500000e+02	6.94265003e-01
4.37500000e+02	6.90223093e-01
4.38500000e+02	6.86138549e-01
4.39500000e+02	6.82011554e-01
4.40500000e+02	6.77842318e-01
4.41500000e+02	6.73631075e-01
4.42500000e+02	6.69378092e-01
4.43500000e+02	6.65083662e-01
4.44500000e+02	6.60748107e-01
4.45500000e+02	6.56371778e-01
4.46500000e+02	6.51955058e-01
4.47500000e+02	6.47498359e-01
4.48500000e+02	6.43002123e-01
4.49500000e+02	6.38466825e-01
4.50500000e+02	6.33892971e-01
4.51500000e+02	6.29281099e-01
4.52500000e+02	6.24631781e-01
4.53500000e+02	6.19945619e-01
4.54500000e+02	6.15223253e-01
4.55500000e+02	6.10465354e-01
4.56500000e+02	6.05672629e-01
4.57500000e+02	6.00845822e-01
4.58500000e+02	5.95985709e-01
4.59500000e+02	5.91093107e-01
4.60500000e+02	5.86168867e-01
4.61500000e+02	5.81213880e-01
4.62500000e+02	5.76229074e-01
4.63500000e+02	5.71215418e-01
4.64500000e+02	5.66173920e-01
4.65500000e+02	5.61105630e-01
4.66500000e+02	5.56011638e-01
4.67500000e+02	5.50893079e-01
4.68500000e+02	5.45751130e-01
4.69500000e+02	5.40587013e-01
4.70500000e+02	5.35401995e-01
4.71500000e+02	5.30197390e-01
4.72500000e+02	5.24974557e-01
4.73500000e+02	5.19734906e-01
4.74500000e+02	5.14479893e-01
4.75500000e+02	5.09211026e-01
4.76500000e+02	5.03929861e-01
4.77500000e+02	4.98638007e-01
4.78500000e+02	4.93337122e-01
4.79500000e+02	4.88028919e-01
4.80500000e+02	4.82715161e-01
4.81500000e+02	4.77397663e-01
4.82500000e+02	4.72078292e-01
4.83500000e+02	4.66758968e-01
4.84500000e+02	4.61441662e-01
4.85500000e+02	4.56128394e-01
4.86500000e+02	4.50821235e-01
4.87500000e+02	4.45522300e-01
4.88500000e+02	4.40233754e-01
4.89500000e+02	4.34957802e-01
4.90500000e+02	4.29696693e-01
4.91500000e+02	4.24452711e-01
4.92500000e+02	4.19228175e-01
4.93500000e+02	4.14025435e-01
4.94500000e+02	4.08846866e-01
4.95500000e+02	4.03694864e-01
4.96500000e+02	3.98571840e-01
4.97500000e+02	3.93480215e-01
4.98500000e+02	3.88422415e-01
4.99500000e+02	3.83400860e-01
5.00500000e+02	3.78417962e-01
5.01500000e+02	3.73476115e-01
5.02500000e+02	3.68577687e-01
5.03500000e+02	3.63725012e-01
5.04500000e+02	3.58920386e-01
5.05500000e+02	3.54166052e-01
5.06500000e+02	3.49464197e-01
5.07500000e+02	3.44816944e-01
5.08500000e+02	3.40226338e-01
5.09500000e+02	3.35694347e-01
5.10500000e+02	3.31222845e-01
5.11500000e+02	3.26813613e-01
5.12500000e+02	3.22468328e-01
5.13500000e+02	3.18188556e-01
5.14500000e+02	3.13975750e-01
5.15500000e+02	3.09831241e-01
5.16500000e+02	3.05756235e-01
5.17500000e+02	3.01751813e-01
5.18500000e+02	2.97818922e-01
5.19500000e+02	2.93958377e-01
5.20500000e+02	2.90170858e-01
5.21500000e+02	2.86456913e-01
5.22500000e+02	2.82816953e-01
5.23500000e+02	2.79251257e-01
5.24500000e+02	2.75759974e-01
5.25500000e+02	2.72343124e-01
5.26500000e+02	2.69000604e-01
5.27500000e+02	2.65732187e-01
5.28500000e+02	2.62537534e-01
5.29500000e+02	2.59416190e-01
5.30500000e+02	2.56367600e-01
5.31500000e+02	2.53391105e-01
5.32500000e+02	2.50485956e-01
5.33500000e+02	2.47651314e-01
5.34500000e+02	2.44886263e-01
5.35500000e+02	2.42189810e-01
5.36500000e+02	2.39560899e-01
5.37500000e+02	2.36998411e-01
5.38500000e+02	2.34501175e-01
5.39500000e+02	2.32067973e-01
5.40500000e+02	2.29697547e-01
5.41500000e+02	2.27388605e-01
5.42500000e+02	2.25139828e-01
5.43500000e+02	2.22949873e-01
5.44500000e+02	2.20817381e-01
5.45500000e+02	2.18740983e-01
5.46500000e+02	2.16719302e-01
5.47500000e+02	2.14750960e-01
5.48500000e+02	2.12834582e-01
5.49500000e+02	2.10968800e-01
5.50500000e+02	2.09152256e-01
5.51500000e+02	2.07383606e-01
5.52500000e+02	2.05661522e-01
5.53500000e+02	2.03984700e-01
5.54500000e+02	2.02351854e-01
5.55500000e+02	2.00761727e-01
5.56500000e+02	1.99213087e-01
5.57500000e+02	1.97704733e-01
5.58500000e+02	1.96235492e-01
5.59500000e+02	1.94804228e-01
5.60500000e+02	1.93409834e-01
5.61500000e+02	1.92051240e-01
5.62500000e+02	1.90727411e-01
5.63500000e+02	1.89437349e-01
5.64500000e+02	1.88180092e-01
5.65500000e+02	1.86954715e-01
5.66500000e+02	1.85760331e-01
5.67500000e+02	1.84596089e-01
5.68500000e+02	1.83461178e-01
5.69500000e+02	1.82354821e-01
5.70500000e+02	1.81276280e-01
5.71500000e+02	1.80224852e-01
5.72500000e+02	1.79199870e-01
5.73500000e+02	1.78200701e-01
5.74500000e+02	1.77226746e-01
5.75500000e+02	1.76277441e-01
5.76500000e+02	1.75352250e-01
5.77500000e+02	1.74450670e-01
5.78500000e+02	1.73572227e-01
5.79500000e+02	1.72716473e-01
5.80500000e+02	1.71882988e-01
5.81500000e+02	1.71071375e-01
5.82500000e+02	1.70281260e-01
5.83500000e+02	1.69512291e-01
5.84500000e+02	1.68764133e-01
5.85500000e+02	1.68036471e-01
5.86500000e+02	1.67329002e-01
5.87500000e+02	1.66641439e-01
5.88500000e+02	1.65973505e-01
5.89500000e+02	1.65324933e-01
5.90500000e+02	1.64695464e-01
5.91500000e+02	1.64084844e-01
5.92500000e+02	1.63492823e-01
5.93500000e+02	1.62919153e-01
5.94500000e+02	1.62363588e-01
5.95500000e+02	1.61825881e-01
5.96500000e+02	1.61305780e-01
5.97500000e+02	1.60803033e-01
5.98500000e+02	1.60317381e-01
5.99500000e+02	1.59848560e-01
6.00500000e+02	1.59396300e-01
6.01500000e+02	1.58960323e-01
6.02500000e+02	1.58540343e-01
6.03500000e+02	1.58136067e-01
6.04500000e+02	1.57747193e-01
6.05500000e+02	1.57373410e-01
6.06500000e+02	1.57014398e-01
6.07500000e+02	1.56669831e-01
6.08500000e+02	1.56339374e-01
6.09500000e+02	1.56022685e-01
6.10500000e+02	1.55719415e-01
6.11500000e+02	1.55429210e-01
6.12500000e+02	1.55151708e-01
6.13500000e+02	1.54886547e-01
6.14500000e+02	1.54633356e-01
6.15500000e+02	1.54391765e-01
6.16500000e+02	1.54161401e-01
6.17500000e+02	1.53941890e-01
6.18500000e+02	1.53732859e-01
6.19500000e+02	1.53533936e-01
6.20500000e+02	1.53344750e-01
6.21500000e+02	1.53164934e-01
6.22500000e+02	1.52994124e-01
6.23500000e+02	1.52831962e-01
6.24500000e+02	1.52678094e-01
6.25500000e+02	1.52532172e-01
6.26500000e+02	1.52393855e-01
6.27500000e+02	1.52262812e-01
6.28500000e+02	1.52138715e-01
6.29500000e+02	1.52021248e-01
6.30500000e+02	1.51910103e-01
6.31500000e+02	1.51804980e-01
6.32500000e+02	1.51705590e-01
6.33500000e+02	1.51611651e-01
6.34500000e+02	1.51522893e-01
6.35500000e+02	1.51439056e-01
6.36500000e+02	1.51359887e-01
6.37500000e+02	1.51285145e-01
6.38500000e+02	1.51214599e-01
6.39500000e+02	1.51148026e-01
6.40500000e+02	1.51085215e-01
6.41500000e+02	1.51025962e-01
6.42500000e+02	1.50970073e-01
6.43500000e+02	1.50917364e-01
6.44500000e+02	1.50867658e-01
6.45500000e+02	1.50820788e-01
6.46500000e+02	1.50776596e-01
6.47500000e+02	1.50734929e-01
6.48500000e+02	1.50695644e-01
6.49500000e+02	1.50658606e-01
6.50500000e+02	1.50623685e-01
6.51500000e+02	1.50590761e-01
6.52500000e+02	1.50559717e-01
6.53500000e+02	1.50530445e-01
6.54500000e+02	1.50502842e-01
6.55500000e+02	1.50476811e-01
6.56500000e+02	1.50452261e-01
6.57500000e+02	1.50429106e-01
6.58500000e+02	1.50407263e-01
6.59500000e+02	1.50386658e-01
6.60500000e+02	1.50367217e-01
6.61500000e+02	1.50348873e-01
6.62500000e+02	1.50331563e-01
6.63500000e+02	1.50315226e-01
6.64500000e+02	1.50299807e-01
6.65500000e+02	1.50285254e-01
6.66500000e+02	1.50271516e-01
6.67500000e+02	1.50258547e-01
6.68500000e+02	1.50246305e-01
6.69500000e+02	1.50234748e-01
6.70500000e+02	1.50223839e-01
6.71500000e+02	1.50213543e-01
6.72500000e+02	1.50203826e-01
6.73500000e+02	1.50194657e-01
6.74500000e+02	1.50186008e-01
6.75500000e+02	1.50177853e-01
6.76500000e+02	1.50170167e-01
6.77500000e+02	1.50162926e-01
6.78500000e+02	1.50156110e-01
6.79500000e+02	1.50149700e-01
6.80500000e+02	1.50143678e-01
6.81500000e+02	1.50138027e-01
6.82500000e+02	1.50132733e-01
6.83500000e+02	1.50127783e-01
6.84500000e+02	1.50123164e-01
6.85500000e+02	1.50118868e-01
6.86500000e+02	1.50114883e-01
6.87500000e+02	1.50111203e-01
6.88500000e+02	1.50107820e-01
6.89500000e+02	1.50104730e-01
6.90500000e+02	1.50101928e-01
6.91500000e+02	1.50099410e-01
6.92500000e+02	1.50097173e-01
6.93500000e+02	1.50095217e-01
6.94500000e+02	1.50093540e-01
6.95500000e+02	1.50092141e-01
6.96500000e+02	1.50091021e-01
6.97500000e+02	1.50090179e-01
6.98500000e+02	1.50089619e-01
6.99500000e+02	1.50089340e-01
