# Profil de Te au temps 3.000000000000013e-12 
# simu : /Volumes/MERCURE/JOBS/Zeq1_tanh_50mic_1p5e20_B0_20ps/GNU/Te@y-c.set
# col 0 : abscisse (um)
# col 1 : Te (keV)
5.00000000e-01	9.99999909e-01
1.50000000e+00	9.99999905e-01
2.50000000e+00	9.99999907e-01
3.50000000e+00	9.99999908e-01
4.50000000e+00	9.99999907e-01
5.50000000e+00	9.99999906e-01
6.50000000e+00	9.99999904e-01
7.50000000e+00	9.99999902e-01
8.50000000e+00	9.99999900e-01
9.50000000e+00	9.99999898e-01
1.05000000e+01	9.99999896e-01
1.15000000e+01	9.99999893e-01
1.25000000e+01	9.99999891e-01
1.35000000e+01	9.99999888e-01
1.45000000e+01	9.99999884e-01
1.55000000e+01	9.99999881e-01
1.65000000e+01	9.99999878e-01
1.75000000e+01	9.99999874e-01
1.85000000e+01	9.99999870e-01
1.95000000e+01	9.99999866e-01
2.05000000e+01	9.99999862e-01
2.15000000e+01	9.99999857e-01
2.25000000e+01	9.99999852e-01
2.35000000e+01	9.99999847e-01
2.45000000e+01	9.99999842e-01
2.55000000e+01	9.99999836e-01
2.65000000e+01	9.99999831e-01
2.75000000e+01	9.99999825e-01
2.85000000e+01	9.99999818e-01
2.95000000e+01	9.99999812e-01
3.05000000e+01	9.99999805e-01
3.15000000e+01	9.99999797e-01
3.25000000e+01	9.99999790e-01
3.35000000e+01	9.99999782e-01
3.45000000e+01	9.99999774e-01
3.55000000e+01	9.99999765e-01
3.65000000e+01	9.99999756e-01
3.75000000e+01	9.99999747e-01
3.85000000e+01	9.99999737e-01
3.95000000e+01	9.99999727e-01
4.05000000e+01	9.99999716e-01
4.15000000e+01	9.99999705e-01
4.25000000e+01	9.99999693e-01
4.35000000e+01	9.99999681e-01
4.45000000e+01	9.99999669e-01
4.55000000e+01	9.99999655e-01
4.65000000e+01	9.99999642e-01
4.75000000e+01	9.99999627e-01
4.85000000e+01	9.99999613e-01
4.95000000e+01	9.99999597e-01
5.05000000e+01	9.99999581e-01
5.15000000e+01	9.99999564e-01
5.25000000e+01	9.99999547e-01
5.35000000e+01	9.99999529e-01
5.45000000e+01	9.99999510e-01
5.55000000e+01	9.99999490e-01
5.65000000e+01	9.99999469e-01
5.75000000e+01	9.99999448e-01
5.85000000e+01	9.99999426e-01
5.95000000e+01	9.99999403e-01
6.05000000e+01	9.99999378e-01
6.15000000e+01	9.99999353e-01
6.25000000e+01	9.99999327e-01
6.35000000e+01	9.99999300e-01
6.45000000e+01	9.99999272e-01
6.55000000e+01	9.99999242e-01
6.65000000e+01	9.99999211e-01
6.75000000e+01	9.99999180e-01
6.85000000e+01	9.99999146e-01
6.95000000e+01	9.99999112e-01
7.05000000e+01	9.99999076e-01
7.15000000e+01	9.99999038e-01
7.25000000e+01	9.99998999e-01
7.35000000e+01	9.99998958e-01
7.45000000e+01	9.99998916e-01
7.55000000e+01	9.99998872e-01
7.65000000e+01	9.99998826e-01
7.75000000e+01	9.99998778e-01
7.85000000e+01	9.99998729e-01
7.95000000e+01	9.99998677e-01
8.05000000e+01	9.99998623e-01
8.15000000e+01	9.99998567e-01
8.25000000e+01	9.99998508e-01
8.35000000e+01	9.99998448e-01
8.45000000e+01	9.99998384e-01
8.55000000e+01	9.99998318e-01
8.65000000e+01	9.99998250e-01
8.75000000e+01	9.99998179e-01
8.85000000e+01	9.99998104e-01
8.95000000e+01	9.99998027e-01
9.05000000e+01	9.99997947e-01
9.15000000e+01	9.99997863e-01
9.25000000e+01	9.99997776e-01
9.35000000e+01	9.99997685e-01
9.45000000e+01	9.99997591e-01
9.55000000e+01	9.99997492e-01
9.65000000e+01	9.99997390e-01
9.75000000e+01	9.99997284e-01
9.85000000e+01	9.99997173e-01
9.95000000e+01	9.99997057e-01
1.00500000e+02	9.99996937e-01
1.01500000e+02	9.99996812e-01
1.02500000e+02	9.99996682e-01
1.03500000e+02	9.99996547e-01
1.04500000e+02	9.99996406e-01
1.05500000e+02	9.99996260e-01
1.06500000e+02	9.99996107e-01
1.07500000e+02	9.99995948e-01
1.08500000e+02	9.99995783e-01
1.09500000e+02	9.99995611e-01
1.10500000e+02	9.99995432e-01
1.11500000e+02	9.99995245e-01
1.12500000e+02	9.99995051e-01
1.13500000e+02	9.99994849e-01
1.14500000e+02	9.99994639e-01
1.15500000e+02	9.99994420e-01
1.16500000e+02	9.99994193e-01
1.17500000e+02	9.99993956e-01
1.18500000e+02	9.99993709e-01
1.19500000e+02	9.99993453e-01
1.20500000e+02	9.99993185e-01
1.21500000e+02	9.99992907e-01
1.22500000e+02	9.99992618e-01
1.23500000e+02	9.99992317e-01
1.24500000e+02	9.99992003e-01
1.25500000e+02	9.99991677e-01
1.26500000e+02	9.99991338e-01
1.27500000e+02	9.99990984e-01
1.28500000e+02	9.99990616e-01
1.29500000e+02	9.99990233e-01
1.30500000e+02	9.99989835e-01
1.31500000e+02	9.99989420e-01
1.32500000e+02	9.99988988e-01
1.33500000e+02	9.99988539e-01
1.34500000e+02	9.99988072e-01
1.35500000e+02	9.99987585e-01
1.36500000e+02	9.99987078e-01
1.37500000e+02	9.99986551e-01
1.38500000e+02	9.99986003e-01
1.39500000e+02	9.99985431e-01
1.40500000e+02	9.99984837e-01
1.41500000e+02	9.99984218e-01
1.42500000e+02	9.99983575e-01
1.43500000e+02	9.99982905e-01
1.44500000e+02	9.99982207e-01
1.45500000e+02	9.99981481e-01
1.46500000e+02	9.99980726e-01
1.47500000e+02	9.99979939e-01
1.48500000e+02	9.99979121e-01
1.49500000e+02	9.99978269e-01
1.50500000e+02	9.99977383e-01
1.51500000e+02	9.99976460e-01
1.52500000e+02	9.99975500e-01
1.53500000e+02	9.99974501e-01
1.54500000e+02	9.99973460e-01
1.55500000e+02	9.99972378e-01
1.56500000e+02	9.99971251e-01
1.57500000e+02	9.99970079e-01
1.58500000e+02	9.99968858e-01
1.59500000e+02	9.99967588e-01
1.60500000e+02	9.99966266e-01
1.61500000e+02	9.99964890e-01
1.62500000e+02	9.99963458e-01
1.63500000e+02	9.99961968e-01
1.64500000e+02	9.99960417e-01
1.65500000e+02	9.99958803e-01
1.66500000e+02	9.99957123e-01
1.67500000e+02	9.99955374e-01
1.68500000e+02	9.99953554e-01
1.69500000e+02	9.99951661e-01
1.70500000e+02	9.99949689e-01
1.71500000e+02	9.99947638e-01
1.72500000e+02	9.99945503e-01
1.73500000e+02	9.99943281e-01
1.74500000e+02	9.99940969e-01
1.75500000e+02	9.99938563e-01
1.76500000e+02	9.99936058e-01
1.77500000e+02	9.99933451e-01
1.78500000e+02	9.99930739e-01
1.79500000e+02	9.99927916e-01
1.80500000e+02	9.99924978e-01
1.81500000e+02	9.99921920e-01
1.82500000e+02	9.99918738e-01
1.83500000e+02	9.99915427e-01
1.84500000e+02	9.99911980e-01
1.85500000e+02	9.99908394e-01
1.86500000e+02	9.99904662e-01
1.87500000e+02	9.99900777e-01
1.88500000e+02	9.99896735e-01
1.89500000e+02	9.99892529e-01
1.90500000e+02	9.99888151e-01
1.91500000e+02	9.99883596e-01
1.92500000e+02	9.99878855e-01
1.93500000e+02	9.99873922e-01
1.94500000e+02	9.99868788e-01
1.95500000e+02	9.99863445e-01
1.96500000e+02	9.99857886e-01
1.97500000e+02	9.99852101e-01
1.98500000e+02	9.99846081e-01
1.99500000e+02	9.99839817e-01
2.00500000e+02	9.99833298e-01
2.01500000e+02	9.99826515e-01
2.02500000e+02	9.99819457e-01
2.03500000e+02	9.99812112e-01
2.04500000e+02	9.99804470e-01
2.05500000e+02	9.99796518e-01
2.06500000e+02	9.99788243e-01
2.07500000e+02	9.99779634e-01
2.08500000e+02	9.99770675e-01
2.09500000e+02	9.99761354e-01
2.10500000e+02	9.99751656e-01
2.11500000e+02	9.99741565e-01
2.12500000e+02	9.99731066e-01
2.13500000e+02	9.99720143e-01
2.14500000e+02	9.99708778e-01
2.15500000e+02	9.99696954e-01
2.16500000e+02	9.99684652e-01
2.17500000e+02	9.99671853e-01
2.18500000e+02	9.99658538e-01
2.19500000e+02	9.99644686e-01
2.20500000e+02	9.99630276e-01
2.21500000e+02	9.99615284e-01
2.22500000e+02	9.99599689e-01
2.23500000e+02	9.99583466e-01
2.24500000e+02	9.99566590e-01
2.25500000e+02	9.99549035e-01
2.26500000e+02	9.99530774e-01
2.27500000e+02	9.99511781e-01
2.28500000e+02	9.99492024e-01
2.29500000e+02	9.99471475e-01
2.30500000e+02	9.99450102e-01
2.31500000e+02	9.99427872e-01
2.32500000e+02	9.99404753e-01
2.33500000e+02	9.99380708e-01
2.34500000e+02	9.99355702e-01
2.35500000e+02	9.99329697e-01
2.36500000e+02	9.99302654e-01
2.37500000e+02	9.99274532e-01
2.38500000e+02	9.99245290e-01
2.39500000e+02	9.99214883e-01
2.40500000e+02	9.99183267e-01
2.41500000e+02	9.99150395e-01
2.42500000e+02	9.99116218e-01
2.43500000e+02	9.99080685e-01
2.44500000e+02	9.99043744e-01
2.45500000e+02	9.99005342e-01
2.46500000e+02	9.98965421e-01
2.47500000e+02	9.98923924e-01
2.48500000e+02	9.98880791e-01
2.49500000e+02	9.98835960e-01
2.50500000e+02	9.98789364e-01
2.51500000e+02	9.98740939e-01
2.52500000e+02	9.98690613e-01
2.53500000e+02	9.98638317e-01
2.54500000e+02	9.98583975e-01
2.55500000e+02	9.98527510e-01
2.56500000e+02	9.98468844e-01
2.57500000e+02	9.98407893e-01
2.58500000e+02	9.98344574e-01
2.59500000e+02	9.98278798e-01
2.60500000e+02	9.98210474e-01
2.61500000e+02	9.98139509e-01
2.62500000e+02	9.98065805e-01
2.63500000e+02	9.97989262e-01
2.64500000e+02	9.97909777e-01
2.65500000e+02	9.97827242e-01
2.66500000e+02	9.97741548e-01
2.67500000e+02	9.97652581e-01
2.68500000e+02	9.97560223e-01
2.69500000e+02	9.97464353e-01
2.70500000e+02	9.97364845e-01
2.71500000e+02	9.97261572e-01
2.72500000e+02	9.97154399e-01
2.73500000e+02	9.97043191e-01
2.74500000e+02	9.96927806e-01
2.75500000e+02	9.96808099e-01
2.76500000e+02	9.96683920e-01
2.77500000e+02	9.96555116e-01
2.78500000e+02	9.96421527e-01
2.79500000e+02	9.96282991e-01
2.80500000e+02	9.96139341e-01
2.81500000e+02	9.95990403e-01
2.82500000e+02	9.95836002e-01
2.83500000e+02	9.95675954e-01
2.84500000e+02	9.95510074e-01
2.85500000e+02	9.95338168e-01
2.86500000e+02	9.95160042e-01
2.87500000e+02	9.94975491e-01
2.88500000e+02	9.94784310e-01
2.89500000e+02	9.94586286e-01
2.90500000e+02	9.94381200e-01
2.91500000e+02	9.94168831e-01
2.92500000e+02	9.93948949e-01
2.93500000e+02	9.93721320e-01
2.94500000e+02	9.93485706e-01
2.95500000e+02	9.93241862e-01
2.96500000e+02	9.92989536e-01
2.97500000e+02	9.92728474e-01
2.98500000e+02	9.92458414e-01
2.99500000e+02	9.92179088e-01
3.00500000e+02	9.91890224e-01
3.01500000e+02	9.91591545e-01
3.02500000e+02	9.91282765e-01
3.03500000e+02	9.90963596e-01
3.04500000e+02	9.90633743e-01
3.05500000e+02	9.90292905e-01
3.06500000e+02	9.89940777e-01
3.07500000e+02	9.89577046e-01
3.08500000e+02	9.89201396e-01
3.09500000e+02	9.88813504e-01
3.10500000e+02	9.88413044e-01
3.11500000e+02	9.87999681e-01
3.12500000e+02	9.87573079e-01
3.13500000e+02	9.87132892e-01
3.14500000e+02	9.86678774e-01
3.15500000e+02	9.86210370e-01
3.16500000e+02	9.85727323e-01
3.17500000e+02	9.85229268e-01
3.18500000e+02	9.84715840e-01
3.19500000e+02	9.84186664e-01
3.20500000e+02	9.83641364e-01
3.21500000e+02	9.83079559e-01
3.22500000e+02	9.82500863e-01
3.23500000e+02	9.81904886e-01
3.24500000e+02	9.81291235e-01
3.25500000e+02	9.80659512e-01
3.26500000e+02	9.80009315e-01
3.27500000e+02	9.79340240e-01
3.28500000e+02	9.78651878e-01
3.29500000e+02	9.77943818e-01
3.30500000e+02	9.77215644e-01
3.31500000e+02	9.76466938e-01
3.32500000e+02	9.75697280e-01
3.33500000e+02	9.74906245e-01
3.34500000e+02	9.74093408e-01
3.35500000e+02	9.73258339e-01
3.36500000e+02	9.72400608e-01
3.37500000e+02	9.71519782e-01
3.38500000e+02	9.70615424e-01
3.39500000e+02	9.69687099e-01
3.40500000e+02	9.68734367e-01
3.41500000e+02	9.67756788e-01
3.42500000e+02	9.66753919e-01
3.43500000e+02	9.65725317e-01
3.44500000e+02	9.64670538e-01
3.45500000e+02	9.63589136e-01
3.46500000e+02	9.62480664e-01
3.47500000e+02	9.61344673e-01
3.48500000e+02	9.60180717e-01
3.49500000e+02	9.58988344e-01
3.50500000e+02	9.57767105e-01
3.51500000e+02	9.56516549e-01
3.52500000e+02	9.55236226e-01
3.53500000e+02	9.53925682e-01
3.54500000e+02	9.52584466e-01
3.55500000e+02	9.51212126e-01
3.56500000e+02	9.49808207e-01
3.57500000e+02	9.48372258e-01
3.58500000e+02	9.46903822e-01
3.59500000e+02	9.45402448e-01
3.60500000e+02	9.43867679e-01
3.61500000e+02	9.42299061e-01
3.62500000e+02	9.40696138e-01
3.63500000e+02	9.39058454e-01
3.64500000e+02	9.37385553e-01
3.65500000e+02	9.35676978e-01
3.66500000e+02	9.33932270e-01
3.67500000e+02	9.32150972e-01
3.68500000e+02	9.30332624e-01
3.69500000e+02	9.28476766e-01
3.70500000e+02	9.26582937e-01
3.71500000e+02	9.24650674e-01
3.72500000e+02	9.22679515e-01
3.73500000e+02	9.20668995e-01
3.74500000e+02	9.18618647e-01
3.75500000e+02	9.16528006e-01
3.76500000e+02	9.14396601e-01
3.77500000e+02	9.12223962e-01
3.78500000e+02	9.10009616e-01
3.79500000e+02	9.07753091e-01
3.80500000e+02	9.05453909e-01
3.81500000e+02	9.03111592e-01
3.82500000e+02	9.00725661e-01
3.83500000e+02	8.98295632e-01
3.84500000e+02	8.95821022e-01
3.85500000e+02	8.93301343e-01
3.86500000e+02	8.90736107e-01
3.87500000e+02	8.88124821e-01
3.88500000e+02	8.85466993e-01
3.89500000e+02	8.82762125e-01
3.90500000e+02	8.80009721e-01
3.91500000e+02	8.77209280e-01
3.92500000e+02	8.74360300e-01
3.93500000e+02	8.71462277e-01
3.94500000e+02	8.68514704e-01
3.95500000e+02	8.65517075e-01
3.96500000e+02	8.62468882e-01
3.97500000e+02	8.59369614e-01
3.98500000e+02	8.56218761e-01
3.99500000e+02	8.53015813e-01
4.00500000e+02	8.49760261e-01
4.01500000e+02	8.46451593e-01
4.02500000e+02	8.43089301e-01
4.03500000e+02	8.39672880e-01
4.04500000e+02	8.36201822e-01
4.05500000e+02	8.32675628e-01
4.06500000e+02	8.29093799e-01
4.07500000e+02	8.25455842e-01
4.08500000e+02	8.21761268e-01
4.09500000e+02	8.18009597e-01
4.10500000e+02	8.14200353e-01
4.11500000e+02	8.10333071e-01
4.12500000e+02	8.06407295e-01
4.13500000e+02	8.02422580e-01
4.14500000e+02	7.98378492e-01
4.15500000e+02	7.94274612e-01
4.16500000e+02	7.90110535e-01
4.17500000e+02	7.85885874e-01
4.18500000e+02	7.81600260e-01
4.19500000e+02	7.77253341e-01
4.20500000e+02	7.72844791e-01
4.21500000e+02	7.68374306e-01
4.22500000e+02	7.63841606e-01
4.23500000e+02	7.59246440e-01
4.24500000e+02	7.54588588e-01
4.25500000e+02	7.49867858e-01
4.26500000e+02	7.45084096e-01
4.27500000e+02	7.40237183e-01
4.28500000e+02	7.35327037e-01
4.29500000e+02	7.30353619e-01
4.30500000e+02	7.25316934e-01
4.31500000e+02	7.20217030e-01
4.32500000e+02	7.15054007e-01
4.33500000e+02	7.09828014e-01
4.34500000e+02	7.04539254e-01
4.35500000e+02	6.99187986e-01
4.36500000e+02	6.93774530e-01
4.37500000e+02	6.88299264e-01
4.38500000e+02	6.82762632e-01
4.39500000e+02	6.77165146e-01
4.40500000e+02	6.71507383e-01
4.41500000e+02	6.65789997e-01
4.42500000e+02	6.60013711e-01
4.43500000e+02	6.54179329e-01
4.44500000e+02	6.48287732e-01
4.45500000e+02	6.42339882e-01
4.46500000e+02	6.36336825e-01
4.47500000e+02	6.30279693e-01
4.48500000e+02	6.24169706e-01
4.49500000e+02	6.18008174e-01
4.50500000e+02	6.11796497e-01
4.51500000e+02	6.05536171e-01
4.52500000e+02	5.99228785e-01
4.53500000e+02	5.92876026e-01
4.54500000e+02	5.86479677e-01
4.55500000e+02	5.80041622e-01
4.56500000e+02	5.73563843e-01
4.57500000e+02	5.67048426e-01
4.58500000e+02	5.60497556e-01
4.59500000e+02	5.53913520e-01
4.60500000e+02	5.47298708e-01
4.61500000e+02	5.40655612e-01
4.62500000e+02	5.33986825e-01
4.63500000e+02	5.27295041e-01
4.64500000e+02	5.20583056e-01
4.65500000e+02	5.13853762e-01
4.66500000e+02	5.07110149e-01
4.67500000e+02	5.00355304e-01
4.68500000e+02	4.93592403e-01
4.69500000e+02	4.86824715e-01
4.70500000e+02	4.80055593e-01
4.71500000e+02	4.73288474e-01
4.72500000e+02	4.66526870e-01
4.73500000e+02	4.59774370e-01
4.74500000e+02	4.53034625e-01
4.75500000e+02	4.46311352e-01
4.76500000e+02	4.39608319e-01
4.77500000e+02	4.32929344e-01
4.78500000e+02	4.26278281e-01
4.79500000e+02	4.19659017e-01
4.80500000e+02	4.13075460e-01
4.81500000e+02	4.06531531e-01
4.82500000e+02	4.00031153e-01
4.83500000e+02	3.93578241e-01
4.84500000e+02	3.87176693e-01
4.85500000e+02	3.80830374e-01
4.86500000e+02	3.74543114e-01
4.87500000e+02	3.68318688e-01
4.88500000e+02	3.62160808e-01
4.89500000e+02	3.56073115e-01
4.90500000e+02	3.50059161e-01
4.91500000e+02	3.44122406e-01
4.92500000e+02	3.38266203e-01
4.93500000e+02	3.32493788e-01
4.94500000e+02	3.26808274e-01
4.95500000e+02	3.21212638e-01
4.96500000e+02	3.15709713e-01
4.97500000e+02	3.10302185e-01
4.98500000e+02	3.04992580e-01
4.99500000e+02	2.99783261e-01
5.00500000e+02	2.94676423e-01
5.01500000e+02	2.89674084e-01
5.02500000e+02	2.84778087e-01
5.03500000e+02	2.79990089e-01
5.04500000e+02	2.75311564e-01
5.05500000e+02	2.70743800e-01
5.06500000e+02	2.66287893e-01
5.07500000e+02	2.61944751e-01
5.08500000e+02	2.57715088e-01
5.09500000e+02	2.53599429e-01
5.10500000e+02	2.49598106e-01
5.11500000e+02	2.45711260e-01
5.12500000e+02	2.41938844e-01
5.13500000e+02	2.38280619e-01
5.14500000e+02	2.34736163e-01
5.15500000e+02	2.31304865e-01
5.16500000e+02	2.27985936e-01
5.17500000e+02	2.24778407e-01
5.18500000e+02	2.21681133e-01
5.19500000e+02	2.18692800e-01
5.20500000e+02	2.15811930e-01
5.21500000e+02	2.13036884e-01
5.22500000e+02	2.10365872e-01
5.23500000e+02	2.07796958e-01
5.24500000e+02	2.05328072e-01
5.25500000e+02	2.02957013e-01
5.26500000e+02	2.00681468e-01
5.27500000e+02	1.98499014e-01
5.28500000e+02	1.96407136e-01
5.29500000e+02	1.94403237e-01
5.30500000e+02	1.92484648e-01
5.31500000e+02	1.90648646e-01
5.32500000e+02	1.88892467e-01
5.33500000e+02	1.87213314e-01
5.34500000e+02	1.85608378e-01
5.35500000e+02	1.84074846e-01
5.36500000e+02	1.82609914e-01
5.37500000e+02	1.81210804e-01
5.38500000e+02	1.79874768e-01
5.39500000e+02	1.78599107e-01
5.40500000e+02	1.77381173e-01
5.41500000e+02	1.76218383e-01
5.42500000e+02	1.75108221e-01
5.43500000e+02	1.74048252e-01
5.44500000e+02	1.73036120e-01
5.45500000e+02	1.72069556e-01
5.46500000e+02	1.71146377e-01
5.47500000e+02	1.70264494e-01
5.48500000e+02	1.69421906e-01
5.49500000e+02	1.68616706e-01
5.50500000e+02	1.67847075e-01
5.51500000e+02	1.67111286e-01
5.52500000e+02	1.66407694e-01
5.53500000e+02	1.65734744e-01
5.54500000e+02	1.65090957e-01
5.55500000e+02	1.64474936e-01
5.56500000e+02	1.63885357e-01
5.57500000e+02	1.63320967e-01
5.58500000e+02	1.62780581e-01
5.59500000e+02	1.62263077e-01
5.60500000e+02	1.61767396e-01
5.61500000e+02	1.61292532e-01
5.62500000e+02	1.60837536e-01
5.63500000e+02	1.60401506e-01
5.64500000e+02	1.59983591e-01
5.65500000e+02	1.59582981e-01
5.66500000e+02	1.59198909e-01
5.67500000e+02	1.58830646e-01
5.68500000e+02	1.58477502e-01
5.69500000e+02	1.58138819e-01
5.70500000e+02	1.57813971e-01
5.71500000e+02	1.57502365e-01
5.72500000e+02	1.57203433e-01
5.73500000e+02	1.56916638e-01
5.74500000e+02	1.56641464e-01
5.75500000e+02	1.56377422e-01
5.76500000e+02	1.56124044e-01
5.77500000e+02	1.55880884e-01
5.78500000e+02	1.55647517e-01
5.79500000e+02	1.55423534e-01
5.80500000e+02	1.55208548e-01
5.81500000e+02	1.55002188e-01
5.82500000e+02	1.54804096e-01
5.83500000e+02	1.54613935e-01
5.84500000e+02	1.54431379e-01
5.85500000e+02	1.54256117e-01
5.86500000e+02	1.54087851e-01
5.87500000e+02	1.53926297e-01
5.88500000e+02	1.53771181e-01
5.89500000e+02	1.53622243e-01
5.90500000e+02	1.53479232e-01
5.91500000e+02	1.53341909e-01
5.92500000e+02	1.53210043e-01
5.93500000e+02	1.53083415e-01
5.94500000e+02	1.52961813e-01
5.95500000e+02	1.52845036e-01
5.96500000e+02	1.52732890e-01
5.97500000e+02	1.52625189e-01
5.98500000e+02	1.52521754e-01
5.99500000e+02	1.52422415e-01
6.00500000e+02	1.52327008e-01
6.01500000e+02	1.52235376e-01
6.02500000e+02	1.52147368e-01
6.03500000e+02	1.52062839e-01
6.04500000e+02	1.51981650e-01
6.05500000e+02	1.51903670e-01
6.06500000e+02	1.51828769e-01
6.07500000e+02	1.51756825e-01
6.08500000e+02	1.51687721e-01
6.09500000e+02	1.51621344e-01
6.10500000e+02	1.51557586e-01
6.11500000e+02	1.51496342e-01
6.12500000e+02	1.51437512e-01
6.13500000e+02	1.51381002e-01
6.14500000e+02	1.51326719e-01
6.15500000e+02	1.51274575e-01
6.16500000e+02	1.51224486e-01
6.17500000e+02	1.51176369e-01
6.18500000e+02	1.51130147e-01
6.19500000e+02	1.51085745e-01
6.20500000e+02	1.51043091e-01
6.21500000e+02	1.51002115e-01
6.22500000e+02	1.50962753e-01
6.23500000e+02	1.50924939e-01
6.24500000e+02	1.50888612e-01
6.25500000e+02	1.50853715e-01
6.26500000e+02	1.50820190e-01
6.27500000e+02	1.50787984e-01
6.28500000e+02	1.50757044e-01
6.29500000e+02	1.50727321e-01
6.30500000e+02	1.50698766e-01
6.31500000e+02	1.50671334e-01
6.32500000e+02	1.50644980e-01
6.33500000e+02	1.50619661e-01
6.34500000e+02	1.50595338e-01
6.35500000e+02	1.50571970e-01
6.36500000e+02	1.50549521e-01
6.37500000e+02	1.50527953e-01
6.38500000e+02	1.50507233e-01
6.39500000e+02	1.50487327e-01
6.40500000e+02	1.50468202e-01
6.41500000e+02	1.50449829e-01
6.42500000e+02	1.50432177e-01
6.43500000e+02	1.50415219e-01
6.44500000e+02	1.50398926e-01
6.45500000e+02	1.50383273e-01
6.46500000e+02	1.50368235e-01
6.47500000e+02	1.50353787e-01
6.48500000e+02	1.50339906e-01
6.49500000e+02	1.50326571e-01
6.50500000e+02	1.50313759e-01
6.51500000e+02	1.50301450e-01
6.52500000e+02	1.50289624e-01
6.53500000e+02	1.50278263e-01
6.54500000e+02	1.50267348e-01
6.55500000e+02	1.50256861e-01
6.56500000e+02	1.50246787e-01
6.57500000e+02	1.50237108e-01
6.58500000e+02	1.50227811e-01
6.59500000e+02	1.50218879e-01
6.60500000e+02	1.50210300e-01
6.61500000e+02	1.50202058e-01
6.62500000e+02	1.50194143e-01
6.63500000e+02	1.50186541e-01
6.64500000e+02	1.50179240e-01
6.65500000e+02	1.50172230e-01
6.66500000e+02	1.50165499e-01
6.67500000e+02	1.50159037e-01
6.68500000e+02	1.50152834e-01
6.69500000e+02	1.50146881e-01
6.70500000e+02	1.50141168e-01
6.71500000e+02	1.50135687e-01
6.72500000e+02	1.50130428e-01
6.73500000e+02	1.50125385e-01
6.74500000e+02	1.50120549e-01
6.75500000e+02	1.50115914e-01
6.76500000e+02	1.50111472e-01
6.77500000e+02	1.50107218e-01
6.78500000e+02	1.50103145e-01
6.79500000e+02	1.50099248e-01
6.80500000e+02	1.50095523e-01
6.81500000e+02	1.50091965e-01
6.82500000e+02	1.50088570e-01
6.83500000e+02	1.50085336e-01
6.84500000e+02	1.50082259e-01
6.85500000e+02	1.50079337e-01
6.86500000e+02	1.50076570e-01
6.87500000e+02	1.50073958e-01
6.88500000e+02	1.50071500e-01
6.89500000e+02	1.50069199e-01
6.90500000e+02	1.50067058e-01
6.91500000e+02	1.50065082e-01
6.92500000e+02	1.50063277e-01
6.93500000e+02	1.50061650e-01
6.94500000e+02	1.50060214e-01
6.95500000e+02	1.50058979e-01
6.96500000e+02	1.50057962e-01
6.97500000e+02	1.50057176e-01
6.98500000e+02	1.50056641e-01
6.99500000e+02	1.50056372e-01
