# Profil de ElecX au temps 7.000000000000077e-12 
# simu : /Volumes/MERCURE/JOBS/Zeq2_tanh_50mic_3p5e21_B0_20ps/GNU/ElecX@y-c.set
# col 0 : abscisse (um)
# col 1 : ElecX (V/m)
0.00000000e+00	0.00000000e+00
1.00000000e+00	6.59036488e+02
2.00000000e+00	-2.26595543e+02
3.00000000e+00	-1.77217662e+02
4.00000000e+00	7.05636818e+01
5.00000000e+00	2.89159391e+01
6.00000000e+00	2.35707063e+01
7.00000000e+00	2.47369400e+01
8.00000000e+00	2.68831226e+01
9.00000000e+00	2.93095339e+01
1.00000000e+01	3.18843354e+01
1.10000000e+01	3.45698677e+01
1.20000000e+01	3.73518926e+01
1.30000000e+01	4.02239217e+01
1.40000000e+01	4.31831396e+01
1.50000000e+01	4.62290880e+01
1.60000000e+01	4.93625615e+01
1.70000000e+01	5.25855768e+01
1.80000000e+01	5.59008755e+01
1.90000000e+01	5.93117923e+01
2.00000000e+01	6.28220215e+01
2.10000000e+01	6.64359818e+01
2.20000000e+01	7.01580433e+01
2.30000000e+01	7.39931751e+01
2.40000000e+01	7.79465114e+01
2.50000000e+01	8.20234589e+01
2.60000000e+01	8.62295616e+01
2.70000000e+01	9.05709075e+01
2.80000000e+01	9.50534963e+01
2.90000000e+01	9.96836970e+01
3.00000000e+01	1.04468122e+02
3.10000000e+01	1.09413611e+02
3.20000000e+01	1.14527206e+02
3.30000000e+01	1.19816248e+02
3.40000000e+01	1.25288273e+02
3.50000000e+01	1.30951162e+02
3.60000000e+01	1.36812899e+02
3.70000000e+01	1.42881936e+02
3.80000000e+01	1.49166767e+02
3.90000000e+01	1.55676370e+02
4.00000000e+01	1.62419926e+02
4.10000000e+01	1.69406940e+02
4.20000000e+01	1.76647207e+02
4.30000000e+01	1.84150832e+02
4.40000000e+01	1.91928271e+02
4.50000000e+01	1.99990307e+02
4.60000000e+01	2.08347960e+02
4.70000000e+01	2.17012871e+02
4.80000000e+01	2.25996787e+02
4.90000000e+01	2.35311926e+02
5.00000000e+01	2.44970841e+02
5.10000000e+01	2.54986615e+02
5.20000000e+01	2.65372578e+02
5.30000000e+01	2.76142540e+02
5.40000000e+01	2.87310804e+02
5.50000000e+01	2.98891880e+02
5.60000000e+01	3.10901046e+02
5.70000000e+01	3.23353837e+02
5.80000000e+01	3.36266208e+02
5.90000000e+01	3.49654800e+02
6.00000000e+01	3.63536554e+02
6.10000000e+01	3.77928958e+02
6.20000000e+01	3.92850149e+02
6.30000000e+01	4.08318581e+02
6.40000000e+01	4.24353428e+02
6.50000000e+01	4.40974293e+02
6.60000000e+01	4.58201300e+02
6.70000000e+01	4.76055391e+02
6.80000000e+01	4.94557757e+02
6.90000000e+01	5.13730487e+02
7.00000000e+01	5.33596081e+02
7.10000000e+01	5.54177701e+02
7.20000000e+01	5.75499276e+02
7.30000000e+01	5.97585093e+02
7.40000000e+01	6.20460506e+02
7.50000000e+01	6.44151100e+02
7.60000000e+01	6.68683534e+02
7.70000000e+01	6.94084882e+02
7.80000000e+01	7.20383071e+02
7.90000000e+01	7.47606778e+02
8.00000000e+01	7.75785290e+02
8.10000000e+01	8.04948744e+02
8.20000000e+01	8.35128115e+02
8.30000000e+01	8.66354986e+02
8.40000000e+01	8.98661826e+02
8.50000000e+01	9.32082034e+02
8.60000000e+01	9.66649633e+02
8.70000000e+01	1.00239957e+03
8.80000000e+01	1.03936785e+03
8.90000000e+01	1.07759095e+03
9.00000000e+01	1.11710670e+03
9.10000000e+01	1.15795346e+03
9.20000000e+01	1.20017081e+03
9.30000000e+01	1.24379911e+03
9.40000000e+01	1.28887972e+03
9.50000000e+01	1.33545508e+03
9.60000000e+01	1.38356855e+03
9.70000000e+01	1.43326450e+03
9.80000000e+01	1.48458844e+03
9.90000000e+01	1.53758692e+03
1.00000000e+02	1.59230752e+03
1.01000000e+02	1.64879901e+03
1.02000000e+02	1.70711127e+03
1.03000000e+02	1.76729526e+03
1.04000000e+02	1.82940336e+03
1.05000000e+02	1.89348884e+03
1.06000000e+02	1.95960640e+03
1.07000000e+02	2.02781194e+03
1.08000000e+02	2.09816265e+03
1.09000000e+02	2.17071702e+03
1.10000000e+02	2.24553483e+03
1.11000000e+02	2.32267731e+03
1.12000000e+02	2.40220700e+03
1.13000000e+02	2.48418775e+03
1.14000000e+02	2.56868513e+03
1.15000000e+02	2.65576590e+03
1.16000000e+02	2.74549850e+03
1.17000000e+02	2.83795279e+03
1.18000000e+02	2.93320022e+03
1.19000000e+02	3.03131390e+03
1.20000000e+02	3.13236850e+03
1.21000000e+02	3.23644029e+03
1.22000000e+02	3.34360747e+03
1.23000000e+02	3.45394972e+03
1.24000000e+02	3.56754862e+03
1.25000000e+02	3.68448760e+03
1.26000000e+02	3.80485188e+03
1.27000000e+02	3.92872869e+03
1.28000000e+02	4.05620707e+03
1.29000000e+02	4.18737814e+03
1.30000000e+02	4.32233516e+03
1.31000000e+02	4.46117338e+03
1.32000000e+02	4.60399023e+03
1.33000000e+02	4.75088541e+03
1.34000000e+02	4.90196096e+03
1.35000000e+02	5.05732122e+03
1.36000000e+02	5.21707281e+03
1.37000000e+02	5.38132516e+03
1.38000000e+02	5.55018996e+03
1.39000000e+02	5.72378190e+03
1.40000000e+02	5.90221797e+03
1.41000000e+02	6.08561833e+03
1.42000000e+02	6.27410602e+03
1.43000000e+02	6.46780699e+03
1.44000000e+02	6.66685021e+03
1.45000000e+02	6.87136816e+03
1.46000000e+02	7.08149644e+03
1.47000000e+02	7.29737427e+03
1.48000000e+02	7.51914407e+03
1.49000000e+02	7.74695250e+03
1.50000000e+02	7.98094960e+03
1.51000000e+02	8.22128965e+03
1.52000000e+02	8.46813087e+03
1.53000000e+02	8.72163584e+03
1.54000000e+02	8.98197157e+03
1.55000000e+02	9.24930965e+03
1.56000000e+02	9.52382634e+03
1.57000000e+02	9.80570294e+03
1.58000000e+02	1.00951258e+04
1.59000000e+02	1.03922867e+04
1.60000000e+02	1.06973828e+04
1.61000000e+02	1.10106170e+04
1.62000000e+02	1.13321981e+04
1.63000000e+02	1.16623413e+04
1.64000000e+02	1.20012677e+04
1.65000000e+02	1.23492056e+04
1.66000000e+02	1.27063897e+04
1.67000000e+02	1.30730622e+04
1.68000000e+02	1.34494724e+04
1.69000000e+02	1.38358773e+04
1.70000000e+02	1.42325422e+04
1.71000000e+02	1.46397402e+04
1.72000000e+02	1.50577531e+04
1.73000000e+02	1.54868718e+04
1.74000000e+02	1.59273960e+04
1.75000000e+02	1.63796352e+04
1.76000000e+02	1.68439087e+04
1.77000000e+02	1.73205458e+04
1.78000000e+02	1.78098867e+04
1.79000000e+02	1.83122825e+04
1.80000000e+02	1.88280954e+04
1.81000000e+02	1.93576995e+04
1.82000000e+02	1.99014812e+04
1.83000000e+02	2.04598391e+04
1.84000000e+02	2.10331852e+04
1.85000000e+02	2.16219446e+04
1.86000000e+02	2.22265565e+04
1.87000000e+02	2.28474745e+04
1.88000000e+02	2.34851669e+04
1.89000000e+02	2.41401174e+04
1.90000000e+02	2.48128258e+04
1.91000000e+02	2.55038078e+04
1.92000000e+02	2.62135965e+04
1.93000000e+02	2.69427421e+04
1.94000000e+02	2.76918131e+04
1.95000000e+02	2.84613964e+04
1.96000000e+02	2.92520983e+04
1.97000000e+02	3.00645448e+04
1.98000000e+02	3.08993823e+04
1.99000000e+02	3.17572785e+04
2.00000000e+02	3.26389225e+04
2.01000000e+02	3.35450262e+04
2.02000000e+02	3.44763243e+04
2.03000000e+02	3.54335755e+04
2.04000000e+02	3.64175630e+04
2.05000000e+02	3.74290953e+04
2.06000000e+02	3.84690070e+04
2.07000000e+02	3.95381595e+04
2.08000000e+02	4.06374420e+04
2.09000000e+02	4.17677720e+04
2.10000000e+02	4.29300964e+04
2.11000000e+02	4.41253926e+04
2.12000000e+02	4.53546686e+04
2.13000000e+02	4.66189649e+04
2.14000000e+02	4.79193548e+04
2.15000000e+02	4.92569456e+04
2.16000000e+02	5.06328794e+04
2.17000000e+02	5.20483347e+04
2.18000000e+02	5.35045263e+04
2.19000000e+02	5.50027078e+04
2.20000000e+02	5.65441718e+04
2.21000000e+02	5.81302508e+04
2.22000000e+02	5.97623197e+04
2.23000000e+02	6.14417952e+04
2.24000000e+02	6.31701385e+04
2.25000000e+02	6.49488560e+04
2.26000000e+02	6.67795002e+04
2.27000000e+02	6.86636721e+04
2.28000000e+02	7.06030213e+04
2.29000000e+02	7.25992483e+04
2.30000000e+02	7.46541057e+04
2.31000000e+02	7.67693997e+04
2.32000000e+02	7.89469915e+04
2.33000000e+02	8.11887989e+04
2.34000000e+02	8.34967982e+04
2.35000000e+02	8.58730253e+04
2.36000000e+02	8.83195780e+04
2.37000000e+02	9.08386174e+04
2.38000000e+02	9.34323697e+04
2.39000000e+02	9.61031282e+04
2.40000000e+02	9.88532549e+04
2.41000000e+02	1.01685183e+05
2.42000000e+02	1.04601417e+05
2.43000000e+02	1.07604540e+05
2.44000000e+02	1.10697207e+05
2.45000000e+02	1.13882156e+05
2.46000000e+02	1.17162204e+05
2.47000000e+02	1.20540252e+05
2.48000000e+02	1.24019289e+05
2.49000000e+02	1.27602389e+05
2.50000000e+02	1.31292718e+05
2.51000000e+02	1.35093535e+05
2.52000000e+02	1.39008196e+05
2.53000000e+02	1.43040152e+05
2.54000000e+02	1.47192958e+05
2.55000000e+02	1.51470271e+05
2.56000000e+02	1.55875855e+05
2.57000000e+02	1.60413583e+05
2.58000000e+02	1.65087440e+05
2.59000000e+02	1.69901527e+05
2.60000000e+02	1.74860061e+05
2.61000000e+02	1.79967384e+05
2.62000000e+02	1.85227958e+05
2.63000000e+02	1.90646375e+05
2.64000000e+02	1.96227359e+05
2.65000000e+02	2.01975766e+05
2.66000000e+02	2.07896591e+05
2.67000000e+02	2.13994969e+05
2.68000000e+02	2.20276182e+05
2.69000000e+02	2.26745658e+05
2.70000000e+02	2.33408978e+05
2.71000000e+02	2.40271880e+05
2.72000000e+02	2.47340258e+05
2.73000000e+02	2.54620174e+05
2.74000000e+02	2.62117854e+05
2.75000000e+02	2.69839696e+05
2.76000000e+02	2.77792275e+05
2.77000000e+02	2.85982344e+05
2.78000000e+02	2.94416839e+05
2.79000000e+02	3.03102885e+05
2.80000000e+02	3.12047799e+05
2.81000000e+02	3.21259095e+05
2.82000000e+02	3.30744486e+05
2.83000000e+02	3.40511891e+05
2.84000000e+02	3.50569439e+05
2.85000000e+02	3.60925473e+05
2.86000000e+02	3.71588554e+05
2.87000000e+02	3.82567466e+05
2.88000000e+02	3.93871222e+05
2.89000000e+02	4.05509066e+05
2.90000000e+02	4.17490480e+05
2.91000000e+02	4.29825186e+05
2.92000000e+02	4.42523155e+05
2.93000000e+02	4.55594605e+05
2.94000000e+02	4.69050014e+05
2.95000000e+02	4.82900116e+05
2.96000000e+02	4.97155914e+05
2.97000000e+02	5.11828677e+05
2.98000000e+02	5.26929951e+05
2.99000000e+02	5.42471559e+05
3.00000000e+02	5.58465608e+05
3.01000000e+02	5.74924493e+05
3.02000000e+02	5.91860901e+05
3.03000000e+02	6.09287815e+05
3.04000000e+02	6.27218522e+05
3.05000000e+02	6.45666612e+05
3.06000000e+02	6.64645984e+05
3.07000000e+02	6.84170853e+05
3.08000000e+02	7.04255749e+05
3.09000000e+02	7.24915525e+05
3.10000000e+02	7.46165361e+05
3.11000000e+02	7.68020762e+05
3.12000000e+02	7.90497568e+05
3.13000000e+02	8.13611954e+05
3.14000000e+02	8.37380434e+05
3.15000000e+02	8.61819862e+05
3.16000000e+02	8.86947440e+05
3.17000000e+02	9.12780713e+05
3.18000000e+02	9.39337578e+05
3.19000000e+02	9.66636281e+05
3.20000000e+02	9.94695423e+05
3.21000000e+02	1.02353396e+06
3.22000000e+02	1.05317120e+06
3.23000000e+02	1.08362681e+06
3.24000000e+02	1.11492081e+06
3.25000000e+02	1.14707359e+06
3.26000000e+02	1.18010589e+06
3.27000000e+02	1.21403879e+06
3.28000000e+02	1.24889376e+06
3.29000000e+02	1.28469260e+06
3.30000000e+02	1.32145747e+06
3.31000000e+02	1.35921087e+06
3.32000000e+02	1.39797566e+06
3.33000000e+02	1.43777506e+06
3.34000000e+02	1.47863259e+06
3.35000000e+02	1.52057214e+06
3.36000000e+02	1.56361793e+06
3.37000000e+02	1.60779448e+06
3.38000000e+02	1.65312667e+06
3.39000000e+02	1.69963966e+06
3.40000000e+02	1.74735893e+06
3.41000000e+02	1.79631028e+06
3.42000000e+02	1.84651975e+06
3.43000000e+02	1.89801372e+06
3.44000000e+02	1.95081880e+06
3.45000000e+02	2.00496187e+06
3.46000000e+02	2.06047007e+06
3.47000000e+02	2.11737078e+06
3.48000000e+02	2.17569158e+06
3.49000000e+02	2.23546028e+06
3.50000000e+02	2.29670488e+06
3.51000000e+02	2.35945356e+06
3.52000000e+02	2.42373466e+06
3.53000000e+02	2.48957668e+06
3.54000000e+02	2.55700823e+06
3.55000000e+02	2.62605804e+06
3.56000000e+02	2.69675492e+06
3.57000000e+02	2.76912775e+06
3.58000000e+02	2.84320545e+06
3.59000000e+02	2.91901699e+06
3.60000000e+02	2.99659128e+06
3.61000000e+02	3.07595727e+06
3.62000000e+02	3.15714380e+06
3.63000000e+02	3.24017965e+06
3.64000000e+02	3.32509350e+06
3.65000000e+02	3.41191387e+06
3.66000000e+02	3.50066911e+06
3.67000000e+02	3.59138739e+06
3.68000000e+02	3.68409660e+06
3.69000000e+02	3.77882441e+06
3.70000000e+02	3.87559813e+06
3.71000000e+02	3.97444477e+06
3.72000000e+02	4.07539092e+06
3.73000000e+02	4.17846277e+06
3.74000000e+02	4.28368604e+06
3.75000000e+02	4.39108594e+06
3.76000000e+02	4.50068713e+06
3.77000000e+02	4.61251366e+06
3.78000000e+02	4.72658897e+06
3.79000000e+02	4.84293577e+06
3.80000000e+02	4.96157605e+06
3.81000000e+02	5.08253100e+06
3.82000000e+02	5.20582097e+06
3.83000000e+02	5.33146540e+06
3.84000000e+02	5.45948276e+06
3.85000000e+02	5.58989052e+06
3.86000000e+02	5.72270507e+06
3.87000000e+02	5.85794164e+06
3.88000000e+02	5.99561427e+06
3.89000000e+02	6.13573573e+06
3.90000000e+02	6.27831743e+06
3.91000000e+02	6.42336937e+06
3.92000000e+02	6.57090008e+06
3.93000000e+02	6.72091651e+06
3.94000000e+02	6.87342396e+06
3.95000000e+02	7.02842601e+06
3.96000000e+02	7.18592443e+06
3.97000000e+02	7.34591909e+06
3.98000000e+02	7.50840785e+06
3.99000000e+02	7.67338651e+06
4.00000000e+02	7.84084865e+06
4.01000000e+02	8.01078559e+06
4.02000000e+02	8.18318623e+06
4.03000000e+02	8.35803696e+06
4.04000000e+02	8.53532154e+06
4.05000000e+02	8.71502100e+06
4.06000000e+02	8.89711346e+06
4.07000000e+02	9.08157406e+06
4.08000000e+02	9.26837477e+06
4.09000000e+02	9.45748426e+06
4.10000000e+02	9.64886778e+06
4.11000000e+02	9.84248693e+06
4.12000000e+02	1.00382996e+07
4.13000000e+02	1.02362596e+07
4.14000000e+02	1.04363167e+07
4.15000000e+02	1.06384165e+07
4.16000000e+02	1.08424996e+07
4.17000000e+02	1.10485024e+07
4.18000000e+02	1.12563561e+07
4.19000000e+02	1.14659865e+07
4.20000000e+02	1.16773142e+07
4.21000000e+02	1.18902541e+07
4.22000000e+02	1.21047149e+07
4.23000000e+02	1.23205994e+07
4.24000000e+02	1.25378034e+07
4.25000000e+02	1.27562162e+07
4.26000000e+02	1.29757197e+07
4.27000000e+02	1.31961883e+07
4.28000000e+02	1.34174884e+07
4.29000000e+02	1.36394782e+07
4.30000000e+02	1.38620074e+07
4.31000000e+02	1.40849162e+07
4.32000000e+02	1.43080357e+07
4.33000000e+02	1.45311868e+07
4.34000000e+02	1.47541801e+07
4.35000000e+02	1.49768153e+07
4.36000000e+02	1.51988807e+07
4.37000000e+02	1.54201529e+07
4.38000000e+02	1.56403959e+07
4.39000000e+02	1.58593610e+07
4.40000000e+02	1.60767860e+07
4.41000000e+02	1.62923948e+07
4.42000000e+02	1.65058968e+07
4.43000000e+02	1.67169864e+07
4.44000000e+02	1.69253426e+07
4.45000000e+02	1.71306283e+07
4.46000000e+02	1.73324900e+07
4.47000000e+02	1.75305573e+07
4.48000000e+02	1.77244426e+07
4.49000000e+02	1.79137406e+07
4.50000000e+02	1.80980281e+07
4.51000000e+02	1.82768638e+07
4.52000000e+02	1.84497883e+07
4.53000000e+02	1.86163242e+07
4.54000000e+02	1.87759760e+07
4.55000000e+02	1.89282305e+07
4.56000000e+02	1.90725577e+07
4.57000000e+02	1.92084110e+07
4.58000000e+02	1.93352284e+07
4.59000000e+02	1.94524340e+07
4.60000000e+02	1.95594391e+07
4.61000000e+02	1.96556442e+07
4.62000000e+02	1.97404417e+07
4.63000000e+02	1.98132178e+07
4.64000000e+02	1.98733564e+07
4.65000000e+02	1.99202419e+07
4.66000000e+02	1.99532639e+07
4.67000000e+02	1.99718213e+07
4.68000000e+02	1.99753277e+07
4.69000000e+02	1.99632166e+07
4.70000000e+02	1.99349482e+07
4.71000000e+02	1.98900154e+07
4.72000000e+02	1.98279512e+07
4.73000000e+02	1.97483361e+07
4.74000000e+02	1.96508061e+07
4.75000000e+02	1.95350606e+07
4.76000000e+02	1.94008707e+07
4.77000000e+02	1.92480870e+07
4.78000000e+02	1.90766481e+07
4.79000000e+02	1.88865874e+07
4.80000000e+02	1.86780404e+07
4.81000000e+02	1.84512506e+07
4.82000000e+02	1.82065739e+07
4.83000000e+02	1.79444829e+07
4.84000000e+02	1.76655681e+07
4.85000000e+02	1.73705383e+07
4.86000000e+02	1.70602189e+07
4.87000000e+02	1.67355475e+07
4.88000000e+02	1.63975680e+07
4.89000000e+02	1.60474221e+07
4.90000000e+02	1.56863390e+07
4.91000000e+02	1.53156226e+07
4.92000000e+02	1.49366374e+07
4.93000000e+02	1.45507927e+07
4.94000000e+02	1.41595258e+07
4.95000000e+02	1.37642844e+07
4.96000000e+02	1.33665090e+07
4.97000000e+02	1.29676153e+07
4.98000000e+02	1.25689776e+07
4.99000000e+02	1.21719130e+07
5.00000000e+02	1.17776678e+07
5.01000000e+02	1.13874050e+07
5.02000000e+02	1.10021945e+07
5.03000000e+02	1.06230056e+07
5.04000000e+02	1.02507018e+07
5.05000000e+02	9.88603776e+06
5.06000000e+02	9.52965878e+06
5.07000000e+02	9.18210236e+06
5.08000000e+02	8.84380155e+06
5.09000000e+02	8.51508986e+06
5.10000000e+02	8.19620755e+06
5.11000000e+02	7.88730883e+06
5.12000000e+02	7.58846982e+06
5.13000000e+02	7.29969680e+06
5.14000000e+02	7.02093469e+06
5.15000000e+02	6.75207540e+06
5.16000000e+02	6.49296590e+06
5.17000000e+02	6.24341588e+06
5.18000000e+02	6.00320488e+06
5.19000000e+02	5.77208875e+06
5.20000000e+02	5.54980552e+06
5.21000000e+02	5.33608057e+06
5.22000000e+02	5.13063109e+06
5.23000000e+02	4.93316999e+06
5.24000000e+02	4.74340907e+06
5.25000000e+02	4.56106175e+06
5.26000000e+02	4.38584526e+06
5.27000000e+02	4.21748230e+06
5.28000000e+02	4.05570242e+06
5.29000000e+02	3.90024299e+06
5.30000000e+02	3.75084988e+06
5.31000000e+02	3.60727795e+06
5.32000000e+02	3.46929124e+06
5.33000000e+02	3.33666312e+06
5.34000000e+02	3.20917623e+06
5.35000000e+02	3.08662232e+06
5.36000000e+02	2.96880207e+06
5.37000000e+02	2.85552478e+06
5.38000000e+02	2.74660812e+06
5.39000000e+02	2.64187774e+06
5.40000000e+02	2.54116697e+06
5.41000000e+02	2.44431643e+06
5.42000000e+02	2.35117373e+06
5.43000000e+02	2.26159306e+06
5.44000000e+02	2.17543493e+06
5.45000000e+02	2.09256582e+06
5.46000000e+02	2.01285787e+06
5.47000000e+02	1.93618860e+06
5.48000000e+02	1.86244063e+06
5.49000000e+02	1.79150145e+06
5.50000000e+02	1.72326314e+06
5.51000000e+02	1.65762216e+06
5.52000000e+02	1.59447914e+06
5.53000000e+02	1.53373868e+06
5.54000000e+02	1.47530917e+06
5.55000000e+02	1.41910259e+06
5.56000000e+02	1.36503437e+06
5.57000000e+02	1.31302324e+06
5.58000000e+02	1.26299106e+06
5.59000000e+02	1.21486269e+06
5.60000000e+02	1.16856589e+06
5.61000000e+02	1.12403117e+06
5.62000000e+02	1.08119167e+06
5.63000000e+02	1.03998310e+06
5.64000000e+02	1.00034356e+06
5.65000000e+02	9.62213532e+05
5.66000000e+02	9.25535710e+05
5.67000000e+02	8.90254960e+05
5.68000000e+02	8.56318217e+05
5.69000000e+02	8.23674413e+05
5.70000000e+02	7.92274395e+05
5.71000000e+02	7.62070860e+05
5.72000000e+02	7.33018275e+05
5.73000000e+02	7.05072821e+05
5.74000000e+02	6.78192321e+05
5.75000000e+02	6.52336184e+05
5.76000000e+02	6.27465345e+05
5.77000000e+02	6.03542207e+05
5.78000000e+02	5.80530587e+05
5.79000000e+02	5.58395667e+05
5.80000000e+02	5.37103939e+05
5.81000000e+02	5.16623161e+05
5.82000000e+02	4.96922309e+05
5.83000000e+02	4.77971531e+05
5.84000000e+02	4.59742106e+05
5.85000000e+02	4.42206403e+05
5.86000000e+02	4.25337836e+05
5.87000000e+02	4.09110834e+05
5.88000000e+02	3.93500796e+05
5.89000000e+02	3.78484060e+05
5.90000000e+02	3.64037866e+05
5.91000000e+02	3.50140325e+05
5.92000000e+02	3.36770387e+05
5.93000000e+02	3.23907807e+05
5.94000000e+02	3.11533118e+05
5.95000000e+02	2.99627602e+05
5.96000000e+02	2.88173260e+05
5.97000000e+02	2.77152790e+05
5.98000000e+02	2.66549555e+05
5.99000000e+02	2.56347567e+05
6.00000000e+02	2.46531452e+05
6.01000000e+02	2.37086436e+05
6.02000000e+02	2.27998318e+05
6.03000000e+02	2.19253451e+05
6.04000000e+02	2.10838717e+05
6.05000000e+02	2.02741515e+05
6.06000000e+02	1.94949731e+05
6.07000000e+02	1.87451730e+05
6.08000000e+02	1.80236328e+05
6.09000000e+02	1.73292783e+05
6.10000000e+02	1.66610774e+05
6.11000000e+02	1.60180384e+05
6.12000000e+02	1.53992087e+05
6.13000000e+02	1.48036731e+05
6.14000000e+02	1.42305524e+05
6.15000000e+02	1.36790020e+05
6.16000000e+02	1.31482104e+05
6.17000000e+02	1.26373982e+05
6.18000000e+02	1.21458165e+05
6.19000000e+02	1.16727456e+05
6.20000000e+02	1.12174944e+05
6.21000000e+02	1.07793986e+05
6.22000000e+02	1.03578199e+05
6.23000000e+02	9.95214478e+04
6.24000000e+02	9.56178379e+04
6.25000000e+02	9.18617025e+04
6.26000000e+02	8.82475936e+04
6.27000000e+02	8.47702738e+04
6.28000000e+02	8.14247065e+04
6.29000000e+02	7.82060482e+04
6.30000000e+02	7.51096394e+04
6.31000000e+02	7.21309980e+04
6.32000000e+02	6.92658104e+04
6.33000000e+02	6.65099258e+04
6.34000000e+02	6.38593480e+04
6.35000000e+02	6.13102297e+04
6.36000000e+02	5.88588655e+04
6.37000000e+02	5.65016868e+04
6.38000000e+02	5.42352550e+04
6.39000000e+02	5.20562570e+04
6.40000000e+02	4.99614991e+04
6.41000000e+02	4.79479029e+04
6.42000000e+02	4.60124998e+04
6.43000000e+02	4.41524271e+04
6.44000000e+02	4.23649234e+04
6.45000000e+02	4.06473245e+04
6.46000000e+02	3.89970600e+04
6.47000000e+02	3.74116491e+04
6.48000000e+02	3.58886974e+04
6.49000000e+02	3.44258936e+04
6.50000000e+02	3.30210065e+04
6.51000000e+02	3.16718817e+04
6.52000000e+02	3.03764392e+04
6.53000000e+02	2.91326703e+04
6.54000000e+02	2.79386356e+04
6.55000000e+02	2.67924621e+04
6.56000000e+02	2.56923411e+04
6.57000000e+02	2.46365260e+04
6.58000000e+02	2.36233302e+04
6.59000000e+02	2.26511253e+04
6.60000000e+02	2.17183388e+04
6.61000000e+02	2.08234526e+04
6.62000000e+02	1.99650012e+04
6.63000000e+02	1.91415700e+04
6.64000000e+02	1.83517933e+04
6.65000000e+02	1.75943535e+04
6.66000000e+02	1.68679789e+04
6.67000000e+02	1.61714426e+04
6.68000000e+02	1.55035609e+04
6.69000000e+02	1.48631921e+04
6.70000000e+02	1.42492349e+04
6.71000000e+02	1.36606271e+04
6.72000000e+02	1.30963447e+04
6.73000000e+02	1.25553998e+04
6.74000000e+02	1.20368399e+04
6.75000000e+02	1.15397461e+04
6.76000000e+02	1.10632315e+04
6.77000000e+02	1.06064394e+04
6.78000000e+02	1.01685411e+04
6.79000000e+02	9.74873223e+03
6.80000000e+02	9.34622827e+03
6.81000000e+02	8.96025711e+03
6.82000000e+02	8.59004685e+03
6.83000000e+02	8.23480580e+03
6.84000000e+02	7.89368826e+03
6.85000000e+02	7.56573661e+03
6.86000000e+02	7.24978302e+03
6.87000000e+02	6.94428536e+03
6.88000000e+02	6.64705972e+03
6.89000000e+02	6.35485833e+03
6.90000000e+02	6.06273737e+03
6.91000000e+02	5.76317851e+03
6.92000000e+02	5.44500639e+03
6.93000000e+02	5.09232549e+03
6.94000000e+02	4.68401496e+03
6.95000000e+02	4.19472998e+03
6.96000000e+02	3.59894926e+03
6.97000000e+02	2.89580752e+03
6.98000000e+02	1.89492177e+03
6.99000000e+02	1.12130811e+03
7.00000000e+02	0.00000000e+00
