# Profil de ElecX au temps 4.000000000000029e-12 
# simu : /Volumes/MERCURE/JOBS/Zeq2_tanh_50mic_3p5e21_B0_20ps/GNU/ElecX@y-c.set
# col 0 : abscisse (um)
# col 1 : ElecX (V/m)
0.00000000e+00	0.00000000e+00
1.00000000e+00	3.78701904e+02
2.00000000e+00	-1.37046111e+02
3.00000000e+00	-1.02315939e+02
4.00000000e+00	3.86261477e+01
5.00000000e+00	1.28234542e+01
6.00000000e+00	7.90662857e+00
7.00000000e+00	6.86076905e+00
8.00000000e+00	6.45916889e+00
9.00000000e+00	6.26461570e+00
1.00000000e+01	6.18045478e+00
1.10000000e+01	6.17171336e+00
1.20000000e+01	6.22091565e+00
1.30000000e+01	6.31731845e+00
1.40000000e+01	6.45350652e+00
1.50000000e+01	6.62433493e+00
1.60000000e+01	6.82575769e+00
1.70000000e+01	7.05492407e+00
1.80000000e+01	7.30959193e+00
1.90000000e+01	7.58807209e+00
2.00000000e+01	7.88895689e+00
2.10000000e+01	8.21136350e+00
2.20000000e+01	8.55454375e+00
2.30000000e+01	8.91797875e+00
2.40000000e+01	9.30139245e+00
2.50000000e+01	9.70463178e+00
2.60000000e+01	1.01276160e+01
2.70000000e+01	1.05705837e+01
2.80000000e+01	1.10336694e+01
2.90000000e+01	1.15171741e+01
3.00000000e+01	1.20215270e+01
3.10000000e+01	1.25472394e+01
3.20000000e+01	1.30948439e+01
3.30000000e+01	1.36649932e+01
3.40000000e+01	1.42583522e+01
3.50000000e+01	1.48757463e+01
3.60000000e+01	1.55179917e+01
3.70000000e+01	1.61859284e+01
3.80000000e+01	1.68805361e+01
3.90000000e+01	1.76028175e+01
4.00000000e+01	1.83538044e+01
4.10000000e+01	1.91347028e+01
4.20000000e+01	1.99465891e+01
4.30000000e+01	2.07907648e+01
4.40000000e+01	2.16685152e+01
4.50000000e+01	2.25811998e+01
4.60000000e+01	2.35302089e+01
4.70000000e+01	2.45170369e+01
4.80000000e+01	2.55432669e+01
4.90000000e+01	2.66105076e+01
5.00000000e+01	2.77203434e+01
5.10000000e+01	2.88746812e+01
5.20000000e+01	3.00752288e+01
5.30000000e+01	3.13239894e+01
5.40000000e+01	3.26228677e+01
5.50000000e+01	3.39739582e+01
5.60000000e+01	3.53794131e+01
5.70000000e+01	3.68414892e+01
5.80000000e+01	3.83624818e+01
5.90000000e+01	3.99448402e+01
6.00000000e+01	4.15911134e+01
6.10000000e+01	4.33038389e+01
6.20000000e+01	4.50858545e+01
6.30000000e+01	4.69399800e+01
6.40000000e+01	4.88691643e+01
6.50000000e+01	5.08765091e+01
6.60000000e+01	5.29651353e+01
6.70000000e+01	5.51385281e+01
6.80000000e+01	5.74000475e+01
6.90000000e+01	5.97533536e+01
7.00000000e+01	6.22022140e+01
7.10000000e+01	6.47505164e+01
7.20000000e+01	6.74024103e+01
7.30000000e+01	7.01619679e+01
7.40000000e+01	7.30337876e+01
7.50000000e+01	7.60223576e+01
7.60000000e+01	7.91324953e+01
7.70000000e+01	8.23691371e+01
7.80000000e+01	8.57374932e+01
7.90000000e+01	8.92429603e+01
8.00000000e+01	9.28910378e+01
8.10000000e+01	9.66876915e+01
8.20000000e+01	1.00638937e+02
8.30000000e+01	1.04751051e+02
8.40000000e+01	1.09030637e+02
8.50000000e+01	1.13484562e+02
8.60000000e+01	1.18119909e+02
8.70000000e+01	1.22944054e+02
8.80000000e+01	1.27964809e+02
8.90000000e+01	1.33190039e+02
9.00000000e+01	1.38628246e+02
9.10000000e+01	1.44288000e+02
9.20000000e+01	1.50178428e+02
9.30000000e+01	1.56308902e+02
9.40000000e+01	1.62689155e+02
9.50000000e+01	1.69329485e+02
9.60000000e+01	1.76240440e+02
9.70000000e+01	1.83432987e+02
9.80000000e+01	1.90918710e+02
9.90000000e+01	1.98709521e+02
1.00000000e+02	2.06817840e+02
1.01000000e+02	2.15256633e+02
1.02000000e+02	2.24039334e+02
1.03000000e+02	2.33179925e+02
1.04000000e+02	2.42693122e+02
1.05000000e+02	2.52593941e+02
1.06000000e+02	2.62898246e+02
1.07000000e+02	2.73622436e+02
1.08000000e+02	2.84783668e+02
1.09000000e+02	2.96399663e+02
1.10000000e+02	3.08488970e+02
1.11000000e+02	3.21070856e+02
1.12000000e+02	3.34165378e+02
1.13000000e+02	3.47793322e+02
1.14000000e+02	3.61976467e+02
1.15000000e+02	3.76737378e+02
1.16000000e+02	3.92099544e+02
1.17000000e+02	4.08087436e+02
1.18000000e+02	4.24726453e+02
1.19000000e+02	4.42043107e+02
1.20000000e+02	4.60064945e+02
1.21000000e+02	4.78820569e+02
1.22000000e+02	4.98339897e+02
1.23000000e+02	5.18653858e+02
1.24000000e+02	5.39794745e+02
1.25000000e+02	5.61796190e+02
1.26000000e+02	5.84693058e+02
1.27000000e+02	6.08521789e+02
1.28000000e+02	6.33320135e+02
1.29000000e+02	6.59127412e+02
1.30000000e+02	6.85984642e+02
1.31000000e+02	7.13934328e+02
1.32000000e+02	7.43020813e+02
1.33000000e+02	7.73290096e+02
1.34000000e+02	8.04790204e+02
1.35000000e+02	8.37570976e+02
1.36000000e+02	8.71684202e+02
1.37000000e+02	9.07183933e+02
1.38000000e+02	9.44126187e+02
1.39000000e+02	9.82569487e+02
1.40000000e+02	1.02257433e+03
1.41000000e+02	1.06420398e+03
1.42000000e+02	1.10752415e+03
1.43000000e+02	1.15260305e+03
1.44000000e+02	1.19951171e+03
1.45000000e+02	1.24832405e+03
1.46000000e+02	1.29911683e+03
1.47000000e+02	1.35197003e+03
1.48000000e+02	1.40696655e+03
1.49000000e+02	1.46419290e+03
1.50000000e+02	1.52373883e+03
1.51000000e+02	1.58569772e+03
1.52000000e+02	1.65016664e+03
1.53000000e+02	1.71724652e+03
1.54000000e+02	1.78704233e+03
1.55000000e+02	1.85966311e+03
1.56000000e+02	1.93522226e+03
1.57000000e+02	2.01383764e+03
1.58000000e+02	2.09563178e+03
1.59000000e+02	2.18073202e+03
1.60000000e+02	2.26927067e+03
1.61000000e+02	2.36138531e+03
1.62000000e+02	2.45721885e+03
1.63000000e+02	2.55691983e+03
1.64000000e+02	2.66064258e+03
1.65000000e+02	2.76854747e+03
1.66000000e+02	2.88080105e+03
1.67000000e+02	2.99757650e+03
1.68000000e+02	3.11905350e+03
1.69000000e+02	3.24541898e+03
1.70000000e+02	3.37686683e+03
1.71000000e+02	3.51359857e+03
1.72000000e+02	3.65582342e+03
1.73000000e+02	3.80375873e+03
1.74000000e+02	3.95763011e+03
1.75000000e+02	4.11767190e+03
1.76000000e+02	4.28412726e+03
1.77000000e+02	4.45724869e+03
1.78000000e+02	4.63729835e+03
1.79000000e+02	4.82454825e+03
1.80000000e+02	5.01928077e+03
1.81000000e+02	5.22178888e+03
1.82000000e+02	5.43237663e+03
1.83000000e+02	5.65135941e+03
1.84000000e+02	5.87906454e+03
1.85000000e+02	6.11583148e+03
1.86000000e+02	6.36201231e+03
1.87000000e+02	6.61797224e+03
1.88000000e+02	6.88409002e+03
1.89000000e+02	7.16075820e+03
1.90000000e+02	7.44838389e+03
1.91000000e+02	7.74738924e+03
1.92000000e+02	8.05821158e+03
1.93000000e+02	8.38130429e+03
1.94000000e+02	8.71713724e+03
1.95000000e+02	9.06619715e+03
1.96000000e+02	9.42898842e+03
1.97000000e+02	9.80603346e+03
1.98000000e+02	1.01978735e+04
1.99000000e+02	1.06050687e+04
2.00000000e+02	1.10281997e+04
2.01000000e+02	1.14678671e+04
2.02000000e+02	1.19246929e+04
2.03000000e+02	1.23993209e+04
2.04000000e+02	1.28924175e+04
2.05000000e+02	1.34046720e+04
2.06000000e+02	1.39367979e+04
2.07000000e+02	1.44895332e+04
2.08000000e+02	1.50636413e+04
2.09000000e+02	1.56599115e+04
2.10000000e+02	1.62791603e+04
2.11000000e+02	1.69222319e+04
2.12000000e+02	1.75899988e+04
2.13000000e+02	1.82833630e+04
2.14000000e+02	1.90032567e+04
2.15000000e+02	1.97506433e+04
2.16000000e+02	2.05265178e+04
2.17000000e+02	2.13319088e+04
2.18000000e+02	2.21678781e+04
2.19000000e+02	2.30355226e+04
2.20000000e+02	2.39359751e+04
2.21000000e+02	2.48704049e+04
2.22000000e+02	2.58400195e+04
2.23000000e+02	2.68460652e+04
2.24000000e+02	2.78898280e+04
2.25000000e+02	2.89726355e+04
2.26000000e+02	3.00958572e+04
2.27000000e+02	3.12609060e+04
2.28000000e+02	3.24692396e+04
2.29000000e+02	3.37223612e+04
2.30000000e+02	3.50218215e+04
2.31000000e+02	3.63692192e+04
2.32000000e+02	3.77662029e+04
2.33000000e+02	3.92144719e+04
2.34000000e+02	4.07157783e+04
2.35000000e+02	4.22719278e+04
2.36000000e+02	4.38847815e+04
2.37000000e+02	4.55562572e+04
2.38000000e+02	4.72883312e+04
2.39000000e+02	4.90830394e+04
2.40000000e+02	5.09424797e+04
2.41000000e+02	5.28688129e+04
2.42000000e+02	5.48642649e+04
2.43000000e+02	5.69311283e+04
2.44000000e+02	5.90717643e+04
2.45000000e+02	6.12886046e+04
2.46000000e+02	6.35841533e+04
2.47000000e+02	6.59609890e+04
2.48000000e+02	6.84217667e+04
2.49000000e+02	7.09692202e+04
2.50000000e+02	7.36061641e+04
2.51000000e+02	7.63354964e+04
2.52000000e+02	7.91602004e+04
2.53000000e+02	8.20833475e+04
2.54000000e+02	8.51081000e+04
2.55000000e+02	8.82377131e+04
2.56000000e+02	9.14755381e+04
2.57000000e+02	9.48250250e+04
2.58000000e+02	9.82897258e+04
2.59000000e+02	1.01873297e+05
2.60000000e+02	1.05579503e+05
2.61000000e+02	1.09412220e+05
2.62000000e+02	1.13375439e+05
2.63000000e+02	1.17473267e+05
2.64000000e+02	1.21709935e+05
2.65000000e+02	1.26089800e+05
2.66000000e+02	1.30617346e+05
2.67000000e+02	1.35297193e+05
2.68000000e+02	1.40134098e+05
2.69000000e+02	1.45132959e+05
2.70000000e+02	1.50298822e+05
2.71000000e+02	1.55636883e+05
2.72000000e+02	1.61152497e+05
2.73000000e+02	1.66851177e+05
2.74000000e+02	1.72738603e+05
2.75000000e+02	1.78820628e+05
2.76000000e+02	1.85103281e+05
2.77000000e+02	1.91592775e+05
2.78000000e+02	1.98295509e+05
2.79000000e+02	2.05218079e+05
2.80000000e+02	2.12367283e+05
2.81000000e+02	2.19750123e+05
2.82000000e+02	2.27373818e+05
2.83000000e+02	2.35245806e+05
2.84000000e+02	2.43373754e+05
2.85000000e+02	2.51765561e+05
2.86000000e+02	2.60429371e+05
2.87000000e+02	2.69373577e+05
2.88000000e+02	2.78606829e+05
2.89000000e+02	2.88138041e+05
2.90000000e+02	2.97976401e+05
2.91000000e+02	3.08131379e+05
2.92000000e+02	3.18612733e+05
2.93000000e+02	3.29430520e+05
2.94000000e+02	3.40595105e+05
2.95000000e+02	3.52117165e+05
2.96000000e+02	3.64007705e+05
2.97000000e+02	3.76278061e+05
2.98000000e+02	3.88939913e+05
2.99000000e+02	4.02005294e+05
3.00000000e+02	4.15486594e+05
3.01000000e+02	4.29396579e+05
3.02000000e+02	4.43748393e+05
3.03000000e+02	4.58555568e+05
3.04000000e+02	4.73832039e+05
3.05000000e+02	4.89592150e+05
3.06000000e+02	5.05850661e+05
3.07000000e+02	5.22622765e+05
3.08000000e+02	5.39924091e+05
3.09000000e+02	5.57770717e+05
3.10000000e+02	5.76179180e+05
3.11000000e+02	5.95166485e+05
3.12000000e+02	6.14750112e+05
3.13000000e+02	6.34948032e+05
3.14000000e+02	6.55778709e+05
3.15000000e+02	6.77261115e+05
3.16000000e+02	6.99414735e+05
3.17000000e+02	7.22259580e+05
3.18000000e+02	7.45816193e+05
3.19000000e+02	7.70105658e+05
3.20000000e+02	7.95149607e+05
3.21000000e+02	8.20970233e+05
3.22000000e+02	8.47590294e+05
3.23000000e+02	8.75033117e+05
3.24000000e+02	9.03322615e+05
3.25000000e+02	9.32483285e+05
3.26000000e+02	9.62540215e+05
3.27000000e+02	9.93519097e+05
3.28000000e+02	1.02544622e+06
3.29000000e+02	1.05834850e+06
3.30000000e+02	1.09225344e+06
3.31000000e+02	1.12718919e+06
3.32000000e+02	1.16318449e+06
3.33000000e+02	1.20026874e+06
3.34000000e+02	1.23847192e+06
3.35000000e+02	1.27782468e+06
3.36000000e+02	1.31835828e+06
3.37000000e+02	1.36010459e+06
3.38000000e+02	1.40309613e+06
3.39000000e+02	1.44736602e+06
3.40000000e+02	1.49294803e+06
3.41000000e+02	1.53987650e+06
3.42000000e+02	1.58818642e+06
3.43000000e+02	1.63791336e+06
3.44000000e+02	1.68909350e+06
3.45000000e+02	1.74176358e+06
3.46000000e+02	1.79596094e+06
3.47000000e+02	1.85172347e+06
3.48000000e+02	1.90908961e+06
3.49000000e+02	1.96809833e+06
3.50000000e+02	2.02878914e+06
3.51000000e+02	2.09120201e+06
3.52000000e+02	2.15537743e+06
3.53000000e+02	2.22135633e+06
3.54000000e+02	2.28918005e+06
3.55000000e+02	2.35889038e+06
3.56000000e+02	2.43052945e+06
3.57000000e+02	2.50413977e+06
3.58000000e+02	2.57976414e+06
3.59000000e+02	2.65744566e+06
3.60000000e+02	2.73722767e+06
3.61000000e+02	2.81915370e+06
3.62000000e+02	2.90326746e+06
3.63000000e+02	2.98961276e+06
3.64000000e+02	3.07823350e+06
3.65000000e+02	3.16917356e+06
3.66000000e+02	3.26247682e+06
3.67000000e+02	3.35818706e+06
3.68000000e+02	3.45634787e+06
3.69000000e+02	3.55700267e+06
3.70000000e+02	3.66019455e+06
3.71000000e+02	3.76596629e+06
3.72000000e+02	3.87436020e+06
3.73000000e+02	3.98541810e+06
3.74000000e+02	4.09918122e+06
3.75000000e+02	4.21569012e+06
3.76000000e+02	4.33498459e+06
3.77000000e+02	4.45710355e+06
3.78000000e+02	4.58208498e+06
3.79000000e+02	4.70996582e+06
3.80000000e+02	4.84078181e+06
3.81000000e+02	4.97456744e+06
3.82000000e+02	5.11135582e+06
3.83000000e+02	5.25117853e+06
3.84000000e+02	5.39406554e+06
3.85000000e+02	5.54004505e+06
3.86000000e+02	5.68914338e+06
3.87000000e+02	5.84138479e+06
3.88000000e+02	5.99679139e+06
3.89000000e+02	6.15538297e+06
3.90000000e+02	6.31717682e+06
3.91000000e+02	6.48218763e+06
3.92000000e+02	6.65042726e+06
3.93000000e+02	6.82190462e+06
3.94000000e+02	6.99662547e+06
3.95000000e+02	7.17459224e+06
3.96000000e+02	7.35580388e+06
3.97000000e+02	7.54025561e+06
3.98000000e+02	7.72793878e+06
3.99000000e+02	7.91884061e+06
4.00000000e+02	8.11294405e+06
4.01000000e+02	8.31022750e+06
4.02000000e+02	8.51066463e+06
4.03000000e+02	8.71422415e+06
4.04000000e+02	8.92086956e+06
4.05000000e+02	9.13055891e+06
4.06000000e+02	9.34324460e+06
4.07000000e+02	9.55887306e+06
4.08000000e+02	9.77738456e+06
4.09000000e+02	9.99871290e+06
4.10000000e+02	1.02227852e+07
4.11000000e+02	1.04495214e+07
4.12000000e+02	1.06788345e+07
4.13000000e+02	1.09106296e+07
4.14000000e+02	1.11448041e+07
4.15000000e+02	1.13812472e+07
4.16000000e+02	1.16198398e+07
4.17000000e+02	1.18604537e+07
4.18000000e+02	1.21029519e+07
4.19000000e+02	1.23471878e+07
4.20000000e+02	1.25930052e+07
4.21000000e+02	1.28402379e+07
4.22000000e+02	1.30887091e+07
4.23000000e+02	1.33382315e+07
4.24000000e+02	1.35886066e+07
4.25000000e+02	1.38396246e+07
4.26000000e+02	1.40910641e+07
4.27000000e+02	1.43426914e+07
4.28000000e+02	1.45942609e+07
4.29000000e+02	1.48455139e+07
4.30000000e+02	1.50961790e+07
4.31000000e+02	1.53459715e+07
4.32000000e+02	1.55945933e+07
4.33000000e+02	1.58417325e+07
4.34000000e+02	1.60870632e+07
4.35000000e+02	1.63302452e+07
4.36000000e+02	1.65709244e+07
4.37000000e+02	1.68087320e+07
4.38000000e+02	1.70432846e+07
4.39000000e+02	1.72741845e+07
4.40000000e+02	1.75010194e+07
4.41000000e+02	1.77233629e+07
4.42000000e+02	1.79407742e+07
4.43000000e+02	1.81527988e+07
4.44000000e+02	1.83589687e+07
4.45000000e+02	1.85588030e+07
4.46000000e+02	1.87518085e+07
4.47000000e+02	1.89374804e+07
4.48000000e+02	1.91153035e+07
4.49000000e+02	1.92847529e+07
4.50000000e+02	1.94452955e+07
4.51000000e+02	1.95963916e+07
4.52000000e+02	1.97374961e+07
4.53000000e+02	1.98680611e+07
4.54000000e+02	1.99875373e+07
4.55000000e+02	2.00953770e+07
4.56000000e+02	2.01910362e+07
4.57000000e+02	2.02739780e+07
4.58000000e+02	2.03436754e+07
4.59000000e+02	2.03996147e+07
4.60000000e+02	2.04412995e+07
4.61000000e+02	2.04682545e+07
4.62000000e+02	2.04800295e+07
4.63000000e+02	2.04762040e+07
4.64000000e+02	2.04563916e+07
4.65000000e+02	2.04202449e+07
4.66000000e+02	2.03674603e+07
4.67000000e+02	2.02977827e+07
4.68000000e+02	2.02110105e+07
4.69000000e+02	2.01070004e+07
4.70000000e+02	1.99856719e+07
4.71000000e+02	1.98470115e+07
4.72000000e+02	1.96910769e+07
4.73000000e+02	1.95180005e+07
4.74000000e+02	1.93279923e+07
4.75000000e+02	1.91213420e+07
4.76000000e+02	1.88984207e+07
4.77000000e+02	1.86596818e+07
4.78000000e+02	1.84056601e+07
4.79000000e+02	1.81369709e+07
4.80000000e+02	1.78543079e+07
4.81000000e+02	1.75584390e+07
4.82000000e+02	1.72502023e+07
4.83000000e+02	1.69305003e+07
4.84000000e+02	1.66002930e+07
4.85000000e+02	1.62605907e+07
4.86000000e+02	1.59124450e+07
4.87000000e+02	1.55569396e+07
4.88000000e+02	1.51951812e+07
4.89000000e+02	1.48282884e+07
4.90000000e+02	1.44573822e+07
4.91000000e+02	1.40835750e+07
4.92000000e+02	1.37079613e+07
4.93000000e+02	1.33316075e+07
4.94000000e+02	1.29555429e+07
4.95000000e+02	1.25807520e+07
4.96000000e+02	1.22081668e+07
4.97000000e+02	1.18386606e+07
4.98000000e+02	1.14730433e+07
4.99000000e+02	1.11120570e+07
5.00000000e+02	1.07563738e+07
5.01000000e+02	1.04065940e+07
5.02000000e+02	1.00632461e+07
5.03000000e+02	9.72678689e+06
5.04000000e+02	9.39760381e+06
5.05000000e+02	9.07601698e+06
5.06000000e+02	8.76228259e+06
5.07000000e+02	8.45659670e+06
5.08000000e+02	8.15909943e+06
5.09000000e+02	7.86987953e+06
5.10000000e+02	7.58897913e+06
5.11000000e+02	7.31639854e+06
5.12000000e+02	7.05210102e+06
5.13000000e+02	6.79601746e+06
5.14000000e+02	6.54805084e+06
5.15000000e+02	6.30808047e+06
5.16000000e+02	6.07596597e+06
5.17000000e+02	5.85155083e+06
5.18000000e+02	5.63466576e+06
5.19000000e+02	5.42513163e+06
5.20000000e+02	5.22276211e+06
5.21000000e+02	5.02736592e+06
5.22000000e+02	4.83874887e+06
5.23000000e+02	4.65671551e+06
5.24000000e+02	4.48107059e+06
5.25000000e+02	4.31162020e+06
5.26000000e+02	4.14817278e+06
5.27000000e+02	3.99053983e+06
5.28000000e+02	3.83853656e+06
5.29000000e+02	3.69198231e+06
5.30000000e+02	3.55070086e+06
5.31000000e+02	3.41452067e+06
5.32000000e+02	3.28327499e+06
5.33000000e+02	3.15680191e+06
5.34000000e+02	3.03494436e+06
5.35000000e+02	2.91755005e+06
5.36000000e+02	2.80447137e+06
5.37000000e+02	2.69556528e+06
5.38000000e+02	2.59069317e+06
5.39000000e+02	2.48972069e+06
5.40000000e+02	2.39251761e+06
5.41000000e+02	2.29895770e+06
5.42000000e+02	2.20891846e+06
5.43000000e+02	2.12228103e+06
5.44000000e+02	2.03893005e+06
5.45000000e+02	1.95875347e+06
5.46000000e+02	1.88164254e+06
5.47000000e+02	1.80749145e+06
5.48000000e+02	1.73619741e+06
5.49000000e+02	1.66766052e+06
5.50000000e+02	1.60178363e+06
5.51000000e+02	1.53847224e+06
5.52000000e+02	1.47763447e+06
5.53000000e+02	1.41918104e+06
5.54000000e+02	1.36302511e+06
5.55000000e+02	1.30908228e+06
5.56000000e+02	1.25727057e+06
5.57000000e+02	1.20751037e+06
5.58000000e+02	1.15972440e+06
5.59000000e+02	1.11383766e+06
5.60000000e+02	1.06977746e+06
5.61000000e+02	1.02747334e+06
5.62000000e+02	9.86857085e+05
5.63000000e+02	9.47862677e+05
5.64000000e+02	9.10426281e+05
5.65000000e+02	8.74486220e+05
5.66000000e+02	8.39982937e+05
5.67000000e+02	8.06858976e+05
5.68000000e+02	7.75058941e+05
5.69000000e+02	7.44529466e+05
5.70000000e+02	7.15219173e+05
5.71000000e+02	6.87078632e+05
5.72000000e+02	6.60060319e+05
5.73000000e+02	6.34118567e+05
5.74000000e+02	6.09209520e+05
5.75000000e+02	5.85291082e+05
5.76000000e+02	5.62322862e+05
5.77000000e+02	5.40266127e+05
5.78000000e+02	5.19083739e+05
5.79000000e+02	4.98740108e+05
5.80000000e+02	4.79201130e+05
5.81000000e+02	4.60434134e+05
5.82000000e+02	4.42407828e+05
5.83000000e+02	4.25092241e+05
5.84000000e+02	4.08458670e+05
5.85000000e+02	3.92479630e+05
5.86000000e+02	3.77128797e+05
5.87000000e+02	3.62380960e+05
5.88000000e+02	3.48211975e+05
5.89000000e+02	3.34598712e+05
5.90000000e+02	3.21519013e+05
5.91000000e+02	3.08951648e+05
5.92000000e+02	2.96876273e+05
5.93000000e+02	2.85273389e+05
5.94000000e+02	2.74124303e+05
5.95000000e+02	2.63411094e+05
5.96000000e+02	2.53116575e+05
5.97000000e+02	2.43224264e+05
5.98000000e+02	2.33718346e+05
5.99000000e+02	2.24583651e+05
6.00000000e+02	2.15805620e+05
6.01000000e+02	2.07370278e+05
6.02000000e+02	1.99264213e+05
6.03000000e+02	1.91474547e+05
6.04000000e+02	1.83988915e+05
6.05000000e+02	1.76795443e+05
6.06000000e+02	1.69882728e+05
6.07000000e+02	1.63239816e+05
6.08000000e+02	1.56856185e+05
6.09000000e+02	1.50721727e+05
6.10000000e+02	1.44826730e+05
6.11000000e+02	1.39161863e+05
6.12000000e+02	1.33718160e+05
6.13000000e+02	1.28487005e+05
6.14000000e+02	1.23460119e+05
6.15000000e+02	1.18629544e+05
6.16000000e+02	1.13987634e+05
6.17000000e+02	1.09527040e+05
6.18000000e+02	1.05240698e+05
6.19000000e+02	1.01121819e+05
6.20000000e+02	9.71638780e+04
6.21000000e+02	9.33606044e+04
6.22000000e+02	8.97059701e+04
6.23000000e+02	8.61941816e+04
6.24000000e+02	8.28196701e+04
6.25000000e+02	7.95770835e+04
6.26000000e+02	7.64612774e+04
6.27000000e+02	7.34673071e+04
6.28000000e+02	7.05904203e+04
6.29000000e+02	6.78260489e+04
6.30000000e+02	6.51698028e+04
6.31000000e+02	6.26174623e+04
6.32000000e+02	6.01649715e+04
6.33000000e+02	5.78084327e+04
6.34000000e+02	5.55440994e+04
6.35000000e+02	5.33683709e+04
6.36000000e+02	5.12777867e+04
6.37000000e+02	4.92690210e+04
6.38000000e+02	4.73388773e+04
6.39000000e+02	4.54842838e+04
6.40000000e+02	4.37022880e+04
6.41000000e+02	4.19900527e+04
6.42000000e+02	4.03448512e+04
6.43000000e+02	3.87640629e+04
6.44000000e+02	3.72451695e+04
6.45000000e+02	3.57857509e+04
6.46000000e+02	3.43834813e+04
6.47000000e+02	3.30361256e+04
6.48000000e+02	3.17415361e+04
6.49000000e+02	3.04976486e+04
6.50000000e+02	2.93024796e+04
6.51000000e+02	2.81541232e+04
6.52000000e+02	2.70507475e+04
6.53000000e+02	2.59905926e+04
6.54000000e+02	2.49719670e+04
6.55000000e+02	2.39932454e+04
6.56000000e+02	2.30528660e+04
6.57000000e+02	2.21493279e+04
6.58000000e+02	2.12811891e+04
6.59000000e+02	2.04470636e+04
6.60000000e+02	1.96456200e+04
6.61000000e+02	1.88755785e+04
6.62000000e+02	1.81357097e+04
6.63000000e+02	1.74248320e+04
6.64000000e+02	1.67418103e+04
6.65000000e+02	1.60855535e+04
6.66000000e+02	1.54550135e+04
6.67000000e+02	1.48491832e+04
6.68000000e+02	1.42670945e+04
6.69000000e+02	1.37078176e+04
6.70000000e+02	1.31704588e+04
6.71000000e+02	1.26541593e+04
6.72000000e+02	1.21580942e+04
6.73000000e+02	1.16814703e+04
6.74000000e+02	1.12235257e+04
6.75000000e+02	1.07835279e+04
6.76000000e+02	1.03607727e+04
6.77000000e+02	9.95458324e+03
6.78000000e+02	9.56430799e+03
6.79000000e+02	9.18931978e+03
6.80000000e+02	8.82901374e+03
6.81000000e+02	8.48280487e+03
6.82000000e+02	8.15012484e+03
6.83000000e+02	7.83041641e+03
6.84000000e+02	7.52312456e+03
6.85000000e+02	7.22768083e+03
6.86000000e+02	6.94347442e+03
6.87000000e+02	6.66979865e+03
6.88000000e+02	6.40574931e+03
6.89000000e+02	6.15003086e+03
6.90000000e+02	5.90058812e+03
6.91000000e+02	5.65391637e+03
6.92000000e+02	5.40380626e+03
6.93000000e+02	5.13918390e+03
6.94000000e+02	4.84073294e+03
6.95000000e+02	4.47651163e+03
6.96000000e+02	3.99869871e+03
6.97000000e+02	3.35670485e+03
6.98000000e+02	2.37901518e+03
6.99000000e+02	1.34995187e+03
7.00000000e+02	0.00000000e+00
