# Profil de ElecX au temps 1.700999999999984e-11 
# simu : /Volumes/MERCURE/JOBS/Zeq2_tanh_50mic_3p5e21_B0_20ps/GNU/ElecX@y-c.set
# col 0 : abscisse (um)
# col 1 : ElecX (V/m)
0.00000000e+00	0.00000000e+00
1.00000000e+00	1.64149803e+03
2.00000000e+00	-4.26983825e+02
3.00000000e+00	-2.79883731e+02
4.00000000e+00	3.73379866e+02
5.00000000e+00	3.27921685e+02
6.00000000e+00	3.70300882e+02
7.00000000e+00	4.28035247e+02
8.00000000e+00	4.87919556e+02
9.00000000e+00	5.48381076e+02
1.00000000e+01	6.09175088e+02
1.10000000e+01	6.70258659e+02
1.20000000e+01	7.31631503e+02
1.30000000e+01	7.93304327e+02
1.40000000e+01	8.55292067e+02
1.50000000e+01	9.17612231e+02
1.60000000e+01	9.80283588e+02
1.70000000e+01	1.04332630e+03
1.80000000e+01	1.10676141e+03
1.90000000e+01	1.17061042e+03
2.00000000e+01	1.23489550e+03
2.10000000e+01	1.29963962e+03
2.20000000e+01	1.36486562e+03
2.30000000e+01	1.43059727e+03
2.40000000e+01	1.49685859e+03
2.50000000e+01	1.56367385e+03
2.60000000e+01	1.63106769e+03
2.70000000e+01	1.69906535e+03
2.80000000e+01	1.76769219e+03
2.90000000e+01	1.83697399e+03
3.00000000e+01	1.90693700e+03
3.10000000e+01	1.97760776e+03
3.20000000e+01	2.04901313e+03
3.30000000e+01	2.12118063e+03
3.40000000e+01	2.19413775e+03
3.50000000e+01	2.26791298e+03
3.60000000e+01	2.34253477e+03
3.70000000e+01	2.41803215e+03
3.80000000e+01	2.49443453e+03
3.90000000e+01	2.57177214e+03
4.00000000e+01	2.65007525e+03
4.10000000e+01	2.72937486e+03
4.20000000e+01	2.80970251e+03
4.30000000e+01	2.89109021e+03
4.40000000e+01	2.97357055e+03
4.50000000e+01	3.05717662e+03
4.60000000e+01	3.14194210e+03
4.70000000e+01	3.22790145e+03
4.80000000e+01	3.31508964e+03
4.90000000e+01	3.40354211e+03
5.00000000e+01	3.49329514e+03
5.10000000e+01	3.58438584e+03
5.20000000e+01	3.67685164e+03
5.30000000e+01	3.77073101e+03
5.40000000e+01	3.86606301e+03
5.50000000e+01	3.96288758e+03
5.60000000e+01	4.06124515e+03
5.70000000e+01	4.16117745e+03
5.80000000e+01	4.26272649e+03
5.90000000e+01	4.36593570e+03
6.00000000e+01	4.47084895e+03
6.10000000e+01	4.57751094e+03
6.20000000e+01	4.68596799e+03
6.30000000e+01	4.79626654e+03
6.40000000e+01	4.90845454e+03
6.50000000e+01	5.02258081e+03
6.60000000e+01	5.13869495e+03
6.70000000e+01	5.25684824e+03
6.80000000e+01	5.37709219e+03
6.90000000e+01	5.49948044e+03
7.00000000e+01	5.62406694e+03
7.10000000e+01	5.75090713e+03
7.20000000e+01	5.88005791e+03
7.30000000e+01	6.01157692e+03
7.40000000e+01	6.14552370e+03
7.50000000e+01	6.28195841e+03
7.60000000e+01	6.42094330e+03
7.70000000e+01	6.56254134e+03
7.80000000e+01	6.70681743e+03
7.90000000e+01	6.85383766e+03
8.00000000e+01	7.00366969e+03
8.10000000e+01	7.15638276e+03
8.20000000e+01	7.31204771e+03
8.30000000e+01	7.47073690e+03
8.40000000e+01	7.63252438e+03
8.50000000e+01	7.79748614e+03
8.60000000e+01	7.96569957e+03
8.70000000e+01	8.13724410e+03
8.80000000e+01	8.31220104e+03
8.90000000e+01	8.49065329e+03
9.00000000e+01	8.67268622e+03
9.10000000e+01	8.85838664e+03
9.20000000e+01	9.04784386e+03
9.30000000e+01	9.24114903e+03
9.40000000e+01	9.43839554e+03
9.50000000e+01	9.63967902e+03
9.60000000e+01	9.84509743e+03
9.70000000e+01	1.00547508e+04
9.80000000e+01	1.02687419e+04
9.90000000e+01	1.04871757e+04
1.00000000e+02	1.07101599e+04
1.01000000e+02	1.09378047e+04
1.02000000e+02	1.11702227e+04
1.03000000e+02	1.14075296e+04
1.04000000e+02	1.16498439e+04
1.05000000e+02	1.18972864e+04
1.06000000e+02	1.21499815e+04
1.07000000e+02	1.24080564e+04
1.08000000e+02	1.26716411e+04
1.09000000e+02	1.29408691e+04
1.10000000e+02	1.32158771e+04
1.11000000e+02	1.34968051e+04
1.12000000e+02	1.37837964e+04
1.13000000e+02	1.40769979e+04
1.14000000e+02	1.43765602e+04
1.15000000e+02	1.46826374e+04
1.16000000e+02	1.49953874e+04
1.17000000e+02	1.53149722e+04
1.18000000e+02	1.56415576e+04
1.19000000e+02	1.59753134e+04
1.20000000e+02	1.63164138e+04
1.21000000e+02	1.66650369e+04
1.22000000e+02	1.70213658e+04
1.23000000e+02	1.73855876e+04
1.24000000e+02	1.77578943e+04
1.25000000e+02	1.81384824e+04
1.26000000e+02	1.85275534e+04
1.27000000e+02	1.89253141e+04
1.28000000e+02	1.93319757e+04
1.29000000e+02	1.97477552e+04
1.30000000e+02	2.01728749e+04
1.31000000e+02	2.06075626e+04
1.32000000e+02	2.10520514e+04
1.33000000e+02	2.15065804e+04
1.34000000e+02	2.19713952e+04
1.35000000e+02	2.24467467e+04
1.36000000e+02	2.29328921e+04
1.37000000e+02	2.34300956e+04
1.38000000e+02	2.39386274e+04
1.39000000e+02	2.44587648e+04
1.40000000e+02	2.49907914e+04
1.41000000e+02	2.55349986e+04
1.42000000e+02	2.60916847e+04
1.43000000e+02	2.66611553e+04
1.44000000e+02	2.72437237e+04
1.45000000e+02	2.78397111e+04
1.46000000e+02	2.84494466e+04
1.47000000e+02	2.90732677e+04
1.48000000e+02	2.97115196e+04
1.49000000e+02	3.03645570e+04
1.50000000e+02	3.10327428e+04
1.51000000e+02	3.17164493e+04
1.52000000e+02	3.24160578e+04
1.53000000e+02	3.31319591e+04
1.54000000e+02	3.38645539e+04
1.55000000e+02	3.46142527e+04
1.56000000e+02	3.53814762e+04
1.57000000e+02	3.61666556e+04
1.58000000e+02	3.69702328e+04
1.59000000e+02	3.77926605e+04
1.60000000e+02	3.86344030e+04
1.61000000e+02	3.94959358e+04
1.62000000e+02	4.03777463e+04
1.63000000e+02	4.12803337e+04
1.64000000e+02	4.22042102e+04
1.65000000e+02	4.31498999e+04
1.66000000e+02	4.41179405e+04
1.67000000e+02	4.51088825e+04
1.68000000e+02	4.61232903e+04
1.69000000e+02	4.71617422e+04
1.70000000e+02	4.82248306e+04
1.71000000e+02	4.93131625e+04
1.72000000e+02	5.04273599e+04
1.73000000e+02	5.15680604e+04
1.74000000e+02	5.27359166e+04
1.75000000e+02	5.39315978e+04
1.76000000e+02	5.51557893e+04
1.77000000e+02	5.64091932e+04
1.78000000e+02	5.76925290e+04
1.79000000e+02	5.90065337e+04
1.80000000e+02	6.03519622e+04
1.81000000e+02	6.17295879e+04
1.82000000e+02	6.31402033e+04
1.83000000e+02	6.45846194e+04
1.84000000e+02	6.60636675e+04
1.85000000e+02	6.75781994e+04
1.86000000e+02	6.91290868e+04
1.87000000e+02	7.07172231e+04
1.88000000e+02	7.23435229e+04
1.89000000e+02	7.40089229e+04
1.90000000e+02	7.57143826e+04
1.91000000e+02	7.74608846e+04
1.92000000e+02	7.92494348e+04
1.93000000e+02	8.10810634e+04
1.94000000e+02	8.29568254e+04
1.95000000e+02	8.48778006e+04
1.96000000e+02	8.68450952e+04
1.97000000e+02	8.88598410e+04
1.98000000e+02	9.09231974e+04
1.99000000e+02	9.30363509e+04
2.00000000e+02	9.52005161e+04
2.01000000e+02	9.74169364e+04
2.02000000e+02	9.96868846e+04
2.03000000e+02	1.02011663e+05
2.04000000e+02	1.04392606e+05
2.05000000e+02	1.06831076e+05
2.06000000e+02	1.09328471e+05
2.07000000e+02	1.11886220e+05
2.08000000e+02	1.14505784e+05
2.09000000e+02	1.17188659e+05
2.10000000e+02	1.19936378e+05
2.11000000e+02	1.22750504e+05
2.12000000e+02	1.25632642e+05
2.13000000e+02	1.28584429e+05
2.14000000e+02	1.31607542e+05
2.15000000e+02	1.34703696e+05
2.16000000e+02	1.37874644e+05
2.17000000e+02	1.41122181e+05
2.18000000e+02	1.44448141e+05
2.19000000e+02	1.47854398e+05
2.20000000e+02	1.51342872e+05
2.21000000e+02	1.54915523e+05
2.22000000e+02	1.58574356e+05
2.23000000e+02	1.62321420e+05
2.24000000e+02	1.66158811e+05
2.25000000e+02	1.70088669e+05
2.26000000e+02	1.74113183e+05
2.27000000e+02	1.78234590e+05
2.28000000e+02	1.82455175e+05
2.29000000e+02	1.86777274e+05
2.30000000e+02	1.91203274e+05
2.31000000e+02	1.95735611e+05
2.32000000e+02	2.00376777e+05
2.33000000e+02	2.05129316e+05
2.34000000e+02	2.09995825e+05
2.35000000e+02	2.14978959e+05
2.36000000e+02	2.20081427e+05
2.37000000e+02	2.25305997e+05
2.38000000e+02	2.30655494e+05
2.39000000e+02	2.36132802e+05
2.40000000e+02	2.41740866e+05
2.41000000e+02	2.47482691e+05
2.42000000e+02	2.53361345e+05
2.43000000e+02	2.59379957e+05
2.44000000e+02	2.65541723e+05
2.45000000e+02	2.71849901e+05
2.46000000e+02	2.78307816e+05
2.47000000e+02	2.84918861e+05
2.48000000e+02	2.91686494e+05
2.49000000e+02	2.98614244e+05
2.50000000e+02	3.05705710e+05
2.51000000e+02	3.12964559e+05
2.52000000e+02	3.20394532e+05
2.53000000e+02	3.27999442e+05
2.54000000e+02	3.35783175e+05
2.55000000e+02	3.43749694e+05
2.56000000e+02	3.51903033e+05
2.57000000e+02	3.60247306e+05
2.58000000e+02	3.68786703e+05
2.59000000e+02	3.77525492e+05
2.60000000e+02	3.86468021e+05
2.61000000e+02	3.95618718e+05
2.62000000e+02	4.04982090e+05
2.63000000e+02	4.14562728e+05
2.64000000e+02	4.24365305e+05
2.65000000e+02	4.34394576e+05
2.66000000e+02	4.44655384e+05
2.67000000e+02	4.55152652e+05
2.68000000e+02	4.65891394e+05
2.69000000e+02	4.76876706e+05
2.70000000e+02	4.88113776e+05
2.71000000e+02	4.99607877e+05
2.72000000e+02	5.11364371e+05
2.73000000e+02	5.23388711e+05
2.74000000e+02	5.35686440e+05
2.75000000e+02	5.48263190e+05
2.76000000e+02	5.61124687e+05
2.77000000e+02	5.74276748e+05
2.78000000e+02	5.87725281e+05
2.79000000e+02	6.01476290e+05
2.80000000e+02	6.15535869e+05
2.81000000e+02	6.29910210e+05
2.82000000e+02	6.44605597e+05
2.83000000e+02	6.59628408e+05
2.84000000e+02	6.74985118e+05
2.85000000e+02	6.90682297e+05
2.86000000e+02	7.06726611e+05
2.87000000e+02	7.23124820e+05
2.88000000e+02	7.39883781e+05
2.89000000e+02	7.57010449e+05
2.90000000e+02	7.74511874e+05
2.91000000e+02	7.92395201e+05
2.92000000e+02	8.10667673e+05
2.93000000e+02	8.29336628e+05
2.94000000e+02	8.48409502e+05
2.95000000e+02	8.67893826e+05
2.96000000e+02	8.87797226e+05
2.97000000e+02	9.08127425e+05
2.98000000e+02	9.28892240e+05
2.99000000e+02	9.50099584e+05
3.00000000e+02	9.71757462e+05
3.01000000e+02	9.93873977e+05
3.02000000e+02	1.01645732e+06
3.03000000e+02	1.03951579e+06
3.04000000e+02	1.06305775e+06
3.05000000e+02	1.08709168e+06
3.06000000e+02	1.11162613e+06
3.07000000e+02	1.13666977e+06
3.08000000e+02	1.16223133e+06
3.09000000e+02	1.18831965e+06
3.10000000e+02	1.21494363e+06
3.11000000e+02	1.24211227e+06
3.12000000e+02	1.26983468e+06
3.13000000e+02	1.29812001e+06
3.14000000e+02	1.32697752e+06
3.15000000e+02	1.35641654e+06
3.16000000e+02	1.38644650e+06
3.17000000e+02	1.41707687e+06
3.18000000e+02	1.44831724e+06
3.19000000e+02	1.48017725e+06
3.20000000e+02	1.51266662e+06
3.21000000e+02	1.54579513e+06
3.22000000e+02	1.57957266e+06
3.23000000e+02	1.61400913e+06
3.24000000e+02	1.64911455e+06
3.25000000e+02	1.68489897e+06
3.26000000e+02	1.72137253e+06
3.27000000e+02	1.75854540e+06
3.28000000e+02	1.79642785e+06
3.29000000e+02	1.83503017e+06
3.30000000e+02	1.87436273e+06
3.31000000e+02	1.91443594e+06
3.32000000e+02	1.95526026e+06
3.33000000e+02	1.99684620e+06
3.34000000e+02	2.03920434e+06
3.35000000e+02	2.08234526e+06
3.36000000e+02	2.12627962e+06
3.37000000e+02	2.17101810e+06
3.38000000e+02	2.21657142e+06
3.39000000e+02	2.26295034e+06
3.40000000e+02	2.31016565e+06
3.41000000e+02	2.35822817e+06
3.42000000e+02	2.40714874e+06
3.43000000e+02	2.45693824e+06
3.44000000e+02	2.50760755e+06
3.45000000e+02	2.55916759e+06
3.46000000e+02	2.61162929e+06
3.47000000e+02	2.66500359e+06
3.48000000e+02	2.71930145e+06
3.49000000e+02	2.77453383e+06
3.50000000e+02	2.83071170e+06
3.51000000e+02	2.88784604e+06
3.52000000e+02	2.94594783e+06
3.53000000e+02	3.00502804e+06
3.54000000e+02	3.06509764e+06
3.55000000e+02	3.12616759e+06
3.56000000e+02	3.18824886e+06
3.57000000e+02	3.25135237e+06
3.58000000e+02	3.31548907e+06
3.59000000e+02	3.38066987e+06
3.60000000e+02	3.44690564e+06
3.61000000e+02	3.51420727e+06
3.62000000e+02	3.58258559e+06
3.63000000e+02	3.65205142e+06
3.64000000e+02	3.72261554e+06
3.65000000e+02	3.79428870e+06
3.66000000e+02	3.86708163e+06
3.67000000e+02	3.94100498e+06
3.68000000e+02	4.01606939e+06
3.69000000e+02	4.09228546e+06
3.70000000e+02	4.16966371e+06
3.71000000e+02	4.24821465e+06
3.72000000e+02	4.32794871e+06
3.73000000e+02	4.40887626e+06
3.74000000e+02	4.49100763e+06
3.75000000e+02	4.57435308e+06
3.76000000e+02	4.65892280e+06
3.77000000e+02	4.74472690e+06
3.78000000e+02	4.83177545e+06
3.79000000e+02	4.92007841e+06
3.80000000e+02	5.00964568e+06
3.81000000e+02	5.10048706e+06
3.82000000e+02	5.19261228e+06
3.83000000e+02	5.28603096e+06
3.84000000e+02	5.38075265e+06
3.85000000e+02	5.47678676e+06
3.86000000e+02	5.57414262e+06
3.87000000e+02	5.67282944e+06
3.88000000e+02	5.77285632e+06
3.89000000e+02	5.87423222e+06
3.90000000e+02	5.97696599e+06
3.91000000e+02	6.08106632e+06
3.92000000e+02	6.18654178e+06
3.93000000e+02	6.29340076e+06
3.94000000e+02	6.40165151e+06
3.95000000e+02	6.51130211e+06
3.96000000e+02	6.62236043e+06
3.97000000e+02	6.73483418e+06
3.98000000e+02	6.84873086e+06
3.99000000e+02	6.96405775e+06
4.00000000e+02	7.08082189e+06
4.01000000e+02	7.19903010e+06
4.02000000e+02	7.31868892e+06
4.03000000e+02	7.43980463e+06
4.04000000e+02	7.56238318e+06
4.05000000e+02	7.68643025e+06
4.06000000e+02	7.81195115e+06
4.07000000e+02	7.93895085e+06
4.08000000e+02	8.06743390e+06
4.09000000e+02	8.19740448e+06
4.10000000e+02	8.32886628e+06
4.11000000e+02	8.46182255e+06
4.12000000e+02	8.59627599e+06
4.13000000e+02	8.73222880e+06
4.14000000e+02	8.86968252e+06
4.15000000e+02	9.00863811e+06
4.16000000e+02	9.14909582e+06
4.17000000e+02	9.29105515e+06
4.18000000e+02	9.43451482e+06
4.19000000e+02	9.57947268e+06
4.20000000e+02	9.72592566e+06
4.21000000e+02	9.87386969e+06
4.22000000e+02	1.00232996e+07
4.23000000e+02	1.01742091e+07
4.24000000e+02	1.03265906e+07
4.25000000e+02	1.04804352e+07
4.26000000e+02	1.06357325e+07
4.27000000e+02	1.07924704e+07
4.28000000e+02	1.09506354e+07
4.29000000e+02	1.11102118e+07
4.30000000e+02	1.12711821e+07
4.31000000e+02	1.14335266e+07
4.32000000e+02	1.15972233e+07
4.33000000e+02	1.17622475e+07
4.34000000e+02	1.19285719e+07
4.35000000e+02	1.20961663e+07
4.36000000e+02	1.22649971e+07
4.37000000e+02	1.24350274e+07
4.38000000e+02	1.26062165e+07
4.39000000e+02	1.27785196e+07
4.40000000e+02	1.29518876e+07
4.41000000e+02	1.31262665e+07
4.42000000e+02	1.33015973e+07
4.43000000e+02	1.34778154e+07
4.44000000e+02	1.36548501e+07
4.45000000e+02	1.38326242e+07
4.46000000e+02	1.40110536e+07
4.47000000e+02	1.41900465e+07
4.48000000e+02	1.43695028e+07
4.49000000e+02	1.45493136e+07
4.50000000e+02	1.47293602e+07
4.51000000e+02	1.49095137e+07
4.52000000e+02	1.50896339e+07
4.53000000e+02	1.52695685e+07
4.54000000e+02	1.54491519e+07
4.55000000e+02	1.56282048e+07
4.56000000e+02	1.58065323e+07
4.57000000e+02	1.59839233e+07
4.58000000e+02	1.61601490e+07
4.59000000e+02	1.63349619e+07
4.60000000e+02	1.65080939e+07
4.61000000e+02	1.66792550e+07
4.62000000e+02	1.68481322e+07
4.63000000e+02	1.70143872e+07
4.64000000e+02	1.71776552e+07
4.65000000e+02	1.73375429e+07
4.66000000e+02	1.74936271e+07
4.67000000e+02	1.76454522e+07
4.68000000e+02	1.77925294e+07
4.69000000e+02	1.79343341e+07
4.70000000e+02	1.80703045e+07
4.71000000e+02	1.81998402e+07
4.72000000e+02	1.83223004e+07
4.73000000e+02	1.84370033e+07
4.74000000e+02	1.85432246e+07
4.75000000e+02	1.86401972e+07
4.76000000e+02	1.87271116e+07
4.77000000e+02	1.88031160e+07
4.78000000e+02	1.88673183e+07
4.79000000e+02	1.89187878e+07
4.80000000e+02	1.89565590e+07
4.81000000e+02	1.89796364e+07
4.82000000e+02	1.89870004e+07
4.83000000e+02	1.89776153e+07
4.84000000e+02	1.89504386e+07
4.85000000e+02	1.89044333e+07
4.86000000e+02	1.88385812e+07
4.87000000e+02	1.87518995e+07
4.88000000e+02	1.86434589e+07
4.89000000e+02	1.85124043e+07
4.90000000e+02	1.83579780e+07
4.91000000e+02	1.81795438e+07
4.92000000e+02	1.79766132e+07
4.93000000e+02	1.77488716e+07
4.94000000e+02	1.74962051e+07
4.95000000e+02	1.72187251e+07
4.96000000e+02	1.69167911e+07
4.97000000e+02	1.65910300e+07
4.98000000e+02	1.62423492e+07
4.99000000e+02	1.58719445e+07
5.00000000e+02	1.54812988e+07
5.01000000e+02	1.50721739e+07
5.02000000e+02	1.46465906e+07
5.03000000e+02	1.42068017e+07
5.04000000e+02	1.37552541e+07
5.05000000e+02	1.32945436e+07
5.06000000e+02	1.28273631e+07
5.07000000e+02	1.23564464e+07
5.08000000e+02	1.18845101e+07
5.09000000e+02	1.14141961e+07
5.10000000e+02	1.09480176e+07
5.11000000e+02	1.04883112e+07
5.12000000e+02	1.00371961e+07
5.13000000e+02	9.59654358e+06
5.14000000e+02	9.16795578e+06
5.15000000e+02	8.75275531e+06
5.16000000e+02	8.35198438e+06
5.17000000e+02	7.96641283e+06
5.18000000e+02	7.59655360e+06
5.19000000e+02	7.24268404e+06
5.20000000e+02	6.90487134e+06
5.21000000e+02	6.58300036e+06
5.22000000e+02	6.27680249e+06
5.23000000e+02	5.98588410e+06
5.24000000e+02	5.70975359e+06
5.25000000e+02	5.44784640e+06
5.26000000e+02	5.19954719e+06
5.27000000e+02	4.96420931e+06
5.28000000e+02	4.74117110e+06
5.29000000e+02	4.52976939e+06
5.30000000e+02	4.32935022e+06
5.31000000e+02	4.13927708e+06
5.32000000e+02	3.95893702e+06
5.33000000e+02	3.78774488e+06
5.34000000e+02	3.62514596e+06
5.35000000e+02	3.47061748e+06
5.36000000e+02	3.32366897e+06
5.37000000e+02	3.18384200e+06
5.38000000e+02	3.05070923e+06
5.39000000e+02	2.92387319e+06
5.40000000e+02	2.80296465e+06
5.41000000e+02	2.68764099e+06
5.42000000e+02	2.57758434e+06
5.43000000e+02	2.47249984e+06
5.44000000e+02	2.37211385e+06
5.45000000e+02	2.27617227e+06
5.46000000e+02	2.18443893e+06
5.47000000e+02	2.09669410e+06
5.48000000e+02	2.01273306e+06
5.49000000e+02	1.93236487e+06
5.50000000e+02	1.85541114e+06
5.51000000e+02	1.78170500e+06
5.52000000e+02	1.71109012e+06
5.53000000e+02	1.64341978e+06
5.54000000e+02	1.57855616e+06
5.55000000e+02	1.51636953e+06
5.56000000e+02	1.45673767e+06
5.57000000e+02	1.39954526e+06
5.58000000e+02	1.34468333e+06
5.59000000e+02	1.29204881e+06
5.60000000e+02	1.24154411e+06
5.61000000e+02	1.19307671e+06
5.62000000e+02	1.14655878e+06
5.63000000e+02	1.10190694e+06
5.64000000e+02	1.05904190e+06
5.65000000e+02	1.01788821e+06
5.66000000e+02	9.78374033e+05
5.67000000e+02	9.40430934e+05
5.68000000e+02	9.03993645e+05
5.69000000e+02	8.68999903e+05
5.70000000e+02	8.35390273e+05
5.71000000e+02	8.03107993e+05
5.72000000e+02	7.72098826e+05
5.73000000e+02	7.42310925e+05
5.74000000e+02	7.13694710e+05
5.75000000e+02	6.86202751e+05
5.76000000e+02	6.59789660e+05
5.77000000e+02	6.34411986e+05
5.78000000e+02	6.10028128e+05
5.79000000e+02	5.86598239e+05
5.80000000e+02	5.64084143e+05
5.81000000e+02	5.42449264e+05
5.82000000e+02	5.21658543e+05
5.83000000e+02	5.01678374e+05
5.84000000e+02	4.82476538e+05
5.85000000e+02	4.64022138e+05
5.86000000e+02	4.46285543e+05
5.87000000e+02	4.29238332e+05
5.88000000e+02	4.12853240e+05
5.89000000e+02	3.97104108e+05
5.90000000e+02	3.81965837e+05
5.91000000e+02	3.67414341e+05
5.92000000e+02	3.53426506e+05
5.93000000e+02	3.39980144e+05
5.94000000e+02	3.27053962e+05
5.95000000e+02	3.14627518e+05
5.96000000e+02	3.02681187e+05
5.97000000e+02	2.91196129e+05
5.98000000e+02	2.80154256e+05
5.99000000e+02	2.69538198e+05
6.00000000e+02	2.59331278e+05
6.01000000e+02	2.49517481e+05
6.02000000e+02	2.40081427e+05
6.03000000e+02	2.31008347e+05
6.04000000e+02	2.22284055e+05
6.05000000e+02	2.13894928e+05
6.06000000e+02	2.05827881e+05
6.07000000e+02	1.98070344e+05
6.08000000e+02	1.90610246e+05
6.09000000e+02	1.83435990e+05
6.10000000e+02	1.76536437e+05
6.11000000e+02	1.69900885e+05
6.12000000e+02	1.63519055e+05
6.13000000e+02	1.57381071e+05
6.14000000e+02	1.51477445e+05
6.15000000e+02	1.45799062e+05
6.16000000e+02	1.40337166e+05
6.17000000e+02	1.35083341e+05
6.18000000e+02	1.30029505e+05
6.19000000e+02	1.25167890e+05
6.20000000e+02	1.20491032e+05
6.21000000e+02	1.15991762e+05
6.22000000e+02	1.11663188e+05
6.23000000e+02	1.07498689e+05
6.24000000e+02	1.03491903e+05
6.25000000e+02	9.96367154e+04
6.26000000e+02	9.59272520e+04
6.27000000e+02	9.23578664e+04
6.28000000e+02	8.89231327e+04
6.29000000e+02	8.56178367e+04
6.30000000e+02	8.24369671e+04
6.31000000e+02	7.93757078e+04
6.32000000e+02	7.64294302e+04
6.33000000e+02	7.35936858e+04
6.34000000e+02	7.08641986e+04
6.35000000e+02	6.82368594e+04
6.36000000e+02	6.57077181e+04
6.37000000e+02	6.32729781e+04
6.38000000e+02	6.09289899e+04
6.39000000e+02	5.86722457e+04
6.40000000e+02	5.64993735e+04
6.41000000e+02	5.44071318e+04
6.42000000e+02	5.23924046e+04
6.43000000e+02	5.04521964e+04
6.44000000e+02	4.85836276e+04
6.45000000e+02	4.67839295e+04
6.46000000e+02	4.50504403e+04
6.47000000e+02	4.33806012e+04
6.48000000e+02	4.17719516e+04
6.49000000e+02	4.02221257e+04
6.50000000e+02	3.87288489e+04
6.51000000e+02	3.72899339e+04
6.52000000e+02	3.59032773e+04
6.53000000e+02	3.45668567e+04
6.54000000e+02	3.32787267e+04
6.55000000e+02	3.20370169e+04
6.56000000e+02	3.08399282e+04
6.57000000e+02	2.96857303e+04
6.58000000e+02	2.85727587e+04
6.59000000e+02	2.74994126e+04
6.60000000e+02	2.64641520e+04
6.61000000e+02	2.54654952e+04
6.62000000e+02	2.45020170e+04
6.63000000e+02	2.35723458e+04
6.64000000e+02	2.26751621e+04
6.65000000e+02	2.18091957e+04
6.66000000e+02	2.09732240e+04
6.67000000e+02	2.01660701e+04
6.68000000e+02	1.93866000e+04
6.69000000e+02	1.86337215e+04
6.70000000e+02	1.79063808e+04
6.71000000e+02	1.72035606e+04
6.72000000e+02	1.65242766e+04
6.73000000e+02	1.58675737e+04
6.74000000e+02	1.52325213e+04
6.75000000e+02	1.46182057e+04
6.76000000e+02	1.40237211e+04
6.77000000e+02	1.34481561e+04
6.78000000e+02	1.28905747e+04
6.79000000e+02	1.23499897e+04
6.80000000e+02	1.18253264e+04
6.81000000e+02	1.13153727e+04
6.82000000e+02	1.08187136e+04
6.83000000e+02	1.03336477e+04
6.84000000e+02	9.85808440e+03
6.85000000e+02	9.38942605e+03
6.86000000e+02	8.92444172e+03
6.87000000e+02	8.45914890e+03
6.88000000e+02	7.98872780e+03
6.89000000e+02	7.50750193e+03
6.90000000e+02	7.00902639e+03
6.91000000e+02	6.48632545e+03
6.92000000e+02	5.93231166e+03
6.93000000e+02	5.34039507e+03
6.94000000e+02	4.70525530e+03
6.95000000e+02	4.02372182e+03
6.96000000e+02	3.29643887e+03
6.97000000e+02	2.57108365e+03
6.98000000e+02	1.42798505e+03
6.99000000e+02	1.07783280e+03
7.00000000e+02	0.00000000e+00
