# Profil de ElecX au temps 1.009999999999998e-12 
# simu : /Volumes/MERCURE/JOBS/Zeq2_tanh_50mic_3p5e21_B0_20ps/GNU/ElecX@y-c.set
# col 0 : abscisse (um)
# col 1 : ElecX (V/m)
0.00000000e+00	0.00000000e+00
1.00000000e+00	1.01035094e+02
2.00000000e+00	-4.37267568e+01
3.00000000e+00	-2.16498163e+01
4.00000000e+00	1.47722355e+01
5.00000000e+00	6.82972686e+00
6.00000000e+00	4.54244184e+00
7.00000000e+00	3.60497405e+00
8.00000000e+00	3.06518747e+00
9.00000000e+00	2.72712639e+00
1.00000000e+01	2.51520376e+00
1.10000000e+01	2.38877473e+00
1.20000000e+01	2.32285119e+00
1.30000000e+01	2.30099714e+00
1.40000000e+01	2.31191121e+00
1.50000000e+01	2.34783930e+00
1.60000000e+01	2.40324755e+00
1.70000000e+01	2.47440558e+00
1.80000000e+01	2.55866965e+00
1.90000000e+01	2.65412561e+00
2.00000000e+01	2.75939047e+00
2.10000000e+01	2.87343476e+00
2.20000000e+01	2.99550702e+00
2.30000000e+01	3.12514627e+00
2.40000000e+01	3.26197721e+00
2.50000000e+01	3.40576374e+00
2.60000000e+01	3.55628576e+00
2.70000000e+01	3.71329514e+00
2.80000000e+01	3.87656985e+00
2.90000000e+01	4.04590844e+00
3.00000000e+01	4.22124511e+00
3.10000000e+01	4.40265622e+00
3.20000000e+01	4.59026957e+00
3.30000000e+01	4.78436448e+00
3.40000000e+01	4.98526381e+00
3.50000000e+01	5.19334316e+00
3.60000000e+01	5.40905277e+00
3.70000000e+01	5.63274170e+00
3.80000000e+01	5.86495459e+00
3.90000000e+01	6.10605080e+00
4.00000000e+01	6.35653591e+00
4.10000000e+01	6.61689737e+00
4.20000000e+01	6.88760837e+00
4.30000000e+01	7.16915753e+00
4.40000000e+01	7.46205535e+00
4.50000000e+01	7.76678690e+00
4.60000000e+01	8.08387976e+00
4.70000000e+01	8.41387050e+00
4.80000000e+01	8.75730525e+00
4.90000000e+01	9.11473569e+00
5.00000000e+01	9.48673334e+00
5.10000000e+01	9.87390044e+00
5.20000000e+01	1.02768654e+01
5.30000000e+01	1.06962682e+01
5.40000000e+01	1.11327887e+01
5.50000000e+01	1.15871424e+01
5.60000000e+01	1.20600333e+01
5.70000000e+01	1.25521963e+01
5.80000000e+01	1.30644593e+01
5.90000000e+01	1.35976344e+01
6.00000000e+01	1.41525699e+01
6.10000000e+01	1.47301471e+01
6.20000000e+01	1.53312843e+01
6.30000000e+01	1.59569777e+01
6.40000000e+01	1.66081826e+01
6.50000000e+01	1.72859912e+01
6.60000000e+01	1.79914232e+01
6.70000000e+01	1.87256812e+01
6.80000000e+01	1.94898860e+01
6.90000000e+01	2.02852883e+01
7.00000000e+01	2.11131362e+01
7.10000000e+01	2.19747709e+01
7.20000000e+01	2.28716048e+01
7.30000000e+01	2.38049874e+01
7.40000000e+01	2.47764864e+01
7.50000000e+01	2.57876363e+01
7.60000000e+01	2.68400672e+01
7.70000000e+01	2.79354126e+01
7.80000000e+01	2.90754802e+01
7.90000000e+01	3.02620790e+01
8.00000000e+01	3.14970895e+01
8.10000000e+01	3.27825085e+01
8.20000000e+01	3.41203921e+01
8.30000000e+01	3.55128565e+01
8.40000000e+01	3.69621674e+01
8.50000000e+01	3.84706234e+01
8.60000000e+01	4.00406400e+01
8.70000000e+01	4.16747049e+01
8.80000000e+01	4.33755080e+01
8.90000000e+01	4.51456775e+01
9.00000000e+01	4.69881182e+01
9.10000000e+01	4.89057135e+01
9.20000000e+01	5.09016165e+01
9.30000000e+01	5.29789377e+01
9.40000000e+01	5.51410288e+01
9.50000000e+01	5.73913857e+01
9.60000000e+01	5.97335770e+01
9.70000000e+01	6.21713139e+01
9.80000000e+01	6.47085859e+01
9.90000000e+01	6.73493872e+01
1.00000000e+02	7.00979650e+01
1.01000000e+02	7.29587087e+01
1.02000000e+02	7.59361866e+01
1.03000000e+02	7.90351880e+01
1.04000000e+02	8.22606810e+01
1.05000000e+02	8.56177931e+01
1.06000000e+02	8.91119050e+01
1.07000000e+02	9.27486168e+01
1.08000000e+02	9.65337332e+01
1.09000000e+02	1.00473341e+02
1.10000000e+02	1.04573724e+02
1.11000000e+02	1.08841435e+02
1.12000000e+02	1.13283320e+02
1.13000000e+02	1.17906466e+02
1.14000000e+02	1.22718319e+02
1.15000000e+02	1.27726505e+02
1.16000000e+02	1.32939103e+02
1.17000000e+02	1.38364425e+02
1.18000000e+02	1.44011154e+02
1.19000000e+02	1.49888326e+02
1.20000000e+02	1.56005340e+02
1.21000000e+02	1.62371983e+02
1.22000000e+02	1.68998484e+02
1.23000000e+02	1.75895389e+02
1.24000000e+02	1.83073775e+02
1.25000000e+02	1.90545089e+02
1.26000000e+02	1.98321316e+02
1.27000000e+02	2.06414907e+02
1.28000000e+02	2.14838795e+02
1.29000000e+02	2.23606434e+02
1.30000000e+02	2.32731898e+02
1.31000000e+02	2.42229781e+02
1.32000000e+02	2.52115265e+02
1.33000000e+02	2.62404170e+02
1.34000000e+02	2.73112997e+02
1.35000000e+02	2.84258802e+02
1.36000000e+02	2.95859490e+02
1.37000000e+02	3.07933602e+02
1.38000000e+02	3.20500452e+02
1.39000000e+02	3.33580159e+02
1.40000000e+02	3.47193615e+02
1.41000000e+02	3.61362659e+02
1.42000000e+02	3.76109922e+02
1.43000000e+02	3.91459033e+02
1.44000000e+02	4.07434502e+02
1.45000000e+02	4.24061950e+02
1.46000000e+02	4.41367938e+02
1.47000000e+02	4.59380175e+02
1.48000000e+02	4.78127484e+02
1.49000000e+02	4.97639855e+02
1.50000000e+02	5.17948499e+02
1.51000000e+02	5.39085922e+02
1.52000000e+02	5.61085951e+02
1.53000000e+02	5.83983754e+02
1.54000000e+02	6.07816010e+02
1.55000000e+02	6.32620834e+02
1.56000000e+02	6.58437894e+02
1.57000000e+02	6.85308526e+02
1.58000000e+02	7.13275705e+02
1.59000000e+02	7.42384177e+02
1.60000000e+02	7.72680516e+02
1.61000000e+02	8.04213197e+02
1.62000000e+02	8.37032666e+02
1.63000000e+02	8.71191432e+02
1.64000000e+02	9.06744137e+02
1.65000000e+02	9.43747684e+02
1.66000000e+02	9.82261246e+02
1.67000000e+02	1.02234647e+03
1.68000000e+02	1.06406743e+03
1.69000000e+02	1.10749093e+03
1.70000000e+02	1.15268643e+03
1.71000000e+02	1.19972620e+03
1.72000000e+02	1.24868552e+03
1.73000000e+02	1.29964271e+03
1.74000000e+02	1.35267926e+03
1.75000000e+02	1.40788006e+03
1.76000000e+02	1.46533337e+03
1.77000000e+02	1.52513113e+03
1.78000000e+02	1.58736897e+03
1.79000000e+02	1.65214647e+03
1.80000000e+02	1.71956723e+03
1.81000000e+02	1.78973908e+03
1.82000000e+02	1.86277432e+03
1.83000000e+02	1.93878970e+03
1.84000000e+02	2.01790685e+03
1.85000000e+02	2.10025229e+03
1.86000000e+02	2.18595775e+03
1.87000000e+02	2.27516028e+03
1.88000000e+02	2.36800259e+03
1.89000000e+02	2.46463312e+03
1.90000000e+02	2.56520641e+03
1.91000000e+02	2.66988334e+03
1.92000000e+02	2.77883128e+03
1.93000000e+02	2.89222447e+03
1.94000000e+02	3.01024424e+03
1.95000000e+02	3.13307930e+03
1.96000000e+02	3.26092607e+03
1.97000000e+02	3.39398899e+03
1.98000000e+02	3.53248082e+03
1.99000000e+02	3.67662298e+03
2.00000000e+02	3.82664592e+03
2.01000000e+02	3.98278954e+03
2.02000000e+02	4.14530340e+03
2.03000000e+02	4.31444737e+03
2.04000000e+02	4.49049182e+03
2.05000000e+02	4.67371813e+03
2.06000000e+02	4.86441922e+03
2.07000000e+02	5.06289989e+03
2.08000000e+02	5.26947737e+03
2.09000000e+02	5.48448184e+03
2.10000000e+02	5.70825688e+03
2.11000000e+02	5.94116012e+03
2.12000000e+02	6.18356373e+03
2.13000000e+02	6.43585506e+03
2.14000000e+02	6.69843720e+03
2.15000000e+02	6.97172968e+03
2.16000000e+02	7.25616911e+03
2.17000000e+02	7.55220990e+03
2.18000000e+02	7.86032492e+03
2.19000000e+02	8.18100634e+03
2.20000000e+02	8.51476628e+03
2.21000000e+02	8.86213781e+03
2.22000000e+02	9.22367564e+03
2.23000000e+02	9.59995702e+03
2.24000000e+02	9.99158277e+03
2.25000000e+02	1.03991781e+04
2.26000000e+02	1.08233936e+04
2.27000000e+02	1.12649065e+04
2.28000000e+02	1.17244214e+04
2.29000000e+02	1.22026715e+04
2.30000000e+02	1.27004201e+04
2.31000000e+02	1.32184612e+04
2.32000000e+02	1.37576212e+04
2.33000000e+02	1.43187602e+04
2.34000000e+02	1.49027731e+04
2.35000000e+02	1.55105911e+04
2.36000000e+02	1.61431834e+04
2.37000000e+02	1.68015584e+04
2.38000000e+02	1.74867655e+04
2.39000000e+02	1.81998967e+04
2.40000000e+02	1.89420884e+04
2.41000000e+02	1.97145228e+04
2.42000000e+02	2.05184304e+04
2.43000000e+02	2.13550914e+04
2.44000000e+02	2.22258380e+04
2.45000000e+02	2.31320563e+04
2.46000000e+02	2.40751886e+04
2.47000000e+02	2.50567356e+04
2.48000000e+02	2.60782587e+04
2.49000000e+02	2.71413828e+04
2.50000000e+02	2.82477982e+04
2.51000000e+02	2.93992636e+04
2.52000000e+02	3.05976091e+04
2.53000000e+02	3.18447386e+04
2.54000000e+02	3.31426328e+04
2.55000000e+02	3.44933526e+04
2.56000000e+02	3.58990420e+04
2.57000000e+02	3.73619315e+04
2.58000000e+02	3.88843417e+04
2.59000000e+02	4.04686867e+04
2.60000000e+02	4.21174777e+04
2.61000000e+02	4.38333272e+04
2.62000000e+02	4.56189529e+04
2.63000000e+02	4.74771818e+04
2.64000000e+02	4.94109545e+04
2.65000000e+02	5.14233297e+04
2.66000000e+02	5.35174891e+04
2.67000000e+02	5.56967420e+04
2.68000000e+02	5.79645304e+04
2.69000000e+02	6.03244342e+04
2.70000000e+02	6.27801768e+04
2.71000000e+02	6.53356303e+04
2.72000000e+02	6.79948219e+04
2.73000000e+02	7.07619395e+04
2.74000000e+02	7.36413382e+04
2.75000000e+02	7.66375467e+04
2.76000000e+02	7.97552741e+04
2.77000000e+02	8.29994170e+04
2.78000000e+02	8.63750667e+04
2.79000000e+02	8.98875165e+04
2.80000000e+02	9.35422698e+04
2.81000000e+02	9.73450481e+04
2.82000000e+02	1.01301799e+05
2.83000000e+02	1.05418706e+05
2.84000000e+02	1.09702195e+05
2.85000000e+02	1.14158948e+05
2.86000000e+02	1.18795907e+05
2.87000000e+02	1.23620288e+05
2.88000000e+02	1.28639591e+05
2.89000000e+02	1.33861609e+05
2.90000000e+02	1.39294440e+05
2.91000000e+02	1.44946498e+05
2.92000000e+02	1.50826525e+05
2.93000000e+02	1.56943603e+05
2.94000000e+02	1.63307166e+05
2.95000000e+02	1.69927016e+05
2.96000000e+02	1.76813330e+05
2.97000000e+02	1.83976681e+05
2.98000000e+02	1.91428047e+05
2.99000000e+02	1.99178828e+05
3.00000000e+02	2.07240860e+05
3.01000000e+02	2.15626431e+05
3.02000000e+02	2.24348298e+05
3.03000000e+02	2.33419702e+05
3.04000000e+02	2.42854384e+05
3.05000000e+02	2.52666606e+05
3.06000000e+02	2.62871163e+05
3.07000000e+02	2.73483409e+05
3.08000000e+02	2.84519269e+05
3.09000000e+02	2.95995260e+05
3.10000000e+02	3.07928513e+05
3.11000000e+02	3.20336792e+05
3.12000000e+02	3.33238512e+05
3.13000000e+02	3.46652764e+05
3.14000000e+02	3.60599335e+05
3.15000000e+02	3.75098728e+05
3.16000000e+02	3.90172187e+05
3.17000000e+02	4.05841718e+05
3.18000000e+02	4.22130114e+05
3.19000000e+02	4.39060977e+05
3.20000000e+02	4.56658740e+05
3.21000000e+02	4.74948695e+05
3.22000000e+02	4.93957016e+05
3.23000000e+02	5.13710780e+05
3.24000000e+02	5.34237997e+05
3.25000000e+02	5.55567632e+05
3.26000000e+02	5.77729629e+05
3.27000000e+02	6.00754939e+05
3.28000000e+02	6.24675543e+05
3.29000000e+02	6.49524477e+05
3.30000000e+02	6.75335854e+05
3.31000000e+02	7.02144896e+05
3.32000000e+02	7.29987949e+05
3.33000000e+02	7.58902513e+05
3.34000000e+02	7.88927260e+05
3.35000000e+02	8.20102064e+05
3.36000000e+02	8.52468013e+05
3.37000000e+02	8.86067436e+05
3.38000000e+02	9.20943922e+05
3.39000000e+02	9.57142338e+05
3.40000000e+02	9.94708845e+05
3.41000000e+02	1.03369091e+06
3.42000000e+02	1.07413734e+06
3.43000000e+02	1.11609827e+06
3.44000000e+02	1.15962517e+06
3.45000000e+02	1.20477088e+06
3.46000000e+02	1.25158960e+06
3.47000000e+02	1.30013690e+06
3.48000000e+02	1.35046969e+06
3.49000000e+02	1.40264627e+06
3.50000000e+02	1.45672628e+06
3.51000000e+02	1.51277069e+06
3.52000000e+02	1.57084183e+06
3.53000000e+02	1.63100333e+06
3.54000000e+02	1.69332010e+06
3.55000000e+02	1.75785831e+06
3.56000000e+02	1.82468538e+06
3.57000000e+02	1.89386990e+06
3.58000000e+02	1.96548161e+06
3.59000000e+02	2.03959137e+06
3.60000000e+02	2.11627104e+06
3.61000000e+02	2.19559349e+06
3.62000000e+02	2.27763249e+06
3.63000000e+02	2.36246263e+06
3.64000000e+02	2.45015925e+06
3.65000000e+02	2.54079833e+06
3.66000000e+02	2.63445642e+06
3.67000000e+02	2.73121049e+06
3.68000000e+02	2.83113781e+06
3.69000000e+02	2.93431587e+06
3.70000000e+02	3.04082217e+06
3.71000000e+02	3.15073413e+06
3.72000000e+02	3.26412889e+06
3.73000000e+02	3.38108314e+06
3.74000000e+02	3.50167296e+06
3.75000000e+02	3.62597361e+06
3.76000000e+02	3.75405933e+06
3.77000000e+02	3.88600308e+06
3.78000000e+02	4.02187638e+06
3.79000000e+02	4.16174901e+06
3.80000000e+02	4.30568877e+06
3.81000000e+02	4.45376121e+06
3.82000000e+02	4.60602934e+06
3.83000000e+02	4.76255333e+06
3.84000000e+02	4.92339023e+06
3.85000000e+02	5.08859359e+06
3.86000000e+02	5.25821319e+06
3.87000000e+02	5.43229460e+06
3.88000000e+02	5.61087892e+06
3.89000000e+02	5.79400230e+06
3.90000000e+02	5.98169563e+06
3.91000000e+02	6.17398408e+06
3.92000000e+02	6.37088670e+06
3.93000000e+02	6.57241601e+06
3.94000000e+02	6.77857752e+06
3.95000000e+02	6.98936930e+06
3.96000000e+02	7.20478152e+06
3.97000000e+02	7.42479596e+06
3.98000000e+02	7.64938553e+06
3.99000000e+02	7.87851378e+06
4.00000000e+02	8.11213440e+06
4.01000000e+02	8.35019072e+06
4.02000000e+02	8.59261520e+06
4.03000000e+02	8.83932887e+06
4.04000000e+02	9.09024089e+06
4.05000000e+02	9.34524799e+06
4.06000000e+02	9.60423394e+06
4.07000000e+02	9.86706909e+06
4.08000000e+02	1.01336098e+07
4.09000000e+02	1.04036980e+07
4.10000000e+02	1.06771607e+07
4.11000000e+02	1.09538096e+07
4.12000000e+02	1.12334403e+07
4.13000000e+02	1.15158324e+07
4.14000000e+02	1.18007487e+07
4.15000000e+02	1.20879350e+07
4.16000000e+02	1.23771196e+07
4.17000000e+02	1.26680134e+07
4.18000000e+02	1.29603091e+07
4.19000000e+02	1.32536815e+07
4.20000000e+02	1.35477870e+07
4.21000000e+02	1.38422637e+07
4.22000000e+02	1.41367313e+07
4.23000000e+02	1.44307913e+07
4.24000000e+02	1.47240271e+07
4.25000000e+02	1.50160038e+07
4.26000000e+02	1.53062694e+07
4.27000000e+02	1.55943545e+07
4.28000000e+02	1.58797728e+07
4.29000000e+02	1.61620226e+07
4.30000000e+02	1.64405863e+07
4.31000000e+02	1.67149325e+07
4.32000000e+02	1.69845163e+07
4.33000000e+02	1.72487806e+07
4.34000000e+02	1.75071577e+07
4.35000000e+02	1.77590703e+07
4.36000000e+02	1.80039337e+07
4.37000000e+02	1.82411570e+07
4.38000000e+02	1.84701456e+07
4.39000000e+02	1.86903026e+07
4.40000000e+02	1.89010319e+07
4.41000000e+02	1.91017399e+07
4.42000000e+02	1.92918384e+07
4.43000000e+02	1.94707472e+07
4.44000000e+02	1.96378969e+07
4.45000000e+02	1.97927320e+07
4.46000000e+02	1.99347140e+07
4.47000000e+02	2.00633242e+07
4.48000000e+02	2.01780672e+07
4.49000000e+02	2.02784745e+07
4.50000000e+02	2.03641071e+07
4.51000000e+02	2.04345593e+07
4.52000000e+02	2.04894620e+07
4.53000000e+02	2.05284859e+07
4.54000000e+02	2.05513442e+07
4.55000000e+02	2.05577964e+07
4.56000000e+02	2.05476503e+07
4.57000000e+02	2.05207653e+07
4.58000000e+02	2.04770543e+07
4.59000000e+02	2.04164861e+07
4.60000000e+02	2.03390868e+07
4.61000000e+02	2.02449417e+07
4.62000000e+02	2.01341957e+07
4.63000000e+02	2.00070542e+07
4.64000000e+02	1.98637830e+07
4.65000000e+02	1.97047079e+07
4.66000000e+02	1.95302140e+07
4.67000000e+02	1.93407437e+07
4.68000000e+02	1.91367954e+07
4.69000000e+02	1.89189204e+07
4.70000000e+02	1.86877199e+07
4.71000000e+02	1.84438422e+07
4.72000000e+02	1.81879777e+07
4.73000000e+02	1.79208551e+07
4.74000000e+02	1.76432366e+07
4.75000000e+02	1.73559126e+07
4.76000000e+02	1.70596965e+07
4.77000000e+02	1.67554188e+07
4.78000000e+02	1.64439221e+07
4.79000000e+02	1.61260548e+07
4.80000000e+02	1.58026657e+07
4.81000000e+02	1.54745983e+07
4.82000000e+02	1.51426856e+07
4.83000000e+02	1.48077451e+07
4.84000000e+02	1.44705739e+07
4.85000000e+02	1.41319443e+07
4.86000000e+02	1.37926000e+07
4.87000000e+02	1.34532525e+07
4.88000000e+02	1.31145783e+07
4.89000000e+02	1.27772167e+07
4.90000000e+02	1.24417672e+07
4.91000000e+02	1.21087890e+07
4.92000000e+02	1.17787994e+07
4.93000000e+02	1.14522740e+07
4.94000000e+02	1.11296463e+07
4.95000000e+02	1.08113086e+07
4.96000000e+02	1.04976125e+07
4.97000000e+02	1.01888702e+07
4.98000000e+02	9.88535599e+06
4.99000000e+02	9.58730797e+06
5.00000000e+02	9.29492966e+06
5.01000000e+02	9.00839214e+06
5.02000000e+02	8.72783605e+06
5.03000000e+02	8.45337364e+06
5.04000000e+02	8.18509095e+06
5.05000000e+02	7.92304981e+06
5.06000000e+02	7.66728993e+06
5.07000000e+02	7.41783082e+06
5.08000000e+02	7.17467375e+06
5.09000000e+02	6.93780346e+06
5.10000000e+02	6.70718991e+06
5.11000000e+02	6.48278982e+06
5.12000000e+02	6.26454819e+06
5.13000000e+02	6.05239964e+06
5.14000000e+02	5.84626965e+06
5.15000000e+02	5.64607577e+06
5.16000000e+02	5.45172861e+06
5.17000000e+02	5.26313285e+06
5.18000000e+02	5.08018812e+06
5.19000000e+02	4.90278976e+06
5.20000000e+02	4.73082957e+06
5.21000000e+02	4.56419643e+06
5.22000000e+02	4.40277694e+06
5.23000000e+02	4.24645588e+06
5.24000000e+02	4.09511675e+06
5.25000000e+02	3.94864216e+06
5.26000000e+02	3.80691424e+06
5.27000000e+02	3.66981496e+06
5.28000000e+02	3.53722645e+06
5.29000000e+02	3.40903131e+06
5.30000000e+02	3.28511279e+06
5.31000000e+02	3.16535507e+06
5.32000000e+02	3.04964344e+06
5.33000000e+02	2.93786445e+06
5.34000000e+02	2.82990610e+06
5.35000000e+02	2.72565795e+06
5.36000000e+02	2.62501124e+06
5.37000000e+02	2.52785902e+06
5.38000000e+02	2.43409618e+06
5.39000000e+02	2.34361958e+06
5.40000000e+02	2.25632811e+06
5.41000000e+02	2.17212269e+06
5.42000000e+02	2.09090639e+06
5.43000000e+02	2.01258438e+06
5.44000000e+02	1.93706403e+06
5.45000000e+02	1.86425487e+06
5.46000000e+02	1.79406865e+06
5.47000000e+02	1.72641929e+06
5.48000000e+02	1.66122291e+06
5.49000000e+02	1.59839785e+06
5.50000000e+02	1.53786459e+06
5.51000000e+02	1.47954580e+06
5.52000000e+02	1.42336627e+06
5.53000000e+02	1.36925292e+06
5.54000000e+02	1.31713476e+06
5.55000000e+02	1.26694287e+06
5.56000000e+02	1.21861036e+06
5.57000000e+02	1.17207233e+06
5.58000000e+02	1.12726586e+06
5.59000000e+02	1.08412996e+06
5.60000000e+02	1.04260551e+06
5.61000000e+02	1.00263526e+06
5.62000000e+02	9.64163763e+05
5.63000000e+02	9.27137358e+05
5.64000000e+02	8.91504100e+05
5.65000000e+02	8.57213742e+05
5.66000000e+02	8.24217681e+05
5.67000000e+02	7.92468926e+05
5.68000000e+02	7.61922046e+05
5.69000000e+02	7.32533140e+05
5.70000000e+02	7.04259785e+05
5.71000000e+02	6.77061005e+05
5.72000000e+02	6.50897220e+05
5.73000000e+02	6.25730218e+05
5.74000000e+02	6.01523105e+05
5.75000000e+02	5.78240271e+05
5.76000000e+02	5.55847351e+05
5.77000000e+02	5.34311190e+05
5.78000000e+02	5.13599799e+05
5.79000000e+02	4.93682325e+05
5.80000000e+02	4.74529014e+05
5.81000000e+02	4.56111175e+05
5.82000000e+02	4.38401146e+05
5.83000000e+02	4.21372261e+05
5.84000000e+02	4.04998819e+05
5.85000000e+02	3.89256049e+05
5.86000000e+02	3.74120084e+05
5.87000000e+02	3.59567925e+05
5.88000000e+02	3.45577418e+05
5.89000000e+02	3.32127218e+05
5.90000000e+02	3.19196769e+05
5.91000000e+02	3.06766273e+05
5.92000000e+02	2.94816662e+05
5.93000000e+02	2.83329578e+05
5.94000000e+02	2.72287343e+05
5.95000000e+02	2.61672939e+05
5.96000000e+02	2.51469981e+05
5.97000000e+02	2.41662700e+05
5.98000000e+02	2.32235914e+05
5.99000000e+02	2.23175014e+05
6.00000000e+02	2.14465939e+05
6.01000000e+02	2.06095157e+05
6.02000000e+02	1.98049648e+05
6.03000000e+02	1.90316883e+05
6.04000000e+02	1.82884807e+05
6.05000000e+02	1.75741823e+05
6.06000000e+02	1.68876772e+05
6.07000000e+02	1.62278920e+05
6.08000000e+02	1.55937943e+05
6.09000000e+02	1.49843909e+05
6.10000000e+02	1.43987263e+05
6.11000000e+02	1.38358817e+05
6.12000000e+02	1.32949734e+05
6.13000000e+02	1.27751514e+05
6.14000000e+02	1.22755983e+05
6.15000000e+02	1.17955282e+05
6.16000000e+02	1.13341850e+05
6.17000000e+02	1.08908419e+05
6.18000000e+02	1.04647999e+05
6.19000000e+02	1.00553870e+05
6.20000000e+02	9.66195708e+04
6.21000000e+02	9.28388871e+04
6.22000000e+02	8.92058459e+04
6.23000000e+02	8.57147039e+04
6.24000000e+02	8.23599398e+04
6.25000000e+02	7.91362453e+04
6.26000000e+02	7.60385174e+04
6.27000000e+02	7.30618502e+04
6.28000000e+02	7.02015278e+04
6.29000000e+02	6.74530169e+04
6.30000000e+02	6.48119595e+04
6.31000000e+02	6.22741668e+04
6.32000000e+02	5.98356120e+04
6.33000000e+02	5.74924247e+04
6.34000000e+02	5.52408848e+04
6.35000000e+02	5.30774161e+04
6.36000000e+02	5.09985820e+04
6.37000000e+02	4.90010787e+04
6.38000000e+02	4.70817313e+04
6.39000000e+02	4.52374880e+04
6.40000000e+02	4.34654159e+04
6.41000000e+02	4.17626959e+04
6.42000000e+02	4.01266189e+04
6.43000000e+02	3.85545811e+04
6.44000000e+02	3.70440802e+04
6.45000000e+02	3.55927112e+04
6.46000000e+02	3.41981627e+04
6.47000000e+02	3.28582138e+04
6.48000000e+02	3.15707297e+04
6.49000000e+02	3.03336590e+04
6.50000000e+02	2.91450304e+04
6.51000000e+02	2.80029493e+04
6.52000000e+02	2.69055951e+04
6.53000000e+02	2.58512184e+04
6.54000000e+02	2.48381377e+04
6.55000000e+02	2.38647374e+04
6.56000000e+02	2.29294650e+04
6.57000000e+02	2.20308285e+04
6.58000000e+02	2.11673941e+04
6.59000000e+02	2.03377842e+04
6.60000000e+02	1.95406750e+04
6.61000000e+02	1.87747941e+04
6.62000000e+02	1.80389193e+04
6.63000000e+02	1.73318759e+04
6.64000000e+02	1.66525351e+04
6.65000000e+02	1.59998123e+04
6.66000000e+02	1.53726652e+04
6.67000000e+02	1.47700924e+04
6.68000000e+02	1.41911317e+04
6.69000000e+02	1.36348582e+04
6.70000000e+02	1.31003836e+04
6.71000000e+02	1.25868540e+04
6.72000000e+02	1.20934492e+04
6.73000000e+02	1.16193809e+04
6.74000000e+02	1.11638916e+04
6.75000000e+02	1.07262536e+04
6.76000000e+02	1.03057676e+04
6.77000000e+02	9.90176161e+03
6.78000000e+02	9.51359003e+03
6.79000000e+02	9.14063223e+03
6.80000000e+02	8.78229197e+03
6.81000000e+02	8.43799579e+03
6.82000000e+02	8.10719194e+03
6.83000000e+02	7.78934909e+03
6.84000000e+02	7.48395434e+03
6.85000000e+02	7.19051150e+03
6.86000000e+02	6.90853806e+03
6.87000000e+02	6.63756097e+03
6.88000000e+02	6.37710877e+03
6.89000000e+02	6.12669476e+03
6.90000000e+02	5.88578191e+03
6.91000000e+02	5.65370697e+03
6.92000000e+02	5.42950886e+03
6.93000000e+02	5.21151647e+03
6.94000000e+02	4.99629480e+03
6.95000000e+02	4.77580535e+03
6.96000000e+02	4.52945468e+03
6.97000000e+02	4.20350232e+03
6.98000000e+02	3.59563193e+03
6.99000000e+02	2.39582471e+03
7.00000000e+02	0.00000000e+00
