# Profil de FluxX au temps 2.000999999999940e-11 
# simu : /Volumes/MERCURE/JOBS/Zeq2_tanh_50mic_3p5e21_B0_20ps/GNU/FluxX@y-c.set
# col 0 : abscisse (um)
# col 1 : FluxX (W/cm2)
0.00000000e+00	0.00000000e+00
1.00000000e+00	7.47458233e+08
2.00000000e+00	1.48983065e+09
3.00000000e+00	2.24318031e+09
4.00000000e+00	2.99048142e+09
5.00000000e+00	3.73809017e+09
6.00000000e+00	4.48655740e+09
7.00000000e+00	5.23620028e+09
8.00000000e+00	5.98725346e+09
9.00000000e+00	6.73992616e+09
1.00000000e+01	7.49442324e+09
1.10000000e+01	8.25094964e+09
1.20000000e+01	9.00971111e+09
1.30000000e+01	9.77091427e+09
1.40000000e+01	1.05347667e+10
1.50000000e+01	1.13014769e+10
1.60000000e+01	1.20712545e+10
1.70000000e+01	1.28443103e+10
1.80000000e+01	1.36208563e+10
1.90000000e+01	1.44011056e+10
2.00000000e+01	1.51852731e+10
2.10000000e+01	1.59735747e+10
2.20000000e+01	1.67662282e+10
2.30000000e+01	1.75634528e+10
2.40000000e+01	1.83654696e+10
2.50000000e+01	1.91725014e+10
2.60000000e+01	1.99847727e+10
2.70000000e+01	2.08025103e+10
2.80000000e+01	2.16259428e+10
2.90000000e+01	2.24553011e+10
3.00000000e+01	2.32908180e+10
3.10000000e+01	2.41327291e+10
3.20000000e+01	2.49812721e+10
3.30000000e+01	2.58366871e+10
3.40000000e+01	2.66992170e+10
3.50000000e+01	2.75691074e+10
3.60000000e+01	2.84466065e+10
3.70000000e+01	2.93319653e+10
3.80000000e+01	3.02254382e+10
3.90000000e+01	3.11272822e+10
4.00000000e+01	3.20377576e+10
4.10000000e+01	3.29571281e+10
4.20000000e+01	3.38856607e+10
4.30000000e+01	3.48236257e+10
4.40000000e+01	3.57712972e+10
4.50000000e+01	3.67289530e+10
4.60000000e+01	3.76968744e+10
4.70000000e+01	3.86753470e+10
4.80000000e+01	3.96646601e+10
4.90000000e+01	4.06651073e+10
5.00000000e+01	4.16769863e+10
5.10000000e+01	4.27005994e+10
5.20000000e+01	4.37362532e+10
5.30000000e+01	4.47842589e+10
5.40000000e+01	4.58449325e+10
5.50000000e+01	4.69185948e+10
5.60000000e+01	4.80055717e+10
5.70000000e+01	4.91061940e+10
5.80000000e+01	5.02207980e+10
5.90000000e+01	5.13497251e+10
6.00000000e+01	5.24933226e+10
6.10000000e+01	5.36519430e+10
6.20000000e+01	5.48259449e+10
6.30000000e+01	5.60156928e+10
6.40000000e+01	5.72215573e+10
6.50000000e+01	5.84439150e+10
6.60000000e+01	5.96831493e+10
6.70000000e+01	6.09396498e+10
6.80000000e+01	6.22138130e+10
6.90000000e+01	6.35060422e+10
7.00000000e+01	6.48167476e+10
7.10000000e+01	6.61463470e+10
7.20000000e+01	6.74952650e+10
7.30000000e+01	6.88639343e+10
7.40000000e+01	7.02527949e+10
7.50000000e+01	7.16622948e+10
7.60000000e+01	7.30928903e+10
7.70000000e+01	7.45450457e+10
7.80000000e+01	7.60192339e+10
7.90000000e+01	7.75159363e+10
8.00000000e+01	7.90356434e+10
8.10000000e+01	8.05788546e+10
8.20000000e+01	8.21460784e+10
8.30000000e+01	8.37378331e+10
8.40000000e+01	8.53546464e+10
8.50000000e+01	8.69970560e+10
8.60000000e+01	8.86656098e+10
8.70000000e+01	9.03608659e+10
8.80000000e+01	9.20833930e+10
8.90000000e+01	9.38337707e+10
9.00000000e+01	9.56125896e+10
9.10000000e+01	9.74204515e+10
9.20000000e+01	9.92579699e+10
9.30000000e+01	1.01125770e+11
9.40000000e+01	1.03024489e+11
9.50000000e+01	1.04954776e+11
9.60000000e+01	1.06917294e+11
9.70000000e+01	1.08912718e+11
9.80000000e+01	1.10941735e+11
9.90000000e+01	1.13005048e+11
1.00000000e+02	1.15103371e+11
1.01000000e+02	1.17237435e+11
1.02000000e+02	1.19407981e+11
1.03000000e+02	1.21615769e+11
1.04000000e+02	1.23861572e+11
1.05000000e+02	1.26146178e+11
1.06000000e+02	1.28470390e+11
1.07000000e+02	1.30835029e+11
1.08000000e+02	1.33240931e+11
1.09000000e+02	1.35688948e+11
1.10000000e+02	1.38179950e+11
1.11000000e+02	1.40714823e+11
1.12000000e+02	1.43294472e+11
1.13000000e+02	1.45919820e+11
1.14000000e+02	1.48591806e+11
1.15000000e+02	1.51311392e+11
1.16000000e+02	1.54079555e+11
1.17000000e+02	1.56897293e+11
1.18000000e+02	1.59765626e+11
1.19000000e+02	1.62685592e+11
1.20000000e+02	1.65658249e+11
1.21000000e+02	1.68684680e+11
1.22000000e+02	1.71765986e+11
1.23000000e+02	1.74903291e+11
1.24000000e+02	1.78097743e+11
1.25000000e+02	1.81350511e+11
1.26000000e+02	1.84662790e+11
1.27000000e+02	1.88035796e+11
1.28000000e+02	1.91470772e+11
1.29000000e+02	1.94968984e+11
1.30000000e+02	1.98531725e+11
1.31000000e+02	2.02160312e+11
1.32000000e+02	2.05856092e+11
1.33000000e+02	2.09620434e+11
1.34000000e+02	2.13454739e+11
1.35000000e+02	2.17360434e+11
1.36000000e+02	2.21338974e+11
1.37000000e+02	2.25391846e+11
1.38000000e+02	2.29520564e+11
1.39000000e+02	2.33726673e+11
1.40000000e+02	2.38011750e+11
1.41000000e+02	2.42377403e+11
1.42000000e+02	2.46825271e+11
1.43000000e+02	2.51357028e+11
1.44000000e+02	2.55974379e+11
1.45000000e+02	2.60679066e+11
1.46000000e+02	2.65472864e+11
1.47000000e+02	2.70357582e+11
1.48000000e+02	2.75335068e+11
1.49000000e+02	2.80407205e+11
1.50000000e+02	2.85575914e+11
1.51000000e+02	2.90843154e+11
1.52000000e+02	2.96210923e+11
1.53000000e+02	3.01681258e+11
1.54000000e+02	3.07256237e+11
1.55000000e+02	3.12937980e+11
1.56000000e+02	3.18728646e+11
1.57000000e+02	3.24630440e+11
1.58000000e+02	3.30645608e+11
1.59000000e+02	3.36776442e+11
1.60000000e+02	3.43025277e+11
1.61000000e+02	3.49394495e+11
1.62000000e+02	3.55886524e+11
1.63000000e+02	3.62503842e+11
1.64000000e+02	3.69248971e+11
1.65000000e+02	3.76124485e+11
1.66000000e+02	3.83133008e+11
1.67000000e+02	3.90277214e+11
1.68000000e+02	3.97559829e+11
1.69000000e+02	4.04983632e+11
1.70000000e+02	4.12551455e+11
1.71000000e+02	4.20266184e+11
1.72000000e+02	4.28130763e+11
1.73000000e+02	4.36148190e+11
1.74000000e+02	4.44321521e+11
1.75000000e+02	4.52653869e+11
1.76000000e+02	4.61148408e+11
1.77000000e+02	4.69808371e+11
1.78000000e+02	4.78637054e+11
1.79000000e+02	4.87637812e+11
1.80000000e+02	4.96814065e+11
1.81000000e+02	5.06169298e+11
1.82000000e+02	5.15707060e+11
1.83000000e+02	5.25430965e+11
1.84000000e+02	5.35344696e+11
1.85000000e+02	5.45452003e+11
1.86000000e+02	5.55756707e+11
1.87000000e+02	5.66262696e+11
1.88000000e+02	5.76973932e+11
1.89000000e+02	5.87894449e+11
1.90000000e+02	5.99028353e+11
1.91000000e+02	6.10379826e+11
1.92000000e+02	6.21953124e+11
1.93000000e+02	6.33752581e+11
1.94000000e+02	6.45782607e+11
1.95000000e+02	6.58047692e+11
1.96000000e+02	6.70552404e+11
1.97000000e+02	6.83301394e+11
1.98000000e+02	6.96299393e+11
1.99000000e+02	7.09551216e+11
2.00000000e+02	7.23061760e+11
2.01000000e+02	7.36836009e+11
2.02000000e+02	7.50879032e+11
2.03000000e+02	7.65195985e+11
2.04000000e+02	7.79792112e+11
2.05000000e+02	7.94672746e+11
2.06000000e+02	8.09843309e+11
2.07000000e+02	8.25309317e+11
2.08000000e+02	8.41076374e+11
2.09000000e+02	8.57150180e+11
2.10000000e+02	8.73536526e+11
2.11000000e+02	8.90241301e+11
2.12000000e+02	9.07270488e+11
2.13000000e+02	9.24630166e+11
2.14000000e+02	9.42326512e+11
2.15000000e+02	9.60365802e+11
2.16000000e+02	9.78754411e+11
2.17000000e+02	9.97498812e+11
2.18000000e+02	1.01660558e+12
2.19000000e+02	1.03608139e+12
2.20000000e+02	1.05593303e+12
2.21000000e+02	1.07616737e+12
2.22000000e+02	1.09679141e+12
2.23000000e+02	1.11781222e+12
2.24000000e+02	1.13923700e+12
2.25000000e+02	1.16107306e+12
2.26000000e+02	1.18332779e+12
2.27000000e+02	1.20600871e+12
2.28000000e+02	1.22912343e+12
2.29000000e+02	1.25267969e+12
2.30000000e+02	1.27668530e+12
2.31000000e+02	1.30114820e+12
2.32000000e+02	1.32607645e+12
2.33000000e+02	1.35147820e+12
2.34000000e+02	1.37736171e+12
2.35000000e+02	1.40373534e+12
2.36000000e+02	1.43060757e+12
2.37000000e+02	1.45798698e+12
2.38000000e+02	1.48588227e+12
2.39000000e+02	1.51430224e+12
2.40000000e+02	1.54325577e+12
2.41000000e+02	1.57275190e+12
2.42000000e+02	1.60279972e+12
2.43000000e+02	1.63340846e+12
2.44000000e+02	1.66458744e+12
2.45000000e+02	1.69634609e+12
2.46000000e+02	1.72869393e+12
2.47000000e+02	1.76164059e+12
2.48000000e+02	1.79519580e+12
2.49000000e+02	1.82936939e+12
2.50000000e+02	1.86417128e+12
2.51000000e+02	1.89961150e+12
2.52000000e+02	1.93570014e+12
2.53000000e+02	1.97244742e+12
2.54000000e+02	2.00986363e+12
2.55000000e+02	2.04795915e+12
2.56000000e+02	2.08674445e+12
2.57000000e+02	2.12623009e+12
2.58000000e+02	2.16642668e+12
2.59000000e+02	2.20734496e+12
2.60000000e+02	2.24899569e+12
2.61000000e+02	2.29138974e+12
2.62000000e+02	2.33453803e+12
2.63000000e+02	2.37845156e+12
2.64000000e+02	2.42314138e+12
2.65000000e+02	2.46861860e+12
2.66000000e+02	2.51489440e+12
2.67000000e+02	2.56197998e+12
2.68000000e+02	2.60988662e+12
2.69000000e+02	2.65862563e+12
2.70000000e+02	2.70820833e+12
2.71000000e+02	2.75864612e+12
2.72000000e+02	2.80995040e+12
2.73000000e+02	2.86213258e+12
2.74000000e+02	2.91520412e+12
2.75000000e+02	2.96917645e+12
2.76000000e+02	3.02406105e+12
2.77000000e+02	3.07986936e+12
2.78000000e+02	3.13661283e+12
2.79000000e+02	3.19430290e+12
2.80000000e+02	3.25295096e+12
2.81000000e+02	3.31256841e+12
2.82000000e+02	3.37316659e+12
2.83000000e+02	3.43475679e+12
2.84000000e+02	3.49735027e+12
2.85000000e+02	3.56095822e+12
2.86000000e+02	3.62559174e+12
2.87000000e+02	3.69126189e+12
2.88000000e+02	3.75797961e+12
2.89000000e+02	3.82575576e+12
2.90000000e+02	3.89460109e+12
2.91000000e+02	3.96452625e+12
2.92000000e+02	4.03554173e+12
2.93000000e+02	4.10765792e+12
2.94000000e+02	4.18088503e+12
2.95000000e+02	4.25523314e+12
2.96000000e+02	4.33071214e+12
2.97000000e+02	4.40733174e+12
2.98000000e+02	4.48510148e+12
2.99000000e+02	4.56403066e+12
3.00000000e+02	4.64412838e+12
3.01000000e+02	4.72540351e+12
3.02000000e+02	4.80786468e+12
3.03000000e+02	4.89152024e+12
3.04000000e+02	4.97637828e+12
3.05000000e+02	5.06244662e+12
3.06000000e+02	5.14973276e+12
3.07000000e+02	5.23824389e+12
3.08000000e+02	5.32798688e+12
3.09000000e+02	5.41896822e+12
3.10000000e+02	5.51119409e+12
3.11000000e+02	5.60467026e+12
3.12000000e+02	5.69940211e+12
3.13000000e+02	5.79539462e+12
3.14000000e+02	5.89265234e+12
3.15000000e+02	5.99117936e+12
3.16000000e+02	6.09097935e+12
3.17000000e+02	6.19205546e+12
3.18000000e+02	6.29441036e+12
3.19000000e+02	6.39804621e+12
3.20000000e+02	6.50296463e+12
3.21000000e+02	6.60916671e+12
3.22000000e+02	6.71665293e+12
3.23000000e+02	6.82542322e+12
3.24000000e+02	6.93547687e+12
3.25000000e+02	7.04681257e+12
3.26000000e+02	7.15942835e+12
3.27000000e+02	7.27332156e+12
3.28000000e+02	7.38848889e+12
3.29000000e+02	7.50492630e+12
3.30000000e+02	7.62262902e+12
3.31000000e+02	7.74159155e+12
3.32000000e+02	7.86180760e+12
3.33000000e+02	7.98327011e+12
3.34000000e+02	8.10597117e+12
3.35000000e+02	8.22990209e+12
3.36000000e+02	8.35505329e+12
3.37000000e+02	8.48141431e+12
3.38000000e+02	8.60897381e+12
3.39000000e+02	8.73771952e+12
3.40000000e+02	8.86763825e+12
3.41000000e+02	8.99871582e+12
3.42000000e+02	9.13093707e+12
3.43000000e+02	9.26428586e+12
3.44000000e+02	9.39874500e+12
3.45000000e+02	9.53429624e+12
3.46000000e+02	9.67092030e+12
3.47000000e+02	9.80859676e+12
3.48000000e+02	9.94730413e+12
3.49000000e+02	1.00870198e+13
3.50000000e+02	1.02277198e+13
3.51000000e+02	1.03693794e+13
3.52000000e+02	1.05119722e+13
3.53000000e+02	1.06554710e+13
3.54000000e+02	1.07998470e+13
3.55000000e+02	1.09450705e+13
3.56000000e+02	1.10911101e+13
3.57000000e+02	1.12379334e+13
3.58000000e+02	1.13855067e+13
3.59000000e+02	1.15337948e+13
3.60000000e+02	1.16827612e+13
3.61000000e+02	1.18323680e+13
3.62000000e+02	1.19825761e+13
3.63000000e+02	1.21333446e+13
3.64000000e+02	1.22846315e+13
3.65000000e+02	1.24363933e+13
3.66000000e+02	1.25885849e+13
3.67000000e+02	1.27411598e+13
3.68000000e+02	1.28940701e+13
3.69000000e+02	1.30472662e+13
3.70000000e+02	1.32006971e+13
3.71000000e+02	1.33543102e+13
3.72000000e+02	1.35080515e+13
3.73000000e+02	1.36618651e+13
3.74000000e+02	1.38156939e+13
3.75000000e+02	1.39694790e+13
3.76000000e+02	1.41231599e+13
3.77000000e+02	1.42766745e+13
3.78000000e+02	1.44299592e+13
3.79000000e+02	1.45829486e+13
3.80000000e+02	1.47355759e+13
3.81000000e+02	1.48877723e+13
3.82000000e+02	1.50394676e+13
3.83000000e+02	1.51905900e+13
3.84000000e+02	1.53410658e+13
3.85000000e+02	1.54908199e+13
3.86000000e+02	1.56397754e+13
3.87000000e+02	1.57878538e+13
3.88000000e+02	1.59349747e+13
3.89000000e+02	1.60810564e+13
3.90000000e+02	1.62260153e+13
3.91000000e+02	1.63697663e+13
3.92000000e+02	1.65122224e+13
3.93000000e+02	1.66532953e+13
3.94000000e+02	1.67928948e+13
3.95000000e+02	1.69309291e+13
3.96000000e+02	1.70673049e+13
3.97000000e+02	1.72019273e+13
3.98000000e+02	1.73346996e+13
3.99000000e+02	1.74655237e+13
4.00000000e+02	1.75943000e+13
4.01000000e+02	1.77209271e+13
4.02000000e+02	1.78453025e+13
4.03000000e+02	1.79673217e+13
4.04000000e+02	1.80868791e+13
4.05000000e+02	1.82038675e+13
4.06000000e+02	1.83181783e+13
4.07000000e+02	1.84297015e+13
4.08000000e+02	1.85383259e+13
4.09000000e+02	1.86439388e+13
4.10000000e+02	1.87464262e+13
4.11000000e+02	1.88456730e+13
4.12000000e+02	1.89415628e+13
4.13000000e+02	1.90339781e+13
4.14000000e+02	1.91228004e+13
4.15000000e+02	1.92079099e+13
4.16000000e+02	1.92891860e+13
4.17000000e+02	1.93665072e+13
4.18000000e+02	1.94397511e+13
4.19000000e+02	1.95087942e+13
4.20000000e+02	1.95735128e+13
4.21000000e+02	1.96337822e+13
4.22000000e+02	1.96894772e+13
4.23000000e+02	1.97404721e+13
4.24000000e+02	1.97866408e+13
4.25000000e+02	1.98278570e+13
4.26000000e+02	1.98639940e+13
4.27000000e+02	1.98949251e+13
4.28000000e+02	1.99205238e+13
4.29000000e+02	1.99406634e+13
4.30000000e+02	1.99552177e+13
4.31000000e+02	1.99640608e+13
4.32000000e+02	1.99670673e+13
4.33000000e+02	1.99641126e+13
4.34000000e+02	1.99550728e+13
4.35000000e+02	1.99398253e+13
4.36000000e+02	1.99182482e+13
4.37000000e+02	1.98902215e+13
4.38000000e+02	1.98556264e+13
4.39000000e+02	1.98143460e+13
4.40000000e+02	1.97662656e+13
4.41000000e+02	1.97112724e+13
4.42000000e+02	1.96492563e+13
4.43000000e+02	1.95801100e+13
4.44000000e+02	1.95037292e+13
4.45000000e+02	1.94200130e+13
4.46000000e+02	1.93288639e+13
4.47000000e+02	1.92301887e+13
4.48000000e+02	1.91238984e+13
4.49000000e+02	1.90099088e+13
4.50000000e+02	1.88881409e+13
4.51000000e+02	1.87585211e+13
4.52000000e+02	1.86209818e+13
4.53000000e+02	1.84754621e+13
4.54000000e+02	1.83219079e+13
4.55000000e+02	1.81602726e+13
4.56000000e+02	1.79905180e+13
4.57000000e+02	1.78126141e+13
4.58000000e+02	1.76265407e+13
4.59000000e+02	1.74322873e+13
4.60000000e+02	1.72298543e+13
4.61000000e+02	1.70192536e+13
4.62000000e+02	1.68005091e+13
4.63000000e+02	1.65736580e+13
4.64000000e+02	1.63387514e+13
4.65000000e+02	1.60958555e+13
4.66000000e+02	1.58450519e+13
4.67000000e+02	1.55864396e+13
4.68000000e+02	1.53201350e+13
4.69000000e+02	1.50462739e+13
4.70000000e+02	1.47650120e+13
4.71000000e+02	1.44765263e+13
4.72000000e+02	1.41810166e+13
4.73000000e+02	1.38787059e+13
4.74000000e+02	1.35698425e+13
4.75000000e+02	1.32547008e+13
4.76000000e+02	1.29335825e+13
4.77000000e+02	1.26068179e+13
4.78000000e+02	1.22747671e+13
4.79000000e+02	1.19378210e+13
4.80000000e+02	1.15964020e+13
4.81000000e+02	1.12509656e+13
4.82000000e+02	1.09020003e+13
4.83000000e+02	1.05500282e+13
4.84000000e+02	1.01956058e+13
4.85000000e+02	9.83932292e+12
4.86000000e+02	9.48180300e+12
4.87000000e+02	9.12370173e+12
4.88000000e+02	8.76570571e+12
4.89000000e+02	8.40853039e+12
4.90000000e+02	8.05291737e+12
4.91000000e+02	7.69963102e+12
4.92000000e+02	7.34945426e+12
4.93000000e+02	7.00318353e+12
4.94000000e+02	6.66162300e+12
4.95000000e+02	6.32557782e+12
4.96000000e+02	5.99584655e+12
4.97000000e+02	5.67321293e+12
4.98000000e+02	5.35843688e+12
4.99000000e+02	5.05224508e+12
5.00000000e+02	4.75532119e+12
5.01000000e+02	4.46829609e+12
5.02000000e+02	4.19173834e+12
5.03000000e+02	3.92614522e+12
5.04000000e+02	3.67193473e+12
5.05000000e+02	3.42943879e+12
5.06000000e+02	3.19889815e+12
5.07000000e+02	2.98045906e+12
5.08000000e+02	2.77417213e+12
5.09000000e+02	2.57999329e+12
5.10000000e+02	2.39778705e+12
5.11000000e+02	2.22733179e+12
5.12000000e+02	2.06832701e+12
5.13000000e+02	1.92040220e+12
5.14000000e+02	1.78312687e+12
5.15000000e+02	1.65602141e+12
5.16000000e+02	1.53856841e+12
5.17000000e+02	1.43022373e+12
5.18000000e+02	1.33042734e+12
5.19000000e+02	1.23861319e+12
5.20000000e+02	1.15421817e+12
5.21000000e+02	1.07668985e+12
5.22000000e+02	1.00549289e+12
5.23000000e+02	9.40114184e+11
5.24000000e+02	8.80066683e+11
5.25000000e+02	8.24892091e+11
5.26000000e+02	7.74162469e+11
5.27000000e+02	7.27480938e+11
5.28000000e+02	6.84481618e+11
5.29000000e+02	6.44828960e+11
5.30000000e+02	6.08216609e+11
5.31000000e+02	5.74365928e+11
5.32000000e+02	5.43024295e+11
5.33000000e+02	5.13963266e+11
5.34000000e+02	4.86976686e+11
5.35000000e+02	4.61878794e+11
5.36000000e+02	4.38502390e+11
5.37000000e+02	4.16697074e+11
5.38000000e+02	3.96327590e+11
5.39000000e+02	3.77272293e+11
5.40000000e+02	3.59421731e+11
5.41000000e+02	3.42677358e+11
5.42000000e+02	3.26950364e+11
5.43000000e+02	3.12160623e+11
5.44000000e+02	2.98235750e+11
5.45000000e+02	2.85110262e+11
5.46000000e+02	2.72724824e+11
5.47000000e+02	2.61025588e+11
5.48000000e+02	2.49963603e+11
5.49000000e+02	2.39494290e+11
5.50000000e+02	2.29576982e+11
5.51000000e+02	2.20174520e+11
5.52000000e+02	2.11252884e+11
5.53000000e+02	2.02780880e+11
5.54000000e+02	1.94729853e+11
5.55000000e+02	1.87073441e+11
5.56000000e+02	1.79787348e+11
5.57000000e+02	1.72849150e+11
5.58000000e+02	1.66238119e+11
5.59000000e+02	1.59935067e+11
5.60000000e+02	1.53922202e+11
5.61000000e+02	1.48183011e+11
5.62000000e+02	1.42702144e+11
5.63000000e+02	1.37465314e+11
5.64000000e+02	1.32459207e+11
5.65000000e+02	1.27671403e+11
5.66000000e+02	1.23090303e+11
5.67000000e+02	1.18705059e+11
5.68000000e+02	1.14505522e+11
5.69000000e+02	1.10482181e+11
5.70000000e+02	1.06626116e+11
5.71000000e+02	1.02928957e+11
5.72000000e+02	9.93828388e+10
5.73000000e+02	9.59803655e+10
5.74000000e+02	9.27145779e+10
5.75000000e+02	8.95789217e+10
5.76000000e+02	8.65672191e+10
5.77000000e+02	8.36736430e+10
5.78000000e+02	8.08926931e+10
5.79000000e+02	7.82191742e+10
5.80000000e+02	7.56481755e+10
5.81000000e+02	7.31750525e+10
5.82000000e+02	7.07954097e+10
5.83000000e+02	6.85050847e+10
5.84000000e+02	6.63001331e+10
5.85000000e+02	6.41768156e+10
5.86000000e+02	6.21315851e+10
5.87000000e+02	6.01610748e+10
5.88000000e+02	5.82620877e+10
5.89000000e+02	5.64315863e+10
5.90000000e+02	5.46666832e+10
5.91000000e+02	5.29646325e+10
5.92000000e+02	5.13228216e+10
5.93000000e+02	4.97387636e+10
5.94000000e+02	4.82100899e+10
5.95000000e+02	4.67345444e+10
5.96000000e+02	4.53099762e+10
5.97000000e+02	4.39343348e+10
5.98000000e+02	4.26056640e+10
5.99000000e+02	4.13220973e+10
6.00000000e+02	4.00818526e+10
6.01000000e+02	3.88832284e+10
6.02000000e+02	3.77245988e+10
6.03000000e+02	3.66044105e+10
6.04000000e+02	3.55211781e+10
6.05000000e+02	3.44734815e+10
6.06000000e+02	3.34599619e+10
6.07000000e+02	3.24793192e+10
6.08000000e+02	3.15303089e+10
6.09000000e+02	3.06117394e+10
6.10000000e+02	2.97224693e+10
6.11000000e+02	2.88614051e+10
6.12000000e+02	2.80274987e+10
6.13000000e+02	2.72197457e+10
6.14000000e+02	2.64371825e+10
6.15000000e+02	2.56788853e+10
6.16000000e+02	2.49439676e+10
6.17000000e+02	2.42315785e+10
6.18000000e+02	2.35409015e+10
6.19000000e+02	2.28711524e+10
6.20000000e+02	2.22215782e+10
6.21000000e+02	2.15914555e+10
6.22000000e+02	2.09800891e+10
6.23000000e+02	2.03868109e+10
6.24000000e+02	1.98109788e+10
6.25000000e+02	1.92519751e+10
6.26000000e+02	1.87092059e+10
6.27000000e+02	1.81820998e+10
6.28000000e+02	1.76701069e+10
6.29000000e+02	1.71726981e+10
6.30000000e+02	1.66893640e+10
6.31000000e+02	1.62196141e+10
6.32000000e+02	1.57629758e+10
6.33000000e+02	1.53189943e+10
6.34000000e+02	1.48872310e+10
6.35000000e+02	1.44672632e+10
6.36000000e+02	1.40586837e+10
6.37000000e+02	1.36610997e+10
6.38000000e+02	1.32741324e+10
6.39000000e+02	1.28974164e+10
6.40000000e+02	1.25305992e+10
6.41000000e+02	1.21733406e+10
6.42000000e+02	1.18253123e+10
6.43000000e+02	1.14861971e+10
6.44000000e+02	1.11556889e+10
6.45000000e+02	1.08334919e+10
6.46000000e+02	1.05193204e+10
6.47000000e+02	1.02128981e+10
6.48000000e+02	9.91395818e+09
6.49000000e+02	9.62224245e+09
6.50000000e+02	9.33750129e+09
6.51000000e+02	9.05949319e+09
6.52000000e+02	8.78798442e+09
6.53000000e+02	8.52274884e+09
6.54000000e+02	8.26356741e+09
6.55000000e+02	8.01022803e+09
6.56000000e+02	7.76252523e+09
6.57000000e+02	7.52025991e+09
6.58000000e+02	7.28323904e+09
6.59000000e+02	7.05127549e+09
6.60000000e+02	6.82418773e+09
6.61000000e+02	6.60179962e+09
6.62000000e+02	6.38394019e+09
6.63000000e+02	6.17044344e+09
6.64000000e+02	5.96114813e+09
6.65000000e+02	5.75589752e+09
6.66000000e+02	5.55453926e+09
6.67000000e+02	5.35692517e+09
6.68000000e+02	5.16291096e+09
6.69000000e+02	4.97235618e+09
6.70000000e+02	4.78512384e+09
6.71000000e+02	4.60108032e+09
6.72000000e+02	4.42009500e+09
6.73000000e+02	4.24203998e+09
6.74000000e+02	4.06678974e+09
6.75000000e+02	3.89422061e+09
6.76000000e+02	3.72421020e+09
6.77000000e+02	3.55663658e+09
6.78000000e+02	3.39137728e+09
6.79000000e+02	3.22830795e+09
6.80000000e+02	3.06730081e+09
6.81000000e+02	2.90822249e+09
6.82000000e+02	2.75093167e+09
6.83000000e+02	2.59527632e+09
6.84000000e+02	2.44109070e+09
6.85000000e+02	2.28819248e+09
6.86000000e+02	2.13638025e+09
6.87000000e+02	1.98543214e+09
6.88000000e+02	1.83510610e+09
6.89000000e+02	1.68514282e+09
6.90000000e+02	1.53527182e+09
6.91000000e+02	1.38522134e+09
6.92000000e+02	1.23473190e+09
6.93000000e+02	1.08357329e+09
6.94000000e+02	9.31562948e+08
6.95000000e+02	7.78584120e+08
6.96000000e+02	6.24600784e+08
6.97000000e+02	4.69659483e+08
6.98000000e+02	3.13430539e+08
6.99000000e+02	1.56686623e+08
7.00000000e+02	0.00000000e+00
