# Profil de Te au temps 1.600999999999999e-11 
# simu : /Volumes/MERCURE/JOBS/Zeq2_tanh_50mic_3p5e21_B0_20ps/GNU/Te@y-c.set
# col 0 : abscisse (um)
# col 1 : Te (keV)
5.00000000e-01	9.99955833e-01
1.50000000e+00	9.99955813e-01
2.50000000e+00	9.99955792e-01
3.50000000e+00	9.99955745e-01
4.50000000e+00	9.99955682e-01
5.50000000e+00	9.99955606e-01
6.50000000e+00	9.99955516e-01
7.50000000e+00	9.99955412e-01
8.50000000e+00	9.99955294e-01
9.50000000e+00	9.99955161e-01
1.05000000e+01	9.99955014e-01
1.15000000e+01	9.99954853e-01
1.25000000e+01	9.99954677e-01
1.35000000e+01	9.99954486e-01
1.45000000e+01	9.99954280e-01
1.55000000e+01	9.99954059e-01
1.65000000e+01	9.99953823e-01
1.75000000e+01	9.99953572e-01
1.85000000e+01	9.99953306e-01
1.95000000e+01	9.99953024e-01
2.05000000e+01	9.99952727e-01
2.15000000e+01	9.99952414e-01
2.25000000e+01	9.99952085e-01
2.35000000e+01	9.99951741e-01
2.45000000e+01	9.99951380e-01
2.55000000e+01	9.99951003e-01
2.65000000e+01	9.99950609e-01
2.75000000e+01	9.99950199e-01
2.85000000e+01	9.99949773e-01
2.95000000e+01	9.99949329e-01
3.05000000e+01	9.99948868e-01
3.15000000e+01	9.99948390e-01
3.25000000e+01	9.99947894e-01
3.35000000e+01	9.99947380e-01
3.45000000e+01	9.99946849e-01
3.55000000e+01	9.99946299e-01
3.65000000e+01	9.99945731e-01
3.75000000e+01	9.99945143e-01
3.85000000e+01	9.99944537e-01
3.95000000e+01	9.99943912e-01
4.05000000e+01	9.99943267e-01
4.15000000e+01	9.99942603e-01
4.25000000e+01	9.99941918e-01
4.35000000e+01	9.99941213e-01
4.45000000e+01	9.99940487e-01
4.55000000e+01	9.99939740e-01
4.65000000e+01	9.99938972e-01
4.75000000e+01	9.99938182e-01
4.85000000e+01	9.99937369e-01
4.95000000e+01	9.99936535e-01
5.05000000e+01	9.99935678e-01
5.15000000e+01	9.99934797e-01
5.25000000e+01	9.99933893e-01
5.35000000e+01	9.99932965e-01
5.45000000e+01	9.99932012e-01
5.55000000e+01	9.99931035e-01
5.65000000e+01	9.99930032e-01
5.75000000e+01	9.99929003e-01
5.85000000e+01	9.99927949e-01
5.95000000e+01	9.99926867e-01
6.05000000e+01	9.99925759e-01
6.15000000e+01	9.99924622e-01
6.25000000e+01	9.99923458e-01
6.35000000e+01	9.99922264e-01
6.45000000e+01	9.99921042e-01
6.55000000e+01	9.99919789e-01
6.65000000e+01	9.99918506e-01
6.75000000e+01	9.99917192e-01
6.85000000e+01	9.99915846e-01
6.95000000e+01	9.99914468e-01
7.05000000e+01	9.99913057e-01
7.15000000e+01	9.99911612e-01
7.25000000e+01	9.99910133e-01
7.35000000e+01	9.99908619e-01
7.45000000e+01	9.99907069e-01
7.55000000e+01	9.99905483e-01
7.65000000e+01	9.99903860e-01
7.75000000e+01	9.99902199e-01
7.85000000e+01	9.99900498e-01
7.95000000e+01	9.99898759e-01
8.05000000e+01	9.99896979e-01
8.15000000e+01	9.99895157e-01
8.25000000e+01	9.99893293e-01
8.35000000e+01	9.99891387e-01
8.45000000e+01	9.99889436e-01
8.55000000e+01	9.99887440e-01
8.65000000e+01	9.99885399e-01
8.75000000e+01	9.99883310e-01
8.85000000e+01	9.99881174e-01
8.95000000e+01	9.99878988e-01
9.05000000e+01	9.99876752e-01
9.15000000e+01	9.99874466e-01
9.25000000e+01	9.99872127e-01
9.35000000e+01	9.99869734e-01
9.45000000e+01	9.99867287e-01
9.55000000e+01	9.99864783e-01
9.65000000e+01	9.99862223e-01
9.75000000e+01	9.99859604e-01
9.85000000e+01	9.99856925e-01
9.95000000e+01	9.99854185e-01
1.00500000e+02	9.99851383e-01
1.01500000e+02	9.99848517e-01
1.02500000e+02	9.99845585e-01
1.03500000e+02	9.99842586e-01
1.04500000e+02	9.99839519e-01
1.05500000e+02	9.99836381e-01
1.06500000e+02	9.99833172e-01
1.07500000e+02	9.99829890e-01
1.08500000e+02	9.99826533e-01
1.09500000e+02	9.99823098e-01
1.10500000e+02	9.99819586e-01
1.11500000e+02	9.99815993e-01
1.12500000e+02	9.99812317e-01
1.13500000e+02	9.99808557e-01
1.14500000e+02	9.99804711e-01
1.15500000e+02	9.99800777e-01
1.16500000e+02	9.99796752e-01
1.17500000e+02	9.99792635e-01
1.18500000e+02	9.99788423e-01
1.19500000e+02	9.99784114e-01
1.20500000e+02	9.99779706e-01
1.21500000e+02	9.99775196e-01
1.22500000e+02	9.99770582e-01
1.23500000e+02	9.99765862e-01
1.24500000e+02	9.99761032e-01
1.25500000e+02	9.99756090e-01
1.26500000e+02	9.99751034e-01
1.27500000e+02	9.99745861e-01
1.28500000e+02	9.99740568e-01
1.29500000e+02	9.99735151e-01
1.30500000e+02	9.99729609e-01
1.31500000e+02	9.99723938e-01
1.32500000e+02	9.99718134e-01
1.33500000e+02	9.99712195e-01
1.34500000e+02	9.99706117e-01
1.35500000e+02	9.99699897e-01
1.36500000e+02	9.99693531e-01
1.37500000e+02	9.99687016e-01
1.38500000e+02	9.99680349e-01
1.39500000e+02	9.99673524e-01
1.40500000e+02	9.99666539e-01
1.41500000e+02	9.99659390e-01
1.42500000e+02	9.99652072e-01
1.43500000e+02	9.99644581e-01
1.44500000e+02	9.99636913e-01
1.45500000e+02	9.99629064e-01
1.46500000e+02	9.99621029e-01
1.47500000e+02	9.99612803e-01
1.48500000e+02	9.99604382e-01
1.49500000e+02	9.99595760e-01
1.50500000e+02	9.99586934e-01
1.51500000e+02	9.99577897e-01
1.52500000e+02	9.99568645e-01
1.53500000e+02	9.99559171e-01
1.54500000e+02	9.99549471e-01
1.55500000e+02	9.99539539e-01
1.56500000e+02	9.99529368e-01
1.57500000e+02	9.99518954e-01
1.58500000e+02	9.99508289e-01
1.59500000e+02	9.99497367e-01
1.60500000e+02	9.99486183e-01
1.61500000e+02	9.99474728e-01
1.62500000e+02	9.99462997e-01
1.63500000e+02	9.99450983e-01
1.64500000e+02	9.99438678e-01
1.65500000e+02	9.99426074e-01
1.66500000e+02	9.99413165e-01
1.67500000e+02	9.99399942e-01
1.68500000e+02	9.99386398e-01
1.69500000e+02	9.99372524e-01
1.70500000e+02	9.99358312e-01
1.71500000e+02	9.99343753e-01
1.72500000e+02	9.99328839e-01
1.73500000e+02	9.99313560e-01
1.74500000e+02	9.99297906e-01
1.75500000e+02	9.99281870e-01
1.76500000e+02	9.99265440e-01
1.77500000e+02	9.99248606e-01
1.78500000e+02	9.99231358e-01
1.79500000e+02	9.99213686e-01
1.80500000e+02	9.99195579e-01
1.81500000e+02	9.99177025e-01
1.82500000e+02	9.99158013e-01
1.83500000e+02	9.99138531e-01
1.84500000e+02	9.99118567e-01
1.85500000e+02	9.99098108e-01
1.86500000e+02	9.99077143e-01
1.87500000e+02	9.99055657e-01
1.88500000e+02	9.99033638e-01
1.89500000e+02	9.99011071e-01
1.90500000e+02	9.98987943e-01
1.91500000e+02	9.98964239e-01
1.92500000e+02	9.98939943e-01
1.93500000e+02	9.98915042e-01
1.94500000e+02	9.98889519e-01
1.95500000e+02	9.98863357e-01
1.96500000e+02	9.98836542e-01
1.97500000e+02	9.98809055e-01
1.98500000e+02	9.98780879e-01
1.99500000e+02	9.98751996e-01
2.00500000e+02	9.98722388e-01
2.01500000e+02	9.98692037e-01
2.02500000e+02	9.98660923e-01
2.03500000e+02	9.98629026e-01
2.04500000e+02	9.98596326e-01
2.05500000e+02	9.98562802e-01
2.06500000e+02	9.98528433e-01
2.07500000e+02	9.98493197e-01
2.08500000e+02	9.98457071e-01
2.09500000e+02	9.98420032e-01
2.10500000e+02	9.98382057e-01
2.11500000e+02	9.98343122e-01
2.12500000e+02	9.98303201e-01
2.13500000e+02	9.98262269e-01
2.14500000e+02	9.98220299e-01
2.15500000e+02	9.98177266e-01
2.16500000e+02	9.98133141e-01
2.17500000e+02	9.98087896e-01
2.18500000e+02	9.98041501e-01
2.19500000e+02	9.97993929e-01
2.20500000e+02	9.97945147e-01
2.21500000e+02	9.97895124e-01
2.22500000e+02	9.97843829e-01
2.23500000e+02	9.97791228e-01
2.24500000e+02	9.97737288e-01
2.25500000e+02	9.97681974e-01
2.26500000e+02	9.97625251e-01
2.27500000e+02	9.97567082e-01
2.28500000e+02	9.97507430e-01
2.29500000e+02	9.97446256e-01
2.30500000e+02	9.97383522e-01
2.31500000e+02	9.97319188e-01
2.32500000e+02	9.97253211e-01
2.33500000e+02	9.97185550e-01
2.34500000e+02	9.97116162e-01
2.35500000e+02	9.97045002e-01
2.36500000e+02	9.96972024e-01
2.37500000e+02	9.96897183e-01
2.38500000e+02	9.96820429e-01
2.39500000e+02	9.96741715e-01
2.40500000e+02	9.96660990e-01
2.41500000e+02	9.96578202e-01
2.42500000e+02	9.96493300e-01
2.43500000e+02	9.96406228e-01
2.44500000e+02	9.96316932e-01
2.45500000e+02	9.96225354e-01
2.46500000e+02	9.96131438e-01
2.47500000e+02	9.96035123e-01
2.48500000e+02	9.95936348e-01
2.49500000e+02	9.95835051e-01
2.50500000e+02	9.95731169e-01
2.51500000e+02	9.95624635e-01
2.52500000e+02	9.95515383e-01
2.53500000e+02	9.95403343e-01
2.54500000e+02	9.95288447e-01
2.55500000e+02	9.95170621e-01
2.56500000e+02	9.95049793e-01
2.57500000e+02	9.94925886e-01
2.58500000e+02	9.94798823e-01
2.59500000e+02	9.94668526e-01
2.60500000e+02	9.94534914e-01
2.61500000e+02	9.94397903e-01
2.62500000e+02	9.94257410e-01
2.63500000e+02	9.94113347e-01
2.64500000e+02	9.93965626e-01
2.65500000e+02	9.93814156e-01
2.66500000e+02	9.93658844e-01
2.67500000e+02	9.93499596e-01
2.68500000e+02	9.93336314e-01
2.69500000e+02	9.93168898e-01
2.70500000e+02	9.92997248e-01
2.71500000e+02	9.92821259e-01
2.72500000e+02	9.92640826e-01
2.73500000e+02	9.92455839e-01
2.74500000e+02	9.92266187e-01
2.75500000e+02	9.92071758e-01
2.76500000e+02	9.91872434e-01
2.77500000e+02	9.91668098e-01
2.78500000e+02	9.91458629e-01
2.79500000e+02	9.91243901e-01
2.80500000e+02	9.91023790e-01
2.81500000e+02	9.90798165e-01
2.82500000e+02	9.90566895e-01
2.83500000e+02	9.90329845e-01
2.84500000e+02	9.90086877e-01
2.85500000e+02	9.89837850e-01
2.86500000e+02	9.89582621e-01
2.87500000e+02	9.89321042e-01
2.88500000e+02	9.89052965e-01
2.89500000e+02	9.88778237e-01
2.90500000e+02	9.88496700e-01
2.91500000e+02	9.88208197e-01
2.92500000e+02	9.87912564e-01
2.93500000e+02	9.87609636e-01
2.94500000e+02	9.87299243e-01
2.95500000e+02	9.86981213e-01
2.96500000e+02	9.86655371e-01
2.97500000e+02	9.86321535e-01
2.98500000e+02	9.85979524e-01
2.99500000e+02	9.85629151e-01
3.00500000e+02	9.85270225e-01
3.01500000e+02	9.84902552e-01
3.02500000e+02	9.84525934e-01
3.03500000e+02	9.84140170e-01
3.04500000e+02	9.83745055e-01
3.05500000e+02	9.83340380e-01
3.06500000e+02	9.82925930e-01
3.07500000e+02	9.82501489e-01
3.08500000e+02	9.82066836e-01
3.09500000e+02	9.81621746e-01
3.10500000e+02	9.81165988e-01
3.11500000e+02	9.80699331e-01
3.12500000e+02	9.80221535e-01
3.13500000e+02	9.79732360e-01
3.14500000e+02	9.79231558e-01
3.15500000e+02	9.78718880e-01
3.16500000e+02	9.78194071e-01
3.17500000e+02	9.77656870e-01
3.18500000e+02	9.77107016e-01
3.19500000e+02	9.76544239e-01
3.20500000e+02	9.75968267e-01
3.21500000e+02	9.75378823e-01
3.22500000e+02	9.74775624e-01
3.23500000e+02	9.74158386e-01
3.24500000e+02	9.73526815e-01
3.25500000e+02	9.72880618e-01
3.26500000e+02	9.72219493e-01
3.27500000e+02	9.71543136e-01
3.28500000e+02	9.70851237e-01
3.29500000e+02	9.70143480e-01
3.30500000e+02	9.69419547e-01
3.31500000e+02	9.68679113e-01
3.32500000e+02	9.67921850e-01
3.33500000e+02	9.67147423e-01
3.34500000e+02	9.66355493e-01
3.35500000e+02	9.65545716e-01
3.36500000e+02	9.64717745e-01
3.37500000e+02	9.63871225e-01
3.38500000e+02	9.63005797e-01
3.39500000e+02	9.62121099e-01
3.40500000e+02	9.61216762e-01
3.41500000e+02	9.60292412e-01
3.42500000e+02	9.59347671e-01
3.43500000e+02	9.58382155e-01
3.44500000e+02	9.57395477e-01
3.45500000e+02	9.56387243e-01
3.46500000e+02	9.55357054e-01
3.47500000e+02	9.54304508e-01
3.48500000e+02	9.53229196e-01
3.49500000e+02	9.52130705e-01
3.50500000e+02	9.51008617e-01
3.51500000e+02	9.49862509e-01
3.52500000e+02	9.48691953e-01
3.53500000e+02	9.47496516e-01
3.54500000e+02	9.46275762e-01
3.55500000e+02	9.45029246e-01
3.56500000e+02	9.43756523e-01
3.57500000e+02	9.42457139e-01
3.58500000e+02	9.41130638e-01
3.59500000e+02	9.39776559e-01
3.60500000e+02	9.38394436e-01
3.61500000e+02	9.36983796e-01
3.62500000e+02	9.35544166e-01
3.63500000e+02	9.34075065e-01
3.64500000e+02	9.32576008e-01
3.65500000e+02	9.31046506e-01
3.66500000e+02	9.29486066e-01
3.67500000e+02	9.27894190e-01
3.68500000e+02	9.26270376e-01
3.69500000e+02	9.24614118e-01
3.70500000e+02	9.22924905e-01
3.71500000e+02	9.21202221e-01
3.72500000e+02	9.19445550e-01
3.73500000e+02	9.17654367e-01
3.74500000e+02	9.15828146e-01
3.75500000e+02	9.13966357e-01
3.76500000e+02	9.12068465e-01
3.77500000e+02	9.10133932e-01
3.78500000e+02	9.08162217e-01
3.79500000e+02	9.06152774e-01
3.80500000e+02	9.04105057e-01
3.81500000e+02	9.02018511e-01
3.82500000e+02	8.99892583e-01
3.83500000e+02	8.97726714e-01
3.84500000e+02	8.95520344e-01
3.85500000e+02	8.93272908e-01
3.86500000e+02	8.90983840e-01
3.87500000e+02	8.88652570e-01
3.88500000e+02	8.86278526e-01
3.89500000e+02	8.83861133e-01
3.90500000e+02	8.81399816e-01
3.91500000e+02	8.78893996e-01
3.92500000e+02	8.76343090e-01
3.93500000e+02	8.73746519e-01
3.94500000e+02	8.71103696e-01
3.95500000e+02	8.68414036e-01
3.96500000e+02	8.65676952e-01
3.97500000e+02	8.62891856e-01
3.98500000e+02	8.60058158e-01
3.99500000e+02	8.57175269e-01
4.00500000e+02	8.54242598e-01
4.01500000e+02	8.51259553e-01
4.02500000e+02	8.48225545e-01
4.03500000e+02	8.45139981e-01
4.04500000e+02	8.42002271e-01
4.05500000e+02	8.38811825e-01
4.06500000e+02	8.35568054e-01
4.07500000e+02	8.32270369e-01
4.08500000e+02	8.28918183e-01
4.09500000e+02	8.25510911e-01
4.10500000e+02	8.22047971e-01
4.11500000e+02	8.18528782e-01
4.12500000e+02	8.14952765e-01
4.13500000e+02	8.11319347e-01
4.14500000e+02	8.07627955e-01
4.15500000e+02	8.03878022e-01
4.16500000e+02	8.00068986e-01
4.17500000e+02	7.96200288e-01
4.18500000e+02	7.92271377e-01
4.19500000e+02	7.88281704e-01
4.20500000e+02	7.84230730e-01
4.21500000e+02	7.80117921e-01
4.22500000e+02	7.75942753e-01
4.23500000e+02	7.71704709e-01
4.24500000e+02	7.67403280e-01
4.25500000e+02	7.63037968e-01
4.26500000e+02	7.58608286e-01
4.27500000e+02	7.54113760e-01
4.28500000e+02	7.49553925e-01
4.29500000e+02	7.44928333e-01
4.30500000e+02	7.40236548e-01
4.31500000e+02	7.35478152e-01
4.32500000e+02	7.30652743e-01
4.33500000e+02	7.25759937e-01
4.34500000e+02	7.20799370e-01
4.35500000e+02	7.15770699e-01
4.36500000e+02	7.10673604e-01
4.37500000e+02	7.05507791e-01
4.38500000e+02	7.00272990e-01
4.39500000e+02	6.94968960e-01
4.40500000e+02	6.89595491e-01
4.41500000e+02	6.84152406e-01
4.42500000e+02	6.78639562e-01
4.43500000e+02	6.73056854e-01
4.44500000e+02	6.67404219e-01
4.45500000e+02	6.61681636e-01
4.46500000e+02	6.55889131e-01
4.47500000e+02	6.50026780e-01
4.48500000e+02	6.44094713e-01
4.49500000e+02	6.38093118e-01
4.50500000e+02	6.32022245e-01
4.51500000e+02	6.25882409e-01
4.52500000e+02	6.19674000e-01
4.53500000e+02	6.13397481e-01
4.54500000e+02	6.07053397e-01
4.55500000e+02	6.00642383e-01
4.56500000e+02	5.94165168e-01
4.57500000e+02	5.87622580e-01
4.58500000e+02	5.81015558e-01
4.59500000e+02	5.74345154e-01
4.60500000e+02	5.67612544e-01
4.61500000e+02	5.60819040e-01
4.62500000e+02	5.53966091e-01
4.63500000e+02	5.47055299e-01
4.64500000e+02	5.40088428e-01
4.65500000e+02	5.33067411e-01
4.66500000e+02	5.25994368e-01
4.67500000e+02	5.18871610e-01
4.68500000e+02	5.11701655e-01
4.69500000e+02	5.04487240e-01
4.70500000e+02	4.97231335e-01
4.71500000e+02	4.89937152e-01
4.72500000e+02	4.82608161e-01
4.73500000e+02	4.75248104e-01
4.74500000e+02	4.67861004e-01
4.75500000e+02	4.60451181e-01
4.76500000e+02	4.53023262e-01
4.77500000e+02	4.45582192e-01
4.78500000e+02	4.38133243e-01
4.79500000e+02	4.30682023e-01
4.80500000e+02	4.23234481e-01
4.81500000e+02	4.15796910e-01
4.82500000e+02	4.08375946e-01
4.83500000e+02	4.00978563e-01
4.84500000e+02	3.93612069e-01
4.85500000e+02	3.86284087e-01
4.86500000e+02	3.79002536e-01
4.87500000e+02	3.71775609e-01
4.88500000e+02	3.64611735e-01
4.89500000e+02	3.57519541e-01
4.90500000e+02	3.50507802e-01
4.91500000e+02	3.43585384e-01
4.92500000e+02	3.36761179e-01
4.93500000e+02	3.30044030e-01
4.94500000e+02	3.23442656e-01
4.95500000e+02	3.16965557e-01
4.96500000e+02	3.10620932e-01
4.97500000e+02	3.04416577e-01
4.98500000e+02	2.98359796e-01
4.99500000e+02	2.92457306e-01
5.00500000e+02	2.86715148e-01
5.01500000e+02	2.81138612e-01
5.02500000e+02	2.75732160e-01
5.03500000e+02	2.70499378e-01
5.04500000e+02	2.65442927e-01
5.05500000e+02	2.60564527e-01
5.06500000e+02	2.55864951e-01
5.07500000e+02	2.51344033e-01
5.08500000e+02	2.47000710e-01
5.09500000e+02	2.42833063e-01
5.10500000e+02	2.38838385e-01
5.11500000e+02	2.35013257e-01
5.12500000e+02	2.31353633e-01
5.13500000e+02	2.27854935e-01
5.14500000e+02	2.24512144e-01
5.15500000e+02	2.21319895e-01
5.16500000e+02	2.18272571e-01
5.17500000e+02	2.15364390e-01
5.18500000e+02	2.12589480e-01
5.19500000e+02	2.09941952e-01
5.20500000e+02	2.07415964e-01
5.21500000e+02	2.05005770e-01
5.22500000e+02	2.02705762e-01
5.23500000e+02	2.00510508e-01
5.24500000e+02	1.98414773e-01
5.25500000e+02	1.96413539e-01
5.26500000e+02	1.94502016e-01
5.27500000e+02	1.92675648e-01
5.28500000e+02	1.90930112e-01
5.29500000e+02	1.89261321e-01
5.30500000e+02	1.87665411e-01
5.31500000e+02	1.86138740e-01
5.32500000e+02	1.84677874e-01
5.33500000e+02	1.83279582e-01
5.34500000e+02	1.81940818e-01
5.35500000e+02	1.80658718e-01
5.36500000e+02	1.79430582e-01
5.37500000e+02	1.78253868e-01
5.38500000e+02	1.77126179e-01
5.39500000e+02	1.76045254e-01
5.40500000e+02	1.75008961e-01
5.41500000e+02	1.74015281e-01
5.42500000e+02	1.73062311e-01
5.43500000e+02	1.72148244e-01
5.44500000e+02	1.71271372e-01
5.45500000e+02	1.70430074e-01
5.46500000e+02	1.69622813e-01
5.47500000e+02	1.68848129e-01
5.48500000e+02	1.68104632e-01
5.49500000e+02	1.67391004e-01
5.50500000e+02	1.66705985e-01
5.51500000e+02	1.66048380e-01
5.52500000e+02	1.65417045e-01
5.53500000e+02	1.64810893e-01
5.54500000e+02	1.64228884e-01
5.55500000e+02	1.63670026e-01
5.56500000e+02	1.63133371e-01
5.57500000e+02	1.62618012e-01
5.58500000e+02	1.62123084e-01
5.59500000e+02	1.61647756e-01
5.60500000e+02	1.61191238e-01
5.61500000e+02	1.60752768e-01
5.62500000e+02	1.60331621e-01
5.63500000e+02	1.59927101e-01
5.64500000e+02	1.59538539e-01
5.65500000e+02	1.59165298e-01
5.66500000e+02	1.58806765e-01
5.67500000e+02	1.58462353e-01
5.68500000e+02	1.58131499e-01
5.69500000e+02	1.57813663e-01
5.70500000e+02	1.57508328e-01
5.71500000e+02	1.57214996e-01
5.72500000e+02	1.56933192e-01
5.73500000e+02	1.56662459e-01
5.74500000e+02	1.56402357e-01
5.75500000e+02	1.56152466e-01
5.76500000e+02	1.55912383e-01
5.77500000e+02	1.55681719e-01
5.78500000e+02	1.55460103e-01
5.79500000e+02	1.55247177e-01
5.80500000e+02	1.55042599e-01
5.81500000e+02	1.54846038e-01
5.82500000e+02	1.54657180e-01
5.83500000e+02	1.54475720e-01
5.84500000e+02	1.54301368e-01
5.85500000e+02	1.54133843e-01
5.86500000e+02	1.53972876e-01
5.87500000e+02	1.53818211e-01
5.88500000e+02	1.53669599e-01
5.89500000e+02	1.53526801e-01
5.90500000e+02	1.53389590e-01
5.91500000e+02	1.53257746e-01
5.92500000e+02	1.53131058e-01
5.93500000e+02	1.53009324e-01
5.94500000e+02	1.52892349e-01
5.95500000e+02	1.52779946e-01
5.96500000e+02	1.52671936e-01
5.97500000e+02	1.52568147e-01
5.98500000e+02	1.52468413e-01
5.99500000e+02	1.52372575e-01
6.00500000e+02	1.52280480e-01
6.01500000e+02	1.52191982e-01
6.02500000e+02	1.52106939e-01
6.03500000e+02	1.52025217e-01
6.04500000e+02	1.51946684e-01
6.05500000e+02	1.51871217e-01
6.06500000e+02	1.51798695e-01
6.07500000e+02	1.51729002e-01
6.08500000e+02	1.51662029e-01
6.09500000e+02	1.51597668e-01
6.10500000e+02	1.51535817e-01
6.11500000e+02	1.51476378e-01
6.12500000e+02	1.51419257e-01
6.13500000e+02	1.51364363e-01
6.14500000e+02	1.51311609e-01
6.15500000e+02	1.51260911e-01
6.16500000e+02	1.51212188e-01
6.17500000e+02	1.51165365e-01
6.18500000e+02	1.51120366e-01
6.19500000e+02	1.51077119e-01
6.20500000e+02	1.51035558e-01
6.21500000e+02	1.50995615e-01
6.22500000e+02	1.50957227e-01
6.23500000e+02	1.50920335e-01
6.24500000e+02	1.50884879e-01
6.25500000e+02	1.50850803e-01
6.26500000e+02	1.50818053e-01
6.27500000e+02	1.50786579e-01
6.28500000e+02	1.50756329e-01
6.29500000e+02	1.50727256e-01
6.30500000e+02	1.50699315e-01
6.31500000e+02	1.50672461e-01
6.32500000e+02	1.50646651e-01
6.33500000e+02	1.50621846e-01
6.34500000e+02	1.50598005e-01
6.35500000e+02	1.50575092e-01
6.36500000e+02	1.50553070e-01
6.37500000e+02	1.50531905e-01
6.38500000e+02	1.50511562e-01
6.39500000e+02	1.50492011e-01
6.40500000e+02	1.50473220e-01
6.41500000e+02	1.50455160e-01
6.42500000e+02	1.50437802e-01
6.43500000e+02	1.50421119e-01
6.44500000e+02	1.50405085e-01
6.45500000e+02	1.50389675e-01
6.46500000e+02	1.50374863e-01
6.47500000e+02	1.50360628e-01
6.48500000e+02	1.50346947e-01
6.49500000e+02	1.50333798e-01
6.50500000e+02	1.50321160e-01
6.51500000e+02	1.50309015e-01
6.52500000e+02	1.50297342e-01
6.53500000e+02	1.50286123e-01
6.54500000e+02	1.50275341e-01
6.55500000e+02	1.50264979e-01
6.56500000e+02	1.50255021e-01
6.57500000e+02	1.50245451e-01
6.58500000e+02	1.50236254e-01
6.59500000e+02	1.50227415e-01
6.60500000e+02	1.50218921e-01
6.61500000e+02	1.50210759e-01
6.62500000e+02	1.50202916e-01
6.63500000e+02	1.50195379e-01
6.64500000e+02	1.50188137e-01
6.65500000e+02	1.50181178e-01
6.66500000e+02	1.50174491e-01
6.67500000e+02	1.50168067e-01
6.68500000e+02	1.50161895e-01
6.69500000e+02	1.50155965e-01
6.70500000e+02	1.50150267e-01
6.71500000e+02	1.50144795e-01
6.72500000e+02	1.50139537e-01
6.73500000e+02	1.50134488e-01
6.74500000e+02	1.50129637e-01
6.75500000e+02	1.50124979e-01
6.76500000e+02	1.50120506e-01
6.77500000e+02	1.50116210e-01
6.78500000e+02	1.50112086e-01
6.79500000e+02	1.50108127e-01
6.80500000e+02	1.50104327e-01
6.81500000e+02	1.50100681e-01
6.82500000e+02	1.50097184e-01
6.83500000e+02	1.50093831e-01
6.84500000e+02	1.50090620e-01
6.85500000e+02	1.50087546e-01
6.86500000e+02	1.50084610e-01
6.87500000e+02	1.50081810e-01
6.88500000e+02	1.50079150e-01
6.89500000e+02	1.50076632e-01
6.90500000e+02	1.50074265e-01
6.91500000e+02	1.50072058e-01
6.92500000e+02	1.50070023e-01
6.93500000e+02	1.50068178e-01
6.94500000e+02	1.50066541e-01
6.95500000e+02	1.50065131e-01
6.96500000e+02	1.50063969e-01
6.97500000e+02	1.50063073e-01
6.98500000e+02	1.50062469e-01
6.99500000e+02	1.50062167e-01
