# Profil de Te au temps 1.200000000000016e-11 
# simu : /Volumes/MERCURE/JOBS/Zeq2_tanh_50mic_3p5e21_B0_20ps/GNU/Te@y-c.set
# col 0 : abscisse (um)
# col 1 : Te (keV)
5.00000000e-01	9.99981313e-01
1.50000000e+00	9.99981299e-01
2.50000000e+00	9.99981292e-01
3.50000000e+00	9.99981265e-01
4.50000000e+00	9.99981229e-01
5.50000000e+00	9.99981186e-01
6.50000000e+00	9.99981136e-01
7.50000000e+00	9.99981078e-01
8.50000000e+00	9.99981013e-01
9.50000000e+00	9.99980941e-01
1.05000000e+01	9.99980861e-01
1.15000000e+01	9.99980773e-01
1.25000000e+01	9.99980677e-01
1.35000000e+01	9.99980574e-01
1.45000000e+01	9.99980462e-01
1.55000000e+01	9.99980342e-01
1.65000000e+01	9.99980214e-01
1.75000000e+01	9.99980078e-01
1.85000000e+01	9.99979934e-01
1.95000000e+01	9.99979782e-01
2.05000000e+01	9.99979621e-01
2.15000000e+01	9.99979451e-01
2.25000000e+01	9.99979273e-01
2.35000000e+01	9.99979086e-01
2.45000000e+01	9.99978891e-01
2.55000000e+01	9.99978686e-01
2.65000000e+01	9.99978473e-01
2.75000000e+01	9.99978251e-01
2.85000000e+01	9.99978019e-01
2.95000000e+01	9.99977779e-01
3.05000000e+01	9.99977528e-01
3.15000000e+01	9.99977269e-01
3.25000000e+01	9.99976999e-01
3.35000000e+01	9.99976720e-01
3.45000000e+01	9.99976431e-01
3.55000000e+01	9.99976132e-01
3.65000000e+01	9.99975823e-01
3.75000000e+01	9.99975503e-01
3.85000000e+01	9.99975173e-01
3.95000000e+01	9.99974832e-01
4.05000000e+01	9.99974481e-01
4.15000000e+01	9.99974118e-01
4.25000000e+01	9.99973745e-01
4.35000000e+01	9.99973360e-01
4.45000000e+01	9.99972963e-01
4.55000000e+01	9.99972555e-01
4.65000000e+01	9.99972134e-01
4.75000000e+01	9.99971702e-01
4.85000000e+01	9.99971257e-01
4.95000000e+01	9.99970800e-01
5.05000000e+01	9.99970330e-01
5.15000000e+01	9.99969847e-01
5.25000000e+01	9.99969350e-01
5.35000000e+01	9.99968840e-01
5.45000000e+01	9.99968317e-01
5.55000000e+01	9.99967779e-01
5.65000000e+01	9.99967227e-01
5.75000000e+01	9.99966660e-01
5.85000000e+01	9.99966079e-01
5.95000000e+01	9.99965483e-01
6.05000000e+01	9.99964871e-01
6.15000000e+01	9.99964243e-01
6.25000000e+01	9.99963599e-01
6.35000000e+01	9.99962939e-01
6.45000000e+01	9.99962262e-01
6.55000000e+01	9.99961568e-01
6.65000000e+01	9.99960857e-01
6.75000000e+01	9.99960127e-01
6.85000000e+01	9.99959380e-01
6.95000000e+01	9.99958614e-01
7.05000000e+01	9.99957830e-01
7.15000000e+01	9.99957025e-01
7.25000000e+01	9.99956202e-01
7.35000000e+01	9.99955358e-01
7.45000000e+01	9.99954493e-01
7.55000000e+01	9.99953607e-01
7.65000000e+01	9.99952700e-01
7.75000000e+01	9.99951771e-01
7.85000000e+01	9.99950819e-01
7.95000000e+01	9.99949845e-01
8.05000000e+01	9.99948846e-01
8.15000000e+01	9.99947824e-01
8.25000000e+01	9.99946778e-01
8.35000000e+01	9.99945706e-01
8.45000000e+01	9.99944608e-01
8.55000000e+01	9.99943484e-01
8.65000000e+01	9.99942334e-01
8.75000000e+01	9.99941155e-01
8.85000000e+01	9.99939949e-01
8.95000000e+01	9.99938714e-01
9.05000000e+01	9.99937450e-01
9.15000000e+01	9.99936155e-01
9.25000000e+01	9.99934829e-01
9.35000000e+01	9.99933472e-01
9.45000000e+01	9.99932083e-01
9.55000000e+01	9.99930661e-01
9.65000000e+01	9.99929204e-01
9.75000000e+01	9.99927713e-01
9.85000000e+01	9.99926187e-01
9.95000000e+01	9.99924624e-01
1.00500000e+02	9.99923024e-01
1.01500000e+02	9.99921386e-01
1.02500000e+02	9.99919709e-01
1.03500000e+02	9.99917992e-01
1.04500000e+02	9.99916234e-01
1.05500000e+02	9.99914434e-01
1.06500000e+02	9.99912591e-01
1.07500000e+02	9.99910704e-01
1.08500000e+02	9.99908772e-01
1.09500000e+02	9.99906794e-01
1.10500000e+02	9.99904768e-01
1.11500000e+02	9.99902694e-01
1.12500000e+02	9.99900570e-01
1.13500000e+02	9.99898396e-01
1.14500000e+02	9.99896169e-01
1.15500000e+02	9.99893888e-01
1.16500000e+02	9.99891553e-01
1.17500000e+02	9.99889162e-01
1.18500000e+02	9.99886712e-01
1.19500000e+02	9.99884204e-01
1.20500000e+02	9.99881635e-01
1.21500000e+02	9.99879004e-01
1.22500000e+02	9.99876310e-01
1.23500000e+02	9.99873550e-01
1.24500000e+02	9.99870723e-01
1.25500000e+02	9.99867827e-01
1.26500000e+02	9.99864861e-01
1.27500000e+02	9.99861823e-01
1.28500000e+02	9.99858711e-01
1.29500000e+02	9.99855523e-01
1.30500000e+02	9.99852256e-01
1.31500000e+02	9.99848910e-01
1.32500000e+02	9.99845482e-01
1.33500000e+02	9.99841970e-01
1.34500000e+02	9.99838371e-01
1.35500000e+02	9.99834684e-01
1.36500000e+02	9.99830906e-01
1.37500000e+02	9.99827035e-01
1.38500000e+02	9.99823068e-01
1.39500000e+02	9.99819003e-01
1.40500000e+02	9.99814837e-01
1.41500000e+02	9.99810568e-01
1.42500000e+02	9.99806193e-01
1.43500000e+02	9.99801709e-01
1.44500000e+02	9.99797113e-01
1.45500000e+02	9.99792403e-01
1.46500000e+02	9.99787575e-01
1.47500000e+02	9.99782626e-01
1.48500000e+02	9.99777553e-01
1.49500000e+02	9.99772352e-01
1.50500000e+02	9.99767021e-01
1.51500000e+02	9.99761556e-01
1.52500000e+02	9.99755953e-01
1.53500000e+02	9.99750208e-01
1.54500000e+02	9.99744318e-01
1.55500000e+02	9.99738279e-01
1.56500000e+02	9.99732087e-01
1.57500000e+02	9.99725737e-01
1.58500000e+02	9.99719226e-01
1.59500000e+02	9.99712550e-01
1.60500000e+02	9.99705703e-01
1.61500000e+02	9.99698680e-01
1.62500000e+02	9.99691479e-01
1.63500000e+02	9.99684093e-01
1.64500000e+02	9.99676517e-01
1.65500000e+02	9.99668746e-01
1.66500000e+02	9.99660776e-01
1.67500000e+02	9.99652600e-01
1.68500000e+02	9.99644214e-01
1.69500000e+02	9.99635610e-01
1.70500000e+02	9.99626784e-01
1.71500000e+02	9.99617729e-01
1.72500000e+02	9.99608439e-01
1.73500000e+02	9.99598908e-01
1.74500000e+02	9.99589128e-01
1.75500000e+02	9.99579094e-01
1.76500000e+02	9.99568798e-01
1.77500000e+02	9.99558233e-01
1.78500000e+02	9.99547391e-01
1.79500000e+02	9.99536265e-01
1.80500000e+02	9.99524847e-01
1.81500000e+02	9.99513130e-01
1.82500000e+02	9.99501104e-01
1.83500000e+02	9.99488761e-01
1.84500000e+02	9.99476092e-01
1.85500000e+02	9.99463089e-01
1.86500000e+02	9.99449742e-01
1.87500000e+02	9.99436042e-01
1.88500000e+02	9.99421978e-01
1.89500000e+02	9.99407541e-01
1.90500000e+02	9.99392720e-01
1.91500000e+02	9.99377505e-01
1.92500000e+02	9.99361884e-01
1.93500000e+02	9.99345847e-01
1.94500000e+02	9.99329381e-01
1.95500000e+02	9.99312475e-01
1.96500000e+02	9.99295116e-01
1.97500000e+02	9.99277293e-01
1.98500000e+02	9.99258990e-01
1.99500000e+02	9.99240196e-01
2.00500000e+02	9.99220897e-01
2.01500000e+02	9.99201078e-01
2.02500000e+02	9.99180725e-01
2.03500000e+02	9.99159822e-01
2.04500000e+02	9.99138355e-01
2.05500000e+02	9.99116308e-01
2.06500000e+02	9.99093664e-01
2.07500000e+02	9.99070406e-01
2.08500000e+02	9.99046517e-01
2.09500000e+02	9.99021980e-01
2.10500000e+02	9.98996776e-01
2.11500000e+02	9.98970887e-01
2.12500000e+02	9.98944292e-01
2.13500000e+02	9.98916973e-01
2.14500000e+02	9.98888909e-01
2.15500000e+02	9.98860079e-01
2.16500000e+02	9.98830461e-01
2.17500000e+02	9.98800032e-01
2.18500000e+02	9.98768771e-01
2.19500000e+02	9.98736654e-01
2.20500000e+02	9.98703656e-01
2.21500000e+02	9.98669753e-01
2.22500000e+02	9.98634919e-01
2.23500000e+02	9.98599128e-01
2.24500000e+02	9.98562353e-01
2.25500000e+02	9.98524565e-01
2.26500000e+02	9.98485738e-01
2.27500000e+02	9.98445840e-01
2.28500000e+02	9.98404842e-01
2.29500000e+02	9.98362713e-01
2.30500000e+02	9.98319421e-01
2.31500000e+02	9.98274933e-01
2.32500000e+02	9.98229215e-01
2.33500000e+02	9.98182233e-01
2.34500000e+02	9.98133951e-01
2.35500000e+02	9.98084333e-01
2.36500000e+02	9.98033340e-01
2.37500000e+02	9.97980933e-01
2.38500000e+02	9.97927074e-01
2.39500000e+02	9.97871722e-01
2.40500000e+02	9.97814833e-01
2.41500000e+02	9.97756365e-01
2.42500000e+02	9.97696273e-01
2.43500000e+02	9.97634513e-01
2.44500000e+02	9.97571036e-01
2.45500000e+02	9.97505795e-01
2.46500000e+02	9.97438739e-01
2.47500000e+02	9.97369820e-01
2.48500000e+02	9.97298982e-01
2.49500000e+02	9.97226174e-01
2.50500000e+02	9.97151340e-01
2.51500000e+02	9.97074424e-01
2.52500000e+02	9.96995366e-01
2.53500000e+02	9.96914107e-01
2.54500000e+02	9.96830586e-01
2.55500000e+02	9.96744739e-01
2.56500000e+02	9.96656502e-01
2.57500000e+02	9.96565808e-01
2.58500000e+02	9.96472588e-01
2.59500000e+02	9.96376773e-01
2.60500000e+02	9.96278290e-01
2.61500000e+02	9.96177065e-01
2.62500000e+02	9.96073023e-01
2.63500000e+02	9.95966085e-01
2.64500000e+02	9.95856171e-01
2.65500000e+02	9.95743199e-01
2.66500000e+02	9.95627084e-01
2.67500000e+02	9.95507740e-01
2.68500000e+02	9.95385078e-01
2.69500000e+02	9.95259007e-01
2.70500000e+02	9.95129432e-01
2.71500000e+02	9.94996259e-01
2.72500000e+02	9.94859389e-01
2.73500000e+02	9.94718719e-01
2.74500000e+02	9.94574148e-01
2.75500000e+02	9.94425568e-01
2.76500000e+02	9.94272871e-01
2.77500000e+02	9.94115943e-01
2.78500000e+02	9.93954672e-01
2.79500000e+02	9.93788939e-01
2.80500000e+02	9.93618623e-01
2.81500000e+02	9.93443601e-01
2.82500000e+02	9.93263746e-01
2.83500000e+02	9.93078929e-01
2.84500000e+02	9.92889015e-01
2.85500000e+02	9.92693870e-01
2.86500000e+02	9.92493352e-01
2.87500000e+02	9.92287319e-01
2.88500000e+02	9.92075623e-01
2.89500000e+02	9.91858116e-01
2.90500000e+02	9.91634642e-01
2.91500000e+02	9.91405044e-01
2.92500000e+02	9.91169160e-01
2.93500000e+02	9.90926825e-01
2.94500000e+02	9.90677870e-01
2.95500000e+02	9.90422122e-01
2.96500000e+02	9.90159402e-01
2.97500000e+02	9.89889530e-01
2.98500000e+02	9.89612319e-01
2.99500000e+02	9.89327581e-01
3.00500000e+02	9.89035119e-01
3.01500000e+02	9.88734735e-01
3.02500000e+02	9.88426225e-01
3.03500000e+02	9.88109382e-01
3.04500000e+02	9.87783992e-01
3.05500000e+02	9.87449838e-01
3.06500000e+02	9.87106697e-01
3.07500000e+02	9.86754341e-01
3.08500000e+02	9.86392539e-01
3.09500000e+02	9.86021053e-01
3.10500000e+02	9.85639639e-01
3.11500000e+02	9.85248051e-01
3.12500000e+02	9.84846034e-01
3.13500000e+02	9.84433330e-01
3.14500000e+02	9.84009674e-01
3.15500000e+02	9.83574797e-01
3.16500000e+02	9.83128424e-01
3.17500000e+02	9.82670273e-01
3.18500000e+02	9.82200058e-01
3.19500000e+02	9.81717485e-01
3.20500000e+02	9.81222256e-01
3.21500000e+02	9.80714067e-01
3.22500000e+02	9.80192606e-01
3.23500000e+02	9.79657557e-01
3.24500000e+02	9.79108596e-01
3.25500000e+02	9.78545394e-01
3.26500000e+02	9.77967616e-01
3.27500000e+02	9.77374920e-01
3.28500000e+02	9.76766956e-01
3.29500000e+02	9.76143370e-01
3.30500000e+02	9.75503800e-01
3.31500000e+02	9.74847878e-01
3.32500000e+02	9.74175228e-01
3.33500000e+02	9.73485470e-01
3.34500000e+02	9.72778213e-01
3.35500000e+02	9.72053064e-01
3.36500000e+02	9.71309620e-01
3.37500000e+02	9.70547472e-01
3.38500000e+02	9.69766203e-01
3.39500000e+02	9.68965391e-01
3.40500000e+02	9.68144605e-01
3.41500000e+02	9.67303408e-01
3.42500000e+02	9.66441356e-01
3.43500000e+02	9.65557997e-01
3.44500000e+02	9.64652873e-01
3.45500000e+02	9.63725518e-01
3.46500000e+02	9.62775460e-01
3.47500000e+02	9.61802218e-01
3.48500000e+02	9.60805306e-01
3.49500000e+02	9.59784228e-01
3.50500000e+02	9.58738485e-01
3.51500000e+02	9.57667566e-01
3.52500000e+02	9.56570956e-01
3.53500000e+02	9.55448132e-01
3.54500000e+02	9.54298565e-01
3.55500000e+02	9.53121718e-01
3.56500000e+02	9.51917045e-01
3.57500000e+02	9.50683997e-01
3.58500000e+02	9.49422016e-01
3.59500000e+02	9.48130535e-01
3.60500000e+02	9.46808985e-01
3.61500000e+02	9.45456785e-01
3.62500000e+02	9.44073352e-01
3.63500000e+02	9.42658092e-01
3.64500000e+02	9.41210409e-01
3.65500000e+02	9.39729695e-01
3.66500000e+02	9.38215341e-01
3.67500000e+02	9.36666729e-01
3.68500000e+02	9.35083235e-01
3.69500000e+02	9.33464228e-01
3.70500000e+02	9.31809074e-01
3.71500000e+02	9.30117130e-01
3.72500000e+02	9.28387748e-01
3.73500000e+02	9.26620277e-01
3.74500000e+02	9.24814057e-01
3.75500000e+02	9.22968425e-01
3.76500000e+02	9.21082712e-01
3.77500000e+02	9.19156245e-01
3.78500000e+02	9.17188344e-01
3.79500000e+02	9.15178326e-01
3.80500000e+02	9.13125505e-01
3.81500000e+02	9.11029188e-01
3.82500000e+02	9.08888680e-01
3.83500000e+02	9.06703282e-01
3.84500000e+02	9.04472290e-01
3.85500000e+02	9.02194999e-01
3.86500000e+02	8.99870699e-01
3.87500000e+02	8.97498678e-01
3.88500000e+02	8.95078223e-01
3.89500000e+02	8.92608616e-01
3.90500000e+02	8.90089138e-01
3.91500000e+02	8.87519071e-01
3.92500000e+02	8.84897691e-01
3.93500000e+02	8.82224278e-01
3.94500000e+02	8.79498108e-01
3.95500000e+02	8.76718457e-01
3.96500000e+02	8.73884603e-01
3.97500000e+02	8.70995823e-01
3.98500000e+02	8.68051395e-01
3.99500000e+02	8.65050600e-01
4.00500000e+02	8.61992718e-01
4.01500000e+02	8.58877033e-01
4.02500000e+02	8.55702832e-01
4.03500000e+02	8.52469404e-01
4.04500000e+02	8.49176042e-01
4.05500000e+02	8.45822045e-01
4.06500000e+02	8.42406714e-01
4.07500000e+02	8.38929357e-01
4.08500000e+02	8.35389288e-01
4.09500000e+02	8.31785827e-01
4.10500000e+02	8.28118302e-01
4.11500000e+02	8.24386050e-01
4.12500000e+02	8.20588413e-01
4.13500000e+02	8.16724748e-01
4.14500000e+02	8.12794417e-01
4.15500000e+02	8.08796796e-01
4.16500000e+02	8.04731273e-01
4.17500000e+02	8.00597248e-01
4.18500000e+02	7.96394137e-01
4.19500000e+02	7.92121367e-01
4.20500000e+02	7.87778386e-01
4.21500000e+02	7.83364654e-01
4.22500000e+02	7.78879655e-01
4.23500000e+02	7.74322887e-01
4.24500000e+02	7.69693874e-01
4.25500000e+02	7.64992158e-01
4.26500000e+02	7.60217308e-01
4.27500000e+02	7.55368918e-01
4.28500000e+02	7.50446606e-01
4.29500000e+02	7.45450024e-01
4.30500000e+02	7.40378850e-01
4.31500000e+02	7.35232797e-01
4.32500000e+02	7.30011611e-01
4.33500000e+02	7.24715078e-01
4.34500000e+02	7.19343019e-01
4.35500000e+02	7.13895301e-01
4.36500000e+02	7.08371831e-01
4.37500000e+02	7.02772565e-01
4.38500000e+02	6.97097509e-01
4.39500000e+02	6.91346722e-01
4.40500000e+02	6.85520319e-01
4.41500000e+02	6.79618474e-01
4.42500000e+02	6.73641425e-01
4.43500000e+02	6.67589477e-01
4.44500000e+02	6.61463007e-01
4.45500000e+02	6.55262466e-01
4.46500000e+02	6.48988387e-01
4.47500000e+02	6.42641388e-01
4.48500000e+02	6.36222175e-01
4.49500000e+02	6.29731553e-01
4.50500000e+02	6.23170425e-01
4.51500000e+02	6.16539804e-01
4.52500000e+02	6.09840814e-01
4.53500000e+02	6.03074702e-01
4.54500000e+02	5.96242840e-01
4.55500000e+02	5.89346734e-01
4.56500000e+02	5.82388034e-01
4.57500000e+02	5.75368539e-01
4.58500000e+02	5.68290203e-01
4.59500000e+02	5.61155150e-01
4.60500000e+02	5.53965678e-01
4.61500000e+02	5.46724266e-01
4.62500000e+02	5.39433589e-01
4.63500000e+02	5.32096522e-01
4.64500000e+02	5.24716152e-01
4.65500000e+02	5.17295784e-01
4.66500000e+02	5.09838953e-01
4.67500000e+02	5.02349433e-01
4.68500000e+02	4.94831242e-01
4.69500000e+02	4.87288652e-01
4.70500000e+02	4.79726195e-01
4.71500000e+02	4.72148671e-01
4.72500000e+02	4.64561147e-01
4.73500000e+02	4.56968969e-01
4.74500000e+02	4.49377754e-01
4.75500000e+02	4.41793397e-01
4.76500000e+02	4.34222062e-01
4.77500000e+02	4.26670179e-01
4.78500000e+02	4.19144434e-01
4.79500000e+02	4.11651757e-01
4.80500000e+02	4.04199301e-01
4.81500000e+02	3.96794426e-01
4.82500000e+02	3.89444668e-01
4.83500000e+02	3.82157714e-01
4.84500000e+02	3.74941357e-01
4.85500000e+02	3.67803464e-01
4.86500000e+02	3.60751922e-01
4.87500000e+02	3.53794590e-01
4.88500000e+02	3.46939240e-01
4.89500000e+02	3.40193501e-01
4.90500000e+02	3.33564790e-01
4.91500000e+02	3.27060249e-01
4.92500000e+02	3.20686675e-01
4.93500000e+02	3.14450459e-01
4.94500000e+02	3.08357512e-01
4.95500000e+02	3.02413212e-01
4.96500000e+02	2.96622344e-01
4.97500000e+02	2.90989047e-01
4.98500000e+02	2.85516780e-01
4.99500000e+02	2.80208287e-01
5.00500000e+02	2.75065576e-01
5.01500000e+02	2.70089910e-01
5.02500000e+02	2.65281816e-01
5.03500000e+02	2.60641094e-01
5.04500000e+02	2.56166844e-01
5.05500000e+02	2.51857510e-01
5.06500000e+02	2.47710919e-01
5.07500000e+02	2.43724341e-01
5.08500000e+02	2.39894544e-01
5.09500000e+02	2.36217863e-01
5.10500000e+02	2.32690266e-01
5.11500000e+02	2.29307418e-01
5.12500000e+02	2.26064747e-01
5.13500000e+02	2.22957509e-01
5.14500000e+02	2.19980845e-01
5.15500000e+02	2.17129835e-01
5.16500000e+02	2.14399545e-01
5.17500000e+02	2.11785071e-01
5.18500000e+02	2.09281573e-01
5.19500000e+02	2.06884307e-01
5.20500000e+02	2.04588647e-01
5.21500000e+02	2.02390109e-01
5.22500000e+02	2.00284359e-01
5.23500000e+02	1.98267226e-01
5.24500000e+02	1.96334708e-01
5.25500000e+02	1.94482977e-01
5.26500000e+02	1.92708374e-01
5.27500000e+02	1.91007412e-01
5.28500000e+02	1.89376772e-01
5.29500000e+02	1.87813296e-01
5.30500000e+02	1.86313982e-01
5.31500000e+02	1.84875979e-01
5.32500000e+02	1.83496579e-01
5.33500000e+02	1.82173209e-01
5.34500000e+02	1.80903425e-01
5.35500000e+02	1.79684909e-01
5.36500000e+02	1.78515453e-01
5.37500000e+02	1.77392961e-01
5.38500000e+02	1.76315438e-01
5.39500000e+02	1.75280988e-01
5.40500000e+02	1.74287802e-01
5.41500000e+02	1.73334160e-01
5.42500000e+02	1.72418421e-01
5.43500000e+02	1.71539020e-01
5.44500000e+02	1.70694465e-01
5.45500000e+02	1.69883329e-01
5.46500000e+02	1.69104251e-01
5.47500000e+02	1.68355931e-01
5.48500000e+02	1.67637125e-01
5.49500000e+02	1.66946642e-01
5.50500000e+02	1.66283344e-01
5.51500000e+02	1.65646142e-01
5.52500000e+02	1.65033992e-01
5.53500000e+02	1.64445895e-01
5.54500000e+02	1.63880893e-01
5.55500000e+02	1.63338068e-01
5.56500000e+02	1.62816540e-01
5.57500000e+02	1.62315466e-01
5.58500000e+02	1.61834037e-01
5.59500000e+02	1.61371476e-01
5.60500000e+02	1.60927039e-01
5.61500000e+02	1.60500011e-01
5.62500000e+02	1.60089706e-01
5.63500000e+02	1.59695467e-01
5.64500000e+02	1.59316662e-01
5.65500000e+02	1.58952683e-01
5.66500000e+02	1.58602949e-01
5.67500000e+02	1.58266900e-01
5.68500000e+02	1.57943999e-01
5.69500000e+02	1.57633731e-01
5.70500000e+02	1.57335599e-01
5.71500000e+02	1.57049129e-01
5.72500000e+02	1.56773864e-01
5.73500000e+02	1.56509364e-01
5.74500000e+02	1.56255207e-01
5.75500000e+02	1.56010990e-01
5.76500000e+02	1.55776322e-01
5.77500000e+02	1.55550829e-01
5.78500000e+02	1.55334153e-01
5.79500000e+02	1.55125949e-01
5.80500000e+02	1.54925884e-01
5.81500000e+02	1.54733641e-01
5.82500000e+02	1.54548913e-01
5.83500000e+02	1.54371407e-01
5.84500000e+02	1.54200839e-01
5.85500000e+02	1.54036939e-01
5.86500000e+02	1.53879445e-01
5.87500000e+02	1.53728108e-01
5.88500000e+02	1.53582685e-01
5.89500000e+02	1.53442946e-01
5.90500000e+02	1.53308669e-01
5.91500000e+02	1.53179639e-01
5.92500000e+02	1.53055652e-01
5.93500000e+02	1.52936510e-01
5.94500000e+02	1.52822025e-01
5.95500000e+02	1.52712012e-01
5.96500000e+02	1.52606299e-01
5.97500000e+02	1.52504716e-01
5.98500000e+02	1.52407103e-01
5.99500000e+02	1.52313303e-01
6.00500000e+02	1.52223168e-01
6.01500000e+02	1.52136554e-01
6.02500000e+02	1.52053324e-01
6.03500000e+02	1.51973346e-01
6.04500000e+02	1.51896491e-01
6.05500000e+02	1.51822639e-01
6.06500000e+02	1.51751671e-01
6.07500000e+02	1.51683476e-01
6.08500000e+02	1.51617943e-01
6.09500000e+02	1.51554970e-01
6.10500000e+02	1.51494457e-01
6.11500000e+02	1.51436306e-01
6.12500000e+02	1.51380426e-01
6.13500000e+02	1.51326728e-01
6.14500000e+02	1.51275127e-01
6.15500000e+02	1.51225540e-01
6.16500000e+02	1.51177890e-01
6.17500000e+02	1.51132099e-01
6.18500000e+02	1.51088096e-01
6.19500000e+02	1.51045811e-01
6.20500000e+02	1.51005176e-01
6.21500000e+02	1.50966128e-01
6.22500000e+02	1.50928603e-01
6.23500000e+02	1.50892543e-01
6.24500000e+02	1.50857891e-01
6.25500000e+02	1.50824590e-01
6.26500000e+02	1.50792589e-01
6.27500000e+02	1.50761837e-01
6.28500000e+02	1.50732285e-01
6.29500000e+02	1.50703886e-01
6.30500000e+02	1.50676595e-01
6.31500000e+02	1.50650368e-01
6.32500000e+02	1.50625165e-01
6.33500000e+02	1.50600945e-01
6.34500000e+02	1.50577670e-01
6.35500000e+02	1.50555303e-01
6.36500000e+02	1.50533808e-01
6.37500000e+02	1.50513152e-01
6.38500000e+02	1.50493302e-01
6.39500000e+02	1.50474226e-01
6.40500000e+02	1.50455894e-01
6.41500000e+02	1.50438278e-01
6.42500000e+02	1.50421348e-01
6.43500000e+02	1.50405079e-01
6.44500000e+02	1.50389445e-01
6.45500000e+02	1.50374420e-01
6.46500000e+02	1.50359982e-01
6.47500000e+02	1.50346107e-01
6.48500000e+02	1.50332774e-01
6.49500000e+02	1.50319961e-01
6.50500000e+02	1.50307648e-01
6.51500000e+02	1.50295815e-01
6.52500000e+02	1.50284444e-01
6.53500000e+02	1.50273518e-01
6.54500000e+02	1.50263017e-01
6.55500000e+02	1.50252927e-01
6.56500000e+02	1.50243231e-01
6.57500000e+02	1.50233914e-01
6.58500000e+02	1.50224961e-01
6.59500000e+02	1.50216358e-01
6.60500000e+02	1.50208091e-01
6.61500000e+02	1.50200148e-01
6.62500000e+02	1.50192515e-01
6.63500000e+02	1.50185181e-01
6.64500000e+02	1.50178134e-01
6.65500000e+02	1.50171364e-01
6.66500000e+02	1.50164858e-01
6.67500000e+02	1.50158608e-01
6.68500000e+02	1.50152603e-01
6.69500000e+02	1.50146833e-01
6.70500000e+02	1.50141291e-01
6.71500000e+02	1.50135966e-01
6.72500000e+02	1.50130851e-01
6.73500000e+02	1.50125937e-01
6.74500000e+02	1.50121216e-01
6.75500000e+02	1.50116683e-01
6.76500000e+02	1.50112328e-01
6.77500000e+02	1.50108145e-01
6.78500000e+02	1.50104129e-01
6.79500000e+02	1.50100271e-01
6.80500000e+02	1.50096568e-01
6.81500000e+02	1.50093012e-01
6.82500000e+02	1.50089599e-01
6.83500000e+02	1.50086323e-01
6.84500000e+02	1.50083181e-01
6.85500000e+02	1.50080169e-01
6.86500000e+02	1.50077283e-01
6.87500000e+02	1.50074523e-01
6.88500000e+02	1.50071888e-01
6.89500000e+02	1.50069381e-01
6.90500000e+02	1.50067006e-01
6.91500000e+02	1.50064772e-01
6.92500000e+02	1.50062693e-01
6.93500000e+02	1.50060785e-01
6.94500000e+02	1.50059071e-01
6.95500000e+02	1.50057577e-01
6.96500000e+02	1.50056331e-01
6.97500000e+02	1.50055361e-01
6.98500000e+02	1.50054701e-01
6.99500000e+02	1.50054370e-01
