# Profil de Te au temps 2.000999999999940e-11 
# simu : /Volumes/MERCURE/JOBS/Zeq2_tanh_50mic_3p5e21_B0_20ps/GNU/Te@y-c.set
# col 0 : abscisse (um)
# col 1 : Te (keV)
5.00000000e-01	9.99924045e-01
1.50000000e+00	9.99924016e-01
2.50000000e+00	9.99923979e-01
3.50000000e+00	9.99923906e-01
4.50000000e+00	9.99923809e-01
5.50000000e+00	9.99923690e-01
6.50000000e+00	9.99923548e-01
7.50000000e+00	9.99923384e-01
8.50000000e+00	9.99923198e-01
9.50000000e+00	9.99922988e-01
1.05000000e+01	9.99922755e-01
1.15000000e+01	9.99922499e-01
1.25000000e+01	9.99922219e-01
1.35000000e+01	9.99921916e-01
1.45000000e+01	9.99921589e-01
1.55000000e+01	9.99921239e-01
1.65000000e+01	9.99920864e-01
1.75000000e+01	9.99920465e-01
1.85000000e+01	9.99920042e-01
1.95000000e+01	9.99919594e-01
2.05000000e+01	9.99919122e-01
2.15000000e+01	9.99918625e-01
2.25000000e+01	9.99918102e-01
2.35000000e+01	9.99917555e-01
2.45000000e+01	9.99916982e-01
2.55000000e+01	9.99916383e-01
2.65000000e+01	9.99915758e-01
2.75000000e+01	9.99915106e-01
2.85000000e+01	9.99914428e-01
2.95000000e+01	9.99913724e-01
3.05000000e+01	9.99912992e-01
3.15000000e+01	9.99912233e-01
3.25000000e+01	9.99911446e-01
3.35000000e+01	9.99910630e-01
3.45000000e+01	9.99909787e-01
3.55000000e+01	9.99908915e-01
3.65000000e+01	9.99908013e-01
3.75000000e+01	9.99907082e-01
3.85000000e+01	9.99906121e-01
3.95000000e+01	9.99905130e-01
4.05000000e+01	9.99904108e-01
4.15000000e+01	9.99903055e-01
4.25000000e+01	9.99901970e-01
4.35000000e+01	9.99900854e-01
4.45000000e+01	9.99899704e-01
4.55000000e+01	9.99898522e-01
4.65000000e+01	9.99897306e-01
4.75000000e+01	9.99896056e-01
4.85000000e+01	9.99894772e-01
4.95000000e+01	9.99893453e-01
5.05000000e+01	9.99892097e-01
5.15000000e+01	9.99890706e-01
5.25000000e+01	9.99889278e-01
5.35000000e+01	9.99887812e-01
5.45000000e+01	9.99886308e-01
5.55000000e+01	9.99884765e-01
5.65000000e+01	9.99883183e-01
5.75000000e+01	9.99881561e-01
5.85000000e+01	9.99879898e-01
5.95000000e+01	9.99878194e-01
6.05000000e+01	9.99876447e-01
6.15000000e+01	9.99874658e-01
6.25000000e+01	9.99872824e-01
6.35000000e+01	9.99870946e-01
6.45000000e+01	9.99869022e-01
6.55000000e+01	9.99867053e-01
6.65000000e+01	9.99865036e-01
6.75000000e+01	9.99862971e-01
6.85000000e+01	9.99860857e-01
6.95000000e+01	9.99858693e-01
7.05000000e+01	9.99856479e-01
7.15000000e+01	9.99854213e-01
7.25000000e+01	9.99851893e-01
7.35000000e+01	9.99849520e-01
7.45000000e+01	9.99847093e-01
7.55000000e+01	9.99844609e-01
7.65000000e+01	9.99842068e-01
7.75000000e+01	9.99839468e-01
7.85000000e+01	9.99836810e-01
7.95000000e+01	9.99834090e-01
8.05000000e+01	9.99831309e-01
8.15000000e+01	9.99828465e-01
8.25000000e+01	9.99825556e-01
8.35000000e+01	9.99822581e-01
8.45000000e+01	9.99819539e-01
8.55000000e+01	9.99816429e-01
8.65000000e+01	9.99813249e-01
8.75000000e+01	9.99809998e-01
8.85000000e+01	9.99806673e-01
8.95000000e+01	9.99803274e-01
9.05000000e+01	9.99799799e-01
9.15000000e+01	9.99796247e-01
9.25000000e+01	9.99792615e-01
9.35000000e+01	9.99788902e-01
9.45000000e+01	9.99785106e-01
9.55000000e+01	9.99781226e-01
9.65000000e+01	9.99777260e-01
9.75000000e+01	9.99773205e-01
9.85000000e+01	9.99769060e-01
9.95000000e+01	9.99764823e-01
1.00500000e+02	9.99760492e-01
1.01500000e+02	9.99756065e-01
1.02500000e+02	9.99751540e-01
1.03500000e+02	9.99746914e-01
1.04500000e+02	9.99742185e-01
1.05500000e+02	9.99737352e-01
1.06500000e+02	9.99732411e-01
1.07500000e+02	9.99727361e-01
1.08500000e+02	9.99722199e-01
1.09500000e+02	9.99716922e-01
1.10500000e+02	9.99711528e-01
1.11500000e+02	9.99706014e-01
1.12500000e+02	9.99700377e-01
1.13500000e+02	9.99694616e-01
1.14500000e+02	9.99688726e-01
1.15500000e+02	9.99682706e-01
1.16500000e+02	9.99676551e-01
1.17500000e+02	9.99670260e-01
1.18500000e+02	9.99663828e-01
1.19500000e+02	9.99657254e-01
1.20500000e+02	9.99650532e-01
1.21500000e+02	9.99643661e-01
1.22500000e+02	9.99636637e-01
1.23500000e+02	9.99629456e-01
1.24500000e+02	9.99622114e-01
1.25500000e+02	9.99614608e-01
1.26500000e+02	9.99606935e-01
1.27500000e+02	9.99599089e-01
1.28500000e+02	9.99591068e-01
1.29500000e+02	9.99582867e-01
1.30500000e+02	9.99574482e-01
1.31500000e+02	9.99565909e-01
1.32500000e+02	9.99557144e-01
1.33500000e+02	9.99548181e-01
1.34500000e+02	9.99539017e-01
1.35500000e+02	9.99529646e-01
1.36500000e+02	9.99520064e-01
1.37500000e+02	9.99510266e-01
1.38500000e+02	9.99500246e-01
1.39500000e+02	9.99490001e-01
1.40500000e+02	9.99479523e-01
1.41500000e+02	9.99468809e-01
1.42500000e+02	9.99457852e-01
1.43500000e+02	9.99446646e-01
1.44500000e+02	9.99435186e-01
1.45500000e+02	9.99423466e-01
1.46500000e+02	9.99411480e-01
1.47500000e+02	9.99399220e-01
1.48500000e+02	9.99386682e-01
1.49500000e+02	9.99373858e-01
1.50500000e+02	9.99360741e-01
1.51500000e+02	9.99347325e-01
1.52500000e+02	9.99333603e-01
1.53500000e+02	9.99319566e-01
1.54500000e+02	9.99305208e-01
1.55500000e+02	9.99290521e-01
1.56500000e+02	9.99275498e-01
1.57500000e+02	9.99260129e-01
1.58500000e+02	9.99244408e-01
1.59500000e+02	9.99228324e-01
1.60500000e+02	9.99211871e-01
1.61500000e+02	9.99195039e-01
1.62500000e+02	9.99177819e-01
1.63500000e+02	9.99160202e-01
1.64500000e+02	9.99142178e-01
1.65500000e+02	9.99123737e-01
1.66500000e+02	9.99104870e-01
1.67500000e+02	9.99085566e-01
1.68500000e+02	9.99065814e-01
1.69500000e+02	9.99045605e-01
1.70500000e+02	9.99024927e-01
1.71500000e+02	9.99003768e-01
1.72500000e+02	9.98982118e-01
1.73500000e+02	9.98959964e-01
1.74500000e+02	9.98937295e-01
1.75500000e+02	9.98914097e-01
1.76500000e+02	9.98890358e-01
1.77500000e+02	9.98866066e-01
1.78500000e+02	9.98841206e-01
1.79500000e+02	9.98815766e-01
1.80500000e+02	9.98789730e-01
1.81500000e+02	9.98763086e-01
1.82500000e+02	9.98735817e-01
1.83500000e+02	9.98707910e-01
1.84500000e+02	9.98679348e-01
1.85500000e+02	9.98650116e-01
1.86500000e+02	9.98620198e-01
1.87500000e+02	9.98589577e-01
1.88500000e+02	9.98558236e-01
1.89500000e+02	9.98526158e-01
1.90500000e+02	9.98493325e-01
1.91500000e+02	9.98459719e-01
1.92500000e+02	9.98425321e-01
1.93500000e+02	9.98390112e-01
1.94500000e+02	9.98354073e-01
1.95500000e+02	9.98317183e-01
1.96500000e+02	9.98279422e-01
1.97500000e+02	9.98240769e-01
1.98500000e+02	9.98201202e-01
1.99500000e+02	9.98160700e-01
2.00500000e+02	9.98119239e-01
2.01500000e+02	9.98076797e-01
2.02500000e+02	9.98033351e-01
2.03500000e+02	9.97988875e-01
2.04500000e+02	9.97943345e-01
2.05500000e+02	9.97896736e-01
2.06500000e+02	9.97849022e-01
2.07500000e+02	9.97800176e-01
2.08500000e+02	9.97750171e-01
2.09500000e+02	9.97698979e-01
2.10500000e+02	9.97646571e-01
2.11500000e+02	9.97592919e-01
2.12500000e+02	9.97537992e-01
2.13500000e+02	9.97481761e-01
2.14500000e+02	9.97424192e-01
2.15500000e+02	9.97365256e-01
2.16500000e+02	9.97304918e-01
2.17500000e+02	9.97243146e-01
2.18500000e+02	9.97179904e-01
2.19500000e+02	9.97115158e-01
2.20500000e+02	9.97048872e-01
2.21500000e+02	9.96981010e-01
2.22500000e+02	9.96911532e-01
2.23500000e+02	9.96840402e-01
2.24500000e+02	9.96767580e-01
2.25500000e+02	9.96693025e-01
2.26500000e+02	9.96616696e-01
2.27500000e+02	9.96538551e-01
2.28500000e+02	9.96458547e-01
2.29500000e+02	9.96376640e-01
2.30500000e+02	9.96292785e-01
2.31500000e+02	9.96206935e-01
2.32500000e+02	9.96119044e-01
2.33500000e+02	9.96029064e-01
2.34500000e+02	9.95936945e-01
2.35500000e+02	9.95842636e-01
2.36500000e+02	9.95746087e-01
2.37500000e+02	9.95647244e-01
2.38500000e+02	9.95546054e-01
2.39500000e+02	9.95442461e-01
2.40500000e+02	9.95336410e-01
2.41500000e+02	9.95227843e-01
2.42500000e+02	9.95116701e-01
2.43500000e+02	9.95002924e-01
2.44500000e+02	9.94886452e-01
2.45500000e+02	9.94767220e-01
2.46500000e+02	9.94645165e-01
2.47500000e+02	9.94520221e-01
2.48500000e+02	9.94392323e-01
2.49500000e+02	9.94261401e-01
2.50500000e+02	9.94127385e-01
2.51500000e+02	9.93990205e-01
2.52500000e+02	9.93849788e-01
2.53500000e+02	9.93706059e-01
2.54500000e+02	9.93558942e-01
2.55500000e+02	9.93408360e-01
2.56500000e+02	9.93254234e-01
2.57500000e+02	9.93096483e-01
2.58500000e+02	9.92935025e-01
2.59500000e+02	9.92769775e-01
2.60500000e+02	9.92600647e-01
2.61500000e+02	9.92427555e-01
2.62500000e+02	9.92250407e-01
2.63500000e+02	9.92069113e-01
2.64500000e+02	9.91883581e-01
2.65500000e+02	9.91693713e-01
2.66500000e+02	9.91499415e-01
2.67500000e+02	9.91300586e-01
2.68500000e+02	9.91097126e-01
2.69500000e+02	9.90888932e-01
2.70500000e+02	9.90675899e-01
2.71500000e+02	9.90457919e-01
2.72500000e+02	9.90234885e-01
2.73500000e+02	9.90006683e-01
2.74500000e+02	9.89773202e-01
2.75500000e+02	9.89534325e-01
2.76500000e+02	9.89289934e-01
2.77500000e+02	9.89039910e-01
2.78500000e+02	9.88784129e-01
2.79500000e+02	9.88522467e-01
2.80500000e+02	9.88254798e-01
2.81500000e+02	9.87980990e-01
2.82500000e+02	9.87700913e-01
2.83500000e+02	9.87414432e-01
2.84500000e+02	9.87121410e-01
2.85500000e+02	9.86821708e-01
2.86500000e+02	9.86515184e-01
2.87500000e+02	9.86201693e-01
2.88500000e+02	9.85881088e-01
2.89500000e+02	9.85553220e-01
2.90500000e+02	9.85217936e-01
2.91500000e+02	9.84875081e-01
2.92500000e+02	9.84524496e-01
2.93500000e+02	9.84166022e-01
2.94500000e+02	9.83799495e-01
2.95500000e+02	9.83424749e-01
2.96500000e+02	9.83041614e-01
2.97500000e+02	9.82649918e-01
2.98500000e+02	9.82249487e-01
2.99500000e+02	9.81840143e-01
3.00500000e+02	9.81421705e-01
3.01500000e+02	9.80993989e-01
3.02500000e+02	9.80556807e-01
3.03500000e+02	9.80109972e-01
3.04500000e+02	9.79653288e-01
3.05500000e+02	9.79186560e-01
3.06500000e+02	9.78709589e-01
3.07500000e+02	9.78222173e-01
3.08500000e+02	9.77724105e-01
3.09500000e+02	9.77215177e-01
3.10500000e+02	9.76695176e-01
3.11500000e+02	9.76163888e-01
3.12500000e+02	9.75621094e-01
3.13500000e+02	9.75066572e-01
3.14500000e+02	9.74500096e-01
3.15500000e+02	9.73921438e-01
3.16500000e+02	9.73330366e-01
3.17500000e+02	9.72726644e-01
3.18500000e+02	9.72110034e-01
3.19500000e+02	9.71480293e-01
3.20500000e+02	9.70837175e-01
3.21500000e+02	9.70180432e-01
3.22500000e+02	9.69509810e-01
3.23500000e+02	9.68825054e-01
3.24500000e+02	9.68125904e-01
3.25500000e+02	9.67412095e-01
3.26500000e+02	9.66683363e-01
3.27500000e+02	9.65939435e-01
3.28500000e+02	9.65180039e-01
3.29500000e+02	9.64404896e-01
3.30500000e+02	9.63613725e-01
3.31500000e+02	9.62806243e-01
3.32500000e+02	9.61982159e-01
3.33500000e+02	9.61141183e-01
3.34500000e+02	9.60283018e-01
3.35500000e+02	9.59407366e-01
3.36500000e+02	9.58513923e-01
3.37500000e+02	9.57602383e-01
3.38500000e+02	9.56672436e-01
3.39500000e+02	9.55723767e-01
3.40500000e+02	9.54756059e-01
3.41500000e+02	9.53768991e-01
3.42500000e+02	9.52762238e-01
3.43500000e+02	9.51735471e-01
3.44500000e+02	9.50688358e-01
3.45500000e+02	9.49620564e-01
3.46500000e+02	9.48531749e-01
3.47500000e+02	9.47421570e-01
3.48500000e+02	9.46289679e-01
3.49500000e+02	9.45135727e-01
3.50500000e+02	9.43959359e-01
3.51500000e+02	9.42760218e-01
3.52500000e+02	9.41537942e-01
3.53500000e+02	9.40292167e-01
3.54500000e+02	9.39022524e-01
3.55500000e+02	9.37728641e-01
3.56500000e+02	9.36410143e-01
3.57500000e+02	9.35066650e-01
3.58500000e+02	9.33697779e-01
3.59500000e+02	9.32303145e-01
3.60500000e+02	9.30882358e-01
3.61500000e+02	9.29435024e-01
3.62500000e+02	9.27960747e-01
3.63500000e+02	9.26459126e-01
3.64500000e+02	9.24929759e-01
3.65500000e+02	9.23372238e-01
3.66500000e+02	9.21786154e-01
3.67500000e+02	9.20171091e-01
3.68500000e+02	9.18526634e-01
3.69500000e+02	9.16852362e-01
3.70500000e+02	9.15147851e-01
3.71500000e+02	9.13412675e-01
3.72500000e+02	9.11646404e-01
3.73500000e+02	9.09848604e-01
3.74500000e+02	9.08018838e-01
3.75500000e+02	9.06156668e-01
3.76500000e+02	9.04261651e-01
3.77500000e+02	9.02333341e-01
3.78500000e+02	9.00371289e-01
3.79500000e+02	8.98375043e-01
3.80500000e+02	8.96344149e-01
3.81500000e+02	8.94278149e-01
3.82500000e+02	8.92176582e-01
3.83500000e+02	8.90038985e-01
3.84500000e+02	8.87864893e-01
3.85500000e+02	8.85653835e-01
3.86500000e+02	8.83405341e-01
3.87500000e+02	8.81118935e-01
3.88500000e+02	8.78794142e-01
3.89500000e+02	8.76430481e-01
3.90500000e+02	8.74027471e-01
3.91500000e+02	8.71584627e-01
3.92500000e+02	8.69101462e-01
3.93500000e+02	8.66577487e-01
3.94500000e+02	8.64012210e-01
3.95500000e+02	8.61405139e-01
3.96500000e+02	8.58755776e-01
3.97500000e+02	8.56063625e-01
3.98500000e+02	8.53328185e-01
3.99500000e+02	8.50548954e-01
4.00500000e+02	8.47725429e-01
4.01500000e+02	8.44857104e-01
4.02500000e+02	8.41943473e-01
4.03500000e+02	8.38984027e-01
4.04500000e+02	8.35978255e-01
4.05500000e+02	8.32925647e-01
4.06500000e+02	8.29825690e-01
4.07500000e+02	8.26677870e-01
4.08500000e+02	8.23481672e-01
4.09500000e+02	8.20236582e-01
4.10500000e+02	8.16942083e-01
4.11500000e+02	8.13597658e-01
4.12500000e+02	8.10202791e-01
4.13500000e+02	8.06756964e-01
4.14500000e+02	8.03259660e-01
4.15500000e+02	7.99710363e-01
4.16500000e+02	7.96108556e-01
4.17500000e+02	7.92453723e-01
4.18500000e+02	7.88745350e-01
4.19500000e+02	7.84982923e-01
4.20500000e+02	7.81165931e-01
4.21500000e+02	7.77293863e-01
4.22500000e+02	7.73366211e-01
4.23500000e+02	7.69382470e-01
4.24500000e+02	7.65342138e-01
4.25500000e+02	7.61244716e-01
4.26500000e+02	7.57089707e-01
4.27500000e+02	7.52876622e-01
4.28500000e+02	7.48604974e-01
4.29500000e+02	7.44274283e-01
4.30500000e+02	7.39884074e-01
4.31500000e+02	7.35433879e-01
4.32500000e+02	7.30923237e-01
4.33500000e+02	7.26351697e-01
4.34500000e+02	7.21718813e-01
4.35500000e+02	7.17024154e-01
4.36500000e+02	7.12267296e-01
4.37500000e+02	7.07447829e-01
4.38500000e+02	7.02565355e-01
4.39500000e+02	6.97619491e-01
4.40500000e+02	6.92609868e-01
4.41500000e+02	6.87536135e-01
4.42500000e+02	6.82397962e-01
4.43500000e+02	6.77195035e-01
4.44500000e+02	6.71927064e-01
4.45500000e+02	6.66593784e-01
4.46500000e+02	6.61194955e-01
4.47500000e+02	6.55730364e-01
4.48500000e+02	6.50199832e-01
4.49500000e+02	6.44603212e-01
4.50500000e+02	6.38940392e-01
4.51500000e+02	6.33211302e-01
4.52500000e+02	6.27415914e-01
4.53500000e+02	6.21554245e-01
4.54500000e+02	6.15626366e-01
4.55500000e+02	6.09632400e-01
4.56500000e+02	6.03572530e-01
4.57500000e+02	5.97447005e-01
4.58500000e+02	5.91256141e-01
4.59500000e+02	5.85000333e-01
4.60500000e+02	5.78680056e-01
4.61500000e+02	5.72295873e-01
4.62500000e+02	5.65848446e-01
4.63500000e+02	5.59338537e-01
4.64500000e+02	5.52767024e-01
4.65500000e+02	5.46134903e-01
4.66500000e+02	5.39443302e-01
4.67500000e+02	5.32693493e-01
4.68500000e+02	5.25886897e-01
4.69500000e+02	5.19025100e-01
4.70500000e+02	5.12109866e-01
4.71500000e+02	5.05143147e-01
4.72500000e+02	4.98127101e-01
4.73500000e+02	4.91064104e-01
4.74500000e+02	4.83956767e-01
4.75500000e+02	4.76807948e-01
4.76500000e+02	4.69620777e-01
4.77500000e+02	4.62398664e-01
4.78500000e+02	4.55145322e-01
4.79500000e+02	4.47864782e-01
4.80500000e+02	4.40561412e-01
4.81500000e+02	4.33239931e-01
4.82500000e+02	4.25905431e-01
4.83500000e+02	4.18563382e-01
4.84500000e+02	4.11219655e-01
4.85500000e+02	4.03880526e-01
4.86500000e+02	3.96552685e-01
4.87500000e+02	3.89243243e-01
4.88500000e+02	3.81959722e-01
4.89500000e+02	3.74710058e-01
4.90500000e+02	3.67502580e-01
4.91500000e+02	3.60345990e-01
4.92500000e+02	3.53249332e-01
4.93500000e+02	3.46221954e-01
4.94500000e+02	3.39273450e-01
4.95500000e+02	3.32413603e-01
4.96500000e+02	3.25652309e-01
4.97500000e+02	3.18999486e-01
4.98500000e+02	3.12464981e-01
4.99500000e+02	3.06058461e-01
5.00500000e+02	2.99789295e-01
5.01500000e+02	2.93666432e-01
5.02500000e+02	2.87698276e-01
5.03500000e+02	2.81892562e-01
5.04500000e+02	2.76256236e-01
5.05500000e+02	2.70795344e-01
5.06500000e+02	2.65514938e-01
5.07500000e+02	2.60418999e-01
5.08500000e+02	2.55510376e-01
5.09500000e+02	2.50790762e-01
5.10500000e+02	2.46260686e-01
5.11500000e+02	2.41919534e-01
5.12500000e+02	2.37765600e-01
5.13500000e+02	2.33796158e-01
5.14500000e+02	2.30007552e-01
5.15500000e+02	2.26395306e-01
5.16500000e+02	2.22954243e-01
5.17500000e+02	2.19678610e-01
5.18500000e+02	2.16562206e-01
5.19500000e+02	2.13598506e-01
5.20500000e+02	2.10780777e-01
5.21500000e+02	2.08102183e-01
5.22500000e+02	2.05555886e-01
5.23500000e+02	2.03135121e-01
5.24500000e+02	2.00833268e-01
5.25500000e+02	1.98643904e-01
5.26500000e+02	1.96560846e-01
5.27500000e+02	1.94578182e-01
5.28500000e+02	1.92690287e-01
5.29500000e+02	1.90891837e-01
5.30500000e+02	1.89177811e-01
5.31500000e+02	1.87543488e-01
5.32500000e+02	1.85984441e-01
5.33500000e+02	1.84496524e-01
5.34500000e+02	1.83075862e-01
5.35500000e+02	1.81718835e-01
5.36500000e+02	1.80422061e-01
5.37500000e+02	1.79182383e-01
5.38500000e+02	1.77996852e-01
5.39500000e+02	1.76862710e-01
5.40500000e+02	1.75777380e-01
5.41500000e+02	1.74738447e-01
5.42500000e+02	1.73743649e-01
5.43500000e+02	1.72790863e-01
5.44500000e+02	1.71878097e-01
5.45500000e+02	1.71003473e-01
5.46500000e+02	1.70165228e-01
5.47500000e+02	1.69361694e-01
5.48500000e+02	1.68591302e-01
5.49500000e+02	1.67852564e-01
5.50500000e+02	1.67144077e-01
5.51500000e+02	1.66464508e-01
5.52500000e+02	1.65812596e-01
5.53500000e+02	1.65187143e-01
5.54500000e+02	1.64587010e-01
5.55500000e+02	1.64011116e-01
5.56500000e+02	1.63458433e-01
5.57500000e+02	1.62927979e-01
5.58500000e+02	1.62418822e-01
5.59500000e+02	1.61930071e-01
5.60500000e+02	1.61460877e-01
5.61500000e+02	1.61010429e-01
5.62500000e+02	1.60577954e-01
5.63500000e+02	1.60162712e-01
5.64500000e+02	1.59763997e-01
5.65500000e+02	1.59381133e-01
5.66500000e+02	1.59013474e-01
5.67500000e+02	1.58660401e-01
5.68500000e+02	1.58321324e-01
5.69500000e+02	1.57995674e-01
5.70500000e+02	1.57682911e-01
5.71500000e+02	1.57382514e-01
5.72500000e+02	1.57093987e-01
5.73500000e+02	1.56816851e-01
5.74500000e+02	1.56550651e-01
5.75500000e+02	1.56294948e-01
5.76500000e+02	1.56049322e-01
5.77500000e+02	1.55813371e-01
5.78500000e+02	1.55586708e-01
5.79500000e+02	1.55368964e-01
5.80500000e+02	1.55159784e-01
5.81500000e+02	1.54958826e-01
5.82500000e+02	1.54765764e-01
5.83500000e+02	1.54580285e-01
5.84500000e+02	1.54402088e-01
5.85500000e+02	1.54230883e-01
5.86500000e+02	1.54066395e-01
5.87500000e+02	1.53908357e-01
5.88500000e+02	1.53756513e-01
5.89500000e+02	1.53610620e-01
5.90500000e+02	1.53470442e-01
5.91500000e+02	1.53335753e-01
5.92500000e+02	1.53206337e-01
5.93500000e+02	1.53081986e-01
5.94500000e+02	1.52962500e-01
5.95500000e+02	1.52847687e-01
5.96500000e+02	1.52737363e-01
5.97500000e+02	1.52631352e-01
5.98500000e+02	1.52529483e-01
5.99500000e+02	1.52431594e-01
6.00500000e+02	1.52337529e-01
6.01500000e+02	1.52247137e-01
6.02500000e+02	1.52160273e-01
6.03500000e+02	1.52076799e-01
6.04500000e+02	1.51996583e-01
6.05500000e+02	1.51919495e-01
6.06500000e+02	1.51845414e-01
6.07500000e+02	1.51774221e-01
6.08500000e+02	1.51705804e-01
6.09500000e+02	1.51640053e-01
6.10500000e+02	1.51576863e-01
6.11500000e+02	1.51516136e-01
6.12500000e+02	1.51457773e-01
6.13500000e+02	1.51401683e-01
6.14500000e+02	1.51347776e-01
6.15500000e+02	1.51295968e-01
6.16500000e+02	1.51246175e-01
6.17500000e+02	1.51198320e-01
6.18500000e+02	1.51152326e-01
6.19500000e+02	1.51108121e-01
6.20500000e+02	1.51065634e-01
6.21500000e+02	1.51024800e-01
6.22500000e+02	1.50985552e-01
6.23500000e+02	1.50947830e-01
6.24500000e+02	1.50911573e-01
6.25500000e+02	1.50876725e-01
6.26500000e+02	1.50843230e-01
6.27500000e+02	1.50811036e-01
6.28500000e+02	1.50780092e-01
6.29500000e+02	1.50750350e-01
6.30500000e+02	1.50721762e-01
6.31500000e+02	1.50694283e-01
6.32500000e+02	1.50667871e-01
6.33500000e+02	1.50642484e-01
6.34500000e+02	1.50618081e-01
6.35500000e+02	1.50594626e-01
6.36500000e+02	1.50572080e-01
6.37500000e+02	1.50550408e-01
6.38500000e+02	1.50529577e-01
6.39500000e+02	1.50509554e-01
6.40500000e+02	1.50490308e-01
6.41500000e+02	1.50471808e-01
6.42500000e+02	1.50454025e-01
6.43500000e+02	1.50436932e-01
6.44500000e+02	1.50420501e-01
6.45500000e+02	1.50404708e-01
6.46500000e+02	1.50389527e-01
6.47500000e+02	1.50374935e-01
6.48500000e+02	1.50360909e-01
6.49500000e+02	1.50347428e-01
6.50500000e+02	1.50334469e-01
6.51500000e+02	1.50322013e-01
6.52500000e+02	1.50310041e-01
6.53500000e+02	1.50298533e-01
6.54500000e+02	1.50287472e-01
6.55500000e+02	1.50276841e-01
6.56500000e+02	1.50266624e-01
6.57500000e+02	1.50256803e-01
6.58500000e+02	1.50247364e-01
6.59500000e+02	1.50238293e-01
6.60500000e+02	1.50229575e-01
6.61500000e+02	1.50221197e-01
6.62500000e+02	1.50213145e-01
6.63500000e+02	1.50205407e-01
6.64500000e+02	1.50197972e-01
6.65500000e+02	1.50190827e-01
6.66500000e+02	1.50183962e-01
6.67500000e+02	1.50177366e-01
6.68500000e+02	1.50171028e-01
6.69500000e+02	1.50164939e-01
6.70500000e+02	1.50159090e-01
6.71500000e+02	1.50153471e-01
6.72500000e+02	1.50148073e-01
6.73500000e+02	1.50142890e-01
6.74500000e+02	1.50137911e-01
6.75500000e+02	1.50133130e-01
6.76500000e+02	1.50128540e-01
6.77500000e+02	1.50124134e-01
6.78500000e+02	1.50119904e-01
6.79500000e+02	1.50115846e-01
6.80500000e+02	1.50111953e-01
6.81500000e+02	1.50108220e-01
6.82500000e+02	1.50104643e-01
6.83500000e+02	1.50101218e-01
6.84500000e+02	1.50097943e-01
6.85500000e+02	1.50094815e-01
6.86500000e+02	1.50091835e-01
6.87500000e+02	1.50089003e-01
6.88500000e+02	1.50086323e-01
6.89500000e+02	1.50083801e-01
6.90500000e+02	1.50081443e-01
6.91500000e+02	1.50079259e-01
6.92500000e+02	1.50077261e-01
6.93500000e+02	1.50075463e-01
6.94500000e+02	1.50073880e-01
6.95500000e+02	1.50072528e-01
6.96500000e+02	1.50071421e-01
6.97500000e+02	1.50070574e-01
6.98500000e+02	1.50070004e-01
6.99500000e+02	1.50069721e-01
