-3.465000000000000000e+02 9.887529999999999930e-02
-3.395000000000000000e+02 9.887129999999999530e-02
-3.325000000000000000e+02 9.886050000000000393e-02
-3.255000000000000000e+02 9.884419999999999318e-02
-3.185000000000000000e+02 9.882230000000000181e-02
-3.115000000000000000e+02 9.879469999999999918e-02
-3.045000000000000000e+02 9.876119999999999344e-02
-2.975000000000000000e+02 9.872150000000000369e-02
-2.905000000000000000e+02 9.867549999999999932e-02
-2.835000000000000000e+02 9.862269999999999370e-02
-2.765000000000000000e+02 9.856299999999999784e-02
-2.695000000000000000e+02 9.849579999999999447e-02
-2.625000000000000000e+02 9.842080000000000273e-02
-2.555000000000000000e+02 9.833749999999999436e-02
-2.485000000000000000e+02 9.824529999999999375e-02
-2.415000000000000000e+02 9.814359999999999751e-02
-2.345000000000000000e+02 9.803190000000000515e-02
-2.275000000000000000e+02 9.790930000000000466e-02
-2.205000000000000000e+02 9.777510000000000367e-02
-2.135000000000000000e+02 9.762859999999999594e-02
-2.065000000000000000e+02 9.746870000000000533e-02
-1.995000000000000000e+02 9.729450000000000598e-02
-1.925000000000000000e+02 9.710499999999999687e-02
-1.855000000000000000e+02 9.689920000000000477e-02
-1.785000000000000000e+02 9.667589999999999517e-02
-1.715000000000000000e+02 9.643390000000000295e-02
-1.645000000000000000e+02 9.617219999999999935e-02
-1.575000000000000000e+02 9.588960000000000539e-02
-1.505000000000000000e+02 9.558500000000000330e-02
-1.435000000000000000e+02 9.525749999999999496e-02
-1.365000000000000000e+02 9.490619999999999612e-02
-1.295000000000000000e+02 9.453069999999999529e-02
-1.225000000000000000e+02 9.413080000000000058e-02
-1.155000000000000000e+02 9.370689999999999575e-02
-1.085000000000000000e+02 9.326009999999999855e-02
-1.015000000000000000e+02 9.279229999999999423e-02
-9.450000000000000000e+01 9.230670000000000541e-02
-8.750000000000000000e+01 9.180789999999999784e-02
-8.050000000000000000e+01 9.130240000000000578e-02
-7.350000000000000000e+01 9.079900000000000471e-02
-6.650000000000000000e+01 9.030889999999999751e-02
-5.950000000000000000e+01 8.984659999999999869e-02
-5.250000000000000000e+01 8.942970000000000086e-02
-4.550000000000000000e+01 8.907919999999999727e-02
-3.850000000000000000e+01 8.881930000000000380e-02
-3.150000000000000000e+01 8.867700000000000582e-02
-2.450000000000000000e+01 8.868070000000000119e-02
-1.750000000000000000e+01 8.885940000000000505e-02
-1.050000000000000000e+01 8.924120000000000663e-02
-3.500000000000000000e+00 8.985200000000000131e-02
3.500000000000000000e+00 9.071460000000000634e-02
1.050000000000000000e+01 9.184810000000000196e-02
1.750000000000000000e+01 9.326639999999999930e-02
2.450000000000000000e+01 9.497559999999999336e-02
3.150000000000000000e+01 9.696879999999999389e-02
3.850000000000000000e+01 9.921839999999999826e-02
4.550000000000000000e+01 1.016679999999999945e-01
5.250000000000000000e+01 1.042280000000000012e-01
5.950000000000000000e+01 1.067820000000000019e-01
6.650000000000000000e+01 1.092029999999999945e-01
7.350000000000000000e+01 1.113729999999999998e-01
8.050000000000000000e+01 1.131920000000000009e-01
8.750000000000000000e+01 1.145779999999999993e-01
9.450000000000000000e+01 1.154739999999999933e-01
1.015000000000000000e+02 1.158529999999999976e-01
1.085000000000000000e+02 1.157370000000000065e-01
1.155000000000000000e+02 1.151989999999999958e-01
1.225000000000000000e+02 1.143529999999999963e-01
1.295000000000000000e+02 1.133200000000000041e-01
1.365000000000000000e+02 1.122080000000000022e-01
1.435000000000000000e+02 1.110939999999999983e-01
1.505000000000000000e+02 1.100269999999999998e-01
1.575000000000000000e+02 1.090350000000000069e-01
1.645000000000000000e+02 1.081280000000000019e-01
1.715000000000000000e+02 1.073090000000000016e-01
1.785000000000000000e+02 1.065730000000000011e-01
1.855000000000000000e+02 1.059159999999999963e-01
1.925000000000000000e+02 1.053299999999999931e-01
1.995000000000000000e+02 1.048089999999999994e-01
2.065000000000000000e+02 1.043459999999999943e-01
2.135000000000000000e+02 1.039339999999999986e-01
2.205000000000000000e+02 1.035689999999999944e-01
2.275000000000000000e+02 1.032440000000000024e-01
2.345000000000000000e+02 1.029570000000000068e-01
2.415000000000000000e+02 1.027020000000000016e-01
2.485000000000000000e+02 1.024759999999999976e-01
2.555000000000000000e+02 1.022760000000000058e-01
2.625000000000000000e+02 1.020989999999999953e-01
2.695000000000000000e+02 1.019430000000000058e-01
2.765000000000000000e+02 1.018059999999999937e-01
2.835000000000000000e+02 1.016869999999999996e-01
2.905000000000000000e+02 1.015830000000000066e-01
2.975000000000000000e+02 1.014940000000000009e-01
3.045000000000000000e+02 1.014179999999999943e-01
3.115000000000000000e+02 1.013539999999999996e-01
3.185000000000000000e+02 1.013030000000000042e-01
3.255000000000000000e+02 1.012620000000000048e-01
3.325000000000000000e+02 1.012320000000000025e-01
3.395000000000000000e+02 1.012119999999999964e-01
3.465000000000000000e+02 1.012020000000000003e-01
