-3.465000000000000000e+02 4.559790000000000000e+09
-3.395000000000000000e+02 1.368450000000000000e+10
-3.325000000000000000e+02 2.282490000000000000e+10
-3.255000000000000000e+02 3.199130000000000000e+10
-3.185000000000000000e+02 4.119390000000000000e+10
-3.115000000000000000e+02 5.044240000000000000e+10
-3.045000000000000000e+02 5.974640000000000000e+10
-2.975000000000000000e+02 6.911460000000000000e+10
-2.905000000000000000e+02 7.855550000000000000e+10
-2.835000000000000000e+02 8.807670000000000000e+10
-2.765000000000000000e+02 9.768490000000000000e+10
-2.695000000000000000e+02 1.073860000000000000e+11
-2.625000000000000000e+02 1.171840000000000000e+11
-2.555000000000000000e+02 1.270820000000000000e+11
-2.485000000000000000e+02 1.370830000000000000e+11
-2.415000000000000000e+02 1.471850000000000000e+11
-2.345000000000000000e+02 1.573870000000000000e+11
-2.275000000000000000e+02 1.676840000000000000e+11
-2.205000000000000000e+02 1.780690000000000000e+11
-2.135000000000000000e+02 1.885310000000000000e+11
-2.065000000000000000e+02 1.990570000000000000e+11
-1.995000000000000000e+02 2.096290000000000000e+11
-1.925000000000000000e+02 2.202280000000000000e+11
-1.855000000000000000e+02 2.308260000000000000e+11
-1.785000000000000000e+02 2.413930000000000000e+11
-1.715000000000000000e+02 2.518930000000000000e+11
-1.645000000000000000e+02 2.622860000000000000e+11
-1.575000000000000000e+02 2.725220000000000000e+11
-1.505000000000000000e+02 2.825490000000000000e+11
-1.435000000000000000e+02 2.923070000000000000e+11
-1.365000000000000000e+02 3.017290000000000000e+11
-1.295000000000000000e+02 3.107430000000000000e+11
-1.225000000000000000e+02 3.192700000000000000e+11
-1.155000000000000000e+02 3.272270000000000000e+11
-1.085000000000000000e+02 3.345270000000000000e+11
-1.015000000000000000e+02 3.410810000000000000e+11
-9.450000000000000000e+01 3.467990000000000000e+11
-8.750000000000000000e+01 3.515950000000000000e+11
-8.050000000000000000e+01 3.553870000000000000e+11
-7.350000000000000000e+01 3.581060000000000000e+11
-6.650000000000000000e+01 3.596930000000000000e+11
-5.950000000000000000e+01 3.601120000000000000e+11
-5.250000000000000000e+01 3.593460000000000000e+11
-4.550000000000000000e+01 3.574050000000000000e+11
-3.850000000000000000e+01 3.543270000000000000e+11
-3.150000000000000000e+01 3.501690000000000000e+11
-2.450000000000000000e+01 3.450080000000000000e+11
-1.750000000000000000e+01 3.389240000000000000e+11
-1.050000000000000000e+01 3.319910000000000000e+11
-3.500000000000000000e+00 3.242600000000000000e+11
3.500000000000000000e+00 3.157570000000000000e+11
1.050000000000000000e+01 3.064800000000000000e+11
1.750000000000000000e+01 2.964020000000000000e+11
2.450000000000000000e+01 2.854720000000000000e+11
3.150000000000000000e+01 2.736180000000000000e+11
3.850000000000000000e+01 2.607550000000000000e+11
4.550000000000000000e+01 2.467980000000000000e+11
5.250000000000000000e+01 2.317010000000000000e+11
5.950000000000000000e+01 2.155150000000000000e+11
6.650000000000000000e+01 1.984390000000000000e+11
7.350000000000000000e+01 1.808320000000000000e+11
8.050000000000000000e+01 1.631810000000000000e+11
8.750000000000000000e+01 1.460170000000000000e+11
9.450000000000000000e+01 1.298290000000000000e+11
1.015000000000000000e+02 1.149920000000000000e+11
1.085000000000000000e+02 1.017290000000000000e+11
1.155000000000000000e+02 9.010030000000000000e+10
1.225000000000000000e+02 8.003540000000000000e+10
1.295000000000000000e+02 7.137920000000000000e+10
1.365000000000000000e+02 6.393980000000000000e+10
1.435000000000000000e+02 5.752410000000000000e+10
1.505000000000000000e+02 5.195850000000000000e+10
1.575000000000000000e+02 4.709590000000000000e+10
1.645000000000000000e+02 4.281620000000000000e+10
1.715000000000000000e+02 3.902260000000000000e+10
1.785000000000000000e+02 3.563750000000000000e+10
1.855000000000000000e+02 3.259830000000000000e+10
1.925000000000000000e+02 2.985430000000000000e+10
1.995000000000000000e+02 2.736390000000000000e+10
2.065000000000000000e+02 2.509280000000000000e+10
2.135000000000000000e+02 2.301220000000000000e+10
2.205000000000000000e+02 2.109800000000000000e+10
2.275000000000000000e+02 1.932950000000000000e+10
2.345000000000000000e+02 1.768920000000000000e+10
2.415000000000000000e+02 1.616180000000000000e+10
2.485000000000000000e+02 1.473390000000000000e+10
2.555000000000000000e+02 1.339410000000000000e+10
2.625000000000000000e+02 1.213200000000000000e+10
2.695000000000000000e+02 1.093850000000000000e+10
2.765000000000000000e+02 9.805310000000000000e+09
2.835000000000000000e+02 8.725150000000000000e+09
2.905000000000000000e+02 7.691250000000000000e+09
2.975000000000000000e+02 6.697460000000000000e+09
3.045000000000000000e+02 5.738060000000000000e+09
3.115000000000000000e+02 4.807780000000000000e+09
3.185000000000000000e+02 3.901610000000000000e+09
3.255000000000000000e+02 3.014840000000000000e+09
3.325000000000000000e+02 2.142960000000000000e+09
3.395000000000000000e+02 1.281600000000000000e+09
3.465000000000000000e+02 4.265050000000000000e+08
