0.000000000000000000e+00 -0.000000000000000000e+00
1.500000000000000000e+00 3.845834756100955009e+08
3.000000000000000000e+00 7.696850828016701937e+08
4.500000000000000000e+00 1.155823497773888588e+09
6.000000000000000000e+00 1.543518314189394712e+09
7.500000000000000000e+00 1.933290558401208162e+09
9.000000000000000000e+00 2.325663267953363895e+09
1.050000000000000000e+01 2.721161897170212269e+09
1.200000000000000000e+01 3.120314707474474430e+09
1.350000000000000000e+01 3.523653391042820930e+09
1.500000000000000000e+01 3.931713491593994617e+09
1.650000000000000000e+01 4.345034883914119720e+09
1.800000000000000000e+01 4.764162149953197479e+09
1.950000000000000000e+01 5.189645230621537209e+09
2.100000000000000000e+01 5.622039684856729507e+09
2.250000000000000000e+01 6.061907343038308144e+09
2.400000000000000000e+01 6.509816643944005013e+09
2.550000000000000000e+01 6.966343165461364746e+09
2.700000000000000000e+01 7.432069937713212013e+09
2.850000000000000000e+01 7.907588123955766678e+09
3.000000000000000000e+01 8.393497350536082268e+09
3.150000000000000000e+01 8.890406017574174881e+09
3.300000000000000000e+01 9.398932012432640076e+09
3.450000000000000000e+01 9.919702888036931992e+09
3.600000000000000000e+01 1.045335652928981972e+10
3.750000000000000000e+01 1.100054126511767578e+10
3.900000000000000000e+01 1.156191659742127609e+10
4.050000000000000000e+01 1.213815341971841621e+10
4.200000000000000000e+01 1.272993449671841049e+10
4.350000000000000000e+01 1.333795476354616547e+10
4.500000000000000000e+01 1.396292184181128883e+10
4.650000000000000000e+01 1.460555632276725769e+10
4.800000000000000000e+01 1.526659205259917068e+10
4.950000000000000000e+01 1.594677660402227783e+10
5.100000000000000000e+01 1.664687163868414497e+10
5.250000000000000000e+01 1.736765311064501953e+10
5.400000000000000000e+01 1.810991154257946014e+10
5.550000000000000000e+01 1.887445252328071976e+10
5.700000000000000000e+01 1.966209677332363892e+10
5.850000000000000000e+01 2.047368042297509003e+10
6.000000000000000000e+01 2.131005545261546326e+10
6.150000000000000000e+01 2.217208963462676620e+10
6.300000000000000000e+01 2.306066692026849365e+10
6.450000000000000000e+01 2.397668752913483047e+10
6.600000000000000000e+01 2.492106802932952118e+10
6.750000000000000000e+01 2.589474171512450790e+10
6.900000000000000000e+01 2.689865843971263885e+10
7.050000000000000000e+01 2.793378474938003922e+10
7.200000000000000000e+01 2.900110398122559357e+10
7.350000000000000000e+01 3.010161633684473419e+10
7.500000000000000000e+01 3.123633864553374863e+10
7.650000000000000000e+01 3.240630442264176178e+10
7.800000000000000000e+01 3.361256392079504395e+10
7.950000000000000000e+01 3.485618365140967560e+10
8.100000000000000000e+01 3.613824658547125244e+10
8.250000000000000000e+01 3.745985164718527222e+10
8.400000000000000000e+01 3.882211370664466858e+10
8.550000000000000000e+01 4.022616292241799927e+10
8.700000000000000000e+01 4.167314490343426514e+10
8.850000000000000000e+01 4.316421973098059845e+10
9.000000000000000000e+01 4.470056207451844788e+10
9.150000000000000000e+01 4.628336013032289124e+10
9.300000000000000000e+01 4.791381556690518951e+10
9.450000000000000000e+01 4.959314261242665863e+10
9.600000000000000000e+01 5.132256732862985992e+10
9.750000000000000000e+01 5.310332724354679108e+10
9.900000000000000000e+01 5.493667006802946472e+10
1.005000000000000000e+02 5.682385320658106995e+10
1.020000000000000000e+02 5.876614260055696869e+10
1.035000000000000000e+02 6.076481190526804352e+10
1.050000000000000000e+02 6.282114124518917847e+10
1.065000000000000000e+02 6.493641616806280518e+10
1.080000000000000000e+02 6.711192645276468658e+10
1.095000000000000000e+02 6.934896467775126648e+10
1.110000000000000000e+02 7.164882497372277832e+10
1.125000000000000000e+02 7.401280158545617676e+10
1.140000000000000000e+02 7.644218713044242859e+10
1.155000000000000000e+02 7.893827129310845947e+10
1.170000000000000000e+02 8.150233878663053894e+10
1.185000000000000000e+02 8.413566789043812561e+10
1.200000000000000000e+02 8.683952820116749573e+10
1.215000000000000000e+02 8.961517915305696106e+10
1.230000000000000000e+02 9.246386735938067627e+10
1.245000000000000000e+02 9.538682507014201355e+10
1.260000000000000000e+02 9.838526755539060974e+10
1.275000000000000000e+02 1.014603908622510071e+11
1.290000000000000000e+02 1.046133694735703583e+11
1.305000000000000000e+02 1.078453537914564209e+11
1.320000000000000000e+02 1.111574674734595795e+11
1.335000000000000000e+02 1.145508048145933228e+11
1.350000000000000000e+02 1.180264280002178955e+11
1.365000000000000000e+02 1.215853641626953278e+11
1.380000000000000000e+02 1.252286025360913849e+11
1.395000000000000000e+02 1.289570913945184021e+11
1.410000000000000000e+02 1.327717349803254852e+11
1.425000000000000000e+02 1.366733902173081970e+11
1.440000000000000000e+02 1.406628636556425171e+11
1.455000000000000000e+02 1.447409079740066528e+11
1.470000000000000000e+02 1.489082186024938965e+11
1.485000000000000000e+02 1.531654304472245178e+11
1.500000000000000000e+02 1.575131141161876831e+11
1.515000000000000000e+02 1.619517725203466492e+11
1.530000000000000000e+02 1.664818372822567444e+11
1.545000000000000000e+02 1.711036649038765869e+11
1.560000000000000000e+02 1.758175333349493103e+11
1.575000000000000000e+02 1.806236380300164795e+11
1.590000000000000000e+02 1.855220883843642273e+11
1.605000000000000000e+02 1.905129037832105103e+11
1.620000000000000000e+02 1.955960101605510864e+11
1.635000000000000000e+02 2.007712359211225281e+11
1.650000000000000000e+02 2.060383085699311829e+11
1.665000000000000000e+02 2.113968505998642883e+11
1.680000000000000000e+02 2.168463763958806763e+11
1.695000000000000000e+02 2.223862880383481750e+11
1.710000000000000000e+02 2.280158721685020752e+11
1.725000000000000000e+02 2.337342964982568970e+11
1.740000000000000000e+02 2.395406061864354858e+11
1.755000000000000000e+02 2.454337209689587708e+11
1.770000000000000000e+02 2.514124316701066895e+11
1.785000000000000000e+02 2.574753973851902771e+11
1.800000000000000000e+02 2.636211425946725464e+11
1.815000000000000000e+02 2.698480544429013062e+11
1.830000000000000000e+02 2.761543803699439087e+11
1.845000000000000000e+02 2.825382255958758545e+11
1.860000000000000000e+02 2.889975512460250854e+11
1.875000000000000000e+02 2.955301725070435791e+11
1.890000000000000000e+02 3.021337567694407959e+11
1.905000000000000000e+02 3.088058227584743652e+11
1.920000000000000000e+02 3.155437392483618774e+11
1.935000000000000000e+02 3.223447242935521240e+11
1.950000000000000000e+02 3.292058451482266846e+11
1.965000000000000000e+02 3.361240180075560913e+11
1.980000000000000000e+02 3.430960085130750122e+11
1.995000000000000000e+02 3.501184323174434814e+11
2.010000000000000000e+02 3.571877565413125610e+11
2.025000000000000000e+02 3.643003011301882935e+11
2.040000000000000000e+02 3.714522407349258423e+11
2.055000000000000000e+02 3.786396077406955566e+11
2.070000000000000000e+02 3.858582946034435425e+11
2.085000000000000000e+02 3.931040578257886353e+11
2.100000000000000000e+02 4.003725215133218994e+11
2.115000000000000000e+02 4.076591822744310913e+11
2.130000000000000000e+02 4.149594139495348511e+11
2.145000000000000000e+02 4.222684732848356934e+11
2.160000000000000000e+02 4.295815063058090820e+11
2.175000000000000000e+02 4.368935546194782715e+11
2.190000000000000000e+02 4.441995630448901367e+11
2.205000000000000000e+02 4.514943874436040649e+11
2.220000000000000000e+02 4.587728030072629395e+11
2.235000000000000000e+02 4.660295136624768066e+11
2.250000000000000000e+02 4.732591612373197021e+11
2.265000000000000000e+02 4.804563361892025757e+11
2.280000000000000000e+02 4.876155881456152344e+11
2.295000000000000000e+02 4.947314372999686890e+11
2.310000000000000000e+02 5.017983864772100220e+11
2.325000000000000000e+02 5.088109337008759766e+11
2.340000000000000000e+02 5.157635849713963623e+11
2.355000000000000000e+02 5.226508681823049927e+11
2.370000000000000000e+02 5.294673469448586426e+11
2.385000000000000000e+02 5.362076352904757080e+11
2.400000000000000000e+02 5.428664125879246216e+11
2.415000000000000000e+02 5.494384389990600586e+11
2.430000000000000000e+02 5.559185712819053955e+11
2.445000000000000000e+02 5.623017789382987061e+11
2.460000000000000000e+02 5.685831607151235352e+11
2.475000000000000000e+02 5.747579613288780518e+11
2.490000000000000000e+02 5.808215884244567871e+11
2.505000000000000000e+02 5.867696298307075195e+11
2.520000000000000000e+02 5.925978705683656006e+11
2.535000000000000000e+02 5.983023106817174072e+11
2.550000000000000000e+02 6.038791820324685059e+11
2.565000000000000000e+02 6.093249662581405029e+11
2.580000000000000000e+02 6.146364114472982178e+11
2.595000000000000000e+02 6.198105497713431396e+11
2.610000000000000000e+02 6.248447139302280273e+11
2.625000000000000000e+02 6.297365541587794189e+11
2.640000000000000000e+02 6.344840540738853760e+11
2.655000000000000000e+02 6.390855469468272705e+11
2.670000000000000000e+02 6.435397307636271973e+11
2.685000000000000000e+02 6.478456832515924072e+11
2.700000000000000000e+02 6.520028760465690918e+11
2.715000000000000000e+02 6.560111882862580566e+11
2.730000000000000000e+02 6.598709193716378174e+11
2.745000000000000000e+02 6.635828010810090332e+11
2.760000000000000000e+02 6.671480087633005371e+11
2.775000000000000000e+02 6.705681714340284424e+11
2.790000000000000000e+02 6.738453812998895264e+11
2.805000000000000000e+02 6.769822017612213135e+11
2.820000000000000000e+02 6.799816748750465088e+11
2.835000000000000000e+02 6.828473270499910889e+11
2.850000000000000000e+02 6.855831742614553223e+11
2.865000000000000000e+02 6.881937255591854248e+11
2.880000000000000000e+02 6.906839855290186768e+11
2.895000000000000000e+02 6.930594555019034424e+11
2.910000000000000000e+02 6.953261333499746094e+11
2.925000000000000000e+02 6.974905120866317139e+11
2.940000000000000000e+02 6.995595771158763428e+11
2.955000000000000000e+02 7.015408020378491211e+11
2.970000000000000000e+02 7.034421432893081055e+11
2.985000000000000000e+02 7.052720332931124268e+11
3.000000000000000000e+02 7.070393723695528564e+11
3.015000000000000000e+02 7.087535193149488525e+11
3.030000000000000000e+02 7.104242806088027344e+11
3.045000000000000000e+02 7.120618985939863281e+11
3.060000000000000000e+02 7.136770380991722412e+11
3.075000000000000000e+02 7.152807721421896973e+11
3.090000000000000000e+02 7.168845662933200684e+11
3.105000000000000000e+02 7.185002622343441162e+11
3.120000000000000000e+02 7.201400597817886963e+11
3.135000000000000000e+02 7.218164985032933350e+11
3.150000000000000000e+02 7.235424379941666260e+11
3.165000000000000000e+02 7.253310375160280762e+11
3.180000000000000000e+02 7.271957347176489258e+11
3.195000000000000000e+02 7.291502239939428711e+11
3.210000000000000000e+02 7.312084336591146240e+11
3.225000000000000000e+02 7.333845032353952637e+11
3.240000000000000000e+02 7.356927597045698242e+11
3.255000000000000000e+02 7.381476939996275635e+11
3.270000000000000000e+02 7.407639366245670166e+11
3.285000000000000000e+02 7.435562335609145508e+11
3.300000000000000000e+02 7.465394217927336426e+11
3.315000000000000000e+02 7.497284051916032715e+11
3.330000000000000000e+02 7.531381300049702148e+11
3.345000000000000000e+02 7.567835609303222656e+11
3.360000000000000000e+02 7.606796572886569824e+11
3.375000000000000000e+02 7.648413497222016602e+11
3.390000000000000000e+02 7.692835170143082275e+11
3.405000000000000000e+02 7.740209638849472656e+11
3.420000000000000000e+02 7.790683989154827881e+11
3.435000000000000000e+02 7.844404136624512939e+11
3.450000000000000000e+02 7.901514621148007812e+11
3.465000000000000000e+02 7.962158411958081055e+11
3.480000000000000000e+02 8.026476721965253906e+11
3.495000000000000000e+02 8.094608829223160400e+11
3.510000000000000000e+02 8.166691911448264160e+11
3.525000000000000000e+02 8.242860891540795898e+11
3.540000000000000000e+02 8.323248288158469238e+11
3.555000000000000000e+02 8.407984088695885010e+11
3.570000000000000000e+02 8.497195622309111328e+11
3.585000000000000000e+02 8.591007454367340088e+11
3.600000000000000000e+02 8.689541289286864014e+11
3.615000000000000000e+02 8.792915886448291016e+11
3.630000000000000000e+02 8.901246989134542236e+11
3.645000000000000000e+02 9.014647268480733643e+11
3.660000000000000000e+02 9.133226276608021240e+11
3.675000000000000000e+02 9.257090417216279297e+11
3.690000000000000000e+02 9.386342926153862305e+11
3.705000000000000000e+02 9.521083865971528320e+11
3.720000000000000000e+02 9.661410134358265381e+11
3.735000000000000000e+02 9.807415482549597168e+11
3.750000000000000000e+02 9.959190550874433594e+11
3.765000000000000000e+02 1.011682290999252197e+12
3.780000000000000000e+02 1.028039712161906250e+12
3.795000000000000000e+02 1.044999480310115356e+12
3.810000000000000000e+02 1.062569470953737915e+12
3.825000000000000000e+02 1.080757282407043213e+12
3.840000000000000000e+02 1.099570245628383789e+12
3.855000000000000000e+02 1.119015435671766846e+12
3.870000000000000000e+02 1.139099683236838623e+12
3.885000000000000000e+02 1.159829587983340088e+12
3.900000000000000000e+02 1.181211531927315674e+12
3.915000000000000000e+02 1.203251694230711426e+12
3.930000000000000000e+02 1.225956066182678467e+12
3.945000000000000000e+02 1.249330467216077148e+12
3.960000000000000000e+02 1.273380561435616455e+12
3.975000000000000000e+02 1.298111874621782959e+12
3.990000000000000000e+02 1.323529811664552490e+12
4.005000000000000000e+02 1.349639674656403076e+12
4.020000000000000000e+02 1.376446681049412354e+12
4.035000000000000000e+02 1.403955982304957520e+12
4.050000000000000000e+02 1.432172682654099609e+12
4.065000000000000000e+02 1.461101858095827637e+12
4.080000000000000000e+02 1.490748575438052246e+12
4.095000000000000000e+02 1.521117911420936279e+12
4.110000000000000000e+02 1.552214971690910400e+12
4.125000000000000000e+02 1.584044909927686523e+12
4.140000000000000000e+02 1.616612946527806885e+12
4.155000000000000000e+02 1.649924387233811279e+12
4.170000000000000000e+02 1.683984641470059814e+12
4.185000000000000000e+02 1.718799240433949463e+12
4.200000000000000000e+02 1.754373854466456299e+12
4.215000000000000000e+02 1.790714310374866455e+12
4.230000000000000000e+02 1.827826608046362305e+12
4.245000000000000000e+02 1.865716936365594482e+12
4.260000000000000000e+02 1.904391688923092041e+12
4.275000000000000000e+02 1.943857478559995850e+12
4.290000000000000000e+02 1.984121151612871338e+12
4.305000000000000000e+02 2.025189801017423096e+12
4.320000000000000000e+02 2.067070779037840088e+12
4.335000000000000000e+02 2.109771708664623291e+12
4.350000000000000000e+02 2.153300494464690918e+12
4.365000000000000000e+02 2.197665332277977295e+12
4.380000000000000000e+02 2.242874718059223633e+12
4.395000000000000000e+02 2.288937455531898438e+12
4.410000000000000000e+02 2.335862663003194336e+12
4.425000000000000000e+02 2.383659778762234375e+12
4.440000000000000000e+02 2.432338565768807617e+12
4.455000000000000000e+02 2.481909114662458008e+12
4.470000000000000000e+02 2.532381846081994629e+12
4.485000000000000000e+02 2.583767511365730957e+12
4.500000000000000000e+02 2.636077192148145508e+12
4.515000000000000000e+02 2.689322298753582520e+12
4.530000000000000000e+02 2.743514567133464355e+12
4.545000000000000000e+02 2.798666054645028809e+12
4.560000000000000000e+02 2.854789134183975586e+12
4.575000000000000000e+02 2.911896487303548828e+12
4.590000000000000000e+02 2.970001095759333496e+12
4.605000000000000000e+02 3.029116231629750000e+12
4.620000000000000000e+02 3.089255446077640137e+12
4.635000000000000000e+02 3.150432556595513672e+12
4.650000000000000000e+02 3.212661632965857422e+12
4.665000000000000000e+02 3.275956981507454590e+12
4.680000000000000000e+02 3.340333128063078613e+12
4.695000000000000000e+02 3.405804799392106934e+12
4.710000000000000000e+02 3.472386903097660645e+12
4.725000000000000000e+02 3.540094505976969238e+12
4.740000000000000000e+02 3.608942810969691406e+12
4.755000000000000000e+02 3.678947132414844238e+12
4.770000000000000000e+02 3.750122870029588867e+12
4.785000000000000000e+02 3.822485480922721680e+12
4.800000000000000000e+02 3.896050450511427246e+12
4.815000000000000000e+02 3.970833261588041016e+12
4.830000000000000000e+02 4.046849361834443848e+12
4.845000000000000000e+02 4.124114129822387207e+12
4.860000000000000000e+02 4.202642839510819824e+12
4.875000000000000000e+02 4.282450622808122070e+12
4.890000000000000000e+02 4.363552430935132812e+12
4.905000000000000000e+02 4.445962993840362305e+12
4.920000000000000000e+02 4.529696778291296875e+12
4.935000000000000000e+02 4.614767943952094727e+12
4.950000000000000000e+02 4.701190298080290039e+12
4.965000000000000000e+02 4.788977248709199219e+12
4.980000000000000000e+02 4.878141755558140625e+12
4.995000000000000000e+02 4.968696279993461914e+12
5.010000000000000000e+02 5.060652732881304688e+12
5.025000000000000000e+02 5.154022420703620117e+12
5.040000000000000000e+02 5.248815990425437500e+12
5.055000000000000000e+02 5.345043371917012695e+12
5.070000000000000000e+02 5.442713719497382812e+12
5.085000000000000000e+02 5.541835351144627930e+12
5.100000000000000000e+02 5.642415686243008789e+12
5.115000000000000000e+02 5.744461181574748047e+12
5.130000000000000000e+02 5.847977265754254883e+12
5.145000000000000000e+02 5.952968271619663086e+12
5.160000000000000000e+02 6.059437367278709961e+12
5.175000000000000000e+02 6.167386485350769531e+12
5.190000000000000000e+02 6.276816250487527344e+12
5.205000000000000000e+02 6.387725905383542969e+12
5.220000000000000000e+02 6.500113235149582031e+12
5.235000000000000000e+02 6.613974490030059570e+12
5.250000000000000000e+02 6.729304306886510742e+12
5.265000000000000000e+02 6.846095628736439453e+12
5.280000000000000000e+02 6.964339623492643555e+12
5.295000000000000000e+02 7.084025600805566406e+12
5.310000000000000000e+02 7.205140928035081055e+12
5.325000000000000000e+02 7.327670944900207031e+12
5.340000000000000000e+02 7.451598876995971680e+12
5.355000000000000000e+02 7.576905748539222656e+12
5.370000000000000000e+02 7.703570294100840820e+12
5.385000000000000000e+02 7.831568869783748047e+12
5.400000000000000000e+02 7.960875363724588867e+12
5.415000000000000000e+02 8.091461106347109375e+12
5.430000000000000000e+02 8.223294780256257812e+12
5.445000000000000000e+02 8.356342330323749023e+12
5.460000000000000000e+02 8.490566873828351562e+12
5.475000000000000000e+02 8.625928611029466797e+12
5.490000000000000000e+02 8.762384736578954102e+12
5.505000000000000000e+02 8.899889351729324219e+12
5.520000000000000000e+02 9.038393377673585938e+12
5.535000000000000000e+02 9.177844470885947266e+12
5.550000000000000000e+02 9.318186939679937500e+12
5.565000000000000000e+02 9.459361663421304688e+12
5.580000000000000000e+02 9.601306014047523438e+12
5.595000000000000000e+02 9.743953780725205078e+12
5.610000000000000000e+02 9.887235097565285156e+12
5.625000000000000000e+02 1.003107637528187305e+13
5.640000000000000000e+02 1.017540023696287305e+13
5.655000000000000000e+02 1.032012545840016211e+13
5.670000000000000000e+02 1.046516691362687305e+13
5.685000000000000000e+02 1.061043552597377539e+13
5.700000000000000000e+02 1.075583822508927734e+13
5.715000000000000000e+02 1.090127791077772656e+13
5.730000000000000000e+02 1.104665342369544922e+13
5.745000000000000000e+02 1.119185952401607031e+13
5.760000000000000000e+02 1.133678687792154492e+13
5.775000000000000000e+02 1.148132205317209766e+13
5.790000000000000000e+02 1.162534752378190430e+13
5.805000000000000000e+02 1.176874168474274805e+13
5.820000000000000000e+02 1.191137887694108594e+13
5.835000000000000000e+02 1.205312942346932812e+13
5.850000000000000000e+02 1.219385967706124023e+13
5.865000000000000000e+02 1.233343207991576953e+13
5.880000000000000000e+02 1.247170523616389062e+13
5.895000000000000000e+02 1.260853399728249023e+13
5.910000000000000000e+02 1.274376956142757227e+13
5.925000000000000000e+02 1.287725958670768359e+13
5.940000000000000000e+02 1.300884831919930273e+13
5.955000000000000000e+02 1.313837673589957812e+13
5.970000000000000000e+02 1.326568270299935352e+13
5.985000000000000000e+02 1.339060115009416406e+13
6.000000000000000000e+02 1.351296426018899219e+13
6.015000000000000000e+02 1.363260167623228125e+13
6.030000000000000000e+02 1.374934072387111328e+13
6.045000000000000000e+02 1.386300665108283594e+13
6.060000000000000000e+02 1.397342288440049414e+13
6.075000000000000000e+02 1.408041130181072656e+13
6.090000000000000000e+02 1.418379252231734766e+13
6.105000000000000000e+02 1.428338621224572852e+13
6.120000000000000000e+02 1.437901140761386523e+13
6.135000000000000000e+02 1.447048685265343164e+13
6.150000000000000000e+02 1.455763135420332812e+13
6.165000000000000000e+02 1.464026415103246094e+13
6.180000000000000000e+02 1.471820529815817383e+13
6.195000000000000000e+02 1.479127606511996289e+13
6.210000000000000000e+02 1.485929934785600586e+13
6.225000000000000000e+02 1.492210009289034766e+13
6.240000000000000000e+02 1.497950573367386914e+13
6.255000000000000000e+02 1.503134663739733594e+13
6.270000000000000000e+02 1.507745656189054492e+13
6.285000000000000000e+02 1.511767312098995117e+13
6.300000000000000000e+02 1.515183825741241406e+13
6.315000000000000000e+02 1.517979872213372266e+13
6.330000000000000000e+02 1.520140655830818750e+13
6.345000000000000000e+02 1.521651958907733594e+13
6.360000000000000000e+02 1.522500190732098438e+13
6.375000000000000000e+02 1.522672436613609570e+13
6.390000000000000000e+02 1.522156506836752344e+13
6.405000000000000000e+02 1.520940985370463086e+13
6.420000000000000000e+02 1.519015278191057227e+13
6.435000000000000000e+02 1.516369661019246875e+13
6.450000000000000000e+02 1.512995326337353711e+13
6.465000000000000000e+02 1.508884429534666797e+13
6.480000000000000000e+02 1.504030133975764648e+13
6.495000000000000000e+02 1.498426654865128320e+13
6.510000000000000000e+02 1.492069301732303125e+13
6.525000000000000000e+02 1.484954519378207422e+13
6.540000000000000000e+02 1.477079927107664648e+13
6.555000000000000000e+02 1.468444356124178320e+13
6.570000000000000000e+02 1.459047884895749219e+13
6.585000000000000000e+02 1.448891872351787500e+13
6.600000000000000000e+02 1.437978988775055664e+13
6.615000000000000000e+02 1.426313244195787500e+13
6.630000000000000000e+02 1.413900014196533398e+13
6.645000000000000000e+02 1.400746062923612891e+13
6.660000000000000000e+02 1.386859563200373633e+13
6.675000000000000000e+02 1.372250113569911523e+13
6.690000000000000000e+02 1.356928752132342578e+13
6.705000000000000000e+02 1.340907967015900391e+13
6.720000000000000000e+02 1.324201703345077344e+13
6.735000000000000000e+02 1.306825366532008203e+13
6.750000000000000000e+02 1.288795821747809961e+13
6.765000000000000000e+02 1.270131389397483594e+13
6.780000000000000000e+02 1.250851836437152539e+13
6.795000000000000000e+02 1.230978363349353320e+13
6.810000000000000000e+02 1.210533586606607031e+13
6.825000000000000000e+02 1.189541516415833984e+13
6.840000000000000000e+02 1.168027529569062305e+13
6.855000000000000000e+02 1.146018337181886523e+13
6.870000000000000000e+02 1.123541947133952539e+13
6.885000000000000000e+02 1.100627620986978320e+13
6.900000000000000000e+02 1.077305825185027148e+13
6.915000000000000000e+02 1.053608176335326953e+13
6.930000000000000000e+02 1.029567380364278906e+13
6.945000000000000000e+02 1.005217165373734766e+13
6.960000000000000000e+02 9.805922080253140625e+12
6.975000000000000000e+02 9.557280533173548828e+12
6.990000000000000000e+02 9.306610276294134766e+12
7.005000000000000000e+02 9.054281449723031250e+12
7.020000000000000000e+02 8.800670064134244141e+12
7.035000000000000000e+02 8.546156927074805664e+12
7.050000000000000000e+02 8.291126502224745117e+12
7.065000000000000000e+02 8.035965703465509766e+12
7.080000000000000000e+02 7.781062626135630859e+12
7.095000000000000000e+02 7.526805219183084961e+12
7.110000000000000000e+02 7.273579902623387695e+12
7.125000000000000000e+02 7.021770136034790039e+12
7.140000000000000000e+02 6.771754944987208008e+12
7.155000000000000000e+02 6.523907413407157227e+12
7.170000000000000000e+02 6.278593151286440430e+12
7.185000000000000000e+02 6.036168748329198242e+12
7.200000000000000000e+02 5.796980225351378906e+12
7.215000000000000000e+02 5.561361496440381836e+12
7.230000000000000000e+02 5.329632855925548828e+12
7.245000000000000000e+02 5.102099505158713867e+12
7.260000000000000000e+02 4.879050134758824219e+12
7.275000000000000000e+02 4.660755578602438477e+12
7.290000000000000000e+02 4.447467556025969727e+12
7.305000000000000000e+02 4.239417518645215820e+12
7.320000000000000000e+02 4.036815617827154785e+12
7.335000000000000000e+02 3.839849808178636230e+12
7.350000000000000000e+02 3.648685101166675293e+12
7.365000000000000000e+02 3.463462981665490723e+12
7.380000000000000000e+02 3.284300998215008789e+12
7.395000000000000000e+02 3.111292535711049805e+12
7.410000000000000000e+02 2.944506776611277344e+12
7.425000000000000000e+02 2.783988854040643066e+12
7.440000000000000000e+02 2.629760197131854492e+12
7.455000000000000000e+02 2.481819065859645996e+12
7.470000000000000000e+02 2.340141269389169434e+12
7.485000000000000000e+02 2.204681058878868652e+12
7.500000000000000000e+02 2.075372182646940918e+12
7.515000000000000000e+02 1.952129088798416260e+12
7.530000000000000000e+02 1.834848257976620117e+12
7.545000000000000000e+02 1.723409646768559570e+12
7.560000000000000000e+02 1.617678220680232422e+12
7.575000000000000000e+02 1.517505554458329346e+12
7.590000000000000000e+02 1.422731476908247559e+12
7.605000000000000000e+02 1.333185737329944092e+12
7.620000000000000000e+02 1.248689671146247803e+12
7.635000000000000000e+02 1.169057843296987549e+12
7.650000000000000000e+02 1.094099649409897339e+12
7.665000000000000000e+02 1.023620856603396606e+12
7.680000000000000000e+02 9.574250679407355957e+11
7.695000000000000000e+02 8.953150969709039307e+11
7.710000000000000000e+02 8.370942413326098633e+11
7.725000000000000000e+02 7.825674470440194092e+11
7.740000000000000000e+02 7.315423576958345947e+11
7.755000000000000000e+02 6.838302452953807373e+11
7.770000000000000000e+02 6.392468218602528076e+11
7.785000000000000000e+02 5.976129330212987061e+11
7.800000000000000000e+02 5.587551367884907227e+11
7.815000000000000000e+02 5.225061722580364990e+11
7.830000000000000000e+02 4.887053243737645264e+11
7.845000000000000000e+02 4.571986918885709839e+11
7.860000000000000000e+02 4.278393664299070435e+11
7.875000000000000000e+02 4.004875310558587646e+11
7.890000000000000000e+02 3.750104869301275635e+11
7.905000000000000000e+02 3.512826167690800781e+11
7.920000000000000000e+02 3.291852935544952393e+11
7.935000000000000000e+02 3.086067426936972656e+11
7.950000000000000000e+02 2.894418653812931519e+11
7.965000000000000000e+02 2.715920303815069275e+11
7.980000000000000000e+02 2.549648408871549988e+11
7.995000000000000000e+02 2.394738824664154968e+11
8.010000000000000000e+02 2.250384574952227478e+11
8.025000000000000000e+02 2.115833108197614136e+11
8.040000000000000000e+02 1.990383507946474915e+11
8.055000000000000000e+02 1.873383692399844360e+11
8.070000000000000000e+02 1.764227633249429932e+11
8.085000000000000000e+02 1.662352618636891785e+11
8.100000000000000000e+02 1.567236580602267456e+11
8.115000000000000000e+02 1.478395503161272888e+11
8.130000000000000000e+02 1.395380923538794250e+11
8.145000000000000000e+02 1.317777535832483063e+11
8.160000000000000000e+02 1.245200903624923553e+11
8.175000000000000000e+02 1.177295285707006989e+11
8.190000000000000000e+02 1.113731577043352203e+11
8.205000000000000000e+02 1.054205365460522003e+11
8.220000000000000000e+02 9.984351031891201782e+10
8.235000000000000000e+02 9.461603912770718384e+10
8.250000000000000000e+02 8.971403740065351868e+10
8.265000000000000000e+02 8.511522398133619690e+10
8.280000000000000000e+02 8.079898246646661377e+10
8.295000000000000000e+02 7.674623135046455383e+10
8.310000000000000000e+02 7.293930351358496094e+10
8.325000000000000000e+02 6.936183457577122498e+10
8.340000000000000000e+02 6.599865963064420319e+10
8.355000000000000000e+02 6.283571787575737762e+10
8.370000000000000000e+02 5.985996465832666016e+10
8.385000000000000000e+02 5.705929046690901184e+10
8.400000000000000000e+02 5.442244641017147827e+10
8.415000000000000000e+02 5.193897573964200592e+10
8.430000000000000000e+02 4.959915098933632660e+10
8.445000000000000000e+02 4.739391632425259399e+10
8.460000000000000000e+02 4.531483470794597626e+10
8.475000000000000000e+02 4.335403951791461945e+10
8.490000000000000000e+02 4.150419025990581512e+10
8.505000000000000000e+02 3.975843205087852478e+10
8.520000000000000000e+02 3.811035855842054749e+10
8.535000000000000000e+02 3.655397810980770111e+10
8.550000000000000000e+02 3.508368269606589508e+10
8.565000000000000000e+02 3.369421962226024628e+10
8.580000000000000000e+02 3.238066556910407257e+10
8.595000000000000000e+02 3.113840285199245453e+10
8.610000000000000000e+02 2.996309767874951172e+10
8.625000000000000000e+02 2.885068022592474365e+10
8.640000000000000000e+02 2.779732636785471344e+10
8.655000000000000000e+02 2.679944090835440445e+10
8.670000000000000000e+02 2.585364217933017731e+10
8.685000000000000000e+02 2.495674788279277039e+10
8.700000000000000000e+02 2.410576206586137772e+10
8.715000000000000000e+02 2.329786312882521057e+10
8.730000000000000000e+02 2.253039277712768173e+10
8.745000000000000000e+02 2.180084583703821564e+10
8.760000000000000000e+02 2.110686086264715576e+10
8.775000000000000000e+02 2.044621147007188034e+10
8.790000000000000000e+02 1.981679833977054214e+10
8.805000000000000000e+02 1.921664183496583176e+10
8.820000000000000000e+02 1.864387518725656509e+10
8.835000000000000000e+02 1.809673820651061249e+10
8.850000000000000000e+02 1.757357147336283112e+10
8.865000000000000000e+02 1.707281097714867973e+10
8.880000000000000000e+02 1.659298316444553185e+10
8.895000000000000000e+02 1.613270036390675545e+10
8.910000000000000000e+02 1.569065655625467682e+10
8.925000000000000000e+02 1.526562346043411636e+10
8.940000000000000000e+02 1.485644690444098473e+10
8.955000000000000000e+02 1.446204345640977669e+10
8.970000000000000000e+02 1.408139728713167000e+10
8.985000000000000000e+02 1.371355723972096634e+10
9.000000000000000000e+02 1.335763408176328468e+10
9.015000000000000000e+02 1.301279791780354118e+10
9.030000000000000000e+02 1.267827573939310455e+10
9.045000000000000000e+02 1.235334909354315376e+10
9.060000000000000000e+02 1.203735184984985161e+10
9.075000000000000000e+02 1.172966805027396202e+10
9.090000000000000000e+02 1.142972982426213837e+10
9.105000000000000000e+02 1.113701535761002541e+10
9.120000000000000000e+02 1.085104690103084373e+10
9.135000000000000000e+02 1.057138880922220993e+10
9.150000000000000000e+02 1.029764560162610245e+10
9.165000000000000000e+02 1.002946003864231110e+10
9.180000000000000000e+02 9.766511207042932510e+09
9.195000000000000000e+02 9.508512613174913406e+09
9.210000000000000000e+02 9.255210280510450363e+09
9.225000000000000000e+02 9.006380851945508957e+09
9.240000000000000000e+02 8.761829698108505249e+09
9.255000000000000000e+02 8.521389033762427330e+09
9.270000000000000000e+02 8.284916044683422089e+09
9.285000000000000000e+02 8.052291030994034767e+09
9.300000000000000000e+02 7.823415569790373802e+09
9.315000000000000000e+02 7.598210703586352348e+09
9.330000000000000000e+02 7.376615160440665245e+09
9.345000000000000000e+02 7.158583610608438492e+09
9.360000000000000000e+02 6.944084967271232605e+09
9.375000000000000000e+02 6.733100735693878174e+09
9.390000000000000000e+02 6.525623418020855904e+09
9.405000000000000000e+02 6.321654978142332077e+09
9.420000000000000000e+02 6.121205371767669678e+09
9.435000000000000000e+02 5.924291146920595169e+09
9.450000000000000000e+02 5.730934117920154572e+09
9.465000000000000000e+02 5.541160116546165466e+09
9.480000000000000000e+02 5.354997823539368629e+09
9.495000000000000000e+02 5.172477681319876671e+09
9.510000000000000000e+02 4.993630890895363808e+09
9.525000000000000000e+02 4.818488491638429642e+09
9.540000000000000000e+02 4.647080526142043114e+09
9.555000000000000000e+02 4.479435287653481483e+09
9.570000000000000000e+02 4.315578650218805313e+09
9.585000000000000000e+02 4.155533479007046223e+09
9.600000000000000000e+02 3.999319119361079216e+09
9.615000000000000000e+02 3.846950960672755241e+09
9.630000000000000000e+02 3.698440073964847088e+09
9.645000000000000000e+02 3.553792917352537155e+09
9.660000000000000000e+02 3.413011108164489746e+09
9.675000000000000000e+02 3.276091255710712910e+09
9.690000000000000000e+02 3.143024852376649380e+09
9.705000000000000000e+02 3.013798217270632267e+09
9.720000000000000000e+02 2.888392489446726322e+09
9.735000000000000000e+02 2.766783665861045361e+09
9.750000000000000000e+02 2.648942679370938778e+09
9.765000000000000000e+02 2.534835513454413414e+09
9.780000000000000000e+02 2.424423348502023697e+09
9.795000000000000000e+02 2.317662736854352474e+09
9.810000000000000000e+02 2.214505800881124973e+09
9.825000000000000000e+02 2.114900452750140190e+09
9.840000000000000000e+02 2.018790629611661434e+09
9.855000000000000000e+02 1.926116543494000912e+09
9.870000000000000000e+02 1.836814940529264927e+09
9.885000000000000000e+02 1.750819368320516825e+09
9.900000000000000000e+02 1.668060447163630724e+09
9.915000000000000000e+02 1.588466144186862230e+09
9.930000000000000000e+02 1.511962047239188671e+09
9.945000000000000000e+02 1.438471636352795124e+09
9.960000000000000000e+02 1.367916552249652147e+09
9.975000000000000000e+02 1.300216859224366665e+09
9.990000000000000000e+02 1.235291301963669300e+09
1.000500000000000000e+03 1.173057554920862675e+09
1.002000000000000000e+03 1.113432464122393131e+09
1.003500000000000000e+03 1.056332280571065307e+09
1.005000000000000000e+03 1.001672885361575723e+09
1.006500000000000000e+03 9.493700061362402439e+08
1.008000000000000000e+03 8.993394253445229530e+08
1.009500000000000000e+03 8.514971793737426996e+08
1.011000000000000000e+03 8.057597472883898020e+08
1.012500000000000000e+03 7.620442279844644070e+08
1.014000000000000000e+03 7.202684974426165819e+08
1.015500000000000000e+03 6.803513390098326206e+08
1.017000000000000000e+03 6.422125262311443090e+08
1.018500000000000000e+03 6.057728282839910984e+08
1.020000000000000000e+03 5.709538880121481419e+08
1.021500000000000000e+03 5.376778936365878582e+08
1.023000000000000000e+03 5.058669234006336927e+08
1.024500000000000000e+03 4.754417855262550712e+08
1.026000000000000000e+03 4.463201022421132922e+08
1.027500000000000000e+03 4.184133001271275878e+08
1.029000000000000000e+03 3.916220850151032209e+08
1.030500000000000000e+03 3.658299370314351916e+08
1.032000000000000000e+03 3.408942219738647938e+08
1.033500000000000000e+03 3.166348074633530974e+08
1.035000000000000000e+03 2.928207576992683411e+08
1.036500000000000000e+03 2.691569645902594924e+08
1.038000000000000000e+03 2.452745899580202699e+08
1.039500000000000000e+03 2.207318059121311903e+08
1.041000000000000000e+03 1.950337721453204155e+08
1.042500000000000000e+03 1.676813268402324319e+08
1.044000000000000000e+03 1.382536926499895155e+08
1.045500000000000000e+03 1.065188384224298894e+08
1.047000000000000000e+03 7.254608326121023297e+07
1.048500000000000000e+03 3.677618036429499090e+07
1.050000000000000000e+03 -0.000000000000000000e+00
