0.000000000000000000e+00 0.000000000000000000e+00
1.500000000000000000e+00 3.775078353347235203e+09
3.000000000000000000e+00 7.550545852811770439e+09
4.500000000000000000e+00 1.132679169018693352e+10
6.000000000000000000e+00 1.510420514585672379e+10
7.500000000000000000e+00 1.888317563159023666e+10
9.000000000000000000e+00 2.266409273305170822e+10
1.050000000000000000e+01 2.644734625180540848e+10
1.200000000000000000e+01 3.023332624684457016e+10
1.350000000000000000e+01 3.402242307559949112e+10
1.500000000000000000e+01 3.781502743415492249e+10
1.650000000000000000e+01 4.161153039666687775e+10
1.800000000000000000e+01 4.541232345385376740e+10
1.950000000000000000e+01 4.921779855056102753e+10
2.100000000000000000e+01 5.302834812207087708e+10
2.250000000000000000e+01 5.684436512934608459e+10
2.400000000000000000e+01 6.066624309281929016e+10
2.550000000000000000e+01 6.449437612480465698e+10
2.700000000000000000e+01 6.832915896033652496e+10
2.850000000000000000e+01 7.217098698646322632e+10
3.000000000000000000e+01 7.602025626966371155e+10
3.150000000000000000e+01 7.987736358139442444e+10
3.300000000000000000e+01 8.374270642177859497e+10
3.450000000000000000e+01 8.761668304102996826e+10
3.600000000000000000e+01 9.149969245884594727e+10
3.750000000000000000e+01 9.539213448125460815e+10
3.900000000000000000e+01 9.929440971525245667e+10
4.050000000000000000e+01 1.032069195807404785e+11
4.200000000000000000e+01 1.071300663198092041e+11
4.350000000000000000e+01 1.110642530032001648e+11
4.500000000000000000e+01 1.150098835339150238e+11
4.650000000000000000e+01 1.189673626477007446e+11
4.800000000000000000e+01 1.229370959103477936e+11
4.950000000000000000e+01 1.269194897118193054e+11
5.100000000000000000e+01 1.309149512568978119e+11
5.250000000000000000e+01 1.349238885522316742e+11
5.400000000000000000e+01 1.389467103897290344e+11
5.550000000000000000e+01 1.429838263262849121e+11
5.700000000000000000e+01 1.470356466593967285e+11
5.850000000000000000e+01 1.511025823988637390e+11
6.000000000000000000e+01 1.551850452343209839e+11
6.150000000000000000e+01 1.592834474983576965e+11
6.300000000000000000e+01 1.633982021253046570e+11
6.450000000000000000e+01 1.675297226054506531e+11
6.600000000000000000e+01 1.716784229345581970e+11
6.750000000000000000e+01 1.758447175587095337e+11
6.900000000000000000e+01 1.800290213140479431e+11
7.050000000000000000e+01 1.842317493615758972e+11
7.200000000000000000e+01 1.884533171168851624e+11
7.350000000000000000e+01 1.926941401745583496e+11
7.500000000000000000e+01 1.969546342271048279e+11
7.650000000000000000e+01 2.012352149785639954e+11
7.800000000000000000e+01 2.055362980525451965e+11
7.950000000000000000e+01 2.098582988943815613e+11
8.100000000000000000e+01 2.142016326677865906e+11
8.250000000000000000e+01 2.185667141454508362e+11
8.400000000000000000e+01 2.229539575937956238e+11
8.550000000000000000e+01 2.273637766516078186e+11
8.700000000000000000e+01 2.317965842028143005e+11
8.850000000000000000e+01 2.362527922427818909e+11
9.000000000000000000e+01 2.407328117387406006e+11
9.150000000000000000e+01 2.452370524836766663e+11
9.300000000000000000e+01 2.497659229441914673e+11
9.450000000000000000e+01 2.543198301019073181e+11
9.600000000000000000e+01 2.588991792885003052e+11
9.750000000000000000e+01 2.635043740146768799e+11
9.900000000000000000e+01 2.681358157924448242e+11
1.005000000000000000e+02 2.727939039514562683e+11
1.020000000000000000e+02 2.774790354488463135e+11
1.035000000000000000e+02 2.821916046730287476e+11
1.050000000000000000e+02 2.869320032412224121e+11
1.065000000000000000e+02 2.917006197909790649e+11
1.080000000000000000e+02 2.964978397657882690e+11
1.095000000000000000e+02 3.013240451947139282e+11
1.110000000000000000e+02 3.061796144664851685e+11
1.125000000000000000e+02 3.110649220979392700e+11
1.140000000000000000e+02 3.159803384970278931e+11
1.155000000000000000e+02 3.209262297208259888e+11
1.170000000000000000e+02 3.259029572283569946e+11
1.185000000000000000e+02 3.309108776289302368e+11
1.200000000000000000e+02 3.359503424257736206e+11
1.215000000000000000e+02 3.410216977558139648e+11
1.230000000000000000e+02 3.461252841252215576e+11
1.245000000000000000e+02 3.512614361419042358e+11
1.260000000000000000e+02 3.564304822445209961e+11
1.275000000000000000e+02 3.616327444288947144e+11
1.290000000000000000e+02 3.668685379721743164e+11
1.305000000000000000e+02 3.721381711551267090e+11
1.320000000000000000e+02 3.774419449830340576e+11
1.335000000000000000e+02 3.827801529058332520e+11
1.350000000000000000e+02 3.881530805379727783e+11
1.365000000000000000e+02 3.935610053785394897e+11
1.380000000000000000e+02 3.990041965323895264e+11
1.395000000000000000e+02 4.044829144328440552e+11
1.410000000000000000e+02 4.099974105666529541e+11
1.425000000000000000e+02 4.155479272019354858e+11
1.440000000000000000e+02 4.211346971200137939e+11
1.455000000000000000e+02 4.267579433516181030e+11
1.470000000000000000e+02 4.324178789185781250e+11
1.485000000000000000e+02 4.381147065818251953e+11
1.500000000000000000e+02 4.438486185963623047e+11
1.515000000000000000e+02 4.496197964744819336e+11
1.530000000000000000e+02 4.554284107579794312e+11
1.545000000000000000e+02 4.612746208003724976e+11
1.560000000000000000e+02 4.671585745603164673e+11
1.575000000000000000e+02 4.730804084070836182e+11
1.590000000000000000e+02 4.790402469393201904e+11
1.605000000000000000e+02 4.850382028182211304e+11
1.620000000000000000e+02 4.910743766163257446e+11
1.635000000000000000e+02 4.971488566828927612e+11
1.650000000000000000e+02 5.032617190274517212e+11
1.665000000000000000e+02 5.094130272223154907e+11
1.680000000000000000e+02 5.156028323258900757e+11
1.695000000000000000e+02 5.218311728273196411e+11
1.710000000000000000e+02 5.280980746145770264e+11
1.725000000000000000e+02 5.344035509667615967e+11
1.740000000000000000e+02 5.407476025720455933e+11
1.755000000000000000e+02 5.471302175728523560e+11
1.770000000000000000e+02 5.535513716392208252e+11
1.785000000000000000e+02 5.600110280720454102e+11
1.800000000000000000e+02 5.665091379373874512e+11
1.815000000000000000e+02 5.730456402332183838e+11
1.830000000000000000e+02 5.796204620899232178e+11
1.845000000000000000e+02 5.862335190058173828e+11
1.860000000000000000e+02 5.928847151192009277e+11
1.875000000000000000e+02 5.995739435179145508e+11
1.890000000000000000e+02 6.063010865877673340e+11
1.905000000000000000e+02 6.130660164013094482e+11
1.920000000000000000e+02 6.198685951475759277e+11
1.935000000000000000e+02 6.267086756042823486e+11
1.950000000000000000e+02 6.335861016536787109e+11
1.965000000000000000e+02 6.405007088425361328e+11
1.980000000000000000e+02 6.474523249877481689e+11
1.995000000000000000e+02 6.544407708280122070e+11
2.010000000000000000e+02 6.614658607227447510e+11
2.025000000000000000e+02 6.685274033984852295e+11
2.040000000000000000e+02 6.756252027436350098e+11
2.055000000000000000e+02 6.827590586523231201e+11
2.070000000000000000e+02 6.899287679169710693e+11
2.085000000000000000e+02 6.971341251707205811e+11
2.100000000000000000e+02 7.043749238791993408e+11
2.115000000000000000e+02 7.116509573821372070e+11
2.130000000000000000e+02 7.189620199842246094e+11
2.145000000000000000e+02 7.263079080953314209e+11
2.160000000000000000e+02 7.336884214195601807e+11
2.175000000000000000e+02 7.411033641922481689e+11
2.190000000000000000e+02 7.485525464646968994e+11
2.205000000000000000e+02 7.560357854353111572e+11
2.220000000000000000e+02 7.635529068260913086e+11
2.235000000000000000e+02 7.711037463034265137e+11
2.250000000000000000e+02 7.786881509413211670e+11
2.265000000000000000e+02 7.863059807259392090e+11
2.280000000000000000e+02 7.939571100990727539e+11
2.295000000000000000e+02 8.016414295387410889e+11
2.310000000000000000e+02 8.093588471747777100e+11
2.325000000000000000e+02 8.171092904367446289e+11
2.340000000000000000e+02 8.248927077315114746e+11
2.355000000000000000e+02 8.327090701479020996e+11
2.370000000000000000e+02 8.405583731850809326e+11
2.385000000000000000e+02 8.484406385016060791e+11
2.400000000000000000e+02 8.563559156815917969e+11
2.415000000000000000e+02 8.643042840144675293e+11
2.430000000000000000e+02 8.722858542843952637e+11
2.445000000000000000e+02 8.803007705654754639e+11
2.460000000000000000e+02 8.883492120185477295e+11
2.475000000000000000e+02 8.964313946851604004e+11
2.490000000000000000e+02 9.045475732744692383e+11
2.505000000000000000e+02 9.126980429382254639e+11
2.520000000000000000e+02 9.208831410292297363e+11
2.535000000000000000e+02 9.291032488385775146e+11
2.550000000000000000e+02 9.373587933062932129e+11
2.565000000000000000e+02 9.456502487009837646e+11
2.580000000000000000e+02 9.539781382627447510e+11
2.595000000000000000e+02 9.623430358048630371e+11
2.610000000000000000e+02 9.707455672685402832e+11
2.625000000000000000e+02 9.791864122260131836e+11
2.640000000000000000e+02 9.876663053264700928e+11
2.655000000000000000e+02 9.961860376800926514e+11
2.670000000000000000e+02 1.004746458174749878e+12
2.685000000000000000e+02 1.013348474720783203e+12
2.700000000000000000e+02 1.021993055418628174e+12
2.715000000000000000e+02 1.030681229644882324e+12
2.730000000000000000e+02 1.039414089051946533e+12
2.745000000000000000e+02 1.048192788477123535e+12
2.760000000000000000e+02 1.057018546756680664e+12
2.775000000000000000e+02 1.065892647441025757e+12
2.790000000000000000e+02 1.074816439407332397e+12
2.805000000000000000e+02 1.083791337365899536e+12
2.820000000000000000e+02 1.092818822257349731e+12
2.835000000000000000e+02 1.101900441537425293e+12
2.850000000000000000e+02 1.111037809347273926e+12
2.865000000000000000e+02 1.120232606566606934e+12
2.880000000000000000e+02 1.129486580748136719e+12
2.895000000000000000e+02 1.138801545931683350e+12
2.910000000000000000e+02 1.148179382336958008e+12
2.925000000000000000e+02 1.157622035934383057e+12
2.940000000000000000e+02 1.167131517893583984e+12
2.955000000000000000e+02 1.176709903909850830e+12
2.970000000000000000e+02 1.186359333409065674e+12
2.985000000000000000e+02 1.196082008632200684e+12
3.000000000000000000e+02 1.205880193600842529e+12
3.015000000000000000e+02 1.215756212965617188e+12
3.030000000000000000e+02 1.225712450739922363e+12
3.045000000000000000e+02 1.235751348921729248e+12
3.060000000000000000e+02 1.245875406006540039e+12
3.075000000000000000e+02 1.256087175395281738e+12
3.090000000000000000e+02 1.266389263701044678e+12
3.105000000000000000e+02 1.276784328959104004e+12
3.120000000000000000e+02 1.287275078744858643e+12
3.135000000000000000e+02 1.297864268205114014e+12
3.150000000000000000e+02 1.308554698007825684e+12
3.165000000000000000e+02 1.319349212216321289e+12
3.180000000000000000e+02 1.330250696093906006e+12
3.195000000000000000e+02 1.341262073845420898e+12
3.210000000000000000e+02 1.352386306301851074e+12
3.225000000000000000e+02 1.363626388555396240e+12
3.240000000000000000e+02 1.374985347551335693e+12
3.255000000000000000e+02 1.386466239644389404e+12
3.270000000000000000e+02 1.398072148126211670e+12
3.285000000000000000e+02 1.409806180731841553e+12
3.300000000000000000e+02 1.421671467132252686e+12
3.315000000000000000e+02 1.433671156420529053e+12
3.330000000000000000e+02 1.445808414598836914e+12
3.345000000000000000e+02 1.458086422073947998e+12
3.360000000000000000e+02 1.470508371168331299e+12
3.375000000000000000e+02 1.483077463654177246e+12
3.390000000000000000e+02 1.495796908317330811e+12
3.405000000000000000e+02 1.508669918558221436e+12
3.420000000000000000e+02 1.521699710036371338e+12
3.435000000000000000e+02 1.534889498365249756e+12
3.450000000000000000e+02 1.548242496863506836e+12
3.465000000000000000e+02 1.561761914368869141e+12
3.480000000000000000e+02 1.575450953120395508e+12
3.495000000000000000e+02 1.589312806714446777e+12
3.510000000000000000e+02 1.603350658139741455e+12
3.525000000000000000e+02 1.617567677896204590e+12
3.540000000000000000e+02 1.631967022201775635e+12
3.555000000000000000e+02 1.646551831291940674e+12
3.570000000000000000e+02 1.661325227814822754e+12
3.585000000000000000e+02 1.676290315325936279e+12
3.600000000000000000e+02 1.691450176884989502e+12
3.615000000000000000e+02 1.706807873757432861e+12
3.630000000000000000e+02 1.722366444222794434e+12
3.645000000000000000e+02 1.738128902491623535e+12
3.660000000000000000e+02 1.754098237731989746e+12
3.675000000000000000e+02 1.770277413206710449e+12
3.690000000000000000e+02 1.786669365521549072e+12
3.705000000000000000e+02 1.803277003984462891e+12
3.720000000000000000e+02 1.820103210075398682e+12
3.735000000000000000e+02 1.837150837026136963e+12
3.750000000000000000e+02 1.854422709508729248e+12
3.765000000000000000e+02 1.871921623430959473e+12
3.780000000000000000e+02 1.889650345837297852e+12
3.795000000000000000e+02 1.907611614912458984e+12
3.810000000000000000e+02 1.925808140085502686e+12
3.825000000000000000e+02 1.944242602231206055e+12
3.840000000000000000e+02 1.962917653965328125e+12
3.855000000000000000e+02 1.981835920030619629e+12
3.870000000000000000e+02 2.000999997769007324e+12
3.885000000000000000e+02 2.020412457676665039e+12
3.900000000000000000e+02 2.040075844036659180e+12
3.915000000000000000e+02 2.059992675625204102e+12
3.930000000000000000e+02 2.080165446486208496e+12
3.945000000000000000e+02 2.100596626769334961e+12
3.960000000000000000e+02 2.121288663626050293e+12
3.975000000000000000e+02 2.142243982158380859e+12
3.990000000000000000e+02 2.163464986414530029e+12
4.005000000000000000e+02 2.184954060425896240e+12
4.020000000000000000e+02 2.206713569279431641e+12
4.035000000000000000e+02 2.228745860219309570e+12
4.050000000000000000e+02 2.251053263771912598e+12
4.065000000000000000e+02 2.273638094888011719e+12
4.080000000000000000e+02 2.296502654095794434e+12
4.095000000000000000e+02 2.319649228658520996e+12
4.110000000000000000e+02 2.343080093730534668e+12
4.125000000000000000e+02 2.366797513505294922e+12
4.140000000000000000e+02 2.390803742349176270e+12
4.155000000000000000e+02 2.415101025914437012e+12
4.170000000000000000e+02 2.439691602225517090e+12
4.185000000000000000e+02 2.464577702732068848e+12
4.200000000000000000e+02 2.489761553322522949e+12
4.215000000000000000e+02 2.515245375292239746e+12
4.230000000000000000e+02 2.541031386259986328e+12
4.245000000000000000e+02 2.567121801026673340e+12
4.260000000000000000e+02 2.593518832370735840e+12
4.275000000000000000e+02 2.620224691773856445e+12
4.290000000000000000e+02 2.647241590071725098e+12
4.305000000000000000e+02 2.674571738023905762e+12
4.320000000000000000e+02 2.702217346797657715e+12
4.335000000000000000e+02 2.730180628359806152e+12
4.350000000000000000e+02 2.758463795771959473e+12
4.365000000000000000e+02 2.787069063383630371e+12
4.380000000000000000e+02 2.815998646918301270e+12
4.395000000000000000e+02 2.845254763447714355e+12
4.410000000000000000e+02 2.874839631249639648e+12
4.425000000000000000e+02 2.904755469544456055e+12
4.440000000000000000e+02 2.935004498106434082e+12
4.455000000000000000e+02 2.965588936745056152e+12
4.470000000000000000e+02 2.996511004652741211e+12
4.485000000000000000e+02 3.027772919614605469e+12
4.500000000000000000e+02 3.059376897076734863e+12
4.515000000000000000e+02 3.091325149069244141e+12
4.530000000000000000e+02 3.123619882980641602e+12
4.545000000000000000e+02 3.156263300180076172e+12
4.560000000000000000e+02 3.189257594484266113e+12
4.575000000000000000e+02 3.222604950466144043e+12
4.590000000000000000e+02 3.256307541602305176e+12
4.605000000000000000e+02 3.290367528256187988e+12
4.620000000000000000e+02 3.324787055494542969e+12
4.635000000000000000e+02 3.359568250734712402e+12
4.650000000000000000e+02 3.394713221219980469e+12
4.665000000000000000e+02 3.430224051320942383e+12
4.680000000000000000e+02 3.466102799660591797e+12
4.695000000000000000e+02 3.502351496060930664e+12
4.710000000000000000e+02 3.538972138309176270e+12
4.725000000000000000e+02 3.575966688741476074e+12
4.740000000000000000e+02 3.613337070642555664e+12
4.755000000000000000e+02 3.651085164459066406e+12
4.770000000000000000e+02 3.689212803825396484e+12
4.785000000000000000e+02 3.727721771399808594e+12
4.800000000000000000e+02 3.766613794509668945e+12
4.815000000000000000e+02 3.805890540603982422e+12
4.830000000000000000e+02 3.845553612511781738e+12
4.845000000000000000e+02 3.885604543504800781e+12
4.860000000000000000e+02 3.926044792163119629e+12
4.875000000000000000e+02 3.966875737042086914e+12
4.890000000000000000e+02 4.008098671139425781e+12
4.905000000000000000e+02 4.049714796160843262e+12
4.920000000000000000e+02 4.091725216582867676e+12
4.935000000000000000e+02 4.134130933511573730e+12
4.950000000000000000e+02 4.176932838335681152e+12
4.965000000000000000e+02 4.220131706172977539e+12
4.980000000000000000e+02 4.263728189108219727e+12
4.995000000000000000e+02 4.307722809221794434e+12
5.010000000000000000e+02 4.352115951407331055e+12
5.025000000000000000e+02 4.396907855977216797e+12
5.040000000000000000e+02 4.442098611054827148e+12
5.055000000000000000e+02 4.487688144751806641e+12
5.070000000000000000e+02 4.533676217129974609e+12
5.085000000000000000e+02 4.580062411945850586e+12
5.100000000000000000e+02 4.626846128177451172e+12
5.115000000000000000e+02 4.674026571331933594e+12
5.130000000000000000e+02 4.721602744533344727e+12
5.145000000000000000e+02 4.769573439389597656e+12
5.160000000000000000e+02 4.817937226638130859e+12
5.175000000000000000e+02 4.866692446569560547e+12
5.190000000000000000e+02 4.915837199229033203e+12
5.205000000000000000e+02 4.965369334394995117e+12
5.220000000000000000e+02 5.015286441335594727e+12
5.235000000000000000e+02 5.065585838342634766e+12
5.250000000000000000e+02 5.116264562044005859e+12
5.265000000000000000e+02 5.167319356494929688e+12
5.280000000000000000e+02 5.218746662049503906e+12
5.295000000000000000e+02 5.270542604013849609e+12
5.310000000000000000e+02 5.322702981082559570e+12
5.325000000000000000e+02 5.375223253561149414e+12
5.340000000000000000e+02 5.428098531376554688e+12
5.355000000000000000e+02 5.481323561879671875e+12
5.370000000000000000e+02 5.534892717442878906e+12
5.385000000000000000e+02 5.588799982857566406e+12
5.400000000000000000e+02 5.643038942536134766e+12
5.415000000000000000e+02 5.697602767523966797e+12
5.430000000000000000e+02 5.752484202328282227e+12
5.445000000000000000e+02 5.807675551570034180e+12
5.460000000000000000e+02 5.863168666467388672e+12
5.475000000000000000e+02 5.918954931158904297e+12
5.490000000000000000e+02 5.975025248876298828e+12
5.505000000000000000e+02 6.031370027977055664e+12
5.520000000000000000e+02 6.087979167848393555e+12
5.535000000000000000e+02 6.144842044695259766e+12
5.550000000000000000e+02 6.201947497225311523e+12
5.565000000000000000e+02 6.259283812246298828e+12
5.580000000000000000e+02 6.316838710191122070e+12
5.595000000000000000e+02 6.374599330588175781e+12
5.610000000000000000e+02 6.432552217494557617e+12
5.625000000000000000e+02 6.490683304912806641e+12
5.640000000000000000e+02 6.548977902211253906e+12
5.655000000000000000e+02 6.607420679571108398e+12
5.670000000000000000e+02 6.665995653483842773e+12
5.685000000000000000e+02 6.724686172324362305e+12
5.700000000000000000e+02 6.783474902026833008e+12
5.715000000000000000e+02 6.842343811891648438e+12
5.730000000000000000e+02 6.901274160553950195e+12
5.745000000000000000e+02 6.960246482144933594e+12
5.760000000000000000e+02 7.019240572679724609e+12
5.775000000000000000e+02 7.078235476706877930e+12
5.790000000000000000e+02 7.137209474256130859e+12
5.805000000000000000e+02 7.196140068123267578e+12
5.820000000000000000e+02 7.255003971532137695e+12
5.835000000000000000e+02 7.313777096216183594e+12
5.850000000000000000e+02 7.372434540962854492e+12
5.865000000000000000e+02 7.430950580667105469e+12
5.880000000000000000e+02 7.489298655940921875e+12
5.895000000000000000e+02 7.547451363327960938e+12
5.910000000000000000e+02 7.605380446174561523e+12
5.925000000000000000e+02 7.663056786209314453e+12
5.940000000000000000e+02 7.720450395885615234e+12
5.955000000000000000e+02 7.777530411543259766e+12
5.970000000000000000e+02 7.834265087446373047e+12
5.985000000000000000e+02 7.890621790757223633e+12
6.000000000000000000e+02 7.946566997506338867e+12
6.015000000000000000e+02 8.002066289621535156e+12
6.030000000000000000e+02 8.057084353079118164e+12
6.045000000000000000e+02 8.111584977242965820e+12
6.060000000000000000e+02 8.165531055457543945e+12
6.075000000000000000e+02 8.218884586962949219e+12
6.090000000000000000e+02 8.271606680200815430e+12
6.105000000000000000e+02 8.323657557581928711e+12
6.120000000000000000e+02 8.374996561786434570e+12
6.135000000000000000e+02 8.425582163669560547e+12
6.150000000000000000e+02 8.475371971846696289e+12
6.165000000000000000e+02 8.524322744032139648e+12
6.180000000000000000e+02 8.572390400207895508e+12
6.195000000000000000e+02 8.619530037699045898e+12
6.210000000000000000e+02 8.665695948233644531e+12
6.225000000000000000e+02 8.710841637065968750e+12
6.240000000000000000e+02 8.754919844243454102e+12
6.255000000000000000e+02 8.797882568098097656e+12
6.270000000000000000e+02 8.839681091045107422e+12
6.285000000000000000e+02 8.880266007771712891e+12
6.300000000000000000e+02 8.919587255901875000e+12
6.315000000000000000e+02 8.957594149223244141e+12
6.330000000000000000e+02 8.994235413563671875e+12
6.345000000000000000e+02 9.029459225408693359e+12
6.360000000000000000e+02 9.063213253350667969e+12
6.375000000000000000e+02 9.095444702464298828e+12
6.390000000000000000e+02 9.126100361704986328e+12
6.405000000000000000e+02 9.155126654429365234e+12
6.420000000000000000e+02 9.182469692139947266e+12
6.435000000000000000e+02 9.208075331559166016e+12
6.450000000000000000e+02 9.231889235141369141e+12
6.465000000000000000e+02 9.253856935135277344e+12
6.480000000000000000e+02 9.273923901312628906e+12
6.495000000000000000e+02 9.292035612483140625e+12
6.510000000000000000e+02 9.308137631920294922e+12
6.525000000000000000e+02 9.322175686825753906e+12
6.540000000000000000e+02 9.334095751965861328e+12
6.555000000000000000e+02 9.343844137616365234e+12
6.570000000000000000e+02 9.351367581956984375e+12
6.585000000000000000e+02 9.356613348059599609e+12
6.600000000000000000e+02 9.359529325618595703e+12
6.615000000000000000e+02 9.360064137572486328e+12
6.630000000000000000e+02 9.358167251770144531e+12
6.645000000000000000e+02 9.353789097832781250e+12
6.660000000000000000e+02 9.346881189363695312e+12
6.675000000000000000e+02 9.337396251654550781e+12
6.690000000000000000e+02 9.325288355031605469e+12
6.705000000000000000e+02 9.310513053978876953e+12
6.720000000000000000e+02 9.293027532163980469e+12
6.735000000000000000e+02 9.272790753478722656e+12
6.750000000000000000e+02 9.249763619188578125e+12
6.765000000000000000e+02 9.223909131262265625e+12
6.780000000000000000e+02 9.195192561924011719e+12
6.795000000000000000e+02 9.163581629438550781e+12
6.810000000000000000e+02 9.129046680095529297e+12
6.825000000000000000e+02 9.091560876313580078e+12
6.840000000000000000e+02 9.051100390726068359e+12
6.855000000000000000e+02 9.007644606044841797e+12
6.870000000000000000e+02 8.961176320422982422e+12
6.885000000000000000e+02 8.911681957949085938e+12
6.900000000000000000e+02 8.859151783809480469e+12
6.915000000000000000e+02 8.803580123542906250e+12
6.930000000000000000e+02 8.744965585689815430e+12
6.945000000000000000e+02 8.683311287002595703e+12
6.960000000000000000e+02 8.618625079233485352e+12
6.975000000000000000e+02 8.550919776354798828e+12
6.990000000000000000e+02 8.480213380890208008e+12
7.005000000000000000e+02 8.406529307848752930e+12
7.020000000000000000e+02 8.329896604554392578e+12
7.035000000000000000e+02 8.250350164455346680e+12
7.050000000000000000e+02 8.167930932781191406e+12
7.065000000000000000e+02 8.082686101696443359e+12
7.080000000000000000e+02 7.994669292375195312e+12
7.095000000000000000e+02 7.903940721203916992e+12
7.110000000000000000e+02 7.810567347106683594e+12
7.125000000000000000e+02 7.714622996788636719e+12
7.140000000000000000e+02 7.616188464516452148e+12
7.155000000000000000e+02 7.515351582901448242e+12
7.170000000000000000e+02 7.412207261036970703e+12
7.185000000000000000e+02 7.306857486269802734e+12
7.200000000000000000e+02 7.199411285867443359e+12
7.215000000000000000e+02 7.089984644889092773e+12
7.230000000000000000e+02 6.978700376686708984e+12
7.245000000000000000e+02 6.865687942664239258e+12
7.260000000000000000e+02 6.751083218215225586e+12
7.275000000000000000e+02 6.635028202151980469e+12
7.290000000000000000e+02 6.517670667436802734e+12
7.305000000000000000e+02 6.399163751632756836e+12
7.320000000000000000e+02 6.279665486209103516e+12
7.335000000000000000e+02 6.159338264663741211e+12
7.350000000000000000e+02 6.038348250353612305e+12
7.365000000000000000e+02 5.916864725946315430e+12
7.380000000000000000e+02 5.795059387504975586e+12
7.395000000000000000e+02 5.673105587376090820e+12
7.410000000000000000e+02 5.551177531239082031e+12
7.425000000000000000e+02 5.429449435869510742e+12
7.440000000000000000e+02 5.308094655331666992e+12
7.455000000000000000e+02 5.187284784410870117e+12
7.470000000000000000e+02 5.067188749086916992e+12
7.485000000000000000e+02 4.947971894694289062e+12
7.500000000000000000e+02 4.829795083076041016e+12
7.515000000000000000e+02 4.712813810478672852e+12
7.530000000000000000e+02 4.597177358127600586e+12
7.545000000000000000e+02 4.483027987339223633e+12
7.560000000000000000e+02 4.370500190653728027e+12
7.575000000000000000e+02 4.259720009806562500e+12
7.590000000000000000e+02 4.150804430400261719e+12
7.605000000000000000e+02 4.043860861912425293e+12
7.620000000000000000e+02 3.938986710205462402e+12
7.635000000000000000e+02 3.836269048031925781e+12
7.650000000000000000e+02 3.735784387201794434e+12
7.665000000000000000e+02 3.637598554152668945e+12
7.680000000000000000e+02 3.541766668700069336e+12
7.695000000000000000e+02 3.448333223806101562e+12
7.710000000000000000e+02 3.357332262350044434e+12
7.725000000000000000e+02 3.268787645174378906e+12
7.740000000000000000e+02 3.182713403161146973e+12
7.755000000000000000e+02 3.099114164810818848e+12
7.770000000000000000e+02 3.017985649778301758e+12
7.785000000000000000e+02 2.939315218087872070e+12
7.800000000000000000e+02 2.863082464308191406e+12
7.815000000000000000e+02 2.789259845815475586e+12
7.830000000000000000e+02 2.717813334392436035e+12
7.845000000000000000e+02 2.648703080778201660e+12
7.860000000000000000e+02 2.581884082369693848e+12
7.875000000000000000e+02 2.517306845039352051e+12
7.890000000000000000e+02 2.454918030940291504e+12
7.905000000000000000e+02 2.394661085174597656e+12
7.920000000000000000e+02 2.336476835266375977e+12
7.935000000000000000e+02 2.280304058468660156e+12
7.950000000000000000e+02 2.226080013011050781e+12
7.965000000000000000e+02 2.173740930431814697e+12
7.980000000000000000e+02 2.123222467113303223e+12
7.995000000000000000e+02 2.074460114031658203e+12
8.010000000000000000e+02 2.027389564531450195e+12
8.025000000000000000e+02 1.981947040631524414e+12
8.040000000000000000e+02 1.938069578960651367e+12
8.055000000000000000e+02 1.895695277907272461e+12
8.070000000000000000e+02 1.854763507953681885e+12
8.085000000000000000e+02 1.815215087455145264e+12
8.100000000000000000e+02 1.776992426328646240e+12
8.115000000000000000e+02 1.740039640242079834e+12
8.130000000000000000e+02 1.704302637953295410e+12
8.145000000000000000e+02 1.669729184449353027e+12
8.160000000000000000e+02 1.636268942489112305e+12
8.175000000000000000e+02 1.603873495067127686e+12
8.190000000000000000e+02 1.572496351200733643e+12
8.205000000000000000e+02 1.542092937304567139e+12
8.220000000000000000e+02 1.512620576263475342e+12
8.235000000000000000e+02 1.484038456152002930e+12
8.250000000000000000e+02 1.456307590380991455e+12
8.265000000000000000e+02 1.429390770884471436e+12
8.280000000000000000e+02 1.403252515794624512e+12
8.295000000000000000e+02 1.377859012893381348e+12
8.310000000000000000e+02 1.353178059976979004e+12
8.325000000000000000e+02 1.329179003126602051e+12
8.340000000000000000e+02 1.305832673744587646e+12
8.355000000000000000e+02 1.283111325092360596e+12
8.370000000000000000e+02 1.260988568953555420e+12
8.385000000000000000e+02 1.239439312943563965e+12
8.400000000000000000e+02 1.218439698894391113e+12
8.415000000000000000e+02 1.197967042662162598e+12
8.430000000000000000e+02 1.177999775631263428e+12
8.445000000000000000e+02 1.158517388125857422e+12
8.460000000000000000e+02 1.139500374883679443e+12
8.475000000000000000e+02 1.120930182699052246e+12
8.490000000000000000e+02 1.102789160301445557e+12
8.505000000000000000e+02 1.085060510501066040e+12
8.520000000000000000e+02 1.067728244604276978e+12
8.535000000000000000e+02 1.050777139078259033e+12
8.550000000000000000e+02 1.034192694424755615e+12
8.565000000000000000e+02 1.017961096208229492e+12
8.580000000000000000e+02 1.002069178171941284e+12
8.595000000000000000e+02 9.865043873672585449e+11
8.610000000000000000e+02 9.712547512153338623e+11
8.625000000000000000e+02 9.563088464171280518e+11
8.640000000000000000e+02 9.416557696255129395e+11
8.655000000000000000e+02 9.272851097932209473e+11
8.670000000000000000e+02 9.131869221111685791e+11
8.685000000000000000e+02 8.993517034534941406e+11
8.700000000000000000e+02 8.857703692482663574e+11
8.715000000000000000e+02 8.724342316956801758e+11
8.730000000000000000e+02 8.593349792589588623e+11
8.745000000000000000e+02 8.464646573566887207e+11
8.760000000000000000e+02 8.338156501885643311e+11
8.775000000000000000e+02 8.213806636303142090e+11
8.790000000000000000e+02 8.091527091365354004e+11
8.805000000000000000e+02 7.971250885936132812e+11
8.820000000000000000e+02 7.852913800675098877e+11
8.835000000000000000e+02 7.736454243942858887e+11
8.850000000000000000e+02 7.621813125632451172e+11
8.865000000000000000e+02 7.508933738452667236e+11
8.880000000000000000e+02 7.397761646206593018e+11
8.895000000000000000e+02 7.288244578628759766e+11
8.910000000000000000e+02 7.180332332361090088e+11
8.925000000000000000e+02 7.073976677665811768e+11
8.940000000000000000e+02 6.969131270485074463e+11
8.955000000000000000e+02 6.865751569477034912e+11
8.970000000000000000e+02 6.763794757668880615e+11
8.985000000000000000e+02 6.663219668383216553e+11
9.000000000000000000e+02 6.563986715109688721e+11
9.015000000000000000e+02 6.466057825009268799e+11
9.030000000000000000e+02 6.369396375752834473e+11
9.045000000000000000e+02 6.273967135414246826e+11
9.060000000000000000e+02 6.179736205153454590e+11
9.075000000000000000e+02 6.086670964444191895e+11
9.090000000000000000e+02 5.994740018617352295e+11
9.105000000000000000e+02 5.903913148512145996e+11
9.120000000000000000e+02 5.814161262042530518e+11
9.135000000000000000e+02 5.725456347508775635e+11
9.150000000000000000e+02 5.637771428500317383e+11
9.165000000000000000e+02 5.551080520256850586e+11
9.180000000000000000e+02 5.465358587369635010e+11
9.195000000000000000e+02 5.380581502727151489e+11
9.210000000000000000e+02 5.296726007621049194e+11
9.225000000000000000e+02 5.213769672947608643e+11
9.240000000000000000e+02 5.131690861453172607e+11
9.255000000000000000e+02 5.050468690986394043e+11
9.270000000000000000e+02 4.970082998729796753e+11
9.285000000000000000e+02 4.890514306398047485e+11
9.300000000000000000e+02 4.811743786394749756e+11
9.315000000000000000e+02 4.733753228931246948e+11
9.330000000000000000e+02 4.656525010115049438e+11
9.345000000000000000e+02 4.580042061020668945e+11
9.360000000000000000e+02 4.504287837759790649e+11
9.375000000000000000e+02 4.429246292568256226e+11
9.390000000000000000e+02 4.354901845930265503e+11
9.405000000000000000e+02 4.281239359758213501e+11
9.420000000000000000e+02 4.208244111645506592e+11
9.435000000000000000e+02 4.135901770208989868e+11
9.450000000000000000e+02 4.064198371532902222e+11
9.465000000000000000e+02 3.993120296723423462e+11
9.480000000000000000e+02 3.922654250579854736e+11
9.495000000000000000e+02 3.852787241382041626e+11
9.510000000000000000e+02 3.783506561792036743e+11
9.525000000000000000e+02 3.714799770859181519e+11
9.540000000000000000e+02 3.646654677118447876e+11
9.555000000000000000e+02 3.579059322762331543e+11
9.570000000000000000e+02 3.512001968864972534e+11
9.585000000000000000e+02 3.445471081632099609e+11
9.600000000000000000e+02 3.379455319647860718e+11
9.615000000000000000e+02 3.313943522082727051e+11
9.630000000000000000e+02 3.248924697828997803e+11
9.645000000000000000e+02 3.184388015520906982e+11
9.660000000000000000e+02 3.120322794401570435e+11
9.675000000000000000e+02 3.056718495989949951e+11
9.690000000000000000e+02 2.993564716505732422e+11
9.705000000000000000e+02 2.930851180003869629e+11
9.720000000000000000e+02 2.868567732174395142e+11
9.735000000000000000e+02 2.806704334760457764e+11
9.750000000000000000e+02 2.745251060546470642e+11
9.765000000000000000e+02 2.684198088873030396e+11
9.780000000000000000e+02 2.623535701631235657e+11
9.795000000000000000e+02 2.563254279694071045e+11
9.810000000000000000e+02 2.503344299739703369e+11
9.825000000000000000e+02 2.443796331428574524e+11
9.840000000000000000e+02 2.384601034890499573e+11
9.855000000000000000e+02 2.325749158488019104e+11
9.870000000000000000e+02 2.267231536816784363e+11
9.885000000000000000e+02 2.209039088910887451e+11
9.900000000000000000e+02 2.151162816619573059e+11
9.915000000000000000e+02 2.093593803127002258e+11
9.930000000000000000e+02 2.036323211585886536e+11
9.945000000000000000e+02 1.979342283838874817e+11
9.960000000000000000e+02 1.922642339205044250e+11
9.975000000000000000e+02 1.866214773307037048e+11
9.990000000000000000e+02 1.810051056919821777e+11
1.000500000000000000e+03 1.754142734819334412e+11
1.002000000000000000e+03 1.698481424613063354e+11
1.003500000000000000e+03 1.643058815532007446e+11
1.005000000000000000e+03 1.587866667163545532e+11
1.006500000000000000e+03 1.532896808100027466e+11
1.008000000000000000e+03 1.478141134474485779e+11
1.009500000000000000e+03 1.423591608342122498e+11
1.011000000000000000e+03 1.369240255854780579e+11
1.012500000000000000e+03 1.315079165152407074e+11
1.014000000000000000e+03 1.261100483859981537e+11
1.015500000000000000e+03 1.207296416037010345e+11
1.017000000000000000e+03 1.153659218353166046e+11
1.018500000000000000e+03 1.100181195176793213e+11
1.020000000000000000e+03 1.046854692137922821e+11
1.021500000000000000e+03 9.936720875728842163e+10
1.023000000000000000e+03 9.406257810664424133e+10
1.024500000000000000e+03 8.877081781031044006e+10
1.026000000000000000e+03 8.349116696522503662e+10
1.027500000000000000e+03 7.822286054272077942e+10
1.029000000000000000e+03 7.296512597114996338e+10
1.030500000000000000e+03 6.771717892837722778e+10
1.032000000000000000e+03 6.247821844205394745e+10
1.033500000000000000e+03 5.724742166736861420e+10
1.035000000000000000e+03 5.202393915328653717e+10
1.036500000000000000e+03 4.680689203900254822e+10
1.038000000000000000e+03 4.159537338774719238e+10
1.039500000000000000e+03 3.638845656280125427e+10
1.041000000000000000e+03 3.118521374906029129e+10
1.042500000000000000e+03 2.598474674644944000e+10
1.044000000000000000e+03 2.078622925249823761e+10
1.045500000000000000e+03 1.558895469883441734e+10
1.047000000000000000e+03 1.039237730413027954e+10
1.048500000000000000e+03 5.196129412359645844e+09
1.050000000000000000e+03 0.000000000000000000e+00
