# Profil de FluxX au temps 3.400000000000020e-12 
# simu : /Volumes/MERCURE/JOBS/tanh_50mic_Zeq10_5e19_B0/GNU/FluxX@y-c.set
# col 0 : abscisse (um)
# col 1 : FluxX (W/cm2)
0.000000	0.000000
1.000000	195054.642367
2.000000	328651.111999
3.000000	625908.898369
4.000000	804197.900828
5.000000	975029.553016
6.000000	1144618.519628
7.000000	1315352.328763
8.000000	1488040.539076
9.000000	1662774.411573
10.000000	1839301.864374
11.000000	2017753.310484
12.000000	2199066.128423
13.000000	2384032.423829
14.000000	2572683.401272
15.000000	2764870.215323
16.000000	2960869.405019
17.000000	3161313.908623
18.000000	3366845.605507
19.000000	3577937.759977
20.000000	3794923.027708
21.000000	4018083.836076
22.000000	4247711.989365
23.000000	4484128.322354
24.000000	4727681.196103
25.000000	4978740.052089
26.000000	5237691.048041
27.000000	5504932.096621
28.000000	5780872.514354
29.000000	6065935.354276
30.000000	6360558.711435
31.000000	6665199.297637
32.000000	6980334.242090
33.000000	7306465.536837
34.000000	7644119.082865
35.000000	7993848.206907
36.000000	8356232.261143
37.000000	8731876.493617
38.000000	9121411.326511
39.000000	9525489.941487
40.000000	9944785.353476
41.000000	10379989.950276
42.000000	10831812.730516
43.000000	11300982.608522
44.000000	11788246.436442
45.000000	12294375.082302
46.000000	12820164.140285
47.000000	13366437.872418
48.000000	13934053.104362
49.000000	14523900.549813
50.000000	15136907.245381
51.000000	15774040.070375
52.000000	16436305.614145
53.000000	17124752.860997
54.000000	17840474.198009
55.000000	18584608.145144
56.000000	19358341.302288
57.000000	20162910.703187
58.000000	20999606.873348
59.000000	21869778.313213
60.000000	22774833.877588
61.000000	23716246.400217
62.000000	24695553.823797
63.000000	25714361.720572
64.000000	26774343.253313
65.000000	27877238.372331
66.000000	29024854.343908
67.000000	30219065.608835
68.000000	31461813.139145
69.000000	32755104.482082
70.000000	34101016.539628
71.000000	35501697.684836
72.000000	36959370.755650
73.000000	38476339.688951
74.000000	40054994.731522
75.000000	41697820.735829
76.000000	43407403.559121
77.000000	45186438.580973
78.000000	47037735.731645
79.000000	48964227.990243
80.000000	50968973.575671
81.000000	53055163.623927
82.000000	55226125.219103
83.000000	57485324.502815
84.000000	59836373.874533
85.000000	62283034.447682
86.000000	64829221.861589
87.000000	67479011.686837
88.000000	70236645.919723
89.000000	73106539.044223
90.000000	76093284.608810
91.000000	79201663.425766
92.000000	82436649.903409
93.000000	85803421.038147
94.000000	89307363.333203
95.000000	92954083.789297
96.000000	96749415.938468
97.000000	100699431.650305
98.000000	104810448.801878
99.000000	109089043.584698
100.000000	113542058.571187
101.000000	118176615.390519
102.000000	123000125.523993
103.000000	128020301.712076
104.000000	133245171.465092
105.000000	138683088.464331
106.000000	144342745.850856
107.000000	150233191.529649
108.000000	156363841.354591
109.000000	162744494.501993
110.000000	169385348.889335
111.000000	176297017.913435
112.000000	183490546.699752
113.000000	190977429.781549
114.000000	198769630.214202
115.000000	206879597.833154
116.000000	215320288.658844
117.000000	224105186.582314
118.000000	233248324.307481
119.000000	242764304.909759
120.000000	252668326.349255
121.000000	262976204.361829
122.000000	273704399.058100
123.000000	284870038.875931
124.000000	296490949.587058
125.000000	308585681.543812
126.000000	321173539.148928
127.000000	334274612.104514
128.000000	347909805.772659
129.000000	362100876.077366
130.000000	376870462.800816
131.000000	392242124.980364
132.000000	408240379.250028
133.000000	424890737.434837
134.000000	442219748.116146
135.000000	460255037.086542
136.000000	479025351.887539
137.000000	498560607.008416
138.000000	518891930.554463
139.000000	540051713.067510
140.000000	562073659.211781
141.000000	584992840.403828
142.000000	608845749.817761
143.000000	633670359.551904
144.000000	659506180.213945
145.000000	686394322.497007
146.000000	714377562.229772
147.000000	743500406.886622
148.000000	773809164.598600
149.000000	805352017.126250
150.000000	838179094.567888
151.000000	872342553.203914
152.000000	907896657.484285
153.000000	944897863.131110
154.000000	983404905.995292
155.000000	1023478891.813889
156.000000	1065183391.387344
157.000000	1108584538.922952
158.000000	1153751134.219864
159.000000	1200754747.727225
160.000000	1249669832.150456
161.000000	1300573835.195834
162.000000	1353547320.130415
163.000000	1408674087.452360
164.000000	1466041303.384004
165.000000	1525739633.689365
166.000000	1587863381.267275
167.000000	1652510628.808108
168.000000	1719783388.361060
169.000000	1789787754.894742
170.000000	1862634066.958820
171.000000	1938437073.019802
172.000000	2017316103.654537
173.000000	2099395249.494594
174.000000	2184803548.463127
175.000000	2273675176.519959
176.000000	2366149647.812320
177.000000	2462372021.575498
178.000000	2562493115.429100
179.000000	2666669728.386846
180.000000	2775064870.850986
181.000000	2887848002.944282
182.000000	3005195281.097470
183.000000	3127289814.484632
184.000000	3254321929.338884
185.000000	3386489443.103463
186.000000	3523997947.874864
187.000000	3667061105.348132
188.000000	3815900949.122406
189.000000	3970748199.523510
190.000000	4131842588.098221
191.000000	4299433193.602343
192.000000	4473778789.867488
193.000000	4655148203.014240
194.000000	4843820683.397879
195.000000	5040086286.957791
196.000000	5244246270.895915
197.000000	5456613501.098769
198.000000	5677512871.910398
199.000000	5907281740.999665
200.000000	6146270375.745234
201.000000	6394842414.033964
202.000000	6653375337.809793
203.000000	6922260964.586348
204.000000	7201905947.756049
205.000000	7492732296.566262
206.000000	7795177906.369778
207.000000	8109697107.990902
208.000000	8436761228.572649
209.000000	8776859170.711365
210.000000	9130498004.281450
211.000000	9498203574.976704
212.000000	9880521128.541328
213.000000	10278015950.101809
214.000000	10691274018.345480
215.000000	11120902676.360569
216.000000	11567531317.092861
217.000000	12031812083.879519
218.000000	12514420587.254080
219.000000	13016056634.312729
220.000000	13537444976.329519
221.000000	14079336066.795929
222.000000	14642506836.018827
223.000000	15227761479.087669
224.000000	15835932254.926908
225.000000	16467880302.034771
226.000000	17124496459.947170
227.000000	17806702108.734009
228.000000	18515450013.952667
229.000000	19251725183.835800
230.000000	20016545734.868828
231.000000	20810963763.129890
232.000000	21636066226.061649
233.000000	22492975825.076290
234.000000	23382851895.822701
235.000000	24306891300.279388
236.000000	25266329318.789089
237.000000	26262440542.663769
238.000000	27296539764.534649
239.000000	28369982864.917156
240.000000	29484167691.828999
241.000000	30640534933.235371
242.000000	31840568978.430981
243.000000	33085798767.301060
244.000000	34377798623.723465
245.000000	35718189071.535233
246.000000	37108637629.175682
247.000000	38550859582.586891
248.000000	40046618728.504280
249.000000	41597728090.948730
250.000000	43206050602.826385
251.000000	44873499750.568993
252.000000	46602040180.499878
253.000000	48393688259.722313
254.000000	50250512589.211464
255.000000	52174634466.092743
256.000000	54168228288.347626
257.000000	56233521901.663925
258.000000	58372796878.620438
259.000000	60588388732.884109
260.000000	62882687056.821991
261.000000	65258135582.723122
262.000000	67717232159.338669
263.000000	70262528643.631927
264.000000	72896630698.791428
265.000000	75622197494.383926
266.000000	78441941306.015564
267.000000	81358627008.836151
268.000000	84375071456.344925
269.000000	87494142745.483368
270.000000	90718759360.835999
271.000000	94051889192.042953
272.000000	97496548420.238052
273.000000	101055800271.450592
274.000000	104732753629.181503
275.000000	108530561505.340088
276.000000	112452419361.565002
277.000000	116501563281.370697
278.000000	120681267986.864090
279.000000	124994844697.198792
280.000000	129445638825.147797
281.000000	134037027510.363998
282.000000	138772416986.893188
283.000000	143655239779.071106
284.000000	148688951730.048401
285.000000	153877028855.486206
286.000000	159222964026.719574
287.000000	164730263477.267883
288.000000	170402443138.090179
289.000000	176243024797.403473
290.000000	182255532087.798798
291.000000	188443486302.459473
292.000000	194810402040.275879
293.000000	201359782683.801392
294.000000	208095115712.219177
295.000000	215019867852.923492
296.000000	222137480075.432190
297.000000	229451362431.530273
298.000000	236964888749.266876
299.000000	244681391182.657684
300.000000	252604154626.103394
301.000000	260736411000.864594
302.000000	269081333416.863586
303.000000	277642030223.900635
304.000000	286421538956.614685
305.000000	295422820182.597351
306.000000	304648751264.937378
307.000000	314102120049.607544
308.000000	323785618486.146912
309.000000	333701836195.091919
310.000000	343853253993.304993
311.000000	354242237388.371582
312.000000	364871030056.996155
313.000000	375741747316.513000
314.000000	386856369607.906189
315.000000	398216735998.771606
316.000000	409824537724.600220
317.000000	421681311778.908691
318.000000	433788434570.178589
319.000000	446147115655.867859
320.000000	458758391572.221985
321.000000	471623119772.218262
322.000000	484741972687.284180
323.000000	498115431925.849548
324.000000	511743782626.522827
325.000000	525627107977.314392
326.000000	539765283915.718018
327.000000	554157974025.941528
328.000000	568804624644.522095
329.000000	583704460188.556519
330.000000	598856478719.344238
331.000000	614259447755.978394
332.000000	629911900347.417725
333.000000	645812131419.485962
334.000000	661958194402.060181
335.000000	678347898152.069336
336.000000	694978804179.889160
337.000000	711848224188.087036
338.000000	728953217930.395874
339.000000	746290591402.233643
340.000000	763856895362.698120
341.000000	781648424203.032104
342.000000	799661215158.048340
343.000000	817891047870.058350
344.000000	836333444310.286743
345.000000	854983669053.882080
346.000000	873836729914.884155
347.000000	892887378944.376831
348.000000	912130113785.176636
349.000000	931559179385.512695
350.000000	951168570072.894165
351.000000	970952031978.856445
352.000000	990903065817.147095
353.000000	1011014930005.376953
354.000000	1031280644130.182861
355.000000	1051692992745.949951
356.000000	1072244529501.264038
357.000000	1092927581585.482910
358.000000	1113734254487.307129
359.000000	1134656437056.062012
360.000000	1155685806854.327881
361.000000	1176813835795.125977
362.000000	1198031796047.897949
363.000000	1219330766206.439941
364.000000	1240701637702.919922
365.000000	1262135121457.370850
366.000000	1283621754748.597900
367.000000	1305151908296.762939
368.000000	1326715793537.096924
369.000000	1348303470076.747803
370.000000	1369904853318.716064
371.000000	1391509722237.585938
372.000000	1413107727293.946045
373.000000	1434688398469.872070
374.000000	1456241153415.843018
375.000000	1477755305688.298096
376.000000	1499220073067.342041
377.000000	1520624585937.174805
378.000000	1541957895715.333984
379.000000	1563208983317.565918
380.000000	1584366767638.896973
381.000000	1605420114041.429932
382.000000	1626357842832.956055
383.000000	1647168737719.691895
384.000000	1667841554221.338867
385.000000	1688365028035.904785
386.000000	1708727883334.862061
387.000000	1728918840983.769775
388.000000	1748926626666.461914
389.000000	1768739978904.506836
390.000000	1788347656961.469971
391.000000	1807738448609.944824
392.000000	1826901177763.393799
393.000000	1845824711945.879883
394.000000	1864497969601.422852
395.000000	1882909927221.012695
396.000000	1901049626284.530029
397.000000	1918906180001.732910
398.000000	1936468779846.794678
399.000000	1953726701871.171143
400.000000	1970669312793.176025
401.000000	1987286075850.191895
402.000000	2003566556406.229736
403.000000	2019500427312.714844
404.000000	2035077474009.135742
405.000000	2050287599364.502930
406.000000	2065120828253.861084
407.000000	2079567311860.765869
408.000000	2093617331712.475098
409.000000	2107261303442.699707
410.000000	2120489780280.346924
411.000000	2133293456270.329834
412.000000	2145663169229.468750
413.000000	2157589903441.928955
414.000000	2169064792100.711914
415.000000	2180079119510.744873
416.000000	2190624323058.075928
417.000000	2200691994965.400879
418.000000	2210273883847.994141
419.000000	2219361896089.953613
420.000000	2227948097064.259766
421.000000	2236024712222.237793
422.000000	2243584128076.242188
423.000000	2250618893113.867188
424.000000	2257121718669.889648
425.000000	2263085479800.367188
426.000000	2268503216191.266602
427.000000	2273368133148.660645
428.000000	2277673602717.007812
429.000000	2281413164967.193848
430.000000	2284580529511.166016
431.000000	2287169577288.137207
432.000000	2289174362682.163086
433.000000	2290589116019.294922
434.000000	2291408246506.899902
435.000000	2291626345662.457520
436.000000	2291238191295.447754
437.000000	2290238752092.338867
438.000000	2288623192859.275879
439.000000	2286386880476.180664
440.000000	2283525390609.079590
441.000000	2280034515228.886719
442.000000	2275910270977.791992
443.000000	2271148908423.312988
444.000000	2265746922230.768555
445.000000	2259701062286.229980
446.000000	2253008345785.112793
447.000000	2245666070308.941895
448.000000	2237671827891.019043
449.000000	2229023520076.629883
450.000000	2219719373967.051270
451.000000	2209757959229.815918
452.000000	2199138206052.982910
453.000000	2187859424005.446777
454.000000	2175921321761.875977
455.000000	2163324027635.097900
456.000000	2150068110855.842041
457.000000	2136154603521.517822
458.000000	2121585023134.434814
459.000000	2106361395630.462158
460.000000	2090486278795.554688
461.000000	2073962785954.125732
462.000000	2056794609805.069824
463.000000	2038986046265.144043
464.000000	2020542018183.667969
465.000000	2001468098761.071777
466.000000	1981770534521.745850
467.000000	1961456267659.523926
468.000000	1940532957582.243652
469.000000	1919009001473.555908
470.000000	1896893553677.356934
471.000000	1874196543724.389893
472.000000	1850928692801.540771
473.000000	1827101528480.947021
474.000000	1802727397526.779053
475.000000	1777819476601.597900
476.000000	1752391780707.896973
477.000000	1726459169222.994873
478.000000	1700037349388.768066
479.000000	1673142877151.339844
480.000000	1645793155268.259033
481.000000	1618006428623.158936
482.000000	1589801776729.604004
483.000000	1561199103424.602783
484.000000	1532219123798.217773
485.000000	1502883348431.349854
486.000000	1473214065049.887939
487.000000	1443234317732.787842
488.000000	1412967883837.966797
489.000000	1382439248833.309814
490.000000	1351673579230.648926
491.000000	1320696693834.864990
492.000000	1289535033513.683838
493.000000	1258215629686.925781
494.000000	1226766071710.569092
495.000000	1195214473301.277832
496.000000	1163589438104.518066
497.000000	1131920024455.979980
498.000000	1100235709328.578857
499.000000	1068566351381.903931
500.000000	1036942152959.833008
501.000000	1005393620800.557007
502.000000	973951525139.568604
503.000000	942646856811.145996
504.000000	911510781868.573486
505.000000	880574593183.776855
506.000000	849869658423.175537
507.000000	819427363755.906372
508.000000	789279052625.597656
509.000000	759455958904.816528
510.000000	729989133790.262207
511.000000	700909365839.839722
512.000000	672247093608.597046
513.000000	644032310466.289307
514.000000	616294461395.434204
515.000000	589062331664.328125
516.000000	562363927287.187378
517.000000	536226347833.609680
518.000000	510675652726.430603
519.000000	485736721439.654480
520.000000	461433107289.625244
521.000000	437786887611.896851
522.000000	414818516875.919373
523.000000	392546675958.375671
524.000000	370988125858.446472
525.000000	350157567102.268494
526.000000	330067507671.537720
527.000000	310728142391.619995
528.000000	292147246754.221802
529.000000	274330088116.215790
530.000000	257279357030.466187
531.000000	240995121281.739624
532.000000	225474804820.236481
533.000000	210713193368.282806
534.000000	196702467832.387970
535.000000	183432266693.316711
536.000000	170889775560.132294
537.000000	159059849061.651489
538.000000	147925149834.829193
539.000000	137466322357.454102
540.000000	127662183352.166977
541.000000	118489931049.926987
542.000000	109925369694.167496
543.000000	101943144611.782990
544.000000	94516983795.425781
545.000000	87619941516.439621
546.000000	81224639596.355957
547.000000	75303502306.278885
548.000000	69828980969.587494
549.000000	64773764853.166733
550.000000	60110975447.523323
551.000000	55814341766.958687
552.000000	51858354900.781563
553.000000	48218400677.134682
554.000000	44870869898.447777
555.000000	41793246180.224670
556.000000	38964171928.318665
557.000000	36363493472.345818
558.000000	33972286727.709316
559.000000	31772865068.673470
560.000000	29748771310.109150
561.000000	27884755825.009949
562.000000	26166742902.709030
563.000000	24581787416.772408
564.000000	23118023847.940819
565.000000	21764609554.631229
566.000000	20511664069.789860
567.000000	19350206003.531750
568.000000	18272088953.809929
569.000000	17269937625.478230
570.000000	16337085157.683651
571.000000	15467512467.133678
572.000000	14655790239.730080
573.000000	13897024043.739609
574.000000	13186802883.400700
575.000000	12521151278.523458
576.000000	11896485160.241320
577.000000	11309571419.164200
578.000000	10757491050.073280
579.000000	10237605766.970169
580.000000	9747527908.509850
581.000000	9285093423.877439
582.000000	8848337716.240816
583.000000	8435474116.927969
584.000000	8044874748.286072
585.000000	7675053553.632080
586.000000	7324651276.625173
587.000000	6992422175.797033
588.000000	6677222293.151550
589.000000	6377999092.078673
590.000000	6093782305.699432
591.000000	5823675853.361660
592.000000	5566850694.832088
593.000000	5322538498.005828
594.000000	5090026033.654016
595.000000	4868650192.947918
596.000000	4657793556.081708
597.000000	4456880441.814073
598.000000	4265373377.293302
599.000000	4082769937.819761
600.000000	3908599906.756806
601.000000	3742422722.672286
602.000000	3583825177.849532
603.000000	3432419332.148386
604.000000	3287840627.743059
605.000000	3149746174.621142
606.000000	3017813189.866859
607.000000	2891737576.216587
608.000000	2771232620.837869
609.000000	2656027804.215810
610.000000	2545867709.481155
611.000000	2440511020.167970
612.000000	2339729594.787956
613.000000	2243307619.789048
614.000000	2151040821.872588
615.000000	2062735745.275084
616.000000	1978209078.163303
617.000000	1897287033.943473
618.000000	1819804772.478946
619.000000	1745605867.443740
620.000000	1674541806.828199
621.000000	1606471532.154389
622.000000	1541261006.657306
623.000000	1478782812.313221
624.000000	1418915777.337521
625.000000	1361544624.831292
626.000000	1306559645.560489
627.000000	1253856395.438169
628.000000	1203335402.970024
629.000000	1154901908.600551
630.000000	1108465605.017120
631.000000	1063940408.280915
632.000000	1021244231.379757
633.000000	980298777.533144
634.000000	941029341.559474
635.000000	903364627.952117
636.000000	867236572.888842
637.000000	832580178.752118
638.000000	799333357.882811
639.000000	767436780.479807
640.000000	736833733.321124
641.000000	707469977.592270
642.000000	679293617.662565
643.000000	652254963.950193
644.000000	626306411.016993
645.000000	601402303.963381
646.000000	577498810.961822
647.000000	554553797.118783
648.000000	532526694.877714
649.000000	511378380.705781
650.000000	491071052.235771
651.000000	471568115.009665
652.000000	452834076.333843
653.000000	434834463.911110
654.000000	417535756.304630
655.000000	400905357.126590
656.000000	384911590.098052
657.000000	369523738.327908
658.000000	354712116.631330
659.000000	340448171.817623
660.000000	326704607.890743
661.000000	313455506.565530
662.000000	300676437.524097
663.000000	288344532.078662
664.000000	276438506.936055
665.000000	264938621.054949
666.000000	253826574.573904
667.000000	243085337.478227
668.000000	232698934.109501
669.000000	222652200.936186
670.000000	212930535.200769
671.000000	203519663.325499
672.000000	194405444.446117
673.000000	185573727.265546
674.000000	177010258.841605
675.000000	168700649.637931
676.000000	160630387.828312
677.000000	152784878.391022
678.000000	145149498.610261
679.000000	137709644.353452
680.000000	130450759.286808
681.000000	123358330.386945
682.000000	116417868.522067
683.000000	109614857.338406
684.000000	102934698.605168
685.000000	96362643.772285
686.000000	89883723.336612
687.000000	83482686.965487
688.000000	77143959.650273
689.000000	70851588.328935
690.000000	64589140.607450
691.000000	58339646.217606
692.000000	52085640.238258
693.000000	45809288.082888
694.000000	39492594.414983
695.000000	33117928.269973
696.000000	26669030.142072
697.000000	20132820.149029
698.000000	13490604.436724
699.000000	6772155.707786
700.000000	0.000000
