# Simulation tanh_50mic_Zeq10_B0 
#
#temps 1.809999999999995e-12 s 
#position suivant x  600 (micron) 
#
#col 0 : vitesse (cm/s) 
#col 1 : f0 x v**2 (a. u.) 
#col 2 : m_e x f1 x v**5 / 2 (a. u.) 
#
24861416.497778	141380167.471056	-0.000000
74584249.493334	1260724936.674387	-0.004386
124307082.488890	3437926012.851709	-0.425283
174029915.484445	6554214084.899215	-8.487511
223752748.480001	10441597041.145128	-77.800122
273475581.475557	14894090532.324709	-446.840292
323198414.471113	19681190904.907616	-1874.181272
372921247.466669	24562500645.773045	-6261.541036
422644080.462225	29302362499.903862	-17587.957674
472366913.457781	33683411428.787746	-43050.526563
522089746.453336	37518103164.920090	-94147.901759
571812579.448892	40657504007.249596	-187303.212905
621535412.444448	42996901451.934975	-343561.841690
671258245.440004	44478088664.794258	-586963.418547
720981078.435560	45088457448.347076	-941393.244430
770703911.431116	44857278000.779594	-1426042.434258
820426744.426672	43849729252.295609	-2049985.197764
870149577.422228	42159359520.426193	-2806726.273862
919872410.417783	39899700087.468086	-3669787.700273
969595243.413339	37195729053.354774	-4590418.698075
1019318076.408895	34175800569.406982	-5498294.165588
1069040909.404451	30964530899.864140	-6305637.741129
1118763742.400007	27676985290.580791	-6914637.087518
1168486575.395563	24414355752.278126	-7227420.330184
1218209408.391119	21261174916.747055	-7157353.652033
1267932241.386675	18283987009.848198	-6640105.964086
1317655074.382231	15531301482.517527	-5642873.919858
1367377907.377786	13034591480.015491	-4170383.368143
1417100740.373342	10810067791.205284	-2266741.192991
1466823573.368898	8860955803.423185	-12819.498883
1516546406.364454	7180022784.584735	2480497.897501
1566269239.360010	5752138919.382982	5082301.000181
1615992072.355566	4556701172.495637	7653554.456369
1665714905.351122	3569798051.229498	10059406.937401
1715437738.346678	2766040601.000958	12180446.636132
1765160571.342233	2120026765.856311	13921691.243514
1814883404.337789	1607440284.056681	15218499.009180
1864606237.333345	1205810575.720447	16039056.749333
1914329070.328901	894976704.069522	16383562.141818
1964051903.324457	657307330.274942	16280603.268468
2013774736.320013	477731002.600332	15781500.904458
2063497569.315569	343628701.593080	14953498.507182
2113220402.311125	244634895.439458	13872667.279653
2162943235.306680	172385857.210777	12617267.685091
2212666068.302236	120245834.301406	11262114.441940
2262388901.297792	83033714.013006	9874272.339601
2312111734.293348	56765685.458598	8510200.818922
2361834567.288904	38423387.415140	7214291.821484
2411557400.284460	25752277.649334	6018620.159212
2461280233.280015	17091433.183475	4943651.375168
2511003066.275571	11233565.286808	3999623.494815
2560725899.271127	7312526.697632	3188326.812259
2610448732.266683	4714802.586677	2505039.424334
2660171565.262239	3011219.191929	1940424.620144
2709894398.257795	1905205.571724	1482250.617990
2759617231.253351	1194265.815781	1116846.203883
2809340064.248907	741754.591592	830252.373668
2859062897.244462	456521.650900	609067.654931
2908785730.240018	278450.322860	441011.560297
2958508563.235574	168331.052364	315247.363674
3008231396.231130	100868.984238	222513.583098
3057954229.226686	59920.666425	155113.881212
3107677062.222242	35291.654619	106811.686732
3157399895.217798	20610.899857	72668.392340
3207122728.213354	11937.327752	48855.736801
3256845561.208910	6857.424565	32464.840102
3306568394.204465	3907.688375	21326.717700
3356291227.200021	2209.268654	13852.632397
3406014060.195577	1239.407654	8898.654265
3455736893.191133	690.063340	5654.374901
3505459726.186689	381.369373	3554.680321
3555182559.182245	209.249506	2211.349522
3604905392.177801	114.004901	1361.585869
3654628225.173357	61.690088	829.941217
3704351058.168912	33.159662	500.916200
3754073891.164468	17.711275	299.421074
3803796724.160024	9.400296	177.285933
3853519557.155580	4.959294	104.006931
3903242390.151136	2.600733	60.474208
3952965223.146692	1.357671	34.816085
4002688056.142248	0.704971	19.899419
4052410889.137804	0.364570	11.284534
4102133722.133359	0.188360	6.307375
4151856555.128915	0.096793	3.526095
4201579388.124471	0.048933	1.931725
4251302221.120027	0.025234	1.079451
4301025054.115582	0.012841	0.568676
4350747887.111138	0.006906	0.268098
4400470720.106694	0.004004	0.232036
4450193553.102250	0.004053	0.023546
4499916386.097806	0.001813	0.073154
4549639219.093362	0.003123	-0.012520
4599362052.088918	0.000231	-0.024321
4649084885.084474	0.003554	-0.000888
4698807718.080029	0.005979	-0.006806
4748530551.075585	0.003127	-0.012969
4798253384.071141	0.002431	0.058846
4847976217.066697	0.000000	-0.013670
4897699050.062253	0.003661	0.003545
4947421883.057809	0.003305	-0.028625
4997144716.053365	0.001075	0.078888
5046867549.048921	0.005077	-0.081656
5096590382.044477	0.000981	-0.050103
5146313215.040032	0.004183	0.017405
5196036048.035588	0.000000	-0.010861
5245758881.031144	0.000846	0.009173
5295481714.026700	0.004184	-0.025971
5345204547.022256	0.001678	-0.029493
5394927380.017812	0.003748	-0.069123
5444650213.013368	0.000000	-0.014590
5494373046.008924	0.001770	-0.009365
5544095879.004479	0.000513	0.050462
5593818712.000035	0.000327	0.003391
5643541544.995591	0.004900	0.058657
5693264377.991147	0.003607	-0.027326
5742987210.986703	0.003291	-0.023566
5792710043.982259	0.000267	0.015156
5842432876.977815	0.004018	0.074773
5892155709.973371	0.005841	-0.026883
5941878542.968926	0.001731	-0.036906
5991601375.964482	0.000266	-0.007226
6041324208.960038	0.003024	-0.076381
6091047041.955594	0.002652	-0.022093
6140769874.951150	0.000376	0.010237
6190492707.946706	0.004203	0.002415
6240215540.942262	0.005238	0.073938
6289938373.937818	0.006495	-0.113120
6339661206.933373	0.000000	0.058971
6389384039.928929	0.000026	-0.040671
6439106872.924485	0.003853	-0.046293
6488829705.920041	0.004594	-0.045740
6538552538.915597	0.007549	0.193944
6588275371.911153	0.000205	-0.073788
6637998204.906709	0.000000	0.018545
6687721037.902265	0.000250	0.001123
6737443870.897820	0.000553	0.091328
6787166703.893376	0.000294	-0.004777
6836889536.888932	0.002984	0.024466
6886612369.884488	0.004802	0.100463
6936335202.880044	0.007109	-0.251397
6986058035.875600	0.000002	0.019475
7035780868.871156	0.000256	0.034568
7085503701.866712	0.001076	-0.148044
7135226534.862267	0.000137	0.092551
7184949367.857823	0.001266	-0.228693
7234672200.853379	0.004559	0.387571
7284395033.848935	0.007262	-0.458533
7334117866.844491	0.000624	0.059272
7383840699.840047	0.000318	0.124476
7433563532.835603	0.000000	0.081732
7483286365.831159	0.006691	-0.037749
7533009198.826715	0.003052	0.123085
7582732031.822270	0.003772	-0.057359
7632454864.817826	0.001778	-0.242053
7682177697.813382	0.000084	-0.046087
7731900530.808938	0.010330	0.056805
7781623363.804494	0.002930	0.024384
7831346196.800050	0.001693	0.089760
7881069029.795606	0.003827	-0.197217
7930791862.791162	0.000000	-0.008569
