# Profil de FluxX au temps 1.209999999999997e-12 
# simu : /Volumes/MERCURE/JOBS/tanh_50mic_Zeq10_B0/GNU/FluxX@y-c.set
# col 0 : abscisse (um)
# col 1 : FluxX (W/cm2)
0.000000	0.000000
1.000000	304042.573783
2.000000	-72953.291027
3.000000	1094745.417201
4.000000	1214324.448954
5.000000	1265966.521536
6.000000	1303595.321817
7.000000	1344554.402396
8.000000	1393431.292182
9.000000	1450557.551359
10.000000	1515354.377465
11.000000	1587163.931406
12.000000	1665467.103726
13.000000	1749847.961990
14.000000	1839879.325631
15.000000	1935042.431439
16.000000	2034884.428340
17.000000	2139225.232488
18.000000	2248282.466076
19.000000	2362588.265053
20.000000	2482746.042441
21.000000	2609200.533897
22.000000	2742143.900271
23.000000	2881647.392772
24.000000	3027861.862889
25.000000	3181069.475764
26.000000	3341576.970626
27.000000	3509525.479080
28.000000	3684734.365972
29.000000	3866745.861408
30.000000	4054988.322394
31.000000	4248941.692033
32.000000	4448292.561213
33.000000	4652978.250797
34.000000	4863155.238042
35.000000	5079148.119344
36.000000	5301409.330639
37.000000	5530446.933201
38.000000	5766803.481033
39.000000	6011021.276505
40.000000	6263655.127745
41.000000	6525258.314678
42.000000	6796384.762800
43.000000	7077597.286557
44.000000	7369452.410570
45.000000	7672525.106899
46.000000	7987405.413158
47.000000	8314688.559926
48.000000	8654970.961303
49.000000	9008868.568333
50.000000	9377005.676773
51.000000	9760016.245714
52.000000	10158553.844319
53.000000	10573283.041610
54.000000	11004885.996380
55.000000	11454064.944791
56.000000	11921554.939780
57.000000	12408110.090056
58.000000	12914511.642037
59.000000	13441569.731107
60.000000	13990137.332075
61.000000	14561090.845649
62.000000	15155339.508612
63.000000	15773841.647950
64.000000	16417587.484245
65.000000	17087603.780282
66.000000	17784960.722282
67.000000	18510780.119472
68.000000	19266216.731283
69.000000	20052484.058422
70.000000	20870838.401701
71.000000	21722593.390954
72.000000	22609105.744401
73.000000	23531799.347840
74.000000	24492148.655040
75.000000	25491686.491894
76.000000	26532021.570933
77.000000	27614810.500076
78.000000	28741789.521949
79.000000	29914760.384065
80.000000	31135605.795338
81.000000	32406266.835340
82.000000	33728788.376006
83.000000	35105281.498586
84.000000	36537953.929316
85.000000	38029089.553884
86.000000	39581078.404157
87.000000	41196408.951560
88.000000	42877657.987457
89.000000	44627521.967852
90.000000	46448799.457434
91.000000	48344401.960351
92.000000	50317360.945468
93.000000	52370841.692146
94.000000	54508123.691979
95.000000	56732630.421361
96.000000	59047922.821509
97.000000	61457700.428635
98.000000	63965823.113423
99.000000	66576301.887392
100.000000	69293312.402195
101.000000	72121209.151615
102.000000	75064514.155573
103.000000	78127929.130022
104.000000	81316368.140018
105.000000	84634925.741116
106.000000	88088916.568785
107.000000	91683862.785096
108.000000	95425520.035273
109.000000	99319870.287766
110.000000	103373152.256452
111.000000	107591850.785114
112.000000	111982711.588840
113.000000	116552764.160586
114.000000	121309321.540090
115.000000	126259990.555212
116.000000	131412692.734316
117.000000	136775677.239902
118.000000	142357522.841854
119.000000	148167167.256069
120.000000	154213896.137226
121.000000	160507393.462065
122.000000	167057724.583776
123.000000	173875371.041515
124.000000	180971241.174641
125.000000	188356688.716492
126.000000	196043534.884598
127.000000	204044072.945554
128.000000	212371104.715633
129.000000	221037956.551021
130.000000	230058495.804455
131.000000	239447151.871241
132.000000	249218946.437494
133.000000	259389519.628343
134.000000	269975145.363725
135.000000	280992752.501938
136.000000	292459972.803706
137.000000	304395158.119190
138.000000	316817393.534699
139.000000	329746565.754590
140.000000	343203353.611759
141.000000	357209287.080544
142.000000	371786774.639207
143.000000	386959139.484472
144.000000	402750654.451762
145.000000	419186581.845516
146.000000	436293217.349282
147.000000	454097937.276848
148.000000	472629214.650460
149.000000	491916700.300722
150.000000	511991253.345537
151.000000	532884984.868892
152.000000	554631319.615759
153.000000	577265045.659773
154.000000	600822372.762173
155.000000	625340982.357187
156.000000	650860097.628475
157.000000	677420545.177389
158.000000	705064803.802154
159.000000	733837092.044003
160.000000	763783434.508145
161.000000	794951740.759072
162.000000	827391855.535775
163.000000	861155669.897380
164.000000	896297195.766599
165.000000	932872624.901053
166.000000	970940469.058129
167.000000	1010561597.424661
168.000000	1051799392.670475
169.000000	1094719801.160639
170.000000	1139391458.620664
171.000000	1185885813.702505
172.000000	1234277215.267994
173.000000	1284643046.158691
174.000000	1337063848.750318
175.000000	1391623444.591774
176.000000	1448409078.447638
177.000000	1507511545.549195
178.000000	1569025344.943815
179.000000	1633048825.439003
180.000000	1699684351.616044
181.000000	1769038450.455444
182.000000	1841221999.809062
183.000000	1916350392.482378
184.000000	1994543729.275205
185.000000	2075926996.591861
186.000000	2160630277.974208
187.000000	2248788954.967851
188.000000	2340543936.415393
189.000000	2436041850.741430
190.000000	2535435323.134655
191.000000	2638883179.447630
192.000000	2746550729.438262
193.000000	2858609995.779768
194.000000	2975240021.950776
195.000000	3096627145.327028
196.000000	3222965276.382372
197.000000	3354456232.130021
198.000000	3491310045.075370
199.000000	3633745292.017870
200.000000	3781989449.696660
201.000000	3936279255.240015
202.000000	4096861070.798073
203.000000	4263991298.548577
204.000000	4437936755.096654
205.000000	4618975129.419620
206.000000	4807395385.034590
207.000000	5003498250.184478
208.000000	5207596681.053967
209.000000	5420016350.343014
210.000000	5641096173.611056
211.000000	5871188842.449799
212.000000	6110661384.498033
213.000000	6359895728.692122
214.000000	6619289328.829409
215.000000	6889255781.525895
216.000000	7170225463.570846
217.000000	7462646243.490999
218.000000	7766984161.121540
219.000000	8083724161.209435
220.000000	8413370874.067093
221.000000	8756449399.069427
222.000000	9113506122.717953
223.000000	9485109584.978571
224.000000	9871851366.256744
225.000000	10274347016.535440
226.000000	10693237024.040119
227.000000	11129187816.194130
228.000000	11582892786.494808
229.000000	12055073400.109421
230.000000	12546480301.857218
231.000000	13057894489.390699
232.000000	13590128544.208139
233.000000	14144027867.841230
234.000000	14720472011.790159
235.000000	15320376048.367779
236.000000	15944691970.058710
237.000000	16594410181.711039
238.000000	17270561005.320442
239.000000	17974216291.711109
240.000000	18706491068.284969
241.000000	19468545240.160282
242.000000	20261585392.756538
243.000000	21086866612.007019
244.000000	21945694428.234097
245.000000	22839426804.995857
246.000000	23769476206.928749
247.000000	24737311734.886257
248.000000	25744461382.641098
249.000000	26792514325.149696
250.000000	27883123326.177448
251.000000	29018007248.030540
252.000000	30198953601.987110
253.000000	31427821269.745522
254.000000	32706543238.016670
255.000000	34037129522.704624
256.000000	35421670120.899536
257.000000	36862338145.221291
258.000000	38361392993.888405
259.000000	39921183717.191872
260.000000	41544152439.762856
261.000000	43232837930.808250
262.000000	44989879310.206573
263.000000	46818019872.047768
264.000000	48720111047.496948
265.000000	50699116508.411209
266.000000	52758116403.160698
267.000000	54900311749.018799
268.000000	57129028964.600243
269.000000	59447724564.974464
270.000000	61859990018.823624
271.000000	64369556739.722084
272.000000	66980301258.091469
273.000000	69696250587.730026
274.000000	72521587708.924744
275.000000	75460657268.503098
276.000000	78517971425.101898
277.000000	81698215928.934769
278.000000	85006256313.258453
279.000000	88447144327.399796
280.000000	92026124531.273041
281.000000	95748641084.751038
282.000000	99620344748.734360
283.000000	103647100031.492905
284.000000	107834992590.066193
285.000000	112190336775.839203
286.000000	116719683386.972290
287.000000	121429827649.125595
288.000000	126327817338.935806
289.000000	131420961107.899384
290.000000	136716837016.625397
291.000000	142223301244.068390
292.000000	147948496958.541779
293.000000	153900863353.948273
294.000000	160089144898.064087
295.000000	166522400690.989594
296.000000	173210013977.986511
297.000000	180161701831.927094
298.000000	187387524905.666290
299.000000	194897897353.844971
300.000000	202703596783.568085
301.000000	210815774343.165802
302.000000	219245964815.039795
303.000000	228006096775.931091
304.000000	237108502736.508698
305.000000	246565929289.047913
306.000000	256391547190.938416
307.000000	266598961350.470886
308.000000	277202220721.615784
309.000000	288215828011.822754
310.000000	299654749223.673706
311.000000	311534422898.300476
312.000000	323870769099.253723
313.000000	336680198030.407471
314.000000	349979618225.946228
315.000000	363786444281.761902
316.000000	378118604047.610291
317.000000	392994545155.965759
318.000000	408433240907.487244
319.000000	424454195356.138245
320.000000	441077447509.208069
321.000000	458323574593.987671
322.000000	476213694219.164429
323.000000	494769465412.831299
324.000000	514013088338.415161
325.000000	533967302649.355164
326.000000	554655384266.283691
327.000000	576101140542.577637
328.000000	598328903629.654663
329.000000	621363521888.215942
330.000000	645230349240.135254
331.000000	669955232259.491577
332.000000	695564494890.304932
333.000000	722084920584.224121
334.000000	749543731721.569702
335.000000	777968566086.519531
336.000000	807387450323.207275
337.000000	837828770061.563232
338.000000	869321236617.907104
339.000000	901893850068.805298
340.000000	935575858470.988403
341.000000	970396713082.280273
342.000000	1006386019390.359863
343.000000	1043573483734.175903
344.000000	1081988855387.730835
345.000000	1121661863888.506104
346.000000	1162622151419.653809
347.000000	1204899200211.921143
348.000000	1248522254613.113037
349.000000	1293520237882.854980
350.000000	1339921663436.044922
351.000000	1387754540536.697998
352.000000	1437046274284.412842
353.000000	1487823559824.790771
354.000000	1540112270795.459961
355.000000	1593937341897.467041
356.000000	1649322645683.444824
357.000000	1706290863526.837891
358.000000	1764863350893.432861
359.000000	1825059996992.516846
360.000000	1886899078958.694824
361.000000	1950397110730.730957
362.000000	2015568686867.340088
363.000000	2082426321602.022949
364.000000	2150980283332.678711
365.000000	2221238425096.282715
366.000000	2293206011257.425781
367.000000	2366885540996.379883
368.000000	2442276569089.886719
369.000000	2519375524500.498047
370.000000	2598175527485.582031
371.000000	2678666205816.813965
372.000000	2760833510949.824219
373.000000	2844659534783.149902
374.000000	2930122327982.868652
375.000000	3017195720674.448730
376.000000	3105849146438.848633
377.000000	3196047470632.165039
378.000000	3287750823975.867188
379.000000	3380914442520.310059
380.000000	3475488515065.785645
381.000000	3571418039101.879883
382.000000	3668642686474.298828
383.000000	3767096679841.606934
384.000000	3866708681147.034668
385.000000	3967401693272.251465
386.000000	4069092975966.114258
387.000000	4171693977262.498535
388.000000	4275110281507.613770
389.000000	4379241575076.854004
390.000000	4483981630876.057617
391.000000	4589218312678.364258
392.000000	4694833600240.736328
393.000000	4800703636163.732422
394.000000	4906698795383.939453
395.000000	5012683778020.639648
396.000000	5118517726417.166992
397.000000	5224054366903.714844
398.000000	5329142176947.118164
399.000000	5433624578063.925781
400.000000	5537340154921.963867
401.000000	5640122900876.265625
402.000000	5741802490085.681641
403.000000	5842204576327.476562
404.000000	5941151118375.703125
405.000000	6038460731828.601562
406.000000	6133949067124.275391
407.000000	6227429213284.315430
408.000000	6318712127009.210938
409.000000	6407607086350.626953
410.000000	6493922168395.937500
411.000000	6577464750058.112305
412.000000	6658042031012.317383
413.000000	6735461577759.052734
414.000000	6809531887718.763672
415.000000	6880062971987.944336
416.000000	6946866955490.063477
417.000000	7009758693014.333008
418.000000	7068556399594.500977
419.000000	7123082293591.449219
420.000000	7173163250614.133789
421.000000	7218631466539.067383
422.000000	7259325127525.516602
423.000000	7295089085031.941406
424.000000	7325775533521.121094
425.000000	7351244688660.574219
426.000000	7371365463462.931641
427.000000	7386016139794.617188
428.000000	7395085032645.554688
429.000000	7398471144180.841797
430.000000	7396084804634.155273
431.000000	7387848296914.335938
432.000000	7373696461560.448242
433.000000	7353577278634.429688
434.000000	7327452422885.280273
435.000000	7295297788425.344727
436.000000	7257103978955.508789
437.000000	7212876759482.974609
438.000000	7162637465210.062500
439.000000	7106423363370.051758
440.000000	7044287963388.375977
441.000000	6976301270940.835938
442.000000	6902549981264.884766
443.000000	6823137607076.865234
444.000000	6738184536526.772461
445.000000	6647828016717.574219
446.000000	6552222058325.024414
447.000000	6451537257232.140625
448.000000	6345960529173.992188
449.000000	6235694753906.070312
450.000000	6120958325680.420898
451.000000	6001984607449.609375
452.000000	5879021286761.931641
453.000000	5752329632029.192383
454.000000	5622183648588.572266
455.000000	5488869134985.996094
456.000000	5352682640707.029297
457.000000	5213930327839.749023
458.000000	5072926740129.505859
459.000000	4929993484170.390625
460.000000	4785457828738.191406
461.000000	4639651229536.250977
462.000000	4492907787936.780273
463.000000	4345562653721.895508
464.000000	4197950382959.940918
465.000000	4050403263478.252930
466.000000	3903249621640.063965
467.000000	3756812124945.223633
468.000000	3611406096187.417480
469.000000	3467337855335.061523
470.000000	3324903106113.750977
471.000000	3184385384308.730957
472.000000	3046054585058.560547
473.000000	2910165586008.872070
474.000000	2776956982751.406738
475.000000	2646649952003.524902
476.000000	2519447256864.697754
477.000000	2395532406930.055664
478.000000	2275068984272.470703
479.000000	2158200143992.340088
480.000000	2045048295957.740967
481.000000	1935714971477.043945
482.000000	1830280875995.951904
483.000000	1728806126053.072021
484.000000	1631330665730.755859
485.000000	1537874854967.750977
486.000000	1448440219416.253906
487.000000	1363010348703.440918
488.000000	1281551927882.831055
489.000000	1204015884649.074951
490.000000	1130338633323.858887
491.000000	1060443395527.166870
492.000000	994241576579.433228
493.000000	931634176555.589233
494.000000	872513215088.219971
495.000000	816763149881.115112
496.000000	764262269907.953491
497.000000	714884045926.177612
498.000000	668498422751.733765
499.000000	624973039957.017212
500.000000	584174369877.471069
501.000000	545968764293.263000
502.000000	510223403515.057556
503.000000	476807144028.210449
504.000000	445591263036.814270
505.000000	416450100418.785034
506.000000	389261600254.260132
507.000000	363907755912.671753
508.000000	340274963790.835510
509.000000	318254291946.870483
510.000000	297741670590.468201
511.000000	278638011872.369934
512.000000	260849266678.882294
513.000000	244286426204.159180
514.000000	228865475855.917084
515.000000	214507308878.098511
516.000000	201137606511.188293
517.000000	188686691150.622803
518.000000	177089358341.575806
519.000000	166284692887.912903
520.000000	156215873690.494690
521.000000	146829971460.644806
522.000000	138077742740.898590
523.000000	129913423281.959290
524.000000	122294523137.152786
525.000000	115181625633.397690
526.000000	108538191646.721390
527.000000	102330370553.420898
528.000000	96526818758.670609
529.000000	91098526420.931503
530.000000	86018652843.699722
531.000000	81262370740.175369
532.000000	76806719400.434525
533.000000	72630466803.553848
534.000000	68713980483.755180
535.000000	65039106805.477638
536.000000	61589058491.893524
537.000000	58348309977.059135
538.000000	55302500236.860535
539.000000	52438342729.738029
540.000000	49743541984.747482
541.000000	47206716454.530502
542.000000	44817327299.385818
543.000000	42565612599.577187
544.000000	40442526791.271851
545.000000	38439684707.300507
546.000000	36549310145.488190
547.000000	34764188487.918678
548.000000	33077623079.490665
549.000000	31483395095.589958
550.000000	29975726668.424438
551.000000	28549246900.521099
552.000000	27198960677.106239
553.000000	25920219946.096558
554.000000	24708697319.004929
555.000000	23560361789.746548
556.000000	22471456395.434551
557.000000	21438477689.604389
558.000000	20458156810.929848
559.000000	19527442112.487789
560.000000	18643483109.367687
561.000000	17803615768.483227
562.000000	17005348909.352770
563.000000	16246351693.884790
564.000000	15524442075.286131
565.000000	14837576199.594988
566.000000	14183838542.128429
567.000000	13561432912.434519
568.000000	12968674067.272280
569.000000	12403979989.340050
570.000000	11865864795.551821
571.000000	11352932109.855539
572.000000	10863869005.125080
573.000000	10397440323.800659
574.000000	9952483531.701696
575.000000	9527903789.264584
576.000000	9122669586.598598
577.000000	8735808545.028667
578.000000	8366403539.415158
579.000000	8013589193.049049
580.000000	7676548528.495775
581.000000	7354509917.144017
582.000000	7046744194.106353
583.000000	6752562030.478998
584.000000	6471311452.129436
585.000000	6202375529.439310
586.000000	5945170261.789668
587.000000	5699142568.458390
588.000000	5463768427.479697
589.000000	5238551164.270838
590.000000	5023019810.752799
591.000000	4816727635.676884
592.000000	4619250672.919259
593.000000	4430186478.629578
594.000000	4249152841.341438
595.000000	4075786660.859110
596.000000	3909742876.038974
597.000000	3750693442.108647
598.000000	3598326379.328074
599.000000	3452344915.367799
600.000000	3312466645.578086
601.000000	3178422728.295334
602.000000	3049957191.677686
603.000000	2926826214.344988
604.000000	2808797505.801864
605.000000	2695649693.714848
606.000000	2587171741.110604
607.000000	2483162427.548435
608.000000	2383429825.620856
609.000000	2287790854.407196
610.000000	2196070799.966842
611.000000	2108102895.441101
612.000000	2023727952.909609
613.000000	1942793950.153748
614.000000	1865155690.724965
615.000000	1790674482.254127
616.000000	1719217800.161391
617.000000	1650658997.526256
618.000000	1584877017.939137
619.000000	1521756125.578506
620.000000	1461185641.279129
621.000000	1403059747.097159
622.000000	1347277208.851189
623.000000	1293741161.194316
624.000000	1242358947.132344
625.000000	1193041895.861615
626.000000	1145705147.527249
627.000000	1100267433.874195
628.000000	1056650993.695058
629.000000	1014781354.768746
630.000000	974587189.833502
631.000000	936000207.971796
632.000000	898954986.770893
633.000000	863388849.716610
634.000000	829241750.803683
635.000000	796456169.440545
636.000000	764976967.918051
637.000000	734751322.070591
638.000000	705728599.462934
639.000000	677860252.944769
640.000000	651099765.454754
641.000000	625402533.867187
642.000000	600725777.071448
643.000000	577028495.443062
644.000000	554271373.118965
645.000000	532416695.099163
646.000000	511428284.683356
647.000000	491271481.596005
648.000000	471912992.135816
649.000000	453320913.071926
650.000000	435464621.532591
651.000000	418314747.793182
652.000000	401843103.419564
653.000000	386022657.013752
654.000000	370827463.604674
655.000000	356232622.314606
656.000000	342214238.083951
657.000000	328749399.073992
658.000000	315816101.140479
659.000000	303393221.891228
660.000000	291460487.672352
661.000000	279998453.867115
662.000000	268988446.401757
663.000000	258412544.341419
664.000000	248253545.804513
665.000000	238494917.510997
666.000000	229120808.574785
667.000000	220116003.628389
668.000000	211465893.690647
669.000000	203156431.147444
670.000000	195174161.459716
671.000000	187506136.929461
672.000000	180139927.019213
673.000000	173063590.717833
674.000000	166265644.056992
675.000000	159734978.882346
676.000000	153460808.939992
677.000000	147432495.495961
678.000000	141639287.319420
679.000000	136069827.704817
680.000000	130711485.308955
681.000000	125549345.737996
682.000000	120565267.522607
683.000000	115737058.987281
684.000000	111038848.978728
685.000000	106442751.773822
686.000000	101921881.797588
687.000000	97452926.883815
688.000000	93015599.196376
689.000000	88587149.261343
690.000000	84133581.748788
691.000000	79601644.670572
692.000000	74913870.197976
693.000000	69962271.698786
694.000000	64593570.877143
695.000000	58582221.507875
696.000000	51587823.175730
697.000000	43087513.022344
698.000000	32195725.979258
699.000000	17970927.940839
700.000000	0.000000
