# Profil de FluxX au temps 1.809999999999995e-12 
# simu : /Volumes/MERCURE/JOBS/tanh_50mic_Zeq10_B0/GNU/FluxX@y-c.set
# col 0 : abscisse (um)
# col 1 : FluxX (W/cm2)
0.000000	0.000000
1.000000	380940.952905
2.000000	70885.622395
3.000000	1310123.513620
4.000000	1508261.086720
5.000000	1638888.189550
6.000000	1753499.203303
7.000000	1869230.405864
8.000000	1991142.516342
9.000000	2120213.551171
10.000000	2256500.853312
11.000000	2399893.880837
12.000000	2550262.133086
13.000000	2707500.961733
14.000000	2871550.427014
15.000000	3042391.483172
16.000000	3220043.655795
17.000000	3404564.290270
18.000000	3596054.244283
19.000000	3794643.076520
20.000000	4000506.628509
21.000000	4213826.938106
22.000000	4434827.898749
23.000000	4663740.061271
24.000000	4900814.317581
25.000000	5146313.605985
26.000000	5400526.534930
27.000000	5663759.711617
28.000000	5936370.418700
29.000000	6218800.032956
30.000000	6511534.690597
31.000000	6815123.882612
32.000000	7130182.238616
33.000000	7457341.462516
34.000000	7797262.974872
35.000000	8150594.769381
36.000000	8517985.731942
37.000000	8900059.759297
38.000000	9297412.532742
39.000000	9710583.456682
40.000000	10140067.153304
41.000000	10586312.577518
42.000000	11049755.597208
43.000000	11530839.341353
44.000000	12030046.939438
45.000000	12547930.664188
46.000000	13085118.567221
47.000000	13642331.382381
48.000000	14220376.166548
49.000000	14820148.651765
50.000000	15442600.784818
51.000000	16088748.706374
52.000000	16759665.641458
53.000000	17456469.412511
54.000000	18180330.989210
55.000000	18932451.143112
56.000000	19714091.855132
57.000000	20526553.230802
58.000000	21371180.548152
59.000000	22249378.106099
60.000000	23162594.676382
61.000000	24112342.201480
62.000000	25100183.776473
63.000000	26127746.435573
64.000000	27196712.345862
65.000000	28308842.514451
66.000000	29465961.899800
67.000000	30669964.655826
68.000000	31922811.246930
69.000000	33226549.871737
70.000000	34583287.520199
71.000000	35995238.638079
72.000000	37464677.280956
73.000000	38993983.187060
74.000000	40585611.945760
75.000000	42242137.414464
76.000000	43966217.311425
77.000000	45760619.653009
78.000000	47628222.827570
79.000000	49572019.023524
80.000000	51595127.173961
81.000000	53700786.046470
82.000000	55892368.513335
83.000000	58173382.153392
84.000000	60547478.234160
85.000000	63018460.749234
86.000000	65590280.964003
87.000000	68267050.724529
88.000000	71053058.729664
89.000000	73952765.853407
90.000000	76970806.929084
91.000000	80112012.253804
92.000000	83381406.946062
93.000000	86784233.209766
94.000000	90325925.262418
95.000000	94012150.344749
96.000000	97848812.960491
97.000000	101842050.943485
98.000000	105998241.605371
99.000000	110324050.172426
100.000000	114826392.632032
101.000000	119512468.657854
102.000000	124389791.527172
103.000000	129466149.449654
104.000000	134749669.813791
105.000000	140248811.155089
106.000000	145972361.897858
107.000000	151929487.087606
108.000000	158129716.863259
109.000000	164582975.766973
110.000000	171299586.359122
111.000000	178290292.121768
112.000000	185566280.467263
113.000000	193139196.277662
114.000000	201021155.458462
115.000000	209224756.271841
116.000000	217763136.235183
117.000000	226649955.573182
118.000000	235899428.488778
119.000000	245526358.075341
120.000000	255546151.548960
121.000000	265974821.817530
122.000000	276829067.526903
123.000000	288126252.391087
124.000000	299884446.751870
125.000000	312122466.996512
126.000000	324859880.876515
127.000000	338117082.890789
128.000000	351915270.301608
129.000000	366276520.098917
130.000000	381223808.524518
131.000000	396781042.207891
132.000000	412973112.434848
133.000000	429825915.122432
134.000000	447366420.427199
135.000000	465622681.344644
136.000000	484623901.755184
137.000000	504400481.432505
138.000000	524984044.884384
139.000000	546407523.123174
140.000000	568705183.597080
141.000000	591912691.344034
142.000000	616067163.374502
143.000000	641207241.871514
144.000000	667373128.424737
145.000000	694606674.585851
146.000000	722951438.576055
147.000000	752452749.062122
148.000000	783157790.469420
149.000000	815115669.597065
150.000000	848377494.103945
151.000000	882996452.416895
152.000000	919027902.685761
153.000000	956529466.754683
154.000000	995561106.158899
155.000000	1036185236.521913
156.000000	1078466812.275036
157.000000	1122473435.158952
158.000000	1168275469.009132
159.000000	1215946140.477171
160.000000	1265561653.457436
161.000000	1317201336.379259
162.000000	1370947737.192061
163.000000	1426886766.430930
164.000000	1485107845.317196
165.000000	1545704032.156144
166.000000	1608772181.485985
167.000000	1674413085.358796
168.000000	1742731655.126976
169.000000	1813837066.030684
170.000000	1887842939.444712
171.000000	1964867536.983897
172.000000	2045033927.421914
173.000000	2128470190.890354
174.000000	2215309620.384761
175.000000	2305690947.774896
176.000000	2399758544.651953
177.000000	2497662663.568254
178.000000	2599559672.637280
179.000000	2705612302.089568
180.000000	2815989903.753781
181.000000	2930868725.173968
182.000000	3050432188.140386
183.000000	3174871167.205983
184.000000	3304384311.770170
185.000000	3439178344.714342
186.000000	3579468393.908238
187.000000	3725478337.605924
188.000000	3877441154.414873
189.000000	4035599301.608009
190.000000	4200205078.630281
191.000000	4371521043.212132
192.000000	4549820415.879705
193.000000	4735387525.070354
194.000000	4928518234.832489
195.000000	5129520432.491745
196.000000	5338714498.625880
197.000000	5556433819.354445
198.000000	5783025310.125110
199.000000	6018849960.372974
200.000000	6264283403.461098
201.000000	6519716493.034684
202.000000	6785555944.011648
203.000000	7062224944.783104
204.000000	7350163833.776139
205.000000	7649830775.215809
206.000000	7961702499.961013
207.000000	8286275029.744126
208.000000	8624064450.134880
209.000000	8975607736.193363
210.000000	9341463567.367691
211.000000	9722213211.348131
212.000000	10118461412.994730
213.000000	10530837354.450510
214.000000	10959995612.574879
215.000000	11406617178.439510
216.000000	11871410509.384850
217.000000	12355112635.116770
218.000000	12858490269.689501
219.000000	13382341013.137661
220.000000	13927494579.701609
221.000000	14494814048.451298
222.000000	15085197210.487341
223.000000	15699577930.727270
224.000000	16338927567.593699
225.000000	17004256473.655439
226.000000	17696615504.215580
227.000000	18417097636.458408
228.000000	19166839609.180580
229.000000	19947023648.348408
230.000000	20758879246.624699
231.000000	21603685006.158348
232.000000	22482770562.808197
233.000000	23397518573.799900
234.000000	24349366773.673748
235.000000	25339810118.081066
236.000000	26370402992.249107
237.000000	27442761516.448940
238.000000	28558565915.035748
239.000000	29719562998.173809
240.000000	30927568699.081104
241.000000	32184470724.526096
242.000000	33492231301.609402
243.000000	34852889997.613991
244.000000	36268566661.533195
245.000000	37741464473.113716
246.000000	39273873060.198433
247.000000	40868171765.558228
248.000000	42526832984.814522
249.000000	44252425659.706490
250.000000	46047618856.536583
251.000000	47915185460.185799
252.000000	49858006006.841537
253.000000	51879072646.016830
254.000000	53981493178.017036
255.000000	56168495309.774338
256.000000	58443430941.316940
257.000000	60809780649.594734
258.000000	63271158299.373718
259.000000	65831315766.983078
260.000000	68494147819.252235
261.000000	71263697139.247223
262.000000	74144159464.606491
263.000000	77139888909.049057
264.000000	80255403392.113052
265.000000	83495390230.038193
266.000000	86864711862.289398
267.000000	90368411719.722031
268.000000	94011720248.247437
269.000000	97800061065.027924
270.000000	101739057247.439606
271.000000	105834537761.136398
272.000000	110092544035.634399
273.000000	114519336650.811401
274.000000	119121402155.304489
275.000000	123905460022.569183
276.000000	128878469680.634491
277.000000	134047637713.999298
278.000000	139420425081.000702
279.000000	145004554499.159698
280.000000	150808017859.094604
281.000000	156839083738.585480
282.000000	163106304948.578186
283.000000	169618526134.703979
284.000000	176384891416.413696
285.000000	183414852001.896698
286.000000	190718173831.115601
287.000000	198304945154.904480
288.000000	206185584096.671082
289.000000	214370846110.111877
290.000000	222871831343.021576
291.000000	231699991879.542358
292.000000	240867138821.541321
293.000000	250385449138.528595
294.000000	260267472364.321991
295.000000	270526136952.094299
296.000000	281174756356.046387
297.000000	292227034792.059570
298.000000	303697072522.199097
299.000000	315599370814.820190
300.000000	327948836294.742859
301.000000	340760784832.339417
302.000000	354050944785.746460
303.000000	367835459607.155518
304.000000	382130889698.159729
305.000000	396954213503.010498
306.000000	412322827736.695801
307.000000	428254546673.025696
308.000000	444767600469.243347
309.000000	461880632364.370483
310.000000	479612694772.179016
311.000000	497983244126.854004
312.000000	517012134397.978271
313.000000	536719609212.539978
314.000000	557126292507.682739
315.000000	578253177602.953369
316.000000	600121614591.687134
317.000000	622753296001.837646
318.000000	646170240621.464233
319.000000	670394775388.152344
320.000000	695449515232.985474
321.000000	721357340874.506470
322.000000	748141374381.016602
323.000000	775824952466.203247
324.000000	804431597409.771606
325.000000	833984985604.412598
326.000000	864508913507.381836
327.000000	896027261087.571411
328.000000	928563952577.112427
329.000000	962142914585.518799
330.000000	996788031391.538086
331.000000	1032523097533.043091
332.000000	1069371767488.874023
333.000000	1107357502587.441895
334.000000	1146503515015.154053
335.000000	1186832709000.728027
336.000000	1228367619110.892822
337.000000	1271130345782.257080
338.000000	1315142488030.290771
339.000000	1360425073422.306885
340.000000	1406998485454.137939
341.000000	1454882388276.216064
342.000000	1504095648974.563965
343.000000	1554656257525.850830
344.000000	1606581244502.053955
345.000000	1659886596709.226074
346.000000	1714587170943.115967
347.000000	1770696606053.510986
348.000000	1828227233489.949707
349.000000	1887189986589.201904
350.000000	1947594308826.271973
351.000000	2009448061321.154785
352.000000	2072757429839.252930
353.000000	2137526831587.309082
354.000000	2203758822112.965820
355.000000	2271454002673.397949
356.000000	2340610928293.129883
357.000000	2411226016996.911621
358.000000	2483293460431.773926
359.000000	2556805136340.549805
360.000000	2631750523202.534180
361.000000	2708116617400.761230
362.000000	2785887853326.167969
363.000000	2865046026748.297852
364.000000	2945570221840.835938
365.000000	3027436742203.864746
366.000000	3110619046247.294922
367.000000	3195087687282.631836
368.000000	3280810258655.390625
369.000000	3367751344179.236816
370.000000	3455872474276.727051
371.000000	3545132087982.199707
372.000000	3635485501167.111816
373.000000	3726884881170.446777
374.000000	3819279228027.595703
375.000000	3912614362541.794922
376.000000	4006832921272.697266
377.000000	4101874358652.875977
378.000000	4197674956269.286133
379.000000	4294167839371.555664
380.000000	4391283000690.882812
381.000000	4488947331522.720703
382.000000	4587084660068.362305
383.000000	4685615797008.938477
384.000000	4784458588144.328125
385.000000	4883527974082.838867
386.000000	4982736056779.948242
387.000000	5081992172791.989258
388.000000	5181202973066.616211
389.000000	5280272509061.470703
390.000000	5379102324975.116211
391.000000	5477591555881.606445
392.000000	5575637031568.680664
393.000000	5673133385724.988281
394.000000	5769973170402.411133
395.000000	5866046975411.566406
396.000000	5961243552456.875000
397.000000	6055449943801.875000
398.000000	6148551615300.394531
399.000000	6240432593577.842773
400.000000	6330975607230.074219
401.000000	6420062231921.706055
402.000000	6507573039320.217773
403.000000	6593387749777.422852
404.000000	6677385388743.980469
405.000000	6759444446972.945312
406.000000	6839443044577.249023
407.000000	6917259098996.058594
408.000000	6992770497093.049805
409.000000	7065855271527.407227
410.000000	7136391781642.845703
411.000000	7204258899205.956055
412.000000	7269336199162.083008
413.000000	7331504155935.576172
414.000000	7390644345476.813477
415.000000	7446639653541.718750
416.000000	7499374490545.680664
417.000000	7548735013484.525391
418.000000	7594609355190.626953
419.000000	7636887861444.473633
420.000000	7675463336246.513672
421.000000	7710231295572.985352
422.000000	7741090229923.385742
423.000000	7767941875852.656250
424.000000	7790691496676.148438
425.000000	7809248172346.470703
426.000000	7823525098504.478516
427.000000	7833439894513.739258
428.000000	7838914920190.480469
429.000000	7839877600789.549805
430.000000	7836260759660.814453
431.000000	7828002957764.875000
432.000000	7815048839163.061523
433.000000	7797349481282.837891
434.000000	7774862748664.857422
435.000000	7747553648624.310547
436.000000	7715394687085.444336
437.000000	7678366222650.941406
438.000000	7636456816701.606445
439.000000	7589663577199.481445
440.000000	7537992493619.681641
441.000000	7481458760244.083008
442.000000	7420087084959.696289
443.000000	7353911980438.142578
444.000000	7282978034506.868164
445.000000	7207340156510.988281
446.000000	7127063796115.690430
447.000000	7042225131300.829102
448.000000	6952911222034.569336
449.000000	6859220126207.507812
450.000000	6761260974557.099609
451.000000	6659154001299.293945
452.000000	6553030527438.065430
453.000000	6443032893818.113281
454.000000	6329314341323.913086
455.000000	6212038835826.864258
456.000000	6091380835857.625000
457.000000	5967525001319.965820
458.000000	5840665841940.885742
459.000000	5711007304618.581055
460.000000	5578762299262.594727
461.000000	5444152163215.891602
462.000000	5307406064843.181641
463.000000	5168760347386.927734
464.000000	5028457814682.944336
465.000000	4886746960926.921875
466.000000	4743881147129.275391
467.000000	4600117727394.622070
468.000000	4455717128763.568359
469.000000	4310941888699.567871
470.000000	4166055654840.925293
471.000000	4021322152070.869629
472.000000	3877004122318.912598
473.000000	3733362242930.420898
474.000000	3590654029844.261719
475.000000	3449132732045.491699
476.000000	3309046224207.044922
477.000000	3170635904652.088867
478.000000	3034135606165.088867
479.000000	2899770527255.332520
480.000000	2767756192045.790527
481.000000	2638297446848.379883
482.000000	2511587501978.754883
483.000000	2387807027427.071289
484.000000	2267123311117.189941
485.000000	2149689488641.168945
486.000000	2035643853226.479980
487.000000	1925109254702.392822
488.000000	1818192595881.297852
489.000000	1714984434455.737793
490.000000	1615558697797.660889
491.000000	1519972517393.737793
492.000000	1428266188561.812012
493.000000	1340463259832.267822
494.000000	1256570754899.288086
495.000000	1176579528316.102051
496.000000	1100464754219.182129
497.000000	1028186545094.106934
498.000000	959690695545.398438
499.000000	894909543542.126953
500.000000	833762939363.672363
501.000000	776159310173.378540
502.000000	721996806121.459839
503.000000	671164511997.609253
504.000000	623543706970.397095
505.000000	579009153856.868896
506.000000	537430398834.077148
507.000000	498673062205.577087
508.000000	462600101510.635620
509.000000	429073028993.669434
510.000000	397953067037.054382
511.000000	369102226934.821960
512.000000	342384298761.149170
513.000000	317665742501.413879
514.000000	294816473341.877197
515.000000	273710536790.314880
516.000000	254226672094.995911
517.000000	236248764858.646301
518.000000	219666192248.061584
519.000000	204374066172.217377
520.000000	190273381594.406189
521.000000	177271078453.206970
522.000000	165280026536.039276
523.000000	154218943337.541992
524.000000	144012255083.683502
525.000000	134589910958.294296
526.000000	125887160219.705185
527.000000	117844301327.964691
528.000000	110406411302.065994
529.000000	103523062765.507599
530.000000	97148035187.288177
531.000000	91239025686.634384
532.000000	85757364095.781815
533.000000	80667735822.414169
534.000000	75937915406.261688
535.000000	71538512740.990417
536.000000	67442733522.075500
537.000000	63626154597.817162
538.000000	60066514790.599220
539.000000	56743521092.372124
540.000000	53638669979.828583
541.000000	50735083395.801544
542.000000	48017358624.213173
543.000000	45471431388.416046
544.000000	43084451268.336693
545.000000	40844668604.594505
546.000000	38741331936.992462
547.000000	36764595183.124855
548.000000	34905433720.878914
549.000000	33155568529.455357
550.000000	31507397709.424568
551.000000	29953934620.291908
552.000000	28488752090.446438
553.000000	27105932022.176739
554.000000	25800019887.077511
555.000000	24565983620.705139
556.000000	23399176530.946960
557.000000	22295303726.656647
558.000000	21250391759.884579
559.000000	20260761180.415600
560.000000	19323001617.961128
561.000000	18433949267.575581
562.000000	17590666430.173389
563.000000	16790422943.083590
564.000000	16030679350.140038
565.000000	15309071492.824080
566.000000	14623396656.265219
567.000000	13971600784.156590
568.000000	13351766922.425980
569.000000	12762104653.144630
570.000000	12200940425.600910
571.000000	11666708741.401030
572.000000	11157944090.663889
573.000000	10673273549.491619
574.000000	10211410017.059999
575.000000	9771145992.460703
576.000000	9351347913.684046
577.000000	8950950839.254213
578.000000	8568953725.438582
579.000000	8204414913.075822
580.000000	7856448106.798195
581.000000	7524218574.895330
582.000000	7206939691.046663
583.000000	6903869717.619719
584.000000	6614308853.505182
585.000000	6337596509.257413
586.000000	6073108724.553833
587.000000	5820255899.023895
588.000000	5578480525.112282
589.000000	5347255256.771171
590.000000	5126080963.596345
591.000000	4914485048.006027
592.000000	4712019795.646201
593.000000	4518260890.445655
594.000000	4332806010.492162
595.000000	4155273500.751720
596.000000	3985301183.278497
597.000000	3822545233.926294
598.000000	3666679098.128602
599.000000	3517392530.219080
600.000000	3374390614.567427
601.000000	3237392977.020502
602.000000	3106132935.716214
603.000000	2980356740.329378
604.000000	2859822897.198808
605.000000	2744301468.388996
606.000000	2633573458.116755
607.000000	2527430253.290697
608.000000	2425673030.012283
609.000000	2328112290.263636
610.000000	2234567333.728830
611.000000	2144865824.808317
612.000000	2058843339.304206
613.000000	1976343019.708144
614.000000	1897215100.312516
615.000000	1821316642.588916
616.000000	1748511137.767197
617.000000	1678668191.004696
618.000000	1611663256.854841
619.000000	1547377306.319359
620.000000	1485696610.744763
621.000000	1426512441.034116
622.000000	1369720846.743034
623.000000	1315222419.883216
624.000000	1262922098.856010
625.000000	1212728951.280665
626.000000	1164555969.086557
627.000000	1118319906.645043
628.000000	1073941087.661675
629.000000	1031343261.727515
630.000000	990453430.744872
631.000000	951201695.677679
632.000000	913521137.595576
633.000000	877347655.809549
634.000000	842619882.088560
635.000000	809279009.527038
636.000000	777268703.523146
637.000000	746534992.677205
638.000000	717026174.937251
639.000000	688692670.078461
640.000000	661486996.267773
641.000000	635363633.432107
642.000000	610278925.086561
643.000000	586191048.419116
644.000000	563059888.587347
645.000000	540846992.081815
646.000000	519515478.450413
647.000000	499029986.790777
648.000000	479356613.498922
649.000000	460462816.781171
650.000000	442317404.330394
651.000000	424890455.503284
652.000000	408153250.096257
653.000000	392078254.483693
654.000000	376639046.521013
655.000000	361810266.102175
656.000000	347567597.371451
657.000000	333887693.683472
658.000000	320748159.734058
659.000000	308127489.231896
660.000000	296005068.322989
661.000000	284361086.942329
662.000000	273176525.360935
663.000000	262433130.424485
664.000000	252113357.088472
665.000000	242200331.880320
666.000000	232677809.928749
667.000000	223530106.453252
668.000000	214742018.534363
669.000000	206298761.316786
670.000000	198185854.292818
671.000000	190389029.678211
672.000000	182894137.818268
673.000000	175687063.345737
674.000000	168753780.581410
675.000000	162080377.471601
676.000000	155653253.436393
677.000000	149459295.148691
678.000000	143485991.106653
679.000000	137721424.117162
680.000000	132153957.310737
681.000000	126771744.736920
682.000000	121562075.087065
683.000000	116510802.155479
684.000000	111601898.639864
685.000000	106816984.396468
686.000000	102134782.843576
687.000000	97530134.483913
688.000000	92972453.339440
689.000000	88423586.217258
690.000000	83834685.151977
691.000000	79141684.389987
692.000000	74258626.345200
693.000000	69067636.313906
694.000000	63404075.693309
695.000000	57034931.343651
696.000000	49629557.405696
697.000000	40727713.692586
698.000000	29648918.445167
699.000000	15972408.403435
700.000000	0.000000
