1.000000000000000000e+00 2.977802560148698807e+10
2.000000000000000000e+00 5.955049627493859100e+10
3.000000000000000000e+00 8.931185595985377502e+10
4.000000000000000000e+00 1.190565463409722900e+11
5.000000000000000000e+00 1.487790057466190186e+11
6.000000000000000000e+00 1.784736680759974365e+11
7.000000000000000000e+00 2.081349617664876709e+11
8.000000000000000000e+00 2.377573088114872742e+11
9.000000000000000000e+00 2.673351238362900696e+11
1.000000000000000000e+01 2.968628132439786987e+11
1.100000000000000000e+01 3.263347744379117432e+11
1.200000000000000000e+01 3.557453951327172241e+11
1.300000000000000000e+01 3.850890527597069092e+11
1.400000000000000000e+01 4.143601139789504395e+11
1.500000000000000000e+01 4.435529343012631226e+11
1.600000000000000000e+01 4.726618578347318115e+11
1.700000000000000000e+01 5.016812171556040649e+11
1.800000000000000000e+01 5.306053333187673340e+11
1.900000000000000000e+01 5.594285160083831787e+11
2.000000000000000000e+01 5.881450638390612793e+11
2.100000000000000000e+01 6.167492648123129883e+11
2.200000000000000000e+01 6.452353969335456543e+11
2.300000000000000000e+01 6.735977289964099121e+11
2.400000000000000000e+01 7.018305215371990967e+11
2.500000000000000000e+01 7.299280279651127930e+11
2.600000000000000000e+01 7.578844958715401611e+11
2.700000000000000000e+01 7.856941685223593750e+11
2.800000000000000000e+01 8.133512865339560547e+11
2.900000000000000000e+01 8.408500897375623779e+11
3.000000000000000000e+01 8.681848192316759033e+11
3.100000000000000000e+01 8.953497196249599609e+11
3.200000000000000000e+01 9.223390414691464844e+11
3.300000000000000000e+01 9.491470438811188965e+11
3.400000000000000000e+01 9.757679973564237061e+11
3.500000000000000000e+01 1.002196186768513916e+12
3.600000000000000000e+01 1.028425914555410156e+12
3.700000000000000000e+01 1.054451504089698364e+12
3.800000000000000000e+01 1.080267303228659302e+12
3.900000000000000000e+01 1.105867688041697266e+12
4.000000000000000000e+01 1.131247066708915527e+12
4.100000000000000000e+01 1.156399883588153809e+12
4.200000000000000000e+01 1.181320623443536377e+12
4.300000000000000000e+01 1.206003815830297607e+12
4.400000000000000000e+01 1.230444039627745361e+12
4.500000000000000000e+01 1.254635927714759766e+12
4.600000000000000000e+01 1.278574171781354004e+12
4.700000000000000000e+01 1.302253527262107178e+12
4.800000000000000000e+01 1.325668818391516113e+12
4.900000000000000000e+01 1.348814943364462158e+12
5.000000000000000000e+01 1.371686879596068359e+12
5.100000000000000000e+01 1.394279689069938232e+12
5.200000000000000000e+01 1.416588523764050537e+12
5.300000000000000000e+01 1.438608631143226318e+12
5.400000000000000000e+01 1.460335359708162598e+12
5.500000000000000000e+01 1.481764164586849365e+12
5.600000000000000000e+01 1.502890613159954346e+12
5.700000000000000000e+01 1.523710390704559570e+12
5.800000000000000000e+01 1.544219306047008545e+12
5.900000000000000000e+01 1.564413297209181152e+12
6.000000000000000000e+01 1.584288437037994873e+12
6.100000000000000000e+01 1.603840938804153564e+12
6.200000000000000000e+01 1.623067161756790039e+12
6.300000000000000000e+01 1.641963616622370605e+12
6.400000000000000000e+01 1.660526971032324463e+12
6.500000000000000000e+01 1.678754054869853760e+12
6.600000000000000000e+01 1.696641865519411133e+12
6.700000000000000000e+01 1.714187573008478027e+12
6.800000000000000000e+01 1.731388525027604492e+12
6.900000000000000000e+01 1.748242251816971680e+12
7.000000000000000000e+01 1.764746470905930176e+12
7.100000000000000000e+01 1.780899091694928467e+12
7.200000000000000000e+01 1.796698219866842285e+12
7.300000000000000000e+01 1.812142161616293457e+12
7.400000000000000000e+01 1.827229427686750244e+12
7.500000000000000000e+01 1.841958737202911865e+12
7.600000000000000000e+01 1.856329021289990723e+12
7.700000000000000000e+01 1.870339426468757568e+12
7.800000000000000000e+01 1.883989317816210205e+12
7.900000000000000000e+01 1.897278281884963623e+12
8.000000000000000000e+01 1.910206129371957275e+12
8.100000000000000000e+01 1.922772897527278320e+12
8.200000000000000000e+01 1.934978852298351807e+12
8.300000000000000000e+01 1.946824490200663818e+12
8.400000000000000000e+01 1.958310539910271973e+12
8.500000000000000000e+01 1.969437963572846436e+12
8.600000000000000000e+01 1.980207957822153076e+12
8.700000000000000000e+01 1.990621954507719482e+12
8.800000000000000000e+01 2.000681621124490967e+12
8.900000000000000000e+01 2.010388860944526123e+12
9.000000000000000000e+01 2.019745812846633057e+12
9.100000000000000000e+01 2.028754850844328125e+12
9.200000000000000000e+01 2.037418583310145752e+12
9.300000000000000000e+01 2.045739851896456787e+12
9.400000000000000000e+01 2.053721730154292969e+12
9.500000000000000000e+01 2.061367521851214111e+12
9.600000000000000000e+01 2.068680758990061523e+12
9.700000000000000000e+01 2.075665199529633301e+12
9.800000000000000000e+01 2.082324824816634033e+12
9.900000000000000000e+01 2.088663836723527100e+12
1.000000000000000000e+02 2.094686654506788574e+12
1.010000000000000000e+02 2.100397911382273438e+12
1.020000000000000000e+02 2.105802450830674072e+12
1.030000000000000000e+02 2.110905322634524170e+12
1.040000000000000000e+02 2.115711778655124268e+12
1.050000000000000000e+02 2.120227268358908447e+12
1.060000000000000000e+02 2.124457434097958984e+12
1.070000000000000000e+02 2.128408106155392578e+12
1.080000000000000000e+02 2.132085297563662842e+12
1.090000000000000000e+02 2.135495198706134521e+12
1.100000000000000000e+02 2.138644171709397949e+12
1.110000000000000000e+02 2.141538744639345703e+12
1.120000000000000000e+02 2.144185605509100830e+12
1.130000000000000000e+02 2.146591596110326416e+12
1.140000000000000000e+02 2.148763705679779785e+12
1.150000000000000000e+02 2.150709064410596436e+12
1.160000000000000000e+02 2.152434936821619385e+12
1.170000000000000000e+02 2.153948714994766113e+12
1.180000000000000000e+02 2.155257911693022949e+12
1.190000000000000000e+02 2.156370153371447754e+12
1.200000000000000000e+02 2.157293173092122070e+12
1.210000000000000000e+02 2.158034803355533447e+12
1.220000000000000000e+02 2.158602968860860107e+12
1.230000000000000000e+02 2.159005679206284912e+12
1.240000000000000000e+02 2.159251021542510986e+12
1.250000000000000000e+02 2.159347153190661865e+12
1.260000000000000000e+02 2.159302294236650635e+12
1.270000000000000000e+02 2.159124720113486816e+12
1.280000000000000000e+02 2.158822754184839355e+12
1.290000000000000000e+02 2.158404760338794434e+12
1.300000000000000000e+02 2.157879135604359375e+12
1.310000000000000000e+02 2.157254302803127441e+12
1.320000000000000000e+02 2.156538703244112793e+12
1.330000000000000000e+02 2.155740789476017578e+12
1.340000000000000000e+02 2.154869018103343750e+12
1.350000000000000000e+02 2.153931842679521240e+12
1.360000000000000000e+02 2.152937706686785156e+12
1.370000000000000000e+02 2.151895036609253418e+12
1.380000000000000000e+02 2.150812235112318604e+12
1.390000000000000000e+02 2.149697674335164795e+12
1.400000000000000000e+02 2.148559689304589600e+12
1.410000000000000000e+02 2.147406571479549316e+12
1.420000000000000000e+02 2.146246562434451172e+12
1.430000000000000000e+02 2.145087847686066162e+12
1.440000000000000000e+02 2.143938550674046631e+12
1.450000000000000000e+02 2.142806726901264648e+12
1.460000000000000000e+02 2.141700358238613525e+12
1.470000000000000000e+02 2.140627347401448730e+12
1.480000000000000000e+02 2.139595512603583496e+12
1.490000000000000000e+02 2.138612582392822998e+12
1.500000000000000000e+02 2.137686190674092773e+12
1.510000000000000000e+02 2.136823871922324951e+12
1.520000000000000000e+02 2.136033056592331299e+12
1.530000000000000000e+02 2.135321066726641357e+12
1.540000000000000000e+02 2.134695111764515137e+12
1.550000000000000000e+02 2.134162284556880371e+12
1.560000000000000000e+02 2.133729557588364746e+12
1.570000000000000000e+02 2.133403779407730713e+12
1.580000000000000000e+02 2.133191671270081543e+12
1.590000000000000000e+02 2.133099823989935547e+12
1.600000000000000000e+02 2.133134695009473145e+12
1.610000000000000000e+02 2.133302605679169434e+12
1.620000000000000000e+02 2.133609738752487061e+12
1.630000000000000000e+02 2.134062136095148926e+12
1.640000000000000000e+02 2.134665696607461182e+12
1.650000000000000000e+02 2.135426174359594238e+12
1.660000000000000000e+02 2.136349176939124756e+12
1.670000000000000000e+02 2.137440164008204346e+12
1.680000000000000000e+02 2.138704446069827637e+12
1.690000000000000000e+02 2.140147183441755859e+12
1.700000000000000000e+02 2.141773385433707520e+12
1.710000000000000000e+02 2.143587909728086914e+12
1.720000000000000000e+02 2.145595461959613525e+12
1.730000000000000000e+02 2.147800595490947021e+12
1.740000000000000000e+02 2.150207711383428711e+12
1.750000000000000000e+02 2.152821058555103516e+12
1.760000000000000000e+02 2.155644734126842041e+12
1.770000000000000000e+02 2.158682683950699707e+12
1.780000000000000000e+02 2.161938703315498291e+12
1.790000000000000000e+02 2.165416437827222900e+12
1.800000000000000000e+02 2.169119384458407715e+12
1.810000000000000000e+02 2.173050892763291260e+12
1.820000000000000000e+02 2.177214166252477783e+12
1.830000000000000000e+02 2.181612263922705811e+12
1.840000000000000000e+02 2.186248101937204834e+12
1.850000000000000000e+02 2.191124455450869873e+12
1.860000000000000000e+02 2.196243960575466309e+12
1.870000000000000000e+02 2.201609116477836426e+12
1.880000000000000000e+02 2.207222287608670898e+12
1.890000000000000000e+02 2.213085706052114746e+12
1.900000000000000000e+02 2.219201473994993652e+12
1.910000000000000000e+02 2.225571566305860352e+12
1.920000000000000000e+02 2.232197833220024414e+12
1.930000000000000000e+02 2.239082003125501465e+12
1.940000000000000000e+02 2.246225685441537598e+12
1.950000000000000000e+02 2.253630373584961914e+12
1.960000000000000000e+02 2.261297448019665527e+12
1.970000000000000000e+02 2.269228179380176270e+12
1.980000000000000000e+02 2.277423731665960449e+12
1.990000000000000000e+02 2.285885165499277832e+12
2.000000000000000000e+02 2.294613441440603027e+12
2.010000000000000000e+02 2.303609423355338379e+12
2.020000000000000000e+02 2.312873881825919922e+12
2.030000000000000000e+02 2.322407497604413574e+12
2.040000000000000000e+02 2.332210865098639648e+12
2.050000000000000000e+02 2.342284495884494629e+12
2.060000000000000000e+02 2.352628822242418457e+12
2.070000000000000000e+02 2.363244200708801270e+12
2.080000000000000000e+02 2.374130915637767578e+12
2.090000000000000000e+02 2.385289182768484863e+12
2.100000000000000000e+02 2.396719152791710938e+12
2.110000000000000000e+02 2.408420914909897949e+12
2.120000000000000000e+02 2.420394500386294434e+12
2.130000000000000000e+02 2.432639886076546387e+12
2.140000000000000000e+02 2.445156997940666504e+12
2.150000000000000000e+02 2.457945714525524902e+12
2.160000000000000000e+02 2.471005870418657715e+12
2.170000000000000000e+02 2.484337259663421387e+12
2.180000000000000000e+02 2.497939639134697266e+12
2.190000000000000000e+02 2.511812731868752930e+12
2.200000000000000000e+02 2.525956230344467285e+12
2.210000000000000000e+02 2.540369799709218750e+12
2.220000000000000000e+02 2.555053080948907227e+12
2.230000000000000000e+02 2.570005693995847168e+12
2.240000000000000000e+02 2.585227240770729980e+12
2.250000000000000000e+02 2.600717308157505859e+12
2.260000000000000000e+02 2.616475470905706543e+12
2.270000000000000000e+02 2.632501294457645020e+12
2.280000000000000000e+02 2.648794337698034668e+12
2.290000000000000000e+02 2.665354155622734375e+12
2.300000000000000000e+02 2.682180301924968262e+12
2.310000000000000000e+02 2.699272331494315430e+12
2.320000000000000000e+02 2.716629802829547852e+12
2.330000000000000000e+02 2.734252280360934570e+12
2.340000000000000000e+02 2.752139336680010254e+12
2.350000000000000000e+02 2.770290554677388184e+12
2.360000000000000000e+02 2.788705529584707031e+12
2.370000000000000000e+02 2.807383870920037598e+12
2.380000000000000000e+02 2.826325204337480469e+12
2.390000000000000000e+02 2.845529173376477539e+12
2.400000000000000000e+02 2.864995441113205566e+12
2.410000000000000000e+02 2.884723691712303223e+12
2.420000000000000000e+02 2.904713631877562012e+12
2.430000000000000000e+02 2.924964992202670410e+12
2.440000000000000000e+02 2.945477528421877441e+12
2.450000000000000000e+02 2.966251022558290527e+12
2.460000000000000000e+02 2.987285283973937012e+12
2.470000000000000000e+02 3.008580150317529297e+12
2.480000000000000000e+02 3.030135488374055664e+12
2.490000000000000000e+02 3.051951194813964355e+12
2.500000000000000000e+02 3.074027196845087402e+12
2.510000000000000000e+02 3.096363452765209473e+12
2.520000000000000000e+02 3.118959952419305664e+12
2.530000000000000000e+02 3.141816717560101074e+12
2.540000000000000000e+02 3.164933802114396973e+12
2.550000000000000000e+02 3.188311292354830566e+12
2.560000000000000000e+02 3.211949306981069824e+12
2.570000000000000000e+02 3.235847997108482422e+12
2.580000000000000000e+02 3.260007546167409180e+12
2.590000000000000000e+02 3.284428169716057617e+12
2.600000000000000000e+02 3.309110115164154785e+12
2.610000000000000000e+02 3.334053661413822266e+12
2.620000000000000000e+02 3.359259118415723145e+12
2.630000000000000000e+02 3.384726826643958496e+12
2.640000000000000000e+02 3.410457156490263672e+12
2.650000000000000000e+02 3.436450507580073730e+12
2.660000000000000000e+02 3.462707308011343750e+12
2.670000000000000000e+02 3.489228013518138672e+12
2.680000000000000000e+02 3.516013106560402344e+12
2.690000000000000000e+02 3.543063095342151367e+12
2.700000000000000000e+02 3.570378512758266113e+12
2.710000000000000000e+02 3.597959915272977539e+12
2.720000000000000000e+02 3.625807881731001465e+12
2.730000000000000000e+02 3.653923012102087402e+12
2.740000000000000000e+02 3.682305926161245605e+12
2.750000000000000000e+02 3.710957262106035645e+12
2.760000000000000000e+02 3.739877675112373535e+12
2.770000000000000000e+02 3.769067835828049316e+12
2.780000000000000000e+02 3.798528428808323242e+12
2.790000000000000000e+02 3.828260150893252441e+12
2.800000000000000000e+02 3.858263709526444824e+12
2.810000000000000000e+02 3.888539821018388672e+12
2.820000000000000000e+02 3.919089208754162109e+12
2.830000000000000000e+02 3.949912601346437500e+12
2.840000000000000000e+02 3.981010730733923340e+12
2.850000000000000000e+02 4.012384330227825195e+12
2.860000000000000000e+02 4.044034132503648926e+12
2.870000000000000000e+02 4.075960867542424805e+12
2.880000000000000000e+02 4.108165260518536621e+12
2.890000000000000000e+02 4.140648029636833496e+12
2.900000000000000000e+02 4.173409883917389160e+12
2.910000000000000000e+02 4.206451520928904297e+12
2.920000000000000000e+02 4.239773624471723145e+12
2.930000000000000000e+02 4.273376862208168945e+12
2.940000000000000000e+02 4.307261883240889648e+12
2.950000000000000000e+02 4.341429315641416992e+12
2.960000000000000000e+02 4.375879763923628418e+12
2.970000000000000000e+02 4.410613806467388672e+12
2.980000000000000000e+02 4.445631992886820312e+12
2.990000000000000000e+02 4.480934841346665039e+12
3.000000000000000000e+02 4.516522835823701172e+12
3.010000000000000000e+02 4.552396423313404297e+12
3.020000000000000000e+02 4.588556010981438477e+12
3.030000000000000000e+02 4.625001963257681641e+12
3.040000000000000000e+02 4.661734598875429688e+12
3.050000000000000000e+02 4.698754187849519531e+12
3.060000000000000000e+02 4.736060948399232422e+12
3.070000000000000000e+02 4.773655043808068359e+12
3.080000000000000000e+02 4.811536579224592773e+12
3.090000000000000000e+02 4.849705598401483398e+12
3.100000000000000000e+02 4.888162080371133789e+12
3.110000000000000000e+02 4.926905936058913086e+12
3.120000000000000000e+02 4.965937004829308594e+12
3.130000000000000000e+02 5.005255050969329102e+12
3.140000000000000000e+02 5.044859760102921875e+12
3.150000000000000000e+02 5.084750735538605469e+12
3.160000000000000000e+02 5.124927494548415039e+12
3.170000000000000000e+02 5.165389464577162109e+12
3.180000000000000000e+02 5.206135979381211914e+12
3.190000000000000000e+02 5.247166275096125977e+12
3.200000000000000000e+02 5.288479486230944336e+12
3.210000000000000000e+02 5.330074641591666992e+12
3.220000000000000000e+02 5.371950660129511719e+12
3.230000000000000000e+02 5.414106346715499023e+12
3.240000000000000000e+02 5.456540387839838867e+12
3.250000000000000000e+02 5.499251347237063477e+12
3.260000000000000000e+02 5.542237661434266602e+12
3.270000000000000000e+02 5.585497635224384766e+12
3.280000000000000000e+02 5.629029437063953125e+12
3.290000000000000000e+02 5.672831094393123047e+12
3.300000000000000000e+02 5.716900488881322266e+12
3.310000000000000000e+02 5.761235351596477539e+12
3.320000000000000000e+02 5.805833258099282227e+12
3.330000000000000000e+02 5.850691623462519531e+12
3.340000000000000000e+02 5.895807697215960938e+12
3.350000000000000000e+02 5.941178558217271484e+12
3.360000000000000000e+02 5.986801109453919922e+12
3.370000000000000000e+02 6.032672072769552734e+12
3.380000000000000000e+02 6.078787983523996094e+12
3.390000000000000000e+02 6.125145185183829102e+12
3.400000000000000000e+02 6.171739823847098633e+12
3.410000000000000000e+02 6.218567842705000977e+12
3.420000000000000000e+02 6.265624976438652344e+12
3.430000000000000000e+02 6.312906745561091797e+12
3.440000000000000000e+02 6.360408450698233398e+12
3.450000000000000000e+02 6.408125166820385742e+12
3.460000000000000000e+02 6.456051737420524414e+12
3.470000000000000000e+02 6.504182768648011719e+12
3.480000000000000000e+02 6.552512623398554688e+12
3.490000000000000000e+02 6.601035415366837891e+12
3.500000000000000000e+02 6.649745003064471680e+12
3.510000000000000000e+02 6.698634983808797852e+12
3.520000000000000000e+02 6.747698687688173828e+12
3.530000000000000000e+02 6.796929171508563477e+12
3.540000000000000000e+02 6.846319212727662109e+12
3.550000000000000000e+02 6.895861303383000977e+12
3.560000000000000000e+02 6.945547644018496094e+12
3.570000000000000000e+02 6.995370137620423828e+12
3.580000000000000000e+02 7.045320383565665039e+12
3.590000000000000000e+02 7.095389671593044922e+12
3.600000000000000000e+02 7.145568975804300781e+12
3.610000000000000000e+02 7.195848948703194336e+12
3.620000000000000000e+02 7.246219915282638672e+12
3.630000000000000000e+02 7.296671867167828125e+12
3.640000000000000000e+02 7.347194456825163086e+12
3.650000000000000000e+02 7.397776991849060547e+12
3.660000000000000000e+02 7.448408429332125977e+12
3.670000000000000000e+02 7.499077370336515625e+12
3.680000000000000000e+02 7.549772054471733398e+12
3.690000000000000000e+02 7.600480354593249023e+12
3.700000000000000000e+02 7.651189771633944336e+12
3.710000000000000000e+02 7.701887429579848633e+12
3.720000000000000000e+02 7.752560070604428711e+12
3.730000000000000000e+02 7.803194050372708984e+12
3.740000000000000000e+02 7.853775333531066406e+12
3.750000000000000000e+02 7.904289489394388672e+12
3.760000000000000000e+02 7.954721687846982422e+12
3.770000000000000000e+02 8.005056695469906250e+12
3.780000000000000000e+02 8.055278871911270508e+12
3.790000000000000000e+02 8.105372166514281250e+12
3.800000000000000000e+02 8.155320115217353516e+12
3.810000000000000000e+02 8.205105837744441406e+12
3.820000000000000000e+02 8.254712035099008789e+12
3.830000000000000000e+02 8.304120987380721680e+12
3.840000000000000000e+02 8.353314551938116211e+12
3.850000000000000000e+02 8.402274161876956055e+12
3.860000000000000000e+02 8.450980824938417969e+12
3.870000000000000000e+02 8.499415122765633789e+12
3.880000000000000000e+02 8.547557210575649414e+12
3.890000000000000000e+02 8.595386817251845703e+12
3.900000000000000000e+02 8.642883245875662109e+12
3.910000000000000000e+02 8.690025374713681641e+12
3.920000000000000000e+02 8.736791658678330078e+12
3.930000000000000000e+02 8.783160131275056641e+12
3.940000000000000000e+02 8.829108407058833984e+12
3.950000000000000000e+02 8.874613684609554688e+12
3.960000000000000000e+02 8.919652750048123047e+12
3.970000000000000000e+02 8.964201981105636719e+12
3.980000000000000000e+02 9.008237351762900391e+12
3.990000000000000000e+02 9.051734437475324219e+12
4.000000000000000000e+02 9.094668420997044922e+12
4.010000000000000000e+02 9.137014098821037109e+12
4.020000000000000000e+02 9.178745888246724609e+12
4.030000000000000000e+02 9.219837835090128906e+12
4.040000000000000000e+02 9.260263622049015625e+12
4.050000000000000000e+02 9.299996577737330078e+12
4.060000000000000000e+02 9.339009686396671875e+12
4.070000000000000000e+02 9.377275598302091797e+12
4.080000000000000000e+02 9.414766640867751953e+12
4.090000000000000000e+02 9.451454830465478516e+12
4.100000000000000000e+02 9.487311884966718750e+12
4.110000000000000000e+02 9.522309237013548828e+12
4.120000000000000000e+02 9.556418048031183594e+12
4.130000000000000000e+02 9.589609222987675781e+12
4.140000000000000000e+02 9.621853425908267578e+12
4.150000000000000000e+02 9.653121096153255859e+12
4.160000000000000000e+02 9.683382465464310547e+12
4.170000000000000000e+02 9.712607575785646484e+12
4.180000000000000000e+02 9.740766297866689453e+12
4.190000000000000000e+02 9.767828350651541016e+12
4.200000000000000000e+02 9.793763321461029297e+12
4.210000000000000000e+02 9.818540686972382812e+12
4.220000000000000000e+02 9.842129835002048828e+12
4.230000000000000000e+02 9.864500087098384766e+12
4.240000000000000000e+02 9.885620721948925781e+12
4.250000000000000000e+02 9.905460999609582031e+12
4.260000000000000000e+02 9.923990186561439453e+12
4.270000000000000000e+02 9.941177581605058594e+12
4.280000000000000000e+02 9.956992542598345703e+12
4.290000000000000000e+02 9.971404514049117188e+12
4.300000000000000000e+02 9.984383055572203125e+12
4.310000000000000000e+02 9.995897871224037109e+12
4.320000000000000000e+02 1.000591883972691211e+13
4.330000000000000000e+02 1.001441604559992578e+13
4.340000000000000000e+02 1.002135981121211133e+13
4.350000000000000000e+02 1.002672072977751953e+13
4.360000000000000000e+02 1.003046969931351172e+13
4.370000000000000000e+02 1.003257795758565625e+13
4.380000000000000000e+02 1.003301711806499414e+13
4.390000000000000000e+02 1.003175920692662695e+13
4.400000000000000000e+02 1.002877670111954297e+13
4.410000000000000000e+02 1.002404256754280664e+13
4.420000000000000000e+02 1.001753030336325000e+13
4.430000000000000000e+02 1.000921397751464258e+13
4.440000000000000000e+02 9.999068273418767578e+12
4.450000000000000000e+02 9.987068532974263672e+12
4.460000000000000000e+02 9.973190801858333984e+12
4.470000000000000000e+02 9.957411876190667969e+12
4.480000000000000000e+02 9.939709350610480469e+12
4.490000000000000000e+02 9.920061667818449219e+12
4.500000000000000000e+02 9.898448169636603516e+12
4.510000000000000000e+02 9.874849149641224609e+12
4.520000000000000000e+02 9.849245907421158203e+12
4.530000000000000000e+02 9.821620804515853516e+12
4.540000000000000000e+02 9.791957322083976562e+12
4.550000000000000000e+02 9.760240120351582031e+12
4.560000000000000000e+02 9.726455099885173828e+12
4.570000000000000000e+02 9.690589464729798828e+12
4.580000000000000000e+02 9.652631787445820312e+12
4.590000000000000000e+02 9.612572076069513672e+12
4.600000000000000000e+02 9.570401843014542969e+12
4.610000000000000000e+02 9.526114175916867188e+12
4.620000000000000000e+02 9.479703810413960938e+12
4.630000000000000000e+02 9.431167204831640625e+12
4.640000000000000000e+02 9.380502616733242188e+12
4.650000000000000000e+02 9.327710181264000000e+12
4.660000000000000000e+02 9.272791991199175781e+12
4.670000000000000000e+02 9.215752178575921875e+12
4.680000000000000000e+02 9.156596997758644531e+12
4.690000000000000000e+02 9.095334909751798828e+12
4.700000000000000000e+02 9.031976667536701172e+12
4.710000000000000000e+02 8.966535402165875000e+12
4.720000000000000000e+02 8.899026709303330078e+12
4.730000000000000000e+02 8.829468735848447266e+12
4.740000000000000000e+02 8.757882266227738281e+12
4.750000000000000000e+02 8.684290807881946289e+12
4.760000000000000000e+02 8.608720675412680664e+12
4.770000000000000000e+02 8.531201072791419922e+12
4.780000000000000000e+02 8.451764172963716797e+12
4.790000000000000000e+02 8.370445194112804688e+12
4.800000000000000000e+02 8.287282471775387695e+12
4.810000000000000000e+02 8.202317525928903320e+12
4.820000000000000000e+02 8.115595122098014648e+12
4.830000000000000000e+02 8.027163325455724609e+12
4.840000000000000000e+02 7.937073546826522461e+12
4.850000000000000000e+02 7.845380579433004883e+12
4.860000000000000000e+02 7.752142625169846680e+12
4.870000000000000000e+02 7.657421309136932617e+12
4.880000000000000000e+02 7.561281681122843750e+12
4.890000000000000000e+02 7.463792202702714844e+12
4.900000000000000000e+02 7.365024718599156250e+12
4.910000000000000000e+02 7.265054410961767578e+12
4.920000000000000000e+02 7.163959735245305664e+12
4.930000000000000000e+02 7.061822336415279297e+12
4.940000000000000000e+02 6.958726944285036133e+12
4.950000000000000000e+02 6.854761246893177734e+12
4.960000000000000000e+02 6.750015740964060547e+12
4.970000000000000000e+02 6.644583558663353516e+12
4.980000000000000000e+02 6.538560270063018555e+12
4.990000000000000000e+02 6.432043660967852539e+12
5.000000000000000000e+02 6.325133486028146484e+12
5.010000000000000000e+02 6.217931197370137695e+12
5.020000000000000000e+02 6.110539649313118164e+12
5.030000000000000000e+02 6.003062780108433594e+12
5.040000000000000000e+02 5.895605272023053711e+12
5.050000000000000000e+02 5.788272191497640625e+12
5.060000000000000000e+02 5.681168611521618164e+12
5.070000000000000000e+02 5.574399218782504883e+12
5.080000000000000000e+02 5.468067908552287109e+12
5.090000000000000000e+02 5.362277370654967773e+12
5.100000000000000000e+02 5.257128670211673828e+12
5.110000000000000000e+02 5.152720827164480469e+12
5.120000000000000000e+02 5.049150398830104492e+12
5.130000000000000000e+02 4.946511069916347656e+12
5.140000000000000000e+02 4.844893254539061523e+12
5.150000000000000000e+02 4.744383714796210938e+12
5.160000000000000000e+02 4.645065200382722656e+12
5.170000000000000000e+02 4.547016113562757812e+12
5.180000000000000000e+02 4.450310203551743164e+12
5.190000000000000000e+02 4.355016294005046875e+12
5.200000000000000000e+02 4.261198046866869629e+12
5.210000000000000000e+02 4.168913765311583496e+12
5.220000000000000000e+02 4.078216237923458008e+12
5.230000000000000000e+02 3.989152625623239746e+12
5.240000000000000000e+02 3.901764392177137695e+12
5.250000000000000000e+02 3.816087278435703125e+12
5.260000000000000000e+02 3.732151319763919434e+12
5.270000000000000000e+02 3.649980905457557617e+12
5.280000000000000000e+02 3.569594878314257812e+12
5.290000000000000000e+02 3.491006671954653320e+12
5.300000000000000000e+02 3.414224482983413574e+12
5.310000000000000000e+02 3.339251474655706055e+12
5.320000000000000000e+02 3.266086008374550293e+12
5.330000000000000000e+02 3.194721899098500977e+12
5.340000000000000000e+02 3.125148690585516602e+12
5.350000000000000000e+02 3.057351946336404785e+12
5.360000000000000000e+02 2.991313552127056152e+12
5.370000000000000000e+02 2.927012026123384766e+12
5.380000000000000000e+02 2.864422832749459961e+12
5.390000000000000000e+02 2.803518696717116699e+12
5.400000000000000000e+02 2.744269913911329590e+12
5.410000000000000000e+02 2.686644656151255859e+12
5.420000000000000000e+02 2.630609267197118164e+12
5.430000000000000000e+02 2.576128547738997070e+12
5.440000000000000000e+02 2.523166027474926758e+12
5.450000000000000000e+02 2.471684222750955566e+12
5.460000000000000000e+02 2.421644878590128418e+12
5.470000000000000000e+02 2.373009194272056641e+12
5.480000000000000000e+02 2.325738031934955566e+12
5.490000000000000000e+02 2.279792107954573242e+12
5.500000000000000000e+02 2.235132167107095215e+12
5.510000000000000000e+02 2.191719139742345459e+12
5.520000000000000000e+02 2.149514282382612793e+12
5.530000000000000000e+02 2.108479302318585938e+12
5.540000000000000000e+02 2.068576466900376709e+12
5.550000000000000000e+02 2.029768698319795654e+12
5.560000000000000000e+02 1.992019654751377197e+12
5.570000000000000000e+02 1.955293798768900391e+12
5.580000000000000000e+02 1.919556453980436035e+12
5.590000000000000000e+02 1.884773850834840332e+12
5.600000000000000000e+02 1.850913162545693115e+12
5.610000000000000000e+02 1.817942532059865723e+12
5.620000000000000000e+02 1.785831090966896973e+12
5.630000000000000000e+02 1.754548971208209961e+12
5.640000000000000000e+02 1.724067310399375977e+12
5.650000000000000000e+02 1.694358251530272461e+12
5.660000000000000000e+02 1.665394937754962646e+12
5.670000000000000000e+02 1.637151502929726807e+12
5.680000000000000000e+02 1.609603058502993408e+12
5.690000000000000000e+02 1.582725677306894043e+12
5.700000000000000000e+02 1.556496374747469727e+12
5.710000000000000000e+02 1.530893087839351807e+12
5.720000000000000000e+02 1.505894652481996826e+12
5.730000000000000000e+02 1.481480779328649658e+12
5.740000000000000000e+02 1.457632028555326660e+12
5.750000000000000000e+02 1.434329783797444580e+12
5.760000000000000000e+02 1.411556225484013916e+12
5.770000000000000000e+02 1.389294303765275146e+12
5.780000000000000000e+02 1.367527711198918457e+12
5.790000000000000000e+02 1.346240855331485840e+12
5.800000000000000000e+02 1.325418831287083252e+12
5.810000000000000000e+02 1.305047394452783691e+12
5.820000000000000000e+02 1.285112933330888672e+12
5.830000000000000000e+02 1.265602442611447998e+12
5.840000000000000000e+02 1.246503496503473633e+12
5.850000000000000000e+02 1.227804222351798096e+12
5.860000000000000000e+02 1.209493274556231445e+12
5.870000000000000000e+02 1.191559808801844971e+12
5.880000000000000000e+02 1.173993456603416260e+12
5.890000000000000000e+02 1.156784300162714355e+12
5.900000000000000000e+02 1.139922847534800049e+12
5.910000000000000000e+02 1.123400008098643066e+12
5.920000000000000000e+02 1.107207068327214600e+12
5.930000000000000000e+02 1.091335667854218750e+12
5.940000000000000000e+02 1.075777775836748535e+12
5.950000000000000000e+02 1.060525667616816162e+12
5.960000000000000000e+02 1.045571901688740356e+12
5.970000000000000000e+02 1.030909296984356323e+12
5.980000000000000000e+02 1.016530910492870850e+12
5.990000000000000000e+02 1.002430015238129028e+12
6.000000000000000000e+02 9.886000786412753906e+11
6.010000000000000000e+02 9.750347413025296631e+11
6.020000000000000000e+02 9.617277962413551025e+11
6.030000000000000000e+02 9.486731686391685791e+11
6.040000000000000000e+02 9.358648961335000000e+11
6.050000000000000000e+02 9.232971097167091064e+11
6.060000000000000000e+02 9.109640152956313477e+11
6.070000000000000000e+02 8.988598759712661133e+11
6.080000000000000000e+02 8.869789950994500732e+11
6.090000000000000000e+02 8.753157001942020264e+11
6.100000000000000000e+02 8.638643277356301270e+11
6.110000000000000000e+02 8.526192089429320068e+11
6.120000000000000000e+02 8.415746565710892334e+11
6.130000000000000000e+02 8.307249527869570312e+11
6.140000000000000000e+02 8.200643381761126709e+11
6.150000000000000000e+02 8.095870019272153320e+11
6.160000000000000000e+02 7.992870732346865234e+11
6.170000000000000000e+02 7.891586139540062256e+11
6.180000000000000000e+02 7.791956125367091064e+11
6.190000000000000000e+02 7.693919792643487549e+11
6.200000000000000000e+02 7.597415427924130859e+11
6.210000000000000000e+02 7.502380480066217041e+11
6.220000000000000000e+02 7.408751551851727295e+11
6.230000000000000000e+02 7.316464404516390381e+11
6.240000000000000000e+02 7.225453974944180908e+11
6.250000000000000000e+02 7.135654405198964844e+11
6.260000000000000000e+02 7.046999083982237549e+11
6.270000000000000000e+02 6.959420699525980225e+11
6.280000000000000000e+02 6.872851303356740723e+11
6.290000000000000000e+02 6.787222384297225342e+11
6.300000000000000000e+02 6.702464952013205566e+11
6.310000000000000000e+02 6.618509629359897461e+11
6.320000000000000000e+02 6.535286752734703369e+11
6.330000000000000000e+02 6.452726479611302490e+11
6.340000000000000000e+02 6.370758902400187988e+11
6.350000000000000000e+02 6.289314167762209473e+11
6.360000000000000000e+02 6.208322600492637939e+11
6.370000000000000000e+02 6.127714831092109375e+11
6.380000000000000000e+02 6.047421926148492432e+11
6.390000000000000000e+02 5.967375520666578369e+11
6.400000000000000000e+02 5.887507951507014160e+11
6.410000000000000000e+02 5.807752391120983887e+11
6.420000000000000000e+02 5.728042980804587402e+11
6.430000000000000000e+02 5.648314962732840576e+11
6.440000000000000000e+02 5.568504810077047119e+11
6.450000000000000000e+02 5.488550354556489868e+11
6.460000000000000000e+02 5.408390910822293701e+11
6.470000000000000000e+02 5.327967397122670288e+11
6.480000000000000000e+02 5.247222451749142456e+11
6.490000000000000000e+02 5.166100544815471191e+11
6.500000000000000000e+02 5.084548084970576172e+11
6.510000000000000000e+02 5.002513520697384033e+11
6.520000000000000000e+02 4.919947435897099609e+11
6.530000000000000000e+02 4.836802639504556885e+11
6.540000000000000000e+02 4.753034248923860474e+11
6.550000000000000000e+02 4.668599767113701782e+11
6.560000000000000000e+02 4.583459153191849365e+11
6.570000000000000000e+02 4.497574886460466309e+11
6.580000000000000000e+02 4.410912023787192383e+11
6.590000000000000000e+02 4.323438250305863037e+11
6.600000000000000000e+02 4.235123923425231934e+11
6.610000000000000000e+02 4.145942110156657715e+11
6.620000000000000000e+02 4.055868617792343140e+11
6.630000000000000000e+02 3.964882017980527954e+11
6.640000000000000000e+02 3.872963664259902344e+11
6.650000000000000000e+02 3.780097703126035156e+11
6.660000000000000000e+02 3.686271078712872925e+11
6.670000000000000000e+02 3.591473531178807373e+11
6.680000000000000000e+02 3.495697588893599243e+11
6.690000000000000000e+02 3.398938554526764526e+11
6.700000000000000000e+02 3.301194485140194702e+11
6.710000000000000000e+02 3.202466166391643066e+11
6.720000000000000000e+02 3.102757080957436523e+11
6.730000000000000000e+02 3.002073371286439819e+11
6.740000000000000000e+02 2.900423796801027222e+11
6.750000000000000000e+02 2.797819685669473267e+11
6.760000000000000000e+02 2.694274881284667969e+11
6.770000000000000000e+02 2.589805683603184204e+11
6.780000000000000000e+02 2.484430785526464539e+11
6.790000000000000000e+02 2.378171204543851013e+11
6.800000000000000000e+02 2.271050209914090271e+11
6.810000000000000000e+02 2.163093245735684204e+11
6.820000000000000000e+02 2.054327850352080688e+11
6.830000000000000000e+02 1.944783572657088928e+11
6.840000000000000000e+02 1.834491886004911804e+11
6.850000000000000000e+02 1.723486100580474243e+11
6.860000000000000000e+02 1.611801275231549683e+11
6.870000000000000000e+02 1.499474129879155579e+11
6.880000000000000000e+02 1.386542959657445984e+11
6.890000000000000000e+02 1.273047551844741669e+11
6.900000000000000000e+02 1.159029106355504150e+11
6.910000000000000000e+02 1.044530160018906555e+11
6.920000000000000000e+02 9.295945140250489807e+10
6.930000000000000000e+02 8.142671627948339844e+10
6.940000000000000000e+02 6.985942212206062317e+10
6.950000000000000000e+02 5.826228459475415802e+10
6.960000000000000000e+02 4.664011454443141174e+10
6.970000000000000000e+02 3.499780734404940033e+10
6.980000000000000000e+02 2.334033012357330704e+10
6.990000000000000000e+02 1.167270665707047653e+10
