0.000000000000000000e+00 0.000000000000000000e+00
1.000000000000000000e+00 8.629125166872459412e+09
2.000000000000000000e+00 1.725776391687955093e+10
3.000000000000000000e+00 2.588543051598447800e+10
4.000000000000000000e+00 3.451164065116038513e+10
5.000000000000000000e+00 4.313591216790181732e+10
6.000000000000000000e+00 5.175776580655493927e+10
7.000000000000000000e+00 6.037672593726609039e+10
8.000000000000000000e+00 6.899232129283691406e+10
9.000000000000000000e+00 7.760408569936000061e+10
1.000000000000000000e+01 8.621155880390754700e+10
1.100000000000000000e+01 9.481428679906079102e+10
1.200000000000000000e+01 1.034118231436388397e+11
1.300000000000000000e+01 1.120037292793244629e+11
1.400000000000000000e+01 1.205895753425833588e+11
1.500000000000000000e+01 1.291689408714807892e+11
1.600000000000000000e+01 1.377414155068559265e+11
1.700000000000000000e+01 1.463065996874078369e+11
1.800000000000000000e+01 1.548641053381235657e+11
1.900000000000000000e+01 1.634135565515977173e+11
2.000000000000000000e+01 1.719545902615703430e+11
2.100000000000000000e+01 1.804868569083848877e+11
2.200000000000000000e+01 1.890100210955716553e+11
2.300000000000000000e+01 1.975237622370715332e+11
2.400000000000000000e+01 2.060277751946452026e+11
2.500000000000000000e+01 2.145217709047244568e+11
2.600000000000000000e+01 2.230054769941972961e+11
2.700000000000000000e+01 2.314786383845540771e+11
2.800000000000000000e+01 2.399410178835323181e+11
2.900000000000000000e+01 2.483923967642781372e+11
3.000000000000000000e+01 2.568325753304411011e+11
3.100000000000000000e+01 2.652613734675784302e+11
3.200000000000000000e+01 2.736786311794765625e+11
3.300000000000000000e+01 2.820842091091605225e+11
3.400000000000000000e+01 2.904779890439124756e+11
3.500000000000000000e+01 2.988598744033771362e+11
3.600000000000000000e+01 3.072297907105419312e+11
3.700000000000000000e+01 3.155876860445985718e+11
3.800000000000000000e+01 3.239335314752750244e+11
3.900000000000000000e+01 3.322673214779409790e+11
4.000000000000000000e+01 3.405890743287720947e+11
4.100000000000000000e+01 3.488988324795488892e+11
4.200000000000000000e+01 3.571966629113323364e+11
4.300000000000000000e+01 3.654826574665130005e+11
4.400000000000000000e+01 3.737569331586086426e+11
4.500000000000000000e+01 3.820196324593286743e+11
4.600000000000000000e+01 3.902709235622118530e+11
4.700000000000000000e+01 3.985110006226055298e+11
4.800000000000000000e+01 4.067400839730969849e+11
4.900000000000000000e+01 4.149584203142908936e+11
5.000000000000000000e+01 4.231662828802368774e+11
5.100000000000000000e+01 4.313639715782869263e+11
5.200000000000000000e+01 4.395518131027508545e+11
5.300000000000000000e+01 4.477301610223003540e+11
5.400000000000000000e+01 4.558993958405181274e+11
5.500000000000000000e+01 4.640599250294378052e+11
5.600000000000000000e+01 4.722121830358726807e+11
5.700000000000000000e+01 4.803566312602310791e+11
5.800000000000000000e+01 4.884937580075900269e+11
5.900000000000000000e+01 4.966240784112232056e+11
6.000000000000000000e+01 5.047481343279733276e+11
6.100000000000000000e+01 5.128664942059895020e+11
6.200000000000000000e+01 5.209797529242988892e+11
6.300000000000000000e+01 5.290885316048234863e+11
6.400000000000000000e+01 5.371934773964758911e+11
6.500000000000000000e+01 5.452952632316219482e+11
6.600000000000000000e+01 5.533945875553132324e+11
6.700000000000000000e+01 5.614921740271917725e+11
6.800000000000000000e+01 5.695887711966984863e+11
6.900000000000000000e+01 5.776851521516413574e+11
7.000000000000000000e+01 5.857821141407363281e+11
7.100000000000000000e+01 5.938804781704479980e+11
7.200000000000000000e+01 6.019810885766397705e+11
7.300000000000000000e+01 6.100848125716802979e+11
7.400000000000000000e+01 6.181925397674166260e+11
7.500000000000000000e+01 6.263051816747663574e+11
7.600000000000000000e+01 6.344236711806693115e+11
7.700000000000000000e+01 6.425489620030274658e+11
7.800000000000000000e+01 6.506820281244211426e+11
7.900000000000000000e+01 6.588238632054552002e+11
8.000000000000000000e+01 6.669754799785817871e+11
8.100000000000000000e+01 6.751379096233471680e+11
8.200000000000000000e+01 6.833122011238685303e+11
8.300000000000000000e+01 6.914994206096745605e+11
8.400000000000000000e+01 6.997006506807972412e+11
8.500000000000000000e+01 7.079169897182305908e+11
8.600000000000000000e+01 7.161495511807133789e+11
8.700000000000000000e+01 7.243994628891680908e+11
8.800000000000000000e+01 7.326678662995888672e+11
8.900000000000000000e+01 7.409559157658094482e+11
9.000000000000000000e+01 7.492647777930703125e+11
9.100000000000000000e+01 7.575956302837690430e+11
9.200000000000000000e+01 7.659496617766014404e+11
9.300000000000000000e+01 7.743280706798670654e+11
9.400000000000000000e+01 7.827320645008530273e+11
9.500000000000000000e+01 7.911628590719698486e+11
9.600000000000000000e+01 7.996216777749556885e+11
9.700000000000000000e+01 8.081097507646027832e+11
9.800000000000000000e+01 8.166283141930102539e+11
9.900000000000000000e+01 8.251786094356027832e+11
1.000000000000000000e+02 8.337618823201444092e+11
1.010000000000000000e+02 8.423793823600325928e+11
1.020000000000000000e+02 8.510323619929741211e+11
1.030000000000000000e+02 8.597220758260795898e+11
1.040000000000000000e+02 8.684497798888010254e+11
1.050000000000000000e+02 8.772167308946157227e+11
1.060000000000000000e+02 8.860241855127558594e+11
1.070000000000000000e+02 8.948733996507642822e+11
1.080000000000000000e+02 9.037656277492337646e+11
1.090000000000000000e+02 9.127021220896697998e+11
1.100000000000000000e+02 9.216841321163726807e+11
1.110000000000000000e+02 9.307129037732977295e+11
1.120000000000000000e+02 9.397896788570607910e+11
1.130000000000000000e+02 9.489156943866026611e+11
1.140000000000000000e+02 9.580921819906799316e+11
1.150000000000000000e+02 9.673203673137893066e+11
1.160000000000000000e+02 9.766014694414254150e+11
1.170000000000000000e+02 9.859367003453804932e+11
1.180000000000000000e+02 9.953272643495908203e+11
1.190000000000000000e+02 1.004774357617537964e+12
1.200000000000000000e+02 1.014279167661338623e+12
1.210000000000000000e+02 1.023842872873557983e+12
1.220000000000000000e+02 1.033466642081866699e+12
1.230000000000000000e+02 1.043151634127223877e+12
1.240000000000000000e+02 1.052898997465878052e+12
1.250000000000000000e+02 1.062709869795729248e+12
1.260000000000000000e+02 1.072585377707145874e+12
1.270000000000000000e+02 1.082526636358613159e+12
1.280000000000000000e+02 1.092534749177665283e+12
1.290000000000000000e+02 1.102610807586820312e+12
1.300000000000000000e+02 1.112755890755109375e+12
1.310000000000000000e+02 1.122971065375084961e+12
1.320000000000000000e+02 1.133257385465375732e+12
1.330000000000000000e+02 1.143615892198784912e+12
1.340000000000000000e+02 1.154047613756003418e+12
1.350000000000000000e+02 1.164553565204799316e+12
1.360000000000000000e+02 1.175134748404450928e+12
1.370000000000000000e+02 1.185792151935603027e+12
1.380000000000000000e+02 1.196526751054931396e+12
1.390000000000000000e+02 1.207339507674719482e+12
1.400000000000000000e+02 1.218231370366946045e+12
1.410000000000000000e+02 1.229203274391550781e+12
1.420000000000000000e+02 1.240256141748685547e+12
1.430000000000000000e+02 1.251390881254339111e+12
1.440000000000000000e+02 1.262608388639250000e+12
1.450000000000000000e+02 1.273909546670432129e+12
1.460000000000000000e+02 1.285295225294953613e+12
1.470000000000000000e+02 1.296766281805491455e+12
1.480000000000000000e+02 1.308323561027157471e+12
1.490000000000000000e+02 1.319967895524960205e+12
1.500000000000000000e+02 1.331700105831483154e+12
1.510000000000000000e+02 1.343521000694115967e+12
1.520000000000000000e+02 1.355431377341281006e+12
1.530000000000000000e+02 1.367432021767068115e+12
1.540000000000000000e+02 1.379523709033418457e+12
1.550000000000000000e+02 1.391707203589622070e+12
1.560000000000000000e+02 1.403983259607952393e+12
1.570000000000000000e+02 1.416352621335248047e+12
1.580000000000000000e+02 1.428816023459396973e+12
1.590000000000000000e+02 1.441374191490111816e+12
1.600000000000000000e+02 1.454027842153425537e+12
1.610000000000000000e+02 1.466777683798984863e+12
1.620000000000000000e+02 1.479624416819491211e+12
1.630000000000000000e+02 1.492568734081615234e+12
1.640000000000000000e+02 1.505611321367552002e+12
1.650000000000000000e+02 1.518752857826442383e+12
1.660000000000000000e+02 1.531994016435111816e+12
1.670000000000000000e+02 1.545335464467159424e+12
1.680000000000000000e+02 1.558777863969689453e+12
1.690000000000000000e+02 1.572321872247045410e+12
1.700000000000000000e+02 1.585968142350756104e+12
1.710000000000000000e+02 1.599717323574857178e+12
1.720000000000000000e+02 1.613570061955932129e+12
1.730000000000000000e+02 1.627527000777143066e+12
1.740000000000000000e+02 1.641588781075475098e+12
1.750000000000000000e+02 1.655756042151587158e+12
1.760000000000000000e+02 1.670029422081238770e+12
1.770000000000000000e+02 1.684409558228038330e+12
1.780000000000000000e+02 1.698897087756494873e+12
1.790000000000000000e+02 1.713492648144656006e+12
1.800000000000000000e+02 1.728196877695958496e+12
1.810000000000000000e+02 1.743010416049214111e+12
1.820000000000000000e+02 1.757933904686477539e+12
1.830000000000000000e+02 1.772967987437781250e+12
1.840000000000000000e+02 1.788113310982373779e+12
1.850000000000000000e+02 1.803370525345648682e+12
1.860000000000000000e+02 1.818740284391428711e+12
1.870000000000000000e+02 1.834223246308565186e+12
1.880000000000000000e+02 1.849820074091745361e+12
1.890000000000000000e+02 1.865531436015716797e+12
1.900000000000000000e+02 1.881358006102238281e+12
1.910000000000000000e+02 1.897300464579623779e+12
1.920000000000000000e+02 1.913359498333952881e+12
1.930000000000000000e+02 1.929535801351633545e+12
1.940000000000000000e+02 1.945830075153006836e+12
1.950000000000000000e+02 1.962243029216086182e+12
1.960000000000000000e+02 1.978775381390416748e+12
1.970000000000000000e+02 1.995427858300380371e+12
1.980000000000000000e+02 2.012201195737725098e+12
1.990000000000000000e+02 2.029096139042583984e+12
2.000000000000000000e+02 2.046113443473055176e+12
2.010000000000000000e+02 2.063253874562602539e+12
2.020000000000000000e+02 2.080518208465120605e+12
2.030000000000000000e+02 2.097907232287467285e+12
2.040000000000000000e+02 2.115421744408732666e+12
2.050000000000000000e+02 2.133062554786397461e+12
2.060000000000000000e+02 2.150830485249000000e+12
2.070000000000000000e+02 2.168726369774861084e+12
2.080000000000000000e+02 2.186751054756865479e+12
2.090000000000000000e+02 2.204905399252961426e+12
2.100000000000000000e+02 2.223190275222244629e+12
2.110000000000000000e+02 2.241606567746444824e+12
2.120000000000000000e+02 2.260155175236506836e+12
2.130000000000000000e+02 2.278837009624370605e+12
2.140000000000000000e+02 2.297652996539661621e+12
2.150000000000000000e+02 2.316604075471088867e+12
2.160000000000000000e+02 2.335691199912622559e+12
2.170000000000000000e+02 2.354915337494352539e+12
2.180000000000000000e+02 2.374277470097853516e+12
2.190000000000000000e+02 2.393778593955949707e+12
2.200000000000000000e+02 2.413419719737109863e+12
2.210000000000000000e+02 2.433201872614101562e+12
2.220000000000000000e+02 2.453126092317101074e+12
2.230000000000000000e+02 2.473193433171216797e+12
2.240000000000000000e+02 2.493404964118255859e+12
2.250000000000000000e+02 2.513761768723056641e+12
2.260000000000000000e+02 2.534264945164102051e+12
2.270000000000000000e+02 2.554915606208552246e+12
2.280000000000000000e+02 2.575714879171936035e+12
2.290000000000000000e+02 2.596663905862041504e+12
2.300000000000000000e+02 2.617763842507525391e+12
2.310000000000000000e+02 2.639015859671253906e+12
2.320000000000000000e+02 2.660421142148004395e+12
2.330000000000000000e+02 2.681980888847061523e+12
2.340000000000000000e+02 2.703696312659583496e+12
2.350000000000000000e+02 2.725568640310677734e+12
2.360000000000000000e+02 2.747599112196594238e+12
2.370000000000000000e+02 2.769788982206518066e+12
2.380000000000000000e+02 2.792139517529714355e+12
2.390000000000000000e+02 2.814651998447508301e+12
2.400000000000000000e+02 2.837327718110545410e+12
2.410000000000000000e+02 2.860167982300965820e+12
2.420000000000000000e+02 2.883174109180060547e+12
2.430000000000000000e+02 2.906347429021001465e+12
2.440000000000000000e+02 2.929689283926764160e+12
2.450000000000000000e+02 2.953201027533563477e+12
2.460000000000000000e+02 2.976884024699265625e+12
2.470000000000000000e+02 3.000739651177370117e+12
2.480000000000000000e+02 3.024769293276075195e+12
2.490000000000000000e+02 3.048974347502646973e+12
2.500000000000000000e+02 3.073356220192957031e+12
2.510000000000000000e+02 3.097916327126284180e+12
2.520000000000000000e+02 3.122656093125054199e+12
2.530000000000000000e+02 3.147576951639606445e+12
2.540000000000000000e+02 3.172680344317957031e+12
2.550000000000000000e+02 3.197967720560230469e+12
2.560000000000000000e+02 3.223440537057854980e+12
2.570000000000000000e+02 3.249100257317090820e+12
2.580000000000000000e+02 3.274948351166996094e+12
2.590000000000000000e+02 3.300986294251561523e+12
2.600000000000000000e+02 3.327215567505541504e+12
2.610000000000000000e+02 3.353637656614271484e+12
2.620000000000000000e+02 3.380254051456671387e+12
2.630000000000000000e+02 3.407066245531426270e+12
2.640000000000000000e+02 3.434075735366114746e+12
2.650000000000000000e+02 3.461284019908824707e+12
2.660000000000000000e+02 3.488692599901768555e+12
2.670000000000000000e+02 3.516302977237081055e+12
2.680000000000000000e+02 3.544116654293520996e+12
2.690000000000000000e+02 3.572135133254672852e+12
2.700000000000000000e+02 3.600359915407234375e+12
2.710000000000000000e+02 3.628792500419866211e+12
2.720000000000000000e+02 3.657434385601121094e+12
2.730000000000000000e+02 3.686287065136861328e+12
2.740000000000000000e+02 3.715352029305943848e+12
2.750000000000000000e+02 3.744630763673997559e+12
2.760000000000000000e+02 3.774124748264580078e+12
2.770000000000000000e+02 3.803835456707002441e+12
2.780000000000000000e+02 3.833764355360400879e+12
2.790000000000000000e+02 3.863912902413085449e+12
2.800000000000000000e+02 3.894282546956938477e+12
2.810000000000000000e+02 3.924874728035527344e+12
2.820000000000000000e+02 3.955690873665862793e+12
2.830000000000000000e+02 3.986732399832500000e+12
2.840000000000000000e+02 4.018000709453497070e+12
2.850000000000000000e+02 4.049497191317419922e+12
2.860000000000000000e+02 4.081223218990368652e+12
2.870000000000000000e+02 4.113180149692441406e+12
2.880000000000000000e+02 4.145369323142573730e+12
2.890000000000000000e+02 4.177792060370944336e+12
2.900000000000000000e+02 4.210449662497972168e+12
2.910000000000000000e+02 4.243343409479138184e+12
2.920000000000000000e+02 4.276474558814458496e+12
2.930000000000000000e+02 4.309844344221842285e+12
2.940000000000000000e+02 4.343453974273235840e+12
2.950000000000000000e+02 4.377304630992436035e+12
2.960000000000000000e+02 4.411397468414122070e+12
2.970000000000000000e+02 4.445733611102090820e+12
2.980000000000000000e+02 4.480314152626678711e+12
2.990000000000000000e+02 4.515140153999654297e+12
3.000000000000000000e+02 4.550212642065621094e+12
3.010000000000000000e+02 4.585532607849169922e+12
3.020000000000000000e+02 4.621101004856155273e+12
3.030000000000000000e+02 4.656918747328488281e+12
3.040000000000000000e+02 4.692986708451114258e+12
3.050000000000000000e+02 4.729305718509850586e+12
3.060000000000000000e+02 4.765876562999467773e+12
3.070000000000000000e+02 4.802699980680450195e+12
3.080000000000000000e+02 4.839776661583230469e+12
3.090000000000000000e+02 4.877107244959419922e+12
3.100000000000000000e+02 4.914692317177987305e+12
3.110000000000000000e+02 4.952532409566067383e+12
3.120000000000000000e+02 4.990627996192500000e+12
3.130000000000000000e+02 5.028979491593756836e+12
3.140000000000000000e+02 5.067587248440479492e+12
3.150000000000000000e+02 5.106451555143931641e+12
3.160000000000000000e+02 5.145572633400902344e+12
3.170000000000000000e+02 5.184950635676244141e+12
3.180000000000000000e+02 5.224585642621894531e+12
3.190000000000000000e+02 5.264477660431222656e+12
3.200000000000000000e+02 5.304626618127731445e+12
3.210000000000000000e+02 5.345032364786976562e+12
3.220000000000000000e+02 5.385694666690879883e+12
3.230000000000000000e+02 5.426613204413270508e+12
3.240000000000000000e+02 5.467787569835716797e+12
3.250000000000000000e+02 5.509217263092915039e+12
3.260000000000000000e+02 5.550901689446490234e+12
3.270000000000000000e+02 5.592840156086437500e+12
3.280000000000000000e+02 5.635031868859580078e+12
3.290000000000000000e+02 5.677475928923935547e+12
3.300000000000000000e+02 5.720171329328432617e+12
3.310000000000000000e+02 5.763116951517611328e+12
3.320000000000000000e+02 5.806311561760060547e+12
3.330000000000000000e+02 5.849753807500468750e+12
3.340000000000000000e+02 5.893442213634853516e+12
3.350000000000000000e+02 5.937375178708281250e+12
3.360000000000000000e+02 5.981550971034807617e+12
3.370000000000000000e+02 6.025967724739507812e+12
3.380000000000000000e+02 6.070623435722273438e+12
3.390000000000000000e+02 6.115515957543247070e+12
3.400000000000000000e+02 6.160642997230026367e+12
3.410000000000000000e+02 6.206002111006594727e+12
3.420000000000000000e+02 6.251590699944318359e+12
3.430000000000000000e+02 6.297406005535026367e+12
3.440000000000000000e+02 6.343445105187116211e+12
3.450000000000000000e+02 6.389704907644575195e+12
3.460000000000000000e+02 6.436182148330113281e+12
3.470000000000000000e+02 6.482873384613127930e+12
3.480000000000000000e+02 6.529774991003056641e+12
3.490000000000000000e+02 6.576883154269818359e+12
3.500000000000000000e+02 6.624193868492204102e+12
3.510000000000000000e+02 6.671702930035672852e+12
3.520000000000000000e+02 6.719405932461341797e+12
3.530000000000000000e+02 6.767298261367811523e+12
3.540000000000000000e+02 6.815375089167613281e+12
3.550000000000000000e+02 6.863631369800900391e+12
3.560000000000000000e+02 6.912061833388250000e+12
3.570000000000000000e+02 6.960660980825369141e+12
3.580000000000000000e+02 7.009423078322500977e+12
3.590000000000000000e+02 7.058342151891483398e+12
3.600000000000000000e+02 7.107411981783605469e+12
3.610000000000000000e+02 7.156626096881940430e+12
3.620000000000000000e+02 7.205977769051790039e+12
3.630000000000000000e+02 7.255460007452945312e+12
3.640000000000000000e+02 7.305065552818625000e+12
3.650000000000000000e+02 7.354786871704904297e+12
3.660000000000000000e+02 7.404616150715910156e+12
3.670000000000000000e+02 7.454545290709603516e+12
3.680000000000000000e+02 7.504565900989694336e+12
3.690000000000000000e+02 7.554669293489098633e+12
3.700000000000000000e+02 7.604846476951062500e+12
3.710000000000000000e+02 7.655088151114253906e+12
3.720000000000000000e+02 7.705384700908290039e+12
3.730000000000000000e+02 7.755726190666562500e+12
3.740000000000000000e+02 7.806102358363665039e+12
3.750000000000000000e+02 7.856502609885103516e+12
3.760000000000000000e+02 7.906916013336623047e+12
3.770000000000000000e+02 7.957331293402198242e+12
3.780000000000000000e+02 8.007736825758256836e+12
3.790000000000000000e+02 8.058120631553737305e+12
3.800000000000000000e+02 8.108470371964838867e+12
3.810000000000000000e+02 8.158773342834074219e+12
3.820000000000000000e+02 8.209016469403440430e+12
3.830000000000000000e+02 8.259186301151829102e+12
3.840000000000000000e+02 8.309269006747390625e+12
3.850000000000000000e+02 8.359250369125612305e+12
3.860000000000000000e+02 8.409115780703884766e+12
3.870000000000000000e+02 8.458850238744774414e+12
3.880000000000000000e+02 8.508438340878951172e+12
3.890000000000000000e+02 8.557864280800489258e+12
3.900000000000000000e+02 8.607111844146504883e+12
3.910000000000000000e+02 8.656164404573675781e+12
3.920000000000000000e+02 8.705004920045215820e+12
3.930000000000000000e+02 8.753615929340462891e+12
3.940000000000000000e+02 8.801979548801464844e+12
3.950000000000000000e+02 8.850077469329478516e+12
3.960000000000000000e+02 8.897890953645646484e+12
3.970000000000000000e+02 8.945400833830091797e+12
3.980000000000000000e+02 8.992587509153058594e+12
3.990000000000000000e+02 9.039430944213500000e+12
4.000000000000000000e+02 9.085910667399173828e+12
4.010000000000000000e+02 9.132005769683029297e+12
4.020000000000000000e+02 9.177694903771644531e+12
4.030000000000000000e+02 9.222956283619984375e+12
4.040000000000000000e+02 9.267767684328310547e+12
4.050000000000000000e+02 9.312106442436724609e+12
4.060000000000000000e+02 9.355949456632773438e+12
4.070000000000000000e+02 9.399273188888097656e+12
4.080000000000000000e+02 9.442053666039488281e+12
4.090000000000000000e+02 9.484266481831306641e+12
4.100000000000000000e+02 9.525886799434873047e+12
4.110000000000000000e+02 9.566889354461115234e+12
4.120000000000000000e+02 9.607248458483865234e+12
4.130000000000000000e+02 9.646938003089582031e+12
4.140000000000000000e+02 9.685931464471562500e+12
4.150000000000000000e+02 9.724201908585652344e+12
4.160000000000000000e+02 9.761721996884880859e+12
4.170000000000000000e+02 9.798463992651906250e+12
4.180000000000000000e+02 9.834399767947199219e+12
4.190000000000000000e+02 9.869500811192548828e+12
4.200000000000000000e+02 9.903738235409021484e+12
4.210000000000000000e+02 9.937082787130730469e+12
4.220000000000000000e+02 9.969504856014648438e+12
4.230000000000000000e+02 1.000097448516906836e+13
4.240000000000000000e+02 1.003146138222358789e+13
4.250000000000000000e+02 1.006093493116475781e+13
4.260000000000000000e+02 1.008936420496320117e+13
4.270000000000000000e+02 1.011671797901823828e+13
4.280000000000000000e+02 1.014296474544924414e+13
4.290000000000000000e+02 1.016807272826310352e+13
4.300000000000000000e+02 1.019200989942997461e+13
4.310000000000000000e+02 1.021474399590131055e+13
4.320000000000000000e+02 1.023624253760619727e+13
4.330000000000000000e+02 1.025647284646481055e+13
4.340000000000000000e+02 1.027540206645975781e+13
4.350000000000000000e+02 1.029299718480964844e+13
4.360000000000000000e+02 1.030922505429218945e+13
4.370000000000000000e+02 1.032405241676644336e+13
4.380000000000000000e+02 1.033744592794818359e+13
4.390000000000000000e+02 1.034937218349637305e+13
4.400000000000000000e+02 1.035979774647095898e+13
4.410000000000000000e+02 1.036868917622816016e+13
4.420000000000000000e+02 1.037601305882229102e+13
4.430000000000000000e+02 1.038173603898883203e+13
4.440000000000000000e+02 1.038582485378639648e+13
4.450000000000000000e+02 1.038824636798209766e+13
4.460000000000000000e+02 1.038896761126806055e+13
4.470000000000000000e+02 1.038795581740215625e+13
4.480000000000000000e+02 1.038517846537164258e+13
4.490000000000000000e+02 1.038060332268257031e+13
4.500000000000000000e+02 1.037419849088361523e+13
4.510000000000000000e+02 1.036593245343583008e+13
4.520000000000000000e+02 1.035577412604803711e+13
4.530000000000000000e+02 1.034369290959639844e+13
4.540000000000000000e+02 1.032965874575624023e+13
4.550000000000000000e+02 1.031364217547284961e+13
4.560000000000000000e+02 1.029561440040273828e+13
4.570000000000000000e+02 1.027554734745772266e+13
4.580000000000000000e+02 1.025341373658525781e+13
4.590000000000000000e+02 1.022918715191717773e+13
4.600000000000000000e+02 1.020284211641670312e+13
4.610000000000000000e+02 1.017435417015091992e+13
4.620000000000000000e+02 1.014369995230918555e+13
4.630000000000000000e+02 1.011085728707945703e+13
4.640000000000000000e+02 1.007580527348611914e+13
4.650000000000000000e+02 1.003852437927667578e+13
4.660000000000000000e+02 9.998996538931222656e+12
4.670000000000000000e+02 9.957205255845640625e+12
4.680000000000000000e+02 9.913135708718097656e+12
4.690000000000000000e+02 9.866774862138187500e+12
4.700000000000000000e+02 9.818111581346923828e+12
4.710000000000000000e+02 9.767136751095390625e+12
4.720000000000000000e+02 9.713843398489748047e+12
4.730000000000000000e+02 9.658226819656689453e+12
4.740000000000000000e+02 9.600284710012011719e+12
4.750000000000000000e+02 9.540017297848804688e+12
4.760000000000000000e+02 9.477427480895482422e+12
4.770000000000000000e+02 9.412520965415408203e+12
4.780000000000000000e+02 9.345306407337607422e+12
4.790000000000000000e+02 9.275795554815814453e+12
4.800000000000000000e+02 9.204003391515306641e+12
4.810000000000000000e+02 9.129948279821601562e+12
4.820000000000000000e+02 9.053652103052367188e+12
4.830000000000000000e+02 8.975140405636447266e+12
4.840000000000000000e+02 8.894442530100332031e+12
4.850000000000000000e+02 8.811591749575183594e+12
4.860000000000000000e+02 8.726625394408515625e+12
4.870000000000000000e+02 8.639584971333183594e+12
4.880000000000000000e+02 8.550516273520615234e+12
4.890000000000000000e+02 8.459469479717759766e+12
4.900000000000000000e+02 8.366499240554183594e+12
4.910000000000000000e+02 8.271664749997914062e+12
4.920000000000000000e+02 8.175029799850000977e+12
4.930000000000000000e+02 8.076662815095846680e+12
4.940000000000000000e+02 7.976636867885208984e+12
4.950000000000000000e+02 7.875029667894861328e+12
4.960000000000000000e+02 7.771923526844819336e+12
4.970000000000000000e+02 7.667405294995682617e+12
4.980000000000000000e+02 7.561566267554862305e+12
4.990000000000000000e+02 7.454502059070502930e+12
5.000000000000000000e+02 7.346312444096012695e+12
5.010000000000000000e+02 7.237101162668671875e+12
5.020000000000000000e+02 7.126975689467232422e+12
5.030000000000000000e+02 7.016046965893762695e+12
5.040000000000000000e+02 6.904429094765748047e+12
5.050000000000000000e+02 6.792238997802653320e+12
5.060000000000000000e+02 6.679596036640062500e+12
5.070000000000000000e+02 6.566621598700934570e+12
5.080000000000000000e+02 6.453438649882643555e+12
5.090000000000000000e+02 6.340171256673898438e+12
5.100000000000000000e+02 6.226944080977670898e+12
5.110000000000000000e+02 6.113881851572516602e+12
5.120000000000000000e+02 6.001108816775308594e+12
5.130000000000000000e+02 5.888748183452329102e+12
5.140000000000000000e+02 5.776921548048005859e+12
5.150000000000000000e+02 5.665748325734562500e+12
5.160000000000000000e+02 5.555345184119775391e+12
5.170000000000000000e+02 5.445825488162553711e+12
5.180000000000000000e+02 5.337298763026616211e+12
5.190000000000000000e+02 5.229870181536964844e+12
5.200000000000000000e+02 5.123640082693137695e+12
5.210000000000000000e+02 5.018703527329505859e+12
5.220000000000000000e+02 4.915149896506147461e+12
5.230000000000000000e+02 4.813062537571337891e+12
5.240000000000000000e+02 4.712518462075285156e+12
5.250000000000000000e+02 4.613588098851658203e+12
5.260000000000000000e+02 4.516335104646566406e+12
5.270000000000000000e+02 4.420816233686432617e+12
5.280000000000000000e+02 4.327081266566382324e+12
5.290000000000000000e+02 4.235172997841847168e+12
5.300000000000000000e+02 4.145127280738727539e+12
5.310000000000000000e+02 4.056973126497284180e+12
5.320000000000000000e+02 3.970732855047733887e+12
5.330000000000000000e+02 3.886422293005111328e+12
5.340000000000000000e+02 3.804051014381112305e+12
5.350000000000000000e+02 3.723622618951263672e+12
5.360000000000000000e+02 3.645135042892192383e+12
5.370000000000000000e+02 3.568580896115826660e+12
5.380000000000000000e+02 3.493947820670722656e+12
5.390000000000000000e+02 3.421218864646450195e+12
5.400000000000000000e+02 3.350372866194087402e+12
5.410000000000000000e+02 3.281384842548304199e+12
5.420000000000000000e+02 3.214226379290129883e+12
5.430000000000000000e+02 3.148866015505753906e+12
5.440000000000000000e+02 3.085269620958789062e+12
5.450000000000000000e+02 3.023400761885589844e+12
5.460000000000000000e+02 2.963221052528458008e+12
5.470000000000000000e+02 2.904690490026429199e+12
5.480000000000000000e+02 2.847767770777331055e+12
5.490000000000000000e+02 2.792410586853568848e+12
5.500000000000000000e+02 2.738575901494788574e+12
5.510000000000000000e+02 2.686220203102549316e+12
5.520000000000000000e+02 2.635299737523696289e+12
5.530000000000000000e+02 2.585770718728134766e+12
5.540000000000000000e+02 2.537589518259762207e+12
5.550000000000000000e+02 2.490712834070524414e+12
5.560000000000000000e+02 2.445097839535378906e+12
5.570000000000000000e+02 2.400702313594537598e+12
5.580000000000000000e+02 2.357484753081525391e+12
5.590000000000000000e+02 2.315404468373839355e+12
5.600000000000000000e+02 2.274421663552434570e+12
5.610000000000000000e+02 2.234497502279745117e+12
5.620000000000000000e+02 2.195594160606911377e+12
5.630000000000000000e+02 2.157674867904394531e+12
5.640000000000000000e+02 2.120703937077680420e+12
5.650000000000000000e+02 2.084646785185847656e+12
5.660000000000000000e+02 2.049469945527445801e+12
5.670000000000000000e+02 2.015141072198729736e+12
5.680000000000000000e+02 1.981628938064277832e+12
5.690000000000000000e+02 1.948903427013822021e+12
5.700000000000000000e+02 1.916935521310627930e+12
5.710000000000000000e+02 1.885697284769500488e+12
5.720000000000000000e+02 1.855161842435974854e+12
5.730000000000000000e+02 1.825303357373881592e+12
5.740000000000000000e+02 1.796097005107620361e+12
5.750000000000000000e+02 1.767518946206572510e+12
5.760000000000000000e+02 1.739546297445061768e+12
5.770000000000000000e+02 1.712157101919962158e+12
5.780000000000000000e+02 1.685330298461081299e+12
5.790000000000000000e+02 1.659045690626310547e+12
5.800000000000000000e+02 1.633283915533539062e+12
5.810000000000000000e+02 1.608026412745893311e+12
5.820000000000000000e+02 1.583255393394074219e+12
5.830000000000000000e+02 1.558953809690451660e+12
5.840000000000000000e+02 1.535105324963666748e+12
5.850000000000000000e+02 1.511694284318940186e+12
5.860000000000000000e+02 1.488705686009143555e+12
5.870000000000000000e+02 1.466125153583289062e+12
5.880000000000000000e+02 1.443938908863497559e+12
5.890000000000000000e+02 1.422133745787494629e+12
5.900000000000000000e+02 1.400697005141776123e+12
5.910000000000000000e+02 1.379616550200663086e+12
5.920000000000000000e+02 1.358880743277036865e+12
5.930000000000000000e+02 1.338478423183697754e+12
5.940000000000000000e+02 1.318398883597781494e+12
5.950000000000000000e+02 1.298631852315524658e+12
5.960000000000000000e+02 1.279167471380371826e+12
5.970000000000000000e+02 1.259996278064354980e+12
5.980000000000000000e+02 1.241109186679250244e+12
5.990000000000000000e+02 1.222497471192895508e+12
6.000000000000000000e+02 1.204152748623854736e+12
6.010000000000000000e+02 1.186066963186727295e+12
6.020000000000000000e+02 1.168232371160127441e+12
6.030000000000000000e+02 1.150641526448728027e+12
6.040000000000000000e+02 1.133287266810661865e+12
6.050000000000000000e+02 1.116162700722642090e+12
6.060000000000000000e+02 1.099261194854411987e+12
6.070000000000000000e+02 1.082576362126045166e+12
6.080000000000000000e+02 1.066102050321453735e+12
6.090000000000000000e+02 1.049832331232680786e+12
6.100000000000000000e+02 1.033761490310779541e+12
6.110000000000000000e+02 1.017884016799572021e+12
6.120000000000000000e+02 1.002194594329897583e+12
6.130000000000000000e+02 9.866880919531237793e+11
6.140000000000000000e+02 9.713595555934024658e+11
6.150000000000000000e+02 9.562041998994826660e+11
6.160000000000000000e+02 9.412174004778233643e+11
6.170000000000000000e+02 9.263946864895571289e+11
6.180000000000000000e+02 9.117317335950748291e+11
6.190000000000000000e+02 8.972243572305882568e+11
6.200000000000000000e+02 8.828685062020866699e+11
6.210000000000000000e+02 8.686602565827583008e+11
6.220000000000000000e+02 8.545958059005701904e+11
6.230000000000000000e+02 8.406714676037661133e+11
6.240000000000000000e+02 8.268836657919089355e+11
6.250000000000000000e+02 8.132289302016911621e+11
6.260000000000000000e+02 7.997038914358962402e+11
6.270000000000000000e+02 7.863052764258620605e+11
6.280000000000000000e+02 7.730299041167915039e+11
6.290000000000000000e+02 7.598746813665709229e+11
6.300000000000000000e+02 7.468365990487408447e+11
6.310000000000000000e+02 7.339127283504318848e+11
6.320000000000000000e+02 7.211002172567363281e+11
6.330000000000000000e+02 7.083962872127943115e+11
6.340000000000000000e+02 6.957982299552459717e+11
6.350000000000000000e+02 6.833034045053897705e+11
6.360000000000000000e+02 6.709092343155925293e+11
6.370000000000000000e+02 6.586132045618187256e+11
6.380000000000000000e+02 6.464128595744449463e+11
6.390000000000000000e+02 6.343058004002833252e+11
6.400000000000000000e+02 6.222896824887257080e+11
6.410000000000000000e+02 6.103622134950563965e+11
6.420000000000000000e+02 5.985211511944915771e+11
6.430000000000000000e+02 5.867643015001473389e+11
6.440000000000000000e+02 5.750895165792650146e+11
6.450000000000000000e+02 5.634946930611984863e+11
6.460000000000000000e+02 5.519777703317279053e+11
6.470000000000000000e+02 5.405367289080405884e+11
6.480000000000000000e+02 5.291695888894215698e+11
6.490000000000000000e+02 5.178744084780332642e+11
6.500000000000000000e+02 5.066492825657252808e+11
6.510000000000000000e+02 4.954923413818078003e+11
6.520000000000000000e+02 4.844017491977083740e+11
6.530000000000000000e+02 4.733757030845070801e+11
6.540000000000000000e+02 4.624124317192734985e+11
6.550000000000000000e+02 4.515101942367323608e+11
6.560000000000000000e+02 4.406672791228334351e+11
6.570000000000000000e+02 4.298820031468275146e+11
6.580000000000000000e+02 4.191527103288042603e+11
6.590000000000000000e+02 4.084777709397633667e+11
6.600000000000000000e+02 3.978555805312297363e+11
6.610000000000000000e+02 3.872845589918164062e+11
6.620000000000000000e+02 3.767631496278848877e+11
6.630000000000000000e+02 3.662898182656485596e+11
6.640000000000000000e+02 3.558630523721666870e+11
6.650000000000000000e+02 3.454813601923118286e+11
6.660000000000000000e+02 3.351432698990789185e+11
6.670000000000000000e+02 3.248473287543783569e+11
6.680000000000000000e+02 3.145921022771139526e+11
6.690000000000000000e+02 3.043761734157623901e+11
6.700000000000000000e+02 2.941981417218118286e+11
6.710000000000000000e+02 2.840566225210476074e+11
6.720000000000000000e+02 2.739502460790848083e+11
6.730000000000000000e+02 2.638776567579870605e+11
6.740000000000000000e+02 2.538375121609778748e+11
6.750000000000000000e+02 2.438284822631544495e+11
6.760000000000000000e+02 2.338492485269323425e+11
6.770000000000000000e+02 2.238985030031172485e+11
6.780000000000000000e+02 2.139749474213219299e+11
6.790000000000000000e+02 2.040772922773821716e+11
6.800000000000000000e+02 1.942042559310552979e+11
6.810000000000000000e+02 1.843545637350063782e+11
6.820000000000000000e+02 1.745269472253062134e+11
6.830000000000000000e+02 1.647201434154703979e+11
6.840000000000000000e+02 1.549328942491239929e+11
6.850000000000000000e+02 1.451639462804510803e+11
6.860000000000000000e+02 1.354120506642517395e+11
6.870000000000000000e+02 1.256759635459636536e+11
6.880000000000000000e+02 1.159544469429641876e+11
6.890000000000000000e+02 1.062462701948262787e+11
6.900000000000000000e+02 9.655021202772474670e+10
6.910000000000000000e+02 8.686506322111251831e+10
6.920000000000000000e+02 7.718962977942272949e+10
6.930000000000000000e+02 6.752273640143518829e+10
6.940000000000000000e+02 5.786322991605474854e+10
6.950000000000000000e+02 4.820998223557771301e+10
6.960000000000000000e+02 3.856189229808603668e+10
6.970000000000000000e+02 2.891788646501684952e+10
6.980000000000000000e+02 1.927691693833422470e+10
6.990000000000000000e+02 9.637957976630422592e+09
7.000000000000000000e+02 0.000000000000000000e+00
