-5.000000000000000000e-01 9.999999996882209530e-01
5.000000000000000000e-01 9.999999996882209530e-01
1.500000000000000000e+00 9.999999862363678771e-01
2.500000000000000000e+00 9.999999854312698888e-01
3.500000000000000000e+00 9.999999848142209213e-01
4.500000000000000000e+00 9.999999841894230412e-01
5.500000000000000000e+00 9.999999835435230411e-01
6.500000000000000000e+00 9.999999828712889949e-01
7.500000000000000000e+00 9.999999821721629045e-01
8.500000000000000000e+00 9.999999814431870249e-01
9.500000000000000000e+00 9.999999806870548680e-01
1.050000000000000000e+01 9.999999798980909738e-01
1.150000000000000000e+01 9.999999790789649845e-01
1.250000000000000000e+01 9.999999782240069912e-01
1.350000000000000000e+01 9.999999773359349309e-01
1.450000000000000000e+01 9.999999764118598922e-01
1.550000000000000000e+01 9.999999754488420045e-01
1.650000000000000000e+01 9.999999744467699125e-01
1.750000000000000000e+01 9.999999734027580356e-01
1.850000000000000000e+01 9.999999723167398713e-01
1.950000000000000000e+01 9.999999711886019549e-01
2.050000000000000000e+01 9.999999700125780100e-01
2.150000000000000000e+01 9.999999687885090527e-01
2.250000000000000000e+01 9.999999675135419208e-01
2.350000000000000000e+01 9.999999661903469228e-01
2.450000000000000000e+01 9.999999648103199412e-01
2.550000000000000000e+01 9.999999633732989945e-01
2.650000000000000000e+01 9.999999618791609590e-01
2.750000000000000000e+01 9.999999603221398914e-01
2.850000000000000000e+01 9.999999587021100034e-01
2.950000000000000000e+01 9.999999570189059828e-01
3.050000000000000000e+01 9.999999552638789702e-01
3.150000000000000000e+01 9.999999534368519960e-01
3.250000000000000000e+01 9.999999515377049342e-01
3.350000000000000000e+01 9.999999495606060052e-01
3.450000000000000000e+01 9.999999475024619056e-01
3.550000000000000000e+01 9.999999453574889285e-01
3.650000000000000000e+01 9.999999431283359552e-01
3.750000000000000000e+01 9.999999408091199138e-01
3.850000000000000000e+01 9.999999383911408746e-01
3.950000000000000000e+01 9.999999358769878777e-01
4.050000000000000000e+01 9.999999332608230374e-01
4.150000000000000000e+01 9.999999305367239799e-01
4.250000000000000000e+01 9.999999277016189403e-01
4.350000000000000000e+01 9.999999247523969625e-01
4.450000000000000000e+01 9.999999216803430180e-01
4.550000000000000000e+01 9.999999184851239287e-01
4.650000000000000000e+01 9.999999151580070134e-01
4.750000000000000000e+01 9.999999116958329104e-01
4.850000000000000000e+01 9.999999080926018635e-01
4.950000000000000000e+01 9.999999043395449982e-01
5.050000000000000000e+01 9.999999004363049337e-01
5.150000000000000000e+01 9.999998963740649449e-01
5.250000000000000000e+01 9.999998921439359201e-01
5.350000000000000000e+01 9.999998877426959920e-01
5.450000000000000000e+01 9.999998831614950179e-01
5.550000000000000000e+01 9.999998783941950187e-01
5.650000000000000000e+01 9.999998734291108970e-01
5.750000000000000000e+01 9.999998682657419424e-01
5.850000000000000000e+01 9.999998628895259145e-01
5.950000000000000000e+01 9.999998572942109254e-01
6.050000000000000000e+01 9.999998514680579209e-01
6.150000000000000000e+01 9.999998454076709509e-01
6.250000000000000000e+01 9.999998390983888541e-01
6.350000000000000000e+01 9.999998325311130198e-01
6.450000000000000000e+01 9.999998256967680410e-01
6.550000000000000000e+01 9.999998185834229059e-01
6.650000000000000000e+01 9.999998111791289501e-01
6.750000000000000000e+01 9.999998034747059616e-01
6.850000000000000000e+01 9.999997954552859447e-01
6.950000000000000000e+01 9.999997871059800314e-01
7.050000000000000000e+01 9.999997784175509441e-01
7.150000000000000000e+01 9.999997693751129235e-01
7.250000000000000000e+01 9.999997599636629708e-01
7.350000000000000000e+01 9.999997501681560097e-01
7.450000000000000000e+01 9.999997399707599710e-01
7.550000000000000000e+01 9.999997293591900149e-01
7.650000000000000000e+01 9.999997183127699030e-01
7.750000000000000000e+01 9.999997068191189831e-01
7.850000000000000000e+01 9.999996948545669673e-01
7.950000000000000000e+01 9.999996824009700358e-01
8.050000000000000000e+01 9.999996694374688744e-01
8.150000000000000000e+01 9.999996559487249748e-01
8.250000000000000000e+01 9.999996419080319221e-01
8.350000000000000000e+01 9.999996272915039341e-01
8.450000000000000000e+01 9.999996120836249780e-01
8.550000000000000000e+01 9.999995962519470094e-01
8.650000000000000000e+01 9.999995797751098925e-01
8.750000000000000000e+01 9.999995626234169377e-01
8.850000000000000000e+01 9.999995447754390643e-01
8.950000000000000000e+01 9.999995261956680093e-01
9.050000000000000000e+01 9.999995068597199444e-01
9.150000000000000000e+01 9.999994867347479222e-01
9.250000000000000000e+01 9.999994657877729898e-01
9.350000000000000000e+01 9.999994439857800010e-01
9.450000000000000000e+01 9.999994212956520023e-01
9.550000000000000000e+01 9.999993976785148675e-01
9.650000000000000000e+01 9.999993730954769289e-01
9.750000000000000000e+01 9.999993475131329079e-01
9.850000000000000000e+01 9.999993208839419445e-01
9.950000000000000000e+01 9.999992931686219055e-01
1.005000000000000000e+02 9.999992643222299638e-01
1.015000000000000000e+02 9.999992342969249437e-01
1.025000000000000000e+02 9.999992030503138674e-01
1.035000000000000000e+02 9.999991705257988972e-01
1.045000000000000000e+02 9.999991366723199882e-01
1.055000000000000000e+02 9.999991014415289259e-01
1.065000000000000000e+02 9.999990647708218994e-01
1.075000000000000000e+02 9.999990266030429620e-01
1.085000000000000000e+02 9.999989868781229418e-01
1.095000000000000000e+02 9.999989455302359387e-01
1.105000000000000000e+02 9.999989024962049333e-01
1.115000000000000000e+02 9.999988577070749729e-01
1.125000000000000000e+02 9.999988110908040184e-01
1.135000000000000000e+02 9.999987625695689886e-01
1.145000000000000000e+02 9.999987120682379826e-01
1.155000000000000000e+02 9.999986595086429730e-01
1.165000000000000000e+02 9.999986048011260120e-01
1.175000000000000000e+02 9.999985478614590306e-01
1.185000000000000000e+02 9.999984885995849559e-01
1.195000000000000000e+02 9.999984269167769835e-01
1.205000000000000000e+02 9.999983627196479263e-01
1.215000000000000000e+02 9.999982959005310201e-01
1.225000000000000000e+02 9.999982263543059080e-01
1.235000000000000000e+02 9.999981539727509361e-01
1.245000000000000000e+02 9.999980786333160232e-01
1.255000000000000000e+02 9.999980002215509423e-01
1.265000000000000000e+02 9.999979186087288863e-01
1.275000000000000000e+02 9.999978336657359135e-01
1.285000000000000000e+02 9.999977452575059544e-01
1.295000000000000000e+02 9.999976532401619878e-01
1.305000000000000000e+02 9.999975574666529754e-01
1.315000000000000000e+02 9.999974577840149426e-01
1.325000000000000000e+02 9.999973540360169721e-01
1.335000000000000000e+02 9.999972460519529482e-01
1.345000000000000000e+02 9.999971336606999772e-01
1.355000000000000000e+02 9.999970166850840059e-01
1.365000000000000000e+02 9.999968949333839507e-01
1.375000000000000000e+02 9.999967682133870106e-01
1.385000000000000000e+02 9.999966363212339227e-01
1.395000000000000000e+02 9.999964990496459372e-01
1.405000000000000000e+02 9.999963561739110274e-01
1.415000000000000000e+02 9.999962074659659583e-01
1.425000000000000000e+02 9.999960526915769865e-01
1.435000000000000000e+02 9.999958915990170283e-01
1.445000000000000000e+02 9.999957239330700132e-01
1.455000000000000000e+02 9.999955494238379483e-01
1.465000000000000000e+02 9.999953677923119066e-01
1.475000000000000000e+02 9.999951787503209566e-01
1.485000000000000000e+02 9.999949819920840310e-01
1.495000000000000000e+02 9.999947772053698891e-01
1.505000000000000000e+02 9.999945640603409291e-01
1.515000000000000000e+02 9.999943422178290131e-01
1.525000000000000000e+02 9.999941113209329657e-01
1.535000000000000000e+02 9.999938710006019971e-01
1.545000000000000000e+02 9.999936208728119613e-01
1.555000000000000000e+02 9.999933605384548896e-01
1.565000000000000000e+02 9.999930895777440210e-01
1.575000000000000000e+02 9.999928075613460088e-01
1.585000000000000000e+02 9.999925140335730323e-01
1.595000000000000000e+02 9.999922085290919860e-01
1.605000000000000000e+02 9.999918905561069327e-01
1.615000000000000000e+02 9.999915596074530066e-01
1.625000000000000000e+02 9.999912151521749282e-01
1.635000000000000000e+02 9.999908566383209907e-01
1.645000000000000000e+02 9.999904834956448996e-01
1.655000000000000000e+02 9.999900951243179126e-01
1.665000000000000000e+02 9.999896909032619519e-01
1.675000000000000000e+02 9.999892701873118739e-01
1.685000000000000000e+02 9.999888322987829925e-01
1.695000000000000000e+02 9.999883765441559547e-01
1.705000000000000000e+02 9.999879021887579933e-01
1.715000000000000000e+02 9.999874084735289603e-01
1.725000000000000000e+02 9.999868946122170144e-01
1.735000000000000000e+02 9.999863597799749648e-01
1.745000000000000000e+02 9.999858031216889431e-01
1.755000000000000000e+02 9.999852237463349169e-01
1.765000000000000000e+02 9.999846207268470177e-01
1.775000000000000000e+02 9.999839930972639346e-01
1.785000000000000000e+02 9.999833398554479613e-01
1.795000000000000000e+02 9.999826599572698704e-01
1.805000000000000000e+02 9.999819523109400032e-01
1.815000000000000000e+02 9.999812157881069474e-01
1.825000000000000000e+02 9.999804492069629402e-01
1.835000000000000000e+02 9.999796513432799294e-01
1.845000000000000000e+02 9.999788209191269317e-01
1.855000000000000000e+02 9.999779566082609428e-01
1.865000000000000000e+02 9.999770570247838997e-01
1.875000000000000000e+02 9.999761207286719245e-01
1.885000000000000000e+02 9.999751462256579737e-01
1.895000000000000000e+02 9.999741319557209351e-01
1.905000000000000000e+02 9.999730762930020278e-01
1.915000000000000000e+02 9.999719775540238942e-01
1.925000000000000000e+02 9.999708339750960073e-01
1.935000000000000000e+02 9.999696437289630202e-01
1.945000000000000000e+02 9.999684049134178743e-01
1.955000000000000000e+02 9.999671155425959856e-01
1.965000000000000000e+02 9.999657735553049154e-01
1.975000000000000000e+02 9.999643768063769533e-01
1.985000000000000000e+02 9.999629230607249841e-01
1.995000000000000000e+02 9.999614099903669784e-01
2.005000000000000000e+02 9.999598351770359050e-01
2.015000000000000000e+02 9.999581961006359654e-01
2.025000000000000000e+02 9.999564901362388847e-01
2.035000000000000000e+02 9.999547145594489539e-01
2.045000000000000000e+02 9.999528665292090057e-01
2.055000000000000000e+02 9.999509430874350402e-01
2.065000000000000000e+02 9.999489411560610330e-01
2.075000000000000000e+02 9.999468575366968759e-01
2.085000000000000000e+02 9.999446888933459787e-01
2.095000000000000000e+02 9.999424317550049679e-01
2.105000000000000000e+02 9.999400825180468910e-01
2.115000000000000000e+02 9.999376374177899596e-01
2.125000000000000000e+02 9.999350925476849783e-01
2.135000000000000000e+02 9.999324438338159649e-01
2.145000000000000000e+02 9.999296870427779593e-01
2.155000000000000000e+02 9.999268177644299316e-01
2.165000000000000000e+02 9.999238314085889812e-01
2.175000000000000000e+02 9.999207231990120404e-01
2.185000000000000000e+02 9.999174881644949942e-01
2.195000000000000000e+02 9.999141211327230438e-01
2.205000000000000000e+02 9.999106167184859117e-01
2.215000000000000000e+02 9.999069693174779117e-01
2.225000000000000000e+02 9.999031730945909802e-01
2.235000000000000000e+02 9.998992219832729678e-01
2.245000000000000000e+02 9.998951096624190127e-01
2.255000000000000000e+02 9.998908295557409343e-01
2.265000000000000000e+02 9.998863748226869408e-01
2.275000000000000000e+02 9.998817383352900379e-01
2.285000000000000000e+02 9.998769126857640632e-01
2.295000000000000000e+02 9.998718901522499758e-01
2.305000000000000000e+02 9.998666627118779626e-01
2.315000000000000000e+02 9.998612220035100195e-01
2.325000000000000000e+02 9.998555593268430020e-01
2.335000000000000000e+02 9.998496656332649390e-01
2.345000000000000000e+02 9.998435315023139758e-01
2.355000000000000000e+02 9.998371471266299659e-01
2.365000000000000000e+02 9.998305022998079661e-01
2.375000000000000000e+02 9.998235864041579157e-01
2.385000000000000000e+02 9.998163883843289579e-01
2.395000000000000000e+02 9.998088967376759229e-01
2.405000000000000000e+02 9.998010994907219340e-01
2.415000000000000000e+02 9.997929841838579801e-01
2.425000000000000000e+02 9.997845378504208735e-01
2.435000000000000000e+02 9.997757469929039464e-01
2.445000000000000000e+02 9.997665975675599226e-01
2.455000000000000000e+02 9.997570749576479843e-01
2.465000000000000000e+02 9.997471639467389037e-01
2.475000000000000000e+02 9.997368487086749633e-01
2.485000000000000000e+02 9.997261127611200004e-01
2.495000000000000000e+02 9.997149389609609749e-01
2.505000000000000000e+02 9.997033094605949355e-01
2.515000000000000000e+02 9.996912056918909606e-01
2.525000000000000000e+02 9.996786083223029307e-01
2.535000000000000000e+02 9.996654972416578744e-01
2.545000000000000000e+02 9.996518515180410347e-01
2.555000000000000000e+02 9.996376493674798969e-01
2.565000000000000000e+02 9.996228681209220479e-01
2.575000000000000000e+02 9.996074841881490425e-01
2.585000000000000000e+02 9.995914730133690362e-01
2.595000000000000000e+02 9.995748090530849339e-01
2.605000000000000000e+02 9.995574657200819724e-01
2.615000000000000000e+02 9.995394153414028926e-01
2.625000000000000000e+02 9.995206291303079249e-01
2.635000000000000000e+02 9.995010771188429510e-01
2.645000000000000000e+02 9.994807281322829473e-01
2.655000000000000000e+02 9.994595497242450000e-01
2.665000000000000000e+02 9.994375081311449582e-01
2.675000000000000000e+02 9.994145682156299060e-01
2.685000000000000000e+02 9.993906934236539419e-01
2.695000000000000000e+02 9.993658457077709834e-01
2.705000000000000000e+02 9.993399854811719774e-01
2.715000000000000000e+02 9.993130715547059451e-01
2.725000000000000000e+02 9.992850610570169767e-01
2.735000000000000000e+02 9.992559093964470396e-01
2.745000000000000000e+02 9.992255701583189209e-01
2.755000000000000000e+02 9.991939950525420278e-01
2.765000000000000000e+02 9.991611338413739496e-01
2.775000000000000000e+02 9.991269342361109862e-01
2.785000000000000000e+02 9.990913418469120622e-01
2.795000000000000000e+02 9.990543000762749370e-01
2.805000000000000000e+02 9.990157500319288841e-01
2.815000000000000000e+02 9.989756304508620177e-01
2.825000000000000000e+02 9.989338775892119271e-01
2.835000000000000000e+02 9.988904251203869489e-01
2.845000000000000000e+02 9.988452040472309834e-01
2.855000000000000000e+02 9.987981425883869502e-01
2.865000000000000000e+02 9.987491660559748574e-01
2.875000000000000000e+02 9.986981967583649089e-01
2.885000000000000000e+02 9.986451538662599603e-01
2.895000000000000000e+02 9.985899532978319559e-01
2.905000000000000000e+02 9.985325075785499438e-01
2.915000000000000000e+02 9.984727257174119686e-01
2.925000000000000000e+02 9.984105130604609135e-01
2.935000000000000000e+02 9.983457711494400089e-01
2.945000000000000000e+02 9.982783975661219111e-01
2.955000000000000000e+02 9.982082857792229369e-01
2.965000000000000000e+02 9.981353249907869429e-01
2.975000000000000000e+02 9.980593999511189196e-01
2.985000000000000000e+02 9.979803907876139135e-01
2.995000000000000000e+02 9.978981728388149897e-01
3.005000000000000000e+02 9.978126164485560112e-01
3.015000000000000000e+02 9.977235867764340238e-01
3.025000000000000000e+02 9.976309435967699590e-01
3.035000000000000000e+02 9.975345410858009743e-01
3.045000000000000000e+02 9.974342276055389034e-01
3.055000000000000000e+02 9.973298454787049572e-01
3.065000000000000000e+02 9.972212307491279404e-01
3.075000000000000000e+02 9.971082129498479718e-01
3.085000000000000000e+02 9.969906148315799133e-01
3.095000000000000000e+02 9.968682521269139896e-01
3.105000000000000000e+02 9.967409332579559855e-01
3.115000000000000000e+02 9.966084590711790092e-01
3.125000000000000000e+02 9.964706225409238893e-01
3.135000000000000000e+02 9.963272084665379946e-01
3.145000000000000000e+02 9.961779931689509482e-01
3.155000000000000000e+02 9.960227441668618731e-01
3.165000000000000000e+02 9.958612198409039218e-01
3.175000000000000000e+02 9.956931690942479873e-01
3.185000000000000000e+02 9.955183309873469888e-01
3.195000000000000000e+02 9.953364343858379648e-01
3.205000000000000000e+02 9.951471975656640545e-01
3.215000000000000000e+02 9.949503278312549215e-01
3.225000000000000000e+02 9.947455211049299750e-01
3.235000000000000000e+02 9.945324615069539576e-01
3.245000000000000000e+02 9.943108209291359190e-01
3.255000000000000000e+02 9.940802585796268964e-01
3.265000000000000000e+02 9.938404205407079806e-01
3.275000000000000000e+02 9.935909392751549607e-01
3.285000000000000000e+02 9.933314331514110362e-01
3.295000000000000000e+02 9.930615059425559332e-01
3.305000000000000000e+02 9.927807462989850507e-01
3.315000000000000000e+02 9.924887272258079429e-01
3.325000000000000000e+02 9.921850055340748487e-01
3.335000000000000000e+02 9.918691212769049637e-01
3.345000000000000000e+02 9.915405971734799762e-01
3.355000000000000000e+02 9.911989380209789147e-01
3.365000000000000000e+02 9.908436300884849723e-01
3.375000000000000000e+02 9.904741404875099242e-01
3.385000000000000000e+02 9.900899165416229275e-01
3.395000000000000000e+02 9.896903851357079507e-01
3.405000000000000000e+02 9.892749520555619291e-01
3.415000000000000000e+02 9.888430012958129289e-01
3.425000000000000000e+02 9.883938943782449860e-01
3.435000000000000000e+02 9.879269696441370652e-01
3.445000000000000000e+02 9.874415415371760041e-01
3.455000000000000000e+02 9.869368998660359438e-01
3.465000000000000000e+02 9.864123090747538569e-01
3.475000000000000000e+02 9.858670074844739784e-01
3.485000000000000000e+02 9.853002065428170253e-01
3.495000000000000000e+02 9.847110900420299462e-01
3.505000000000000000e+02 9.840988133619810174e-01
3.515000000000000000e+02 9.834625026821098848e-01
3.525000000000000000e+02 9.828012542069309854e-01
3.535000000000000000e+02 9.821141333720009303e-01
3.545000000000000000e+02 9.814001740781159722e-01
3.555000000000000000e+02 9.806583779058839490e-01
3.565000000000000000e+02 9.798877133335259781e-01
3.575000000000000000e+02 9.790871149946969165e-01
3.585000000000000000e+02 9.782554829088450088e-01
3.595000000000000000e+02 9.773916817489529674e-01
3.605000000000000000e+02 9.764945401247309142e-01
3.615000000000000000e+02 9.755628498868289533e-01
3.625000000000000000e+02 9.745953654551668954e-01
3.635000000000000000e+02 9.735908031829589859e-01
3.645000000000000000e+02 9.725478407483909571e-01
3.655000000000000000e+02 9.714651166051738729e-01
3.665000000000000000e+02 9.703412294586269971e-01
3.675000000000000000e+02 9.691747378208099839e-01
3.685000000000000000e+02 9.679641595892609640e-01
3.695000000000000000e+02 9.667079717366789948e-01
3.705000000000000000e+02 9.654046100335860192e-01
3.715000000000000000e+02 9.640524688883909121e-01
3.725000000000000000e+02 9.626499012494519336e-01
3.735000000000000000e+02 9.611952186201929704e-01
3.745000000000000000e+02 9.596866911906869468e-01
3.755000000000000000e+02 9.581225480609789624e-01
3.765000000000000000e+02 9.565009776242490158e-01
3.775000000000000000e+02 9.548201280657658829e-01
3.785000000000000000e+02 9.530781080311229170e-01
3.795000000000000000e+02 9.512729874229109983e-01
3.805000000000000000e+02 9.494027984246999896e-01
3.815000000000000000e+02 9.474655366463760053e-01
3.825000000000000000e+02 9.454591625319809234e-01
3.835000000000000000e+02 9.433816029215129628e-01
3.845000000000000000e+02 9.412307528824829239e-01
3.855000000000000000e+02 9.390044777504759077e-01
3.865000000000000000e+02 9.367006154326950051e-01
3.875000000000000000e+02 9.343169789755739751e-01
3.885000000000000000e+02 9.318513594055830573e-01
3.895000000000000000e+02 9.293015288693909914e-01
3.905000000000000000e+02 9.266652440656559797e-01
3.915000000000000000e+02 9.239402500030169385e-01
3.925000000000000000e+02 9.211242840767009943e-01
3.935000000000000000e+02 9.182150805009269279e-01
3.945000000000000000e+02 9.152103750666239490e-01
3.955000000000000000e+02 9.121079102784450665e-01
3.965000000000000000e+02 9.089054408295420551e-01
3.975000000000000000e+02 9.056007394822409573e-01
3.985000000000000000e+02 9.021916033065120466e-01
3.995000000000000000e+02 8.986758602790959616e-01
4.005000000000000000e+02 8.950513762890630609e-01
4.015000000000000000e+02 8.913160625069790344e-01
4.025000000000000000e+02 8.874678831172350124e-01
4.035000000000000000e+02 8.835048634245270538e-01
4.045000000000000000e+02 8.794250982941969053e-01
4.055000000000000000e+02 8.752267609426949146e-01
4.065000000000000000e+02 8.709081120374280172e-01
4.075000000000000000e+02 8.664675090903899424e-01
4.085000000000000000e+02 8.619034161075719291e-01
4.095000000000000000e+02 8.572144135065090653e-01
4.105000000000000000e+02 8.523992081808210441e-01
4.115000000000000000e+02 8.474566437805679531e-01
4.125000000000000000e+02 8.423857110499529677e-01
4.135000000000000000e+02 8.371855582765920234e-01
4.145000000000000000e+02 8.318555017215178982e-01
4.155000000000000000e+02 8.263950359983950333e-01
4.165000000000000000e+02 8.208038443618799196e-01
4.175000000000000000e+02 8.150818087762229380e-01
4.185000000000000000e+02 8.092290197693070564e-01
4.195000000000000000e+02 8.032457859313919535e-01
4.205000000000000000e+02 7.971326430097379623e-01
4.215000000000000000e+02 7.908903625235760293e-01
4.225000000000000000e+02 7.845199597995060614e-01
4.235000000000000000e+02 7.780227013552168946e-01
4.245000000000000000e+02 7.714001115388710028e-01
4.255000000000000000e+02 7.646539783521180134e-01
4.265000000000000000e+02 7.577863583590349617e-01
4.275000000000000000e+02 7.507995806200379318e-01
4.285000000000000000e+02 7.436962495470090806e-01
4.295000000000000000e+02 7.364792466563759854e-01
4.305000000000000000e+02 7.291517310764129567e-01
4.315000000000000000e+02 7.217171388380759778e-01
4.325000000000000000e+02 7.141791808436219746e-01
4.335000000000000000e+02 7.065418394618879772e-01
4.345000000000000000e+02 6.988093637723459262e-01
4.355000000000000000e+02 6.909862633674269672e-01
4.365000000000000000e+02 6.830773007761409277e-01
4.375000000000000000e+02 6.750874824250379103e-01
4.385000000000000000e+02 6.670220482383389937e-01
4.395000000000000000e+02 6.588864598347239365e-01
4.405000000000000000e+02 6.506863874175359275e-01
4.415000000000000000e+02 6.424276953485730246e-01
4.425000000000000000e+02 6.341164265440529801e-01
4.435000000000000000e+02 6.257587857126840625e-01
4.445000000000000000e+02 6.173611215635189664e-01
4.455000000000000000e+02 6.089299080625050209e-01
4.465000000000000000e+02 6.004717248895080628e-01
4.475000000000000000e+02 5.919932371516229974e-01
4.485000000000000000e+02 5.835011745578639886e-01
4.495000000000000000e+02 5.750023101407369941e-01
4.505000000000000000e+02 5.665034386948409884e-01
4.515000000000000000e+02 5.580113550562799674e-01
4.525000000000000000e+02 5.495328323961780059e-01
4.535000000000000000e+02 5.410746006403049924e-01
4.545000000000000000e+02 5.326433252029290077e-01
4.555000000000000000e+02 5.242455861408359397e-01
4.565000000000000000e+02 5.158878578919180447e-01
4.575000000000000000e+02 5.075764896981149743e-01
4.585000000000000000e+02 4.993176868710900163e-01
4.595000000000000000e+02 4.911174929911919507e-01
4.605000000000000000e+02 4.829817731417039850e-01
4.615000000000000000e+02 4.749161982833219886e-01
4.625000000000000000e+02 4.669262308498469682e-01
4.635000000000000000e+02 4.590171116015609454e-01
4.645000000000000000e+02 4.511938478317709666e-01
4.655000000000000000e+02 4.434612029419139900e-01
4.665000000000000000e+02 4.358236874240459802e-01
4.675000000000000000e+02 4.282855512479040172e-01
4.685000000000000000e+02 4.208507776733519945e-01
4.695000000000000000e+02 4.135230784732349951e-01
4.705000000000000000e+02 4.063058905367549767e-01
4.715000000000000000e+02 3.992023738350659601e-01
4.725000000000000000e+02 3.922154106774989879e-01
4.735000000000000000e+02 3.853476062547719905e-01
4.745000000000000000e+02 3.786012903557849918e-01
4.755000000000000000e+02 3.719785202334869867e-01
4.765000000000000000e+02 3.654810845329800051e-01
4.775000000000000000e+02 3.591105081978299696e-01
4.785000000000000000e+02 3.528680582914650032e-01
4.795000000000000000e+02 3.467547506346960184e-01
4.805000000000000000e+02 3.407713571902650229e-01
4.815000000000000000e+02 3.349184140954889477e-01
4.825000000000000000e+02 3.291962302827809994e-01
4.835000000000000000e+02 3.236048965593689708e-01
4.845000000000000000e+02 3.181442951396759589e-01
4.855000000000000000e+02 3.128141094569880098e-01
4.865000000000000000e+02 3.076138342807080428e-01
4.875000000000000000e+02 3.025427859628589955e-01
4.885000000000000000e+02 2.976001128495152637e-01
4.895000000000000000e+02 2.927848057106375856e-01
4.905000000000000000e+02 2.880957081712223755e-01
4.915000000000000000e+02 2.835315270799754761e-01
4.925000000000000000e+02 2.790908427644903655e-01
4.935000000000000000e+02 2.747721191270336982e-01
4.945000000000000000e+02 2.705737135419395978e-01
4.955000000000000000e+02 2.664938865189122597e-01
4.965000000000000000e+02 2.625308110965617892e-01
4.975000000000000000e+02 2.586825819487424960e-01
4.985000000000000000e+02 2.549472241686414065e-01
4.995000000000000000e+02 2.513227017215864945e-01
5.005000000000000000e+02 2.478069255471068988e-01
5.015000000000000000e+02 2.443977612991314052e-01
5.025000000000000000e+02 2.410930367156456922e-01
5.035000000000000000e+02 2.378905486142054992e-01
5.045000000000000000e+02 2.347880695109060833e-01
5.055000000000000000e+02 2.317833538580340025e-01
5.065000000000000000e+02 2.288741439093764929e-01
5.075000000000000000e+02 2.260581752144135981e-01
5.085000000000000000e+02 2.233331817449903944e-01
5.095000000000000000e+02 2.206969006655720988e-01
5.105000000000000000e+02 2.181470767554836987e-01
5.115000000000000000e+02 2.156814664915418789e-01
5.125000000000000000e+02 2.132978418027743905e-01
5.135000000000000000e+02 2.109939935089386043e-01
5.145000000000000000e+02 2.087677344563294846e-01
5.155000000000000000e+02 2.066169023610891220e-01
5.165000000000000000e+02 2.045393623759127755e-01
5.175000000000000000e+02 2.025330093912549034e-01
5.185000000000000000e+02 2.005957700866346782e-01
5.195000000000000000e+02 1.987256047416452731e-01
5.205000000000000000e+02 1.969205088258620950e-01
5.215000000000000000e+02 1.951785143745563833e-01
5.225000000000000000e+02 1.934976911670090172e-01
5.235000000000000000e+02 1.918761477197301057e-01
5.245000000000000000e+02 1.903120321041788798e-01
5.255000000000000000e+02 1.888035326054900709e-01
5.265000000000000000e+02 1.873488782282039800e-01
5.275000000000000000e+02 1.859463390654950976e-01
5.285000000000000000e+02 1.845942265379124092e-01
5.295000000000000000e+02 1.832908935157163965e-01
5.305000000000000000e+02 1.820347343314235866e-01
5.315000000000000000e+02 1.808241846936521902e-01
5.325000000000000000e+02 1.796577215103731806e-01
5.335000000000000000e+02 1.785338626305620902e-01
5.345000000000000000e+02 1.774511665102565805e-01
5.355000000000000000e+02 1.764082318135139771e-01
5.365000000000000000e+02 1.754036969518746047e-01
5.375000000000000000e+02 1.744362395719254166e-01
5.385000000000000000e+02 1.735045759933667997e-01
5.395000000000000000e+02 1.726074606080826024e-01
5.405000000000000000e+02 1.717436852414105930e-01
5.415000000000000000e+02 1.709120784828164763e-01
5.425000000000000000e+02 1.701115049889695974e-01
5.435000000000000000e+02 1.693408647646197085e-01
5.445000000000000000e+02 1.685990924263758017e-01
5.455000000000000000e+02 1.678851564493872017e-01
5.465000000000000000e+02 1.671980584041245776e-01
5.475000000000000000e+02 1.665368321826638798e-01
5.485000000000000000e+02 1.659005432219717857e-01
5.495000000000000000e+02 1.652882877214884028e-01
5.505000000000000000e+02 1.646991918607175753e-01
5.515000000000000000e+02 1.641324110183124130e-01
5.525000000000000000e+02 1.635871289938652939e-01
5.535000000000000000e+02 1.630625572341962981e-01
5.545000000000000000e+02 1.625579340662442196e-01
5.555000000000000000e+02 1.620725239383588034e-01
5.565000000000000000e+02 1.616056166690895135e-01
5.575000000000000000e+02 1.611565267058819861e-01
5.585000000000000000e+02 1.607245923975672008e-01
5.595000000000000000e+02 1.603091752737581810e-01
5.605000000000000000e+02 1.599096593413412981e-01
5.615000000000000000e+02 1.595254503902729937e-01
5.625000000000000000e+02 1.591559753155736834e-01
5.635000000000000000e+02 1.588006814516234877e-01
5.645000000000000000e+02 1.584590359223567724e-01
5.655000000000000000e+02 1.581305250034593102e-01
5.665000000000000000e+02 1.578146535013655871e-01
5.675000000000000000e+02 1.575109441478519945e-01
5.685000000000000000e+02 1.572189370066373881e-01
5.695000000000000000e+02 1.569381888982775974e-01
5.705000000000000000e+02 1.566682728376641021e-01
5.715000000000000000e+02 1.564087774880210946e-01
5.725000000000000000e+02 1.561593066287031151e-01
5.735000000000000000e+02 1.559194786394928200e-01
5.745000000000000000e+02 1.556889259965995864e-01
5.755000000000000000e+02 1.554672947866571897e-01
5.765000000000000000e+02 1.552542442324217897e-01
5.775000000000000000e+02 1.550494462334714996e-01
5.785000000000000000e+02 1.548525849210033167e-01
5.795000000000000000e+02 1.546633562255337047e-01
5.805000000000000000e+02 1.544814674592953907e-01
5.815000000000000000e+02 1.543066369097379209e-01
5.825000000000000000e+02 1.541385934477250974e-01
5.835000000000000000e+02 1.539770761468358951e-01
5.845000000000000000e+02 1.538218339173599847e-01
5.855000000000000000e+02 1.536726251478023886e-01
5.865000000000000000e+02 1.535292173640765145e-01
5.875000000000000000e+02 1.533913868938088787e-01
5.885000000000000000e+02 1.532589185474340088e-01
5.895000000000000000e+02 1.531316053052975967e-01
5.905000000000000000e+02 1.530092480197523808e-01
5.915000000000000000e+02 1.528916551229604071e-01
5.925000000000000000e+02 1.527786423490910817e-01
5.935000000000000000e+02 1.526700324625206162e-01
5.945000000000000000e+02 1.525656549974327980e-01
5.955000000000000000e+02 1.524653460058172927e-01
5.965000000000000000e+02 1.523689478156690924e-01
5.975000000000000000e+02 1.522763087948898197e-01
5.985000000000000000e+02 1.521872831262863768e-01
5.995000000000000000e+02 1.521017305894697969e-01
6.005000000000000000e+02 1.520195163505556890e-01
6.015000000000000000e+02 1.519405107584652082e-01
6.025000000000000000e+02 1.518645891520223890e-01
6.035000000000000000e+02 1.517916316685558875e-01
6.045000000000000000e+02 1.517215230650978686e-01
6.055000000000000000e+02 1.516541525416836012e-01
6.065000000000000000e+02 1.515894135733521220e-01
6.075000000000000000e+02 1.515272037487445933e-01
6.085000000000000000e+02 1.514674246123065005e-01
6.095000000000000000e+02 1.514099815142849748e-01
6.105000000000000000e+02 1.513547834658302838e-01
6.115000000000000000e+02 1.513017429994946983e-01
6.125000000000000000e+02 1.512507760342325924e-01
6.135000000000000000e+02 1.512018017455016849e-01
6.145000000000000000e+02 1.511547424425605801e-01
6.155000000000000000e+02 1.511095234454706004e-01
6.165000000000000000e+02 1.510660729725938900e-01
6.175000000000000000e+02 1.510243220268956965e-01
6.185000000000000000e+02 1.509842042909418092e-01
6.195000000000000000e+02 1.509456560222000865e-01
6.205000000000000000e+02 1.509086159555402817e-01
6.215000000000000000e+02 1.508730252063326949e-01
6.225000000000000000e+02 1.508388271798496993e-01
6.235000000000000000e+02 1.508059674824642760e-01
6.245000000000000000e+02 1.507743938364512759e-01
6.255000000000000000e+02 1.507440559995860963e-01
6.265000000000000000e+02 1.507149056841458890e-01
6.275000000000000000e+02 1.506868964840084868e-01
6.285000000000000000e+02 1.506599837999525737e-01
6.295000000000000000e+02 1.506341247709577780e-01
6.305000000000000000e+02 1.506092782055051815e-01
6.315000000000000000e+02 1.505854045185759105e-01
6.325000000000000000e+02 1.505624656680527862e-01
6.335000000000000000e+02 1.505404250959181955e-01
6.345000000000000000e+02 1.505192476694565129e-01
6.355000000000000000e+02 1.504988996269527035e-01
6.365000000000000000e+02 1.504793485245908835e-01
6.375000000000000000e+02 1.504605631842576008e-01
6.385000000000000000e+02 1.504425136449396017e-01
6.395000000000000000e+02 1.504251711156233962e-01
6.405000000000000000e+02 1.504085079296967054e-01
6.415000000000000000e+02 1.503924975011478038e-01
6.425000000000000000e+02 1.503771142819652906e-01
6.435000000000000000e+02 1.503623337225380996e-01
6.445000000000000000e+02 1.503481322329559833e-01
6.455000000000000000e+02 1.503344871443091091e-01
6.465000000000000000e+02 1.503213766744878055e-01
6.475000000000000000e+02 1.503087798924828133e-01
6.485000000000000000e+02 1.502966766856853875e-01
6.495000000000000000e+02 1.502850477274868812e-01
6.505000000000000000e+02 1.502738744475798083e-01
6.515000000000000000e+02 1.502631390010562840e-01
6.525000000000000000e+02 1.502528242423082916e-01
6.535000000000000000e+02 1.502429136950294841e-01
6.545000000000000000e+02 1.502333915279126797e-01
6.555000000000000000e+02 1.502242425294515737e-01
6.565000000000000000e+02 1.502154520827395923e-01
6.575000000000000000e+02 1.502070061432710102e-01
6.585000000000000000e+02 1.501988912155400868e-01
6.595000000000000000e+02 1.501910943326411896e-01
6.605000000000000000e+02 1.501836030352688700e-01
6.615000000000000000e+02 1.501764053513184038e-01
6.625000000000000000e+02 1.501694897775851800e-01
6.635000000000000000e+02 1.501628452617632947e-01
6.645000000000000000e+02 1.501564611829496743e-01
6.655000000000000000e+02 1.501503273372392921e-01
6.665000000000000000e+02 1.501444339197278988e-01
6.675000000000000000e+02 1.501387715092121766e-01
6.685000000000000000e+02 1.501333310540880206e-01
6.695000000000000000e+02 1.501281038564513948e-01
6.705000000000000000e+02 1.501230815597993928e-01
6.715000000000000000e+02 1.501182561343280819e-01
6.725000000000000000e+02 1.501136198646350894e-01
6.735000000000000000e+02 1.501091653383161695e-01
6.745000000000000000e+02 1.501048854321695991e-01
6.755000000000000000e+02 1.501007733031916869e-01
6.765000000000000000e+02 1.500968223756797837e-01
6.775000000000000000e+02 1.500930263313317858e-01
6.785000000000000000e+02 1.500893791002444189e-01
6.795000000000000000e+02 1.500858748498158091e-01
6.805000000000000000e+02 1.500825079754436187e-01
6.815000000000000000e+02 1.500792730933251107e-01
6.825000000000000000e+02 1.500761650293591098e-01
6.835000000000000000e+02 1.500731788128426003e-01
6.845000000000000000e+02 1.500703096680741089e-01
6.855000000000000000e+02 1.500675530056514995e-01
6.865000000000000000e+02 1.500649044164729939e-01
6.875000000000000000e+02 1.500623596648370806e-01
6.885000000000000000e+02 1.500599146797420014e-01
6.895000000000000000e+02 1.500575655506858896e-01
6.905000000000000000e+02 1.500553085198673142e-01
6.915000000000000000e+02 1.500531399773849806e-01
6.925000000000000000e+02 1.500510564543371950e-01
6.935000000000000000e+02 1.500490546174232942e-01
6.945000000000000000e+02 1.500471312650409061e-01
6.955000000000000000e+02 1.500452833203884950e-01
6.965000000000000000e+02 1.500435078265674183e-01
6.975000000000000000e+02 1.500418019236427758e-01
6.985000000000000000e+02 1.500401532249971692e-01
6.995000000000000000e+02 1.500000101392506002e-01
7.005000000000000000e+02 1.500000101392506002e-01
