# Profil de ElecX au temps 4.000000000000029e-12 
# simu : /Volumes/MERCURE/JOBS/Zeq2_tanh_50mic_3p5e22_B0_20ps/GNU/ElecX@y-c.set
# col 0 : abscisse (um)
# col 1 : ElecX (V/m)
0.00000000e+00	0.00000000e+00
1.00000000e+00	1.09852058e+02
2.00000000e+00	1.66563558e+02
3.00000000e+00	-1.84477528e+02
4.00000000e+00	1.73123079e+01
5.00000000e+00	5.90782280e+00
6.00000000e+00	3.21825965e+00
7.00000000e+00	2.63703531e+00
8.00000000e+00	2.44762247e+00
9.00000000e+00	2.38002430e+00
1.00000000e+01	2.36592656e+00
1.10000000e+01	2.38101469e+00
1.20000000e+01	2.41586865e+00
1.30000000e+01	2.46539170e+00
1.40000000e+01	2.52715341e+00
1.50000000e+01	2.59953403e+00
1.60000000e+01	2.68124321e+00
1.70000000e+01	2.77170605e+00
1.80000000e+01	2.87011040e+00
1.90000000e+01	2.97608614e+00
2.00000000e+01	3.08918790e+00
2.10000000e+01	3.20912025e+00
2.20000000e+01	3.33567506e+00
2.30000000e+01	3.46873478e+00
2.40000000e+01	3.60827279e+00
2.50000000e+01	3.75432165e+00
2.60000000e+01	3.90682375e+00
2.70000000e+01	4.06602049e+00
2.80000000e+01	4.23207255e+00
2.90000000e+01	4.40498067e+00
3.00000000e+01	4.58497081e+00
3.10000000e+01	4.77274459e+00
3.20000000e+01	4.96783730e+00
3.30000000e+01	5.17118201e+00
3.40000000e+01	5.38277650e+00
3.50000000e+01	5.60276328e+00
3.60000000e+01	5.83195569e+00
3.70000000e+01	6.07034596e+00
3.80000000e+01	6.31844450e+00
3.90000000e+01	6.57671275e+00
4.00000000e+01	6.84547904e+00
4.10000000e+01	7.12509997e+00
4.20000000e+01	7.41616820e+00
4.30000000e+01	7.71905523e+00
4.40000000e+01	8.03419076e+00
4.50000000e+01	8.36238565e+00
4.60000000e+01	8.70372963e+00
4.70000000e+01	9.05918618e+00
4.80000000e+01	9.42903651e+00
4.90000000e+01	9.81392885e+00
5.00000000e+01	1.02145874e+01
5.10000000e+01	1.06314685e+01
5.20000000e+01	1.10655329e+01
5.30000000e+01	1.15171819e+01
5.40000000e+01	1.19872182e+01
5.50000000e+01	1.24765214e+01
5.60000000e+01	1.29856789e+01
5.70000000e+01	1.35157335e+01
5.80000000e+01	1.40674307e+01
5.90000000e+01	1.46415694e+01
6.00000000e+01	1.52391181e+01
6.10000000e+01	1.58610265e+01
6.20000000e+01	1.65084101e+01
6.30000000e+01	1.71821088e+01
6.40000000e+01	1.78833799e+01
6.50000000e+01	1.86132227e+01
6.60000000e+01	1.93728477e+01
6.70000000e+01	2.01634939e+01
6.80000000e+01	2.09864765e+01
6.90000000e+01	2.18428926e+01
7.00000000e+01	2.27342941e+01
7.10000000e+01	2.36621141e+01
7.20000000e+01	2.46277791e+01
7.30000000e+01	2.56329412e+01
7.40000000e+01	2.66790616e+01
7.50000000e+01	2.77677417e+01
7.60000000e+01	2.89010843e+01
7.70000000e+01	3.00804527e+01
7.80000000e+01	3.13081361e+01
7.90000000e+01	3.25858138e+01
8.00000000e+01	3.39157014e+01
8.10000000e+01	3.52998196e+01
8.20000000e+01	3.67404895e+01
8.30000000e+01	3.82397552e+01
8.40000000e+01	3.98004571e+01
8.50000000e+01	4.14247056e+01
8.60000000e+01	4.31153260e+01
8.70000000e+01	4.48748527e+01
8.80000000e+01	4.67062502e+01
8.90000000e+01	4.86123597e+01
9.00000000e+01	5.05962466e+01
9.10000000e+01	5.26612318e+01
9.20000000e+01	5.48102113e+01
9.30000000e+01	5.70470124e+01
9.40000000e+01	5.93752982e+01
9.50000000e+01	6.17983087e+01
9.60000000e+01	6.43204730e+01
9.70000000e+01	6.69454057e+01
9.80000000e+01	6.96775202e+01
9.90000000e+01	7.25210278e+01
1.00000000e+02	7.54807294e+01
1.01000000e+02	7.85610445e+01
1.02000000e+02	8.17672175e+01
1.03000000e+02	8.51042462e+01
1.04000000e+02	8.85773368e+01
1.05000000e+02	9.21922158e+01
1.06000000e+02	9.59546886e+01
1.07000000e+02	9.98706182e+01
1.08000000e+02	1.03946322e+02
1.09000000e+02	1.08188547e+02
1.10000000e+02	1.12603816e+02
1.11000000e+02	1.17199174e+02
1.12000000e+02	1.21982150e+02
1.13000000e+02	1.26960309e+02
1.14000000e+02	1.32141654e+02
1.15000000e+02	1.37534472e+02
1.16000000e+02	1.43147218e+02
1.17000000e+02	1.48989226e+02
1.18000000e+02	1.55069449e+02
1.19000000e+02	1.61397984e+02
1.20000000e+02	1.67984598e+02
1.21000000e+02	1.74840230e+02
1.22000000e+02	1.81975498e+02
1.23000000e+02	1.89401979e+02
1.24000000e+02	1.97131658e+02
1.25000000e+02	2.05176602e+02
1.26000000e+02	2.13550000e+02
1.27000000e+02	2.22264977e+02
1.28000000e+02	2.31335792e+02
1.29000000e+02	2.40776674e+02
1.30000000e+02	2.50602767e+02
1.31000000e+02	2.60830048e+02
1.32000000e+02	2.71474575e+02
1.33000000e+02	2.82553525e+02
1.34000000e+02	2.94084555e+02
1.35000000e+02	3.06086314e+02
1.36000000e+02	3.18577717e+02
1.37000000e+02	3.31578874e+02
1.38000000e+02	3.45110663e+02
1.39000000e+02	3.59194758e+02
1.40000000e+02	3.73853442e+02
1.41000000e+02	3.89110481e+02
1.42000000e+02	4.04990120e+02
1.43000000e+02	4.21517810e+02
1.44000000e+02	4.38720014e+02
1.45000000e+02	4.56624060e+02
1.46000000e+02	4.75258928e+02
1.47000000e+02	4.94654116e+02
1.48000000e+02	5.14841072e+02
1.49000000e+02	5.35851462e+02
1.50000000e+02	5.57719576e+02
1.51000000e+02	5.80479916e+02
1.52000000e+02	6.04169125e+02
1.53000000e+02	6.28825076e+02
1.54000000e+02	6.54487194e+02
1.55000000e+02	6.81196574e+02
1.56000000e+02	7.08995862e+02
1.57000000e+02	7.37929685e+02
1.58000000e+02	7.68044114e+02
1.59000000e+02	7.99387500e+02
1.60000000e+02	8.32010049e+02
1.61000000e+02	8.65963713e+02
1.62000000e+02	9.01302963e+02
1.63000000e+02	9.38084447e+02
1.64000000e+02	9.76366769e+02
1.65000000e+02	1.01621132e+03
1.66000000e+02	1.05768177e+03
1.67000000e+02	1.10084462e+03
1.68000000e+02	1.14576873e+03
1.69000000e+02	1.19252602e+03
1.70000000e+02	1.24119137e+03
1.71000000e+02	1.29184259e+03
1.72000000e+02	1.34456066e+03
1.73000000e+02	1.39942990e+03
1.74000000e+02	1.45653818e+03
1.75000000e+02	1.51597679e+03
1.76000000e+02	1.57784085e+03
1.77000000e+02	1.64222923e+03
1.78000000e+02	1.70924496e+03
1.79000000e+02	1.77899522e+03
1.80000000e+02	1.85159178e+03
1.81000000e+02	1.92715035e+03
1.82000000e+02	2.00579223e+03
1.83000000e+02	2.08764283e+03
1.84000000e+02	2.17283320e+03
1.85000000e+02	2.26149971e+03
1.86000000e+02	2.35378402e+03
1.87000000e+02	2.44983361e+03
1.88000000e+02	2.54980244e+03
1.89000000e+02	2.65385006e+03
1.90000000e+02	2.76214298e+03
1.91000000e+02	2.87485438e+03
1.92000000e+02	2.99216449e+03
1.93000000e+02	3.11426084e+03
1.94000000e+02	3.24133864e+03
1.95000000e+02	3.37360111e+03
1.96000000e+02	3.51125981e+03
1.97000000e+02	3.65453479e+03
1.98000000e+02	3.80365494e+03
1.99000000e+02	3.95885893e+03
2.00000000e+02	4.12039468e+03
2.01000000e+02	4.28852047e+03
2.02000000e+02	4.46350492e+03
2.03000000e+02	4.64562815e+03
2.04000000e+02	4.83518072e+03
2.05000000e+02	5.03246595e+03
2.06000000e+02	5.23779900e+03
2.07000000e+02	5.45150806e+03
2.08000000e+02	5.67393467e+03
2.09000000e+02	5.90543406e+03
2.10000000e+02	6.14637650e+03
2.11000000e+02	6.39714656e+03
2.12000000e+02	6.65814523e+03
2.13000000e+02	6.92978925e+03
2.14000000e+02	7.21251258e+03
2.15000000e+02	7.50676702e+03
2.16000000e+02	7.81302224e+03
2.17000000e+02	8.13176765e+03
2.18000000e+02	8.46351202e+03
2.19000000e+02	8.80878544e+03
2.20000000e+02	9.16813893e+03
2.21000000e+02	9.54214622e+03
2.22000000e+02	9.93140462e+03
2.23000000e+02	1.03365351e+04
2.24000000e+02	1.07581848e+04
2.25000000e+02	1.11970262e+04
2.26000000e+02	1.16537598e+04
2.27000000e+02	1.21291145e+04
2.28000000e+02	1.26238483e+04
2.29000000e+02	1.31387508e+04
2.30000000e+02	1.36746430e+04
2.31000000e+02	1.42323796e+04
2.32000000e+02	1.48128502e+04
2.33000000e+02	1.54169799e+04
2.34000000e+02	1.60457321e+04
2.35000000e+02	1.67001086e+04
2.36000000e+02	1.73811526e+04
2.37000000e+02	1.80899491e+04
2.38000000e+02	1.88276271e+04
2.39000000e+02	1.95953619e+04
2.40000000e+02	2.03943759e+04
2.41000000e+02	2.12259414e+04
2.42000000e+02	2.20913819e+04
2.43000000e+02	2.29920752e+04
2.44000000e+02	2.39294541e+04
2.45000000e+02	2.49050100e+04
2.46000000e+02	2.59202945e+04
2.47000000e+02	2.69769218e+04
2.48000000e+02	2.80765718e+04
2.49000000e+02	2.92209919e+04
2.50000000e+02	3.04120005e+04
2.51000000e+02	3.16514892e+04
2.52000000e+02	3.29414262e+04
2.53000000e+02	3.42838593e+04
2.54000000e+02	3.56809184e+04
2.55000000e+02	3.71348200e+04
2.56000000e+02	3.86478696e+04
2.57000000e+02	4.02224657e+04
2.58000000e+02	4.18611035e+04
2.59000000e+02	4.35663782e+04
2.60000000e+02	4.53409904e+04
2.61000000e+02	4.71877484e+04
2.62000000e+02	4.91095737e+04
2.63000000e+02	5.11095054e+04
2.64000000e+02	5.31907042e+04
2.65000000e+02	5.53564580e+04
2.66000000e+02	5.76101863e+04
2.67000000e+02	5.99554456e+04
2.68000000e+02	6.23959348e+04
2.69000000e+02	6.49355009e+04
2.70000000e+02	6.75781445e+04
2.71000000e+02	7.03280263e+04
2.72000000e+02	7.31894725e+04
2.73000000e+02	7.61669824e+04
2.74000000e+02	7.92652341e+04
2.75000000e+02	8.24890918e+04
2.76000000e+02	8.58436137e+04
2.77000000e+02	8.93340582e+04
2.78000000e+02	9.29658925e+04
2.79000000e+02	9.67448007e+04
2.80000000e+02	1.00676692e+05
2.81000000e+02	1.04767708e+05
2.82000000e+02	1.09024234e+05
2.83000000e+02	1.13452907e+05
2.84000000e+02	1.18060625e+05
2.85000000e+02	1.22854558e+05
2.86000000e+02	1.27842156e+05
2.87000000e+02	1.33031162e+05
2.88000000e+02	1.38429621e+05
2.89000000e+02	1.44045895e+05
2.90000000e+02	1.49888670e+05
2.91000000e+02	1.55966970e+05
2.92000000e+02	1.62290170e+05
2.93000000e+02	1.68868010e+05
2.94000000e+02	1.75710606e+05
2.95000000e+02	1.82828463e+05
2.96000000e+02	1.90232495e+05
2.97000000e+02	1.97934032e+05
2.98000000e+02	2.05944840e+05
2.99000000e+02	2.14277136e+05
3.00000000e+02	2.22943602e+05
3.01000000e+02	2.31957404e+05
3.02000000e+02	2.41332206e+05
3.03000000e+02	2.51082191e+05
3.04000000e+02	2.61222078e+05
3.05000000e+02	2.71767137e+05
3.06000000e+02	2.82733213e+05
3.07000000e+02	2.94136741e+05
3.08000000e+02	3.05994771e+05
3.09000000e+02	3.18324984e+05
3.10000000e+02	3.31145713e+05
3.11000000e+02	3.44475969e+05
3.12000000e+02	3.58335457e+05
3.13000000e+02	3.72744604e+05
3.14000000e+02	3.87724578e+05
3.15000000e+02	4.03297312e+05
3.16000000e+02	4.19485529e+05
3.17000000e+02	4.36312767e+05
3.18000000e+02	4.53803399e+05
3.19000000e+02	4.71982666e+05
3.20000000e+02	4.90876693e+05
3.21000000e+02	5.10512524e+05
3.22000000e+02	5.30918139e+05
3.23000000e+02	5.52122488e+05
3.24000000e+02	5.74155515e+05
3.25000000e+02	5.97048181e+05
3.26000000e+02	6.20832496e+05
3.27000000e+02	6.45541545e+05
3.28000000e+02	6.71209511e+05
3.29000000e+02	6.97871706e+05
3.30000000e+02	7.25564598e+05
3.31000000e+02	7.54325833e+05
3.32000000e+02	7.84194265e+05
3.33000000e+02	8.15209983e+05
3.34000000e+02	8.47414332e+05
3.35000000e+02	8.80849941e+05
3.36000000e+02	9.15560746e+05
3.37000000e+02	9.51592013e+05
3.38000000e+02	9.88990360e+05
3.39000000e+02	1.02780378e+06
3.40000000e+02	1.06808165e+06
3.41000000e+02	1.10987478e+06
3.42000000e+02	1.15323539e+06
3.43000000e+02	1.19821714e+06
3.44000000e+02	1.24487515e+06
3.45000000e+02	1.29326602e+06
3.46000000e+02	1.34344781e+06
3.47000000e+02	1.39548005e+06
3.48000000e+02	1.44942377e+06
3.49000000e+02	1.50534147e+06
3.50000000e+02	1.56329714e+06
3.51000000e+02	1.62335622e+06
3.52000000e+02	1.68558561e+06
3.53000000e+02	1.75005367e+06
3.54000000e+02	1.81683014e+06
3.55000000e+02	1.88598619e+06
3.56000000e+02	1.95759431e+06
3.57000000e+02	2.03172835e+06
3.58000000e+02	2.10846342e+06
3.59000000e+02	2.18787585e+06
3.60000000e+02	2.27004314e+06
3.61000000e+02	2.35504391e+06
3.62000000e+02	2.44295780e+06
3.63000000e+02	2.53386540e+06
3.64000000e+02	2.62784815e+06
3.65000000e+02	2.72498827e+06
3.66000000e+02	2.82536863e+06
3.67000000e+02	2.92907261e+06
3.68000000e+02	3.03618402e+06
3.69000000e+02	3.14678691e+06
3.70000000e+02	3.26096547e+06
3.71000000e+02	3.37880381e+06
3.72000000e+02	3.50038582e+06
3.73000000e+02	3.62579497e+06
3.74000000e+02	3.75511410e+06
3.75000000e+02	3.88842522e+06
3.76000000e+02	4.02580926e+06
3.77000000e+02	4.16734583e+06
3.78000000e+02	4.31311299e+06
3.79000000e+02	4.46318690e+06
3.80000000e+02	4.61764160e+06
3.81000000e+02	4.77654868e+06
3.82000000e+02	4.93997692e+06
3.83000000e+02	5.10799199e+06
3.84000000e+02	5.28065609e+06
3.85000000e+02	5.45802753e+06
3.86000000e+02	5.64016039e+06
3.87000000e+02	5.82710408e+06
3.88000000e+02	6.01890292e+06
3.89000000e+02	6.21559566e+06
3.90000000e+02	6.41721507e+06
3.91000000e+02	6.62378745e+06
3.92000000e+02	6.83533208e+06
3.93000000e+02	7.05186075e+06
3.94000000e+02	7.27337724e+06
3.95000000e+02	7.49987673e+06
3.96000000e+02	7.73134526e+06
3.97000000e+02	7.96775917e+06
3.98000000e+02	8.20908448e+06
3.99000000e+02	8.45527628e+06
4.00000000e+02	8.70627818e+06
4.01000000e+02	8.96202159e+06
4.02000000e+02	9.22242516e+06
4.03000000e+02	9.48739412e+06
4.04000000e+02	9.75681962e+06
4.05000000e+02	1.00305781e+07
4.06000000e+02	1.03085306e+07
4.07000000e+02	1.05905221e+07
4.08000000e+02	1.08763812e+07
4.09000000e+02	1.11659188e+07
4.10000000e+02	1.14589282e+07
4.11000000e+02	1.17551840e+07
4.12000000e+02	1.20544418e+07
4.13000000e+02	1.23564376e+07
4.14000000e+02	1.26608870e+07
4.15000000e+02	1.29674852e+07
4.16000000e+02	1.32759062e+07
4.17000000e+02	1.35858022e+07
4.18000000e+02	1.38968041e+07
4.19000000e+02	1.42085202e+07
4.20000000e+02	1.45205367e+07
4.21000000e+02	1.48324175e+07
4.22000000e+02	1.51437038e+07
4.23000000e+02	1.54539148e+07
4.24000000e+02	1.57625473e+07
4.25000000e+02	1.60690766e+07
4.26000000e+02	1.63729566e+07
4.27000000e+02	1.66736205e+07
4.28000000e+02	1.69704820e+07
4.29000000e+02	1.72629359e+07
4.30000000e+02	1.75503592e+07
4.31000000e+02	1.78321131e+07
4.32000000e+02	1.81075442e+07
4.33000000e+02	1.83759863e+07
4.34000000e+02	1.86367630e+07
4.35000000e+02	1.88891896e+07
4.36000000e+02	1.91325760e+07
4.37000000e+02	1.93662295e+07
4.38000000e+02	1.95894583e+07
4.39000000e+02	1.98015743e+07
4.40000000e+02	2.00018977e+07
4.41000000e+02	2.01897601e+07
4.42000000e+02	2.03645091e+07
4.43000000e+02	2.05255128e+07
4.44000000e+02	2.06721641e+07
4.45000000e+02	2.08038852e+07
4.46000000e+02	2.09201328e+07
4.47000000e+02	2.10204027e+07
4.48000000e+02	2.11042345e+07
4.49000000e+02	2.11712159e+07
4.50000000e+02	2.12209881e+07
4.51000000e+02	2.12532488e+07
4.52000000e+02	2.12677572e+07
4.53000000e+02	2.12643367e+07
4.54000000e+02	2.12428781e+07
4.55000000e+02	2.12033420e+07
4.56000000e+02	2.11457608e+07
4.57000000e+02	2.10702392e+07
4.58000000e+02	2.09769549e+07
4.59000000e+02	2.08661581e+07
4.60000000e+02	2.07381697e+07
4.61000000e+02	2.05933802e+07
4.62000000e+02	2.04322455e+07
4.63000000e+02	2.02552845e+07
4.64000000e+02	2.00630739e+07
4.65000000e+02	1.98562437e+07
4.66000000e+02	1.96354716e+07
4.67000000e+02	1.94014771e+07
4.68000000e+02	1.91550155e+07
4.69000000e+02	1.88968711e+07
4.70000000e+02	1.86278514e+07
4.71000000e+02	1.83487802e+07
4.72000000e+02	1.80604915e+07
4.73000000e+02	1.77638238e+07
4.74000000e+02	1.74596139e+07
4.75000000e+02	1.71486921e+07
4.76000000e+02	1.68318773e+07
4.77000000e+02	1.65099726e+07
4.78000000e+02	1.61837617e+07
4.79000000e+02	1.58540053e+07
4.80000000e+02	1.55214386e+07
4.81000000e+02	1.51867688e+07
4.82000000e+02	1.48506736e+07
4.83000000e+02	1.45137994e+07
4.84000000e+02	1.41767604e+07
4.85000000e+02	1.38401379e+07
4.86000000e+02	1.35044803e+07
4.87000000e+02	1.31703024e+07
4.88000000e+02	1.28380859e+07
4.89000000e+02	1.25082797e+07
4.90000000e+02	1.21813003e+07
4.91000000e+02	1.18575326e+07
4.92000000e+02	1.15373308e+07
4.93000000e+02	1.12210186e+07
4.94000000e+02	1.09088912e+07
4.95000000e+02	1.06012153e+07
4.96000000e+02	1.02982310e+07
4.97000000e+02	1.00001522e+07
4.98000000e+02	9.70716835e+06
4.99000000e+02	9.41944506e+06
5.00000000e+02	9.13712565e+06
5.01000000e+02	8.86033215e+06
5.02000000e+02	8.58916645e+06
5.03000000e+02	8.32371148e+06
5.04000000e+02	8.06403231e+06
5.05000000e+02	7.81017727e+06
5.06000000e+02	7.56217903e+06
5.07000000e+02	7.32005567e+06
5.08000000e+02	7.08381168e+06
5.09000000e+02	6.85343898e+06
5.10000000e+02	6.62891788e+06
5.11000000e+02	6.41021795e+06
5.12000000e+02	6.19729900e+06
5.13000000e+02	5.99011185e+06
5.14000000e+02	5.78859917e+06
5.15000000e+02	5.59269626e+06
5.16000000e+02	5.40233177e+06
5.17000000e+02	5.21742842e+06
5.18000000e+02	5.03790362e+06
5.19000000e+02	4.86367011e+06
5.20000000e+02	4.69463656e+06
5.21000000e+02	4.53070810e+06
5.22000000e+02	4.37178682e+06
5.23000000e+02	4.21777230e+06
5.24000000e+02	4.06856199e+06
5.25000000e+02	3.92405169e+06
5.26000000e+02	3.78413590e+06
5.27000000e+02	3.64870816e+06
5.28000000e+02	3.51766145e+06
5.29000000e+02	3.39088841e+06
5.30000000e+02	3.26828167e+06
5.31000000e+02	3.14973410e+06
5.32000000e+02	3.03513902e+06
5.33000000e+02	2.92439042e+06
5.34000000e+02	2.81738317e+06
5.35000000e+02	2.71401315e+06
5.36000000e+02	2.61417745e+06
5.37000000e+02	2.51777446e+06
5.38000000e+02	2.42470406e+06
5.39000000e+02	2.33486763e+06
5.40000000e+02	2.24816823e+06
5.41000000e+02	2.16451065e+06
5.42000000e+02	2.08380145e+06
5.43000000e+02	2.00594905e+06
5.44000000e+02	1.93086380e+06
5.45000000e+02	1.85845795e+06
5.46000000e+02	1.78864574e+06
5.47000000e+02	1.72134341e+06
5.48000000e+02	1.65646920e+06
5.49000000e+02	1.59394335e+06
5.50000000e+02	1.53368814e+06
5.51000000e+02	1.47562787e+06
5.52000000e+02	1.41968882e+06
5.53000000e+02	1.36579930e+06
5.54000000e+02	1.31388959e+06
5.55000000e+02	1.26389192e+06
5.56000000e+02	1.21574047e+06
5.57000000e+02	1.16937134e+06
5.58000000e+02	1.12472249e+06
5.59000000e+02	1.08173377e+06
5.60000000e+02	1.04034684e+06
5.61000000e+02	1.00050514e+06
5.62000000e+02	9.62153892e+05
5.63000000e+02	9.25240014e+05
5.64000000e+02	8.89712120e+05
5.65000000e+02	8.55520473e+05
5.66000000e+02	8.22616942e+05
5.67000000e+02	7.90954966e+05
5.68000000e+02	7.60489519e+05
5.69000000e+02	7.31177067e+05
5.70000000e+02	7.02975531e+05
5.71000000e+02	6.75844249e+05
5.72000000e+02	6.49743937e+05
5.73000000e+02	6.24636650e+05
5.74000000e+02	6.00485748e+05
5.75000000e+02	5.77255853e+05
5.76000000e+02	5.54912814e+05
5.77000000e+02	5.33423675e+05
5.78000000e+02	5.12756635e+05
5.79000000e+02	4.92881011e+05
5.80000000e+02	4.73767209e+05
5.81000000e+02	4.55386686e+05
5.82000000e+02	4.37711918e+05
5.83000000e+02	4.20716368e+05
5.84000000e+02	4.04374453e+05
5.85000000e+02	3.88661515e+05
5.86000000e+02	3.73553788e+05
5.87000000e+02	3.59028371e+05
5.88000000e+02	3.45063199e+05
5.89000000e+02	3.31637011e+05
5.90000000e+02	3.18729329e+05
5.91000000e+02	3.06320428e+05
5.92000000e+02	2.94391308e+05
5.93000000e+02	2.82923676e+05
5.94000000e+02	2.71899911e+05
5.95000000e+02	2.61303053e+05
5.96000000e+02	2.51116769e+05
5.97000000e+02	2.41325337e+05
5.98000000e+02	2.31913623e+05
5.99000000e+02	2.22867059e+05
6.00000000e+02	2.14171625e+05
6.01000000e+02	2.05813827e+05
6.02000000e+02	1.97780680e+05
6.03000000e+02	1.90059689e+05
6.04000000e+02	1.82638829e+05
6.05000000e+02	1.75506532e+05
6.06000000e+02	1.68651669e+05
6.07000000e+02	1.62063531e+05
6.08000000e+02	1.55731817e+05
6.09000000e+02	1.49646619e+05
6.10000000e+02	1.43798404e+05
6.11000000e+02	1.38178005e+05
6.12000000e+02	1.32776603e+05
6.13000000e+02	1.27585718e+05
6.14000000e+02	1.22597191e+05
6.15000000e+02	1.17803180e+05
6.16000000e+02	1.13196140e+05
6.17000000e+02	1.08768817e+05
6.18000000e+02	1.04514236e+05
6.19000000e+02	1.00425688e+05
6.20000000e+02	9.64967247e+04
6.21000000e+02	9.27211438e+04
6.22000000e+02	8.90929832e+04
6.23000000e+02	8.56065098e+04
6.24000000e+02	8.22562129e+04
6.25000000e+02	7.90367925e+04
6.26000000e+02	7.59431553e+04
6.27000000e+02	7.29704040e+04
6.28000000e+02	7.01138296e+04
6.29000000e+02	6.73689079e+04
6.30000000e+02	6.47312868e+04
6.31000000e+02	6.21967854e+04
6.32000000e+02	5.97613824e+04
6.33000000e+02	5.74212149e+04
6.34000000e+02	5.51725674e+04
6.35000000e+02	5.30118702e+04
6.36000000e+02	5.09356917e+04
6.37000000e+02	4.89407330e+04
6.38000000e+02	4.70238251e+04
6.39000000e+02	4.51819192e+04
6.40000000e+02	4.34120880e+04
6.41000000e+02	4.17115165e+04
6.42000000e+02	4.00774989e+04
6.43000000e+02	3.85074361e+04
6.44000000e+02	3.69988287e+04
6.45000000e+02	3.55492753e+04
6.46000000e+02	3.41564686e+04
6.47000000e+02	3.28181896e+04
6.48000000e+02	3.15323076e+04
6.49000000e+02	3.02967735e+04
6.50000000e+02	2.91096193e+04
6.51000000e+02	2.79689516e+04
6.52000000e+02	2.68729549e+04
6.53000000e+02	2.58198796e+04
6.54000000e+02	2.48080478e+04
6.55000000e+02	2.38358464e+04
6.56000000e+02	2.29017237e+04
6.57000000e+02	2.20041908e+04
6.58000000e+02	2.11418154e+04
6.59000000e+02	2.03132222e+04
6.60000000e+02	1.95170886e+04
6.61000000e+02	1.87521440e+04
6.62000000e+02	1.80171677e+04
6.63000000e+02	1.73109872e+04
6.64000000e+02	1.66324744e+04
6.65000000e+02	1.59805470e+04
6.66000000e+02	1.53541630e+04
6.67000000e+02	1.47523225e+04
6.68000000e+02	1.41740652e+04
6.69000000e+02	1.36184669e+04
6.70000000e+02	1.30846406e+04
6.71000000e+02	1.25717336e+04
6.72000000e+02	1.20789264e+04
6.73000000e+02	1.16054318e+04
6.74000000e+02	1.11504932e+04
6.75000000e+02	1.07133846e+04
6.76000000e+02	1.02934066e+04
6.77000000e+02	9.88988883e+03
6.78000000e+02	9.50218611e+03
6.79000000e+02	9.12967806e+03
6.80000000e+02	8.77177115e+03
6.81000000e+02	8.42789210e+03
6.82000000e+02	8.09749138e+03
6.83000000e+02	7.78004105e+03
6.84000000e+02	7.47503425e+03
6.85000000e+02	7.18198273e+03
6.86000000e+02	6.90041769e+03
6.87000000e+02	6.62988978e+03
6.88000000e+02	6.36996686e+03
6.89000000e+02	6.12023171e+03
6.90000000e+02	5.88028650e+03
6.91000000e+02	5.64974766e+03
6.92000000e+02	5.42824512e+03
6.93000000e+02	5.21542144e+03
6.94000000e+02	5.01090080e+03
6.95000000e+02	4.81397900e+03
6.96000000e+02	4.62089607e+03
6.97000000e+02	4.40506530e+03
6.98000000e+02	3.90344326e+03
6.99000000e+02	3.07125664e+03
7.00000000e+02	0.00000000e+00
