# Profil de FluxX au temps 1.400000000000019e-11 
# simu : /Volumes/MERCURE/JOBS/Zeq2_tanh_50mic_3p5e22_B0_20ps/GNU/FluxX@y-c.set
# col 0 : abscisse (um)
# col 1 : FluxX (W/cm2)
0.00000000e+00	0.00000000e+00
1.00000000e+00	1.64399729e+07
2.00000000e+00	-3.71496661e+07
3.00000000e+00	-5.18830959e+05
4.00000000e+00	5.77655401e+06
5.00000000e+00	7.73719395e+06
6.00000000e+00	8.51090401e+06
7.00000000e+00	9.01902704e+06
8.00000000e+00	9.49301333e+06
9.00000000e+00	9.97326937e+06
1.00000000e+01	1.04645720e+07
1.10000000e+01	1.09676980e+07
1.20000000e+01	1.14835450e+07
1.30000000e+01	1.20127159e+07
1.40000000e+01	1.25567334e+07
1.50000000e+01	1.31162968e+07
1.60000000e+01	1.36931365e+07
1.70000000e+01	1.42885365e+07
1.80000000e+01	1.49035779e+07
1.90000000e+01	1.55395748e+07
2.00000000e+01	1.61979767e+07
2.10000000e+01	1.68797268e+07
2.20000000e+01	1.75865774e+07
2.30000000e+01	1.83197786e+07
2.40000000e+01	1.90808463e+07
2.50000000e+01	1.98710504e+07
2.60000000e+01	2.06917348e+07
2.70000000e+01	2.15450203e+07
2.80000000e+01	2.24317480e+07
2.90000000e+01	2.33534611e+07
3.00000000e+01	2.43119063e+07
3.10000000e+01	2.53087168e+07
3.20000000e+01	2.63459747e+07
3.30000000e+01	2.74248465e+07
3.40000000e+01	2.85473903e+07
3.50000000e+01	2.97153729e+07
3.60000000e+01	3.09310978e+07
3.70000000e+01	3.21959416e+07
3.80000000e+01	3.35120795e+07
3.90000000e+01	3.48820472e+07
4.00000000e+01	3.63078983e+07
4.10000000e+01	3.77915825e+07
4.20000000e+01	3.93355359e+07
4.30000000e+01	4.09427006e+07
4.40000000e+01	4.26150968e+07
4.50000000e+01	4.43560352e+07
4.60000000e+01	4.61677771e+07
4.70000000e+01	4.80537046e+07
4.80000000e+01	5.00161136e+07
4.90000000e+01	5.20587011e+07
5.00000000e+01	5.41845294e+07
5.10000000e+01	5.63972850e+07
5.20000000e+01	5.86998191e+07
5.30000000e+01	6.10965389e+07
5.40000000e+01	6.35910649e+07
5.50000000e+01	6.61873336e+07
5.60000000e+01	6.88893956e+07
5.70000000e+01	7.17018579e+07
5.80000000e+01	7.46289460e+07
5.90000000e+01	7.76754436e+07
6.00000000e+01	8.08462709e+07
6.10000000e+01	8.41464063e+07
6.20000000e+01	8.75812013e+07
6.30000000e+01	9.11561358e+07
6.40000000e+01	9.48766420e+07
6.50000000e+01	9.87495833e+07
6.60000000e+01	1.02779882e+08
6.70000000e+01	1.06974994e+08
6.80000000e+01	1.11341041e+08
6.90000000e+01	1.15885562e+08
7.00000000e+01	1.20615211e+08
7.10000000e+01	1.25537893e+08
7.20000000e+01	1.30661324e+08
7.30000000e+01	1.35994082e+08
7.40000000e+01	1.41544338e+08
7.50000000e+01	1.47321193e+08
7.60000000e+01	1.53333509e+08
7.70000000e+01	1.59591370e+08
7.80000000e+01	1.66104405e+08
7.90000000e+01	1.72883155e+08
8.00000000e+01	1.79939084e+08
8.10000000e+01	1.87282627e+08
8.20000000e+01	1.94925981e+08
8.30000000e+01	2.02880919e+08
8.40000000e+01	2.11160968e+08
8.50000000e+01	2.19778738e+08
8.60000000e+01	2.28747962e+08
8.70000000e+01	2.38083549e+08
8.80000000e+01	2.47799705e+08
8.90000000e+01	2.57912780e+08
9.00000000e+01	2.68438207e+08
9.10000000e+01	2.79393271e+08
9.20000000e+01	2.90795482e+08
9.30000000e+01	3.02663038e+08
9.40000000e+01	3.15014844e+08
9.50000000e+01	3.27870817e+08
9.60000000e+01	3.41251396e+08
9.70000000e+01	3.55177834e+08
9.80000000e+01	3.69672915e+08
9.90000000e+01	3.84759214e+08
1.00000000e+02	4.00461132e+08
1.01000000e+02	4.16804256e+08
1.02000000e+02	4.33814086e+08
1.03000000e+02	4.51517938e+08
1.04000000e+02	4.69944591e+08
1.05000000e+02	4.89122843e+08
1.06000000e+02	5.09084010e+08
1.07000000e+02	5.29859864e+08
1.08000000e+02	5.51483178e+08
1.09000000e+02	5.73989300e+08
1.10000000e+02	5.97413606e+08
1.11000000e+02	6.21794217e+08
1.12000000e+02	6.47169329e+08
1.13000000e+02	6.73580075e+08
1.14000000e+02	7.01069015e+08
1.15000000e+02	7.29679500e+08
1.16000000e+02	7.59457621e+08
1.17000000e+02	7.90450451e+08
1.18000000e+02	8.22708205e+08
1.19000000e+02	8.56282303e+08
1.20000000e+02	8.91226860e+08
1.21000000e+02	9.27597153e+08
1.22000000e+02	9.65451596e+08
1.23000000e+02	1.00485109e+09
1.24000000e+02	1.04585813e+09
1.25000000e+02	1.08853853e+09
1.26000000e+02	1.13296044e+09
1.27000000e+02	1.17919567e+09
1.28000000e+02	1.22731712e+09
1.29000000e+02	1.27740262e+09
1.30000000e+02	1.32953178e+09
1.31000000e+02	1.38378836e+09
1.32000000e+02	1.44025852e+09
1.33000000e+02	1.49903321e+09
1.34000000e+02	1.56020626e+09
1.35000000e+02	1.62387576e+09
1.36000000e+02	1.69014286e+09
1.37000000e+02	1.75911434e+09
1.38000000e+02	1.83090002e+09
1.39000000e+02	1.90561528e+09
1.40000000e+02	1.98337903e+09
1.41000000e+02	2.06431576e+09
1.42000000e+02	2.14855514e+09
1.43000000e+02	2.23623202e+09
1.44000000e+02	2.32748660e+09
1.45000000e+02	2.42246444e+09
1.46000000e+02	2.52131773e+09
1.47000000e+02	2.62420449e+09
1.48000000e+02	2.73128890e+09
1.49000000e+02	2.84274304e+09
1.50000000e+02	2.95874459e+09
1.51000000e+02	3.07947931e+09
1.52000000e+02	3.20514015e+09
1.53000000e+02	3.33592786e+09
1.54000000e+02	3.47205163e+09
1.55000000e+02	3.61372969e+09
1.56000000e+02	3.76118815e+09
1.57000000e+02	3.91466255e+09
1.58000000e+02	4.07439845e+09
1.59000000e+02	4.24065105e+09
1.60000000e+02	4.41368649e+09
1.61000000e+02	4.59378153e+09
1.62000000e+02	4.78122399e+09
1.63000000e+02	4.97631308e+09
1.64000000e+02	5.17936110e+09
1.65000000e+02	5.39069263e+09
1.66000000e+02	5.61064468e+09
1.67000000e+02	5.83956942e+09
1.68000000e+02	6.07783266e+09
1.69000000e+02	6.32581530e+09
1.70000000e+02	6.58391346e+09
1.71000000e+02	6.85253952e+09
1.72000000e+02	7.13212303e+09
1.73000000e+02	7.42311012e+09
1.74000000e+02	7.72596615e+09
1.75000000e+02	8.04117487e+09
1.76000000e+02	8.36923978e+09
1.77000000e+02	8.71068476e+09
1.78000000e+02	9.06605550e+09
1.79000000e+02	9.43591926e+09
1.80000000e+02	9.82086675e+09
1.81000000e+02	1.02215131e+10
1.82000000e+02	1.06384973e+10
1.83000000e+02	1.10724855e+10
1.84000000e+02	1.15241709e+10
1.85000000e+02	1.19942739e+10
1.86000000e+02	1.24835451e+10
1.87000000e+02	1.29927655e+10
1.88000000e+02	1.35227474e+10
1.89000000e+02	1.40743368e+10
1.90000000e+02	1.46484137e+10
1.91000000e+02	1.52458939e+10
1.92000000e+02	1.58677305e+10
1.93000000e+02	1.65149151e+10
1.94000000e+02	1.71884794e+10
1.95000000e+02	1.78894981e+10
1.96000000e+02	1.86190882e+10
1.97000000e+02	1.93784132e+10
1.98000000e+02	2.01686828e+10
1.99000000e+02	2.09911564e+10
2.00000000e+02	2.18471444e+10
2.01000000e+02	2.27380105e+10
2.02000000e+02	2.36651736e+10
2.03000000e+02	2.46301098e+10
2.04000000e+02	2.56343555e+10
2.05000000e+02	2.66795092e+10
2.06000000e+02	2.77672341e+10
2.07000000e+02	2.88992610e+10
2.08000000e+02	3.00773904e+10
2.09000000e+02	3.13034963e+10
2.10000000e+02	3.25795278e+10
2.11000000e+02	3.39075133e+10
2.12000000e+02	3.52895633e+10
2.13000000e+02	3.67278735e+10
2.14000000e+02	3.82247282e+10
2.15000000e+02	3.97825045e+10
2.16000000e+02	4.14036744e+10
2.17000000e+02	4.30908105e+10
2.18000000e+02	4.48465893e+10
2.19000000e+02	4.66737952e+10
2.20000000e+02	4.85753243e+10
2.21000000e+02	5.05541903e+10
2.22000000e+02	5.26135272e+10
2.23000000e+02	5.47565958e+10
2.24000000e+02	5.69867879e+10
2.25000000e+02	5.93076324e+10
2.26000000e+02	6.17227983e+10
2.27000000e+02	6.42361040e+10
2.28000000e+02	6.68515198e+10
2.29000000e+02	6.95731759e+10
2.30000000e+02	7.24053671e+10
2.31000000e+02	7.53525620e+10
2.32000000e+02	7.84194060e+10
2.33000000e+02	8.16107318e+10
2.34000000e+02	8.49315644e+10
2.35000000e+02	8.83871305e+10
2.36000000e+02	9.19828646e+10
2.37000000e+02	9.57244173e+10
2.38000000e+02	9.96176652e+10
2.39000000e+02	1.03668719e+11
2.40000000e+02	1.07883931e+11
2.41000000e+02	1.12269907e+11
2.42000000e+02	1.16833514e+11
2.43000000e+02	1.21581893e+11
2.44000000e+02	1.26522465e+11
2.45000000e+02	1.31662946e+11
2.46000000e+02	1.37011356e+11
2.47000000e+02	1.42576033e+11
2.48000000e+02	1.48365641e+11
2.49000000e+02	1.54389187e+11
2.50000000e+02	1.60656030e+11
2.51000000e+02	1.67175898e+11
2.52000000e+02	1.73958897e+11
2.53000000e+02	1.81015533e+11
2.54000000e+02	1.88356716e+11
2.55000000e+02	1.95993787e+11
2.56000000e+02	2.03938525e+11
2.57000000e+02	2.12203168e+11
2.58000000e+02	2.20800425e+11
2.59000000e+02	2.29743501e+11
2.60000000e+02	2.39046109e+11
2.61000000e+02	2.48722490e+11
2.62000000e+02	2.58787431e+11
2.63000000e+02	2.69256290e+11
2.64000000e+02	2.80145008e+11
2.65000000e+02	2.91470139e+11
2.66000000e+02	3.03248863e+11
2.67000000e+02	3.15499015e+11
2.68000000e+02	3.28239103e+11
2.69000000e+02	3.41488337e+11
2.70000000e+02	3.55266647e+11
2.71000000e+02	3.69594712e+11
2.72000000e+02	3.84493984e+11
2.73000000e+02	3.99986716e+11
2.74000000e+02	4.16095987e+11
2.75000000e+02	4.32845729e+11
2.76000000e+02	4.50260759e+11
2.77000000e+02	4.68366804e+11
2.78000000e+02	4.87190533e+11
2.79000000e+02	5.06759585e+11
2.80000000e+02	5.27102603e+11
2.81000000e+02	5.48249266e+11
2.82000000e+02	5.70230315e+11
2.83000000e+02	5.93077595e+11
2.84000000e+02	6.16824082e+11
2.85000000e+02	6.41503918e+11
2.86000000e+02	6.67152448e+11
2.87000000e+02	6.93806253e+11
2.88000000e+02	7.21503188e+11
2.89000000e+02	7.50282415e+11
2.90000000e+02	7.80184441e+11
2.91000000e+02	8.11251155e+11
2.92000000e+02	8.43525863e+11
2.93000000e+02	8.77053329e+11
2.94000000e+02	9.11879810e+11
2.95000000e+02	9.48053093e+11
2.96000000e+02	9.85622534e+11
2.97000000e+02	1.02463909e+12
2.98000000e+02	1.06515537e+12
2.99000000e+02	1.10722566e+12
3.00000000e+02	1.15090594e+12
3.01000000e+02	1.19625398e+12
3.02000000e+02	1.24332931e+12
3.03000000e+02	1.29219328e+12
3.04000000e+02	1.34290910e+12
3.05000000e+02	1.39554188e+12
3.06000000e+02	1.45015863e+12
3.07000000e+02	1.50682830e+12
3.08000000e+02	1.56562182e+12
3.09000000e+02	1.62661213e+12
3.10000000e+02	1.68987417e+12
3.11000000e+02	1.75548493e+12
3.12000000e+02	1.82352348e+12
3.13000000e+02	1.89407092e+12
3.14000000e+02	1.96721048e+12
3.15000000e+02	2.04302746e+12
3.16000000e+02	2.12160926e+12
3.17000000e+02	2.20304537e+12
3.18000000e+02	2.28742740e+12
3.19000000e+02	2.37484900e+12
3.20000000e+02	2.46540593e+12
3.21000000e+02	2.55919597e+12
3.22000000e+02	2.65631891e+12
3.23000000e+02	2.75687654e+12
3.24000000e+02	2.86097259e+12
3.25000000e+02	2.96871268e+12
3.26000000e+02	3.08020426e+12
3.27000000e+02	3.19555656e+12
3.28000000e+02	3.31488049e+12
3.29000000e+02	3.43828859e+12
3.30000000e+02	3.56589491e+12
3.31000000e+02	3.69781490e+12
3.32000000e+02	3.83416532e+12
3.33000000e+02	3.97506409e+12
3.34000000e+02	4.12063014e+12
3.35000000e+02	4.27098330e+12
3.36000000e+02	4.42624409e+12
3.37000000e+02	4.58653355e+12
3.38000000e+02	4.75197305e+12
3.39000000e+02	4.92268408e+12
3.40000000e+02	5.09878802e+12
3.41000000e+02	5.28040589e+12
3.42000000e+02	5.46765809e+12
3.43000000e+02	5.66066415e+12
3.44000000e+02	5.85954239e+12
3.45000000e+02	6.06440964e+12
3.46000000e+02	6.27538091e+12
3.47000000e+02	6.49256900e+12
3.48000000e+02	6.71608417e+12
3.49000000e+02	6.94603374e+12
3.50000000e+02	7.18252165e+12
3.51000000e+02	7.42564809e+12
3.52000000e+02	7.67550898e+12
3.53000000e+02	7.93219554e+12
3.54000000e+02	8.19579381e+12
3.55000000e+02	8.46638407e+12
3.56000000e+02	8.74404040e+12
3.57000000e+02	9.02883005e+12
3.58000000e+02	9.32081291e+12
3.59000000e+02	9.62004091e+12
3.60000000e+02	9.92655740e+12
3.61000000e+02	1.02403965e+13
3.62000000e+02	1.05615826e+13
3.63000000e+02	1.08901294e+13
3.64000000e+02	1.12260395e+13
3.65000000e+02	1.15693036e+13
3.66000000e+02	1.19199000e+13
3.67000000e+02	1.22777933e+13
3.68000000e+02	1.26429345e+13
3.69000000e+02	1.30152595e+13
3.70000000e+02	1.33946888e+13
3.71000000e+02	1.37811268e+13
3.72000000e+02	1.41744607e+13
3.73000000e+02	1.45745600e+13
3.74000000e+02	1.49812757e+13
3.75000000e+02	1.53944395e+13
3.76000000e+02	1.58138633e+13
3.77000000e+02	1.62393381e+13
3.78000000e+02	1.66706336e+13
3.79000000e+02	1.71074973e+13
3.80000000e+02	1.75496540e+13
3.81000000e+02	1.79968051e+13
3.82000000e+02	1.84486278e+13
3.83000000e+02	1.89047748e+13
3.84000000e+02	1.93648737e+13
3.85000000e+02	1.98285260e+13
3.86000000e+02	2.02953076e+13
3.87000000e+02	2.07647675e+13
3.88000000e+02	2.12364277e+13
3.89000000e+02	2.17097831e+13
3.90000000e+02	2.21843011e+13
3.91000000e+02	2.26594215e+13
3.92000000e+02	2.31345562e+13
3.93000000e+02	2.36090896e+13
3.94000000e+02	2.40823782e+13
3.95000000e+02	2.45537511e+13
3.96000000e+02	2.50225102e+13
3.97000000e+02	2.54879303e+13
3.98000000e+02	2.59492602e+13
3.99000000e+02	2.64057225e+13
4.00000000e+02	2.68565149e+13
4.01000000e+02	2.73008109e+13
4.02000000e+02	2.77377605e+13
4.03000000e+02	2.81664917e+13
4.04000000e+02	2.85861117e+13
4.05000000e+02	2.89957079e+13
4.06000000e+02	2.93943501e+13
4.07000000e+02	2.97810916e+13
4.08000000e+02	3.01549717e+13
4.09000000e+02	3.05150172e+13
4.10000000e+02	3.08602453e+13
4.11000000e+02	3.11896653e+13
4.12000000e+02	3.15022818e+13
4.13000000e+02	3.17970973e+13
4.14000000e+02	3.20731152e+13
4.15000000e+02	3.23293432e+13
4.16000000e+02	3.25647964e+13
4.17000000e+02	3.27785011e+13
4.18000000e+02	3.29694989e+13
4.19000000e+02	3.31368500e+13
4.20000000e+02	3.32796382e+13
4.21000000e+02	3.33969749e+13
4.22000000e+02	3.34880039e+13
4.23000000e+02	3.35519058e+13
4.24000000e+02	3.35879037e+13
4.25000000e+02	3.35952677e+13
4.26000000e+02	3.35733205e+13
4.27000000e+02	3.35214425e+13
4.28000000e+02	3.34390779e+13
4.29000000e+02	3.33257399e+13
4.30000000e+02	3.31810164e+13
4.31000000e+02	3.30045758e+13
4.32000000e+02	3.27961728e+13
4.33000000e+02	3.25556538e+13
4.34000000e+02	3.22829626e+13
4.35000000e+02	3.19781459e+13
4.36000000e+02	3.16413582e+13
4.37000000e+02	3.12728670e+13
4.38000000e+02	3.08730571e+13
4.39000000e+02	3.04424346e+13
4.40000000e+02	2.99816310e+13
4.41000000e+02	2.94914057e+13
4.42000000e+02	2.89726482e+13
4.43000000e+02	2.84263800e+13
4.44000000e+02	2.78537547e+13
4.45000000e+02	2.72560578e+13
4.46000000e+02	2.66347047e+13
4.47000000e+02	2.59912382e+13
4.48000000e+02	2.53273242e+13
4.49000000e+02	2.46447458e+13
4.50000000e+02	2.39453966e+13
4.51000000e+02	2.32312714e+13
4.52000000e+02	2.25044567e+13
4.53000000e+02	2.17671180e+13
4.54000000e+02	2.10214869e+13
4.55000000e+02	2.02698457e+13
4.56000000e+02	1.95145113e+13
4.57000000e+02	1.87578171e+13
4.58000000e+02	1.80020948e+13
4.59000000e+02	1.72496544e+13
4.60000000e+02	1.65027642e+13
4.61000000e+02	1.57636305e+13
4.62000000e+02	1.50343776e+13
4.63000000e+02	1.43170283e+13
4.64000000e+02	1.36134853e+13
4.65000000e+02	1.29255144e+13
4.66000000e+02	1.22547291e+13
4.67000000e+02	1.16025779e+13
4.68000000e+02	1.09703338e+13
4.69000000e+02	1.03590868e+13
4.70000000e+02	9.76973967e+12
4.71000000e+02	9.20300613e+12
4.72000000e+02	8.65941289e+12
4.73000000e+02	8.13930417e+12
4.74000000e+02	7.64284917e+12
4.75000000e+02	7.17005197e+12
4.76000000e+02	6.72076349e+12
4.77000000e+02	6.29469522e+12
4.78000000e+02	5.89143402e+12
4.79000000e+02	5.51045777e+12
4.80000000e+02	5.15115131e+12
4.81000000e+02	4.81282227e+12
4.82000000e+02	4.49471634e+12
4.83000000e+02	4.19603186e+12
4.84000000e+02	3.91593332e+12
4.85000000e+02	3.65356364e+12
4.86000000e+02	3.40805517e+12
4.87000000e+02	3.17853930e+12
4.88000000e+02	2.96415471e+12
4.89000000e+02	2.76405431e+12
4.90000000e+02	2.57741095e+12
4.91000000e+02	2.40342192e+12
4.92000000e+02	2.24131254e+12
4.93000000e+02	2.09033871e+12
4.94000000e+02	1.94978873e+12
4.95000000e+02	1.81898445e+12
4.96000000e+02	1.69728183e+12
4.97000000e+02	1.58407099e+12
4.98000000e+02	1.47877597e+12
4.99000000e+02	1.38085404e+12
5.00000000e+02	1.28979492e+12
5.01000000e+02	1.20511969e+12
5.02000000e+02	1.12637963e+12
5.03000000e+02	1.05315496e+12
5.04000000e+02	9.85053497e+11
5.05000000e+02	9.21709276e+11
5.06000000e+02	8.62781180e+11
5.07000000e+02	8.07951563e+11
5.08000000e+02	7.56924893e+11
5.09000000e+02	7.09426430e+11
5.10000000e+02	6.65200944e+11
5.11000000e+02	6.24011475e+11
5.12000000e+02	5.85638148e+11
5.13000000e+02	5.49877040e+11
5.14000000e+02	5.16539104e+11
5.15000000e+02	4.85449147e+11
5.16000000e+02	4.56444869e+11
5.17000000e+02	4.29375948e+11
5.18000000e+02	4.04103191e+11
5.19000000e+02	3.80497731e+11
5.20000000e+02	3.58440277e+11
5.21000000e+02	3.37820411e+11
5.22000000e+02	3.18535936e+11
5.23000000e+02	3.00492264e+11
5.24000000e+02	2.83601850e+11
5.25000000e+02	2.67783662e+11
5.26000000e+02	2.52962695e+11
5.27000000e+02	2.39069510e+11
5.28000000e+02	2.26039819e+11
5.29000000e+02	2.13814090e+11
5.30000000e+02	2.02337185e+11
5.31000000e+02	1.91558030e+11
5.32000000e+02	1.81429301e+11
5.33000000e+02	1.71907139e+11
5.34000000e+02	1.62950888e+11
5.35000000e+02	1.54522850e+11
5.36000000e+02	1.46588056e+11
5.37000000e+02	1.39114065e+11
5.38000000e+02	1.32070766e+11
5.39000000e+02	1.25430204e+11
5.40000000e+02	1.19166415e+11
5.41000000e+02	1.13255278e+11
5.42000000e+02	1.07674374e+11
5.43000000e+02	1.02402858e+11
5.44000000e+02	9.74213393e+10
5.45000000e+02	9.27117764e+10
5.46000000e+02	8.82573741e+10
5.47000000e+02	8.40424901e+10
5.48000000e+02	8.00525514e+10
5.49000000e+02	7.62739732e+10
5.50000000e+02	7.26940885e+10
5.51000000e+02	6.93010792e+10
5.52000000e+02	6.60839143e+10
5.53000000e+02	6.30322941e+10
5.54000000e+02	6.01365952e+10
5.55000000e+02	5.73878244e+10
5.56000000e+02	5.47775705e+10
5.57000000e+02	5.22979648e+10
5.58000000e+02	4.99416436e+10
5.59000000e+02	4.77017097e+10
5.60000000e+02	4.55717018e+10
5.61000000e+02	4.35455634e+10
5.62000000e+02	4.16176147e+10
5.63000000e+02	3.97825264e+10
5.64000000e+02	3.80352968e+10
5.65000000e+02	3.63712278e+10
5.66000000e+02	3.47859051e+10
5.67000000e+02	3.32751792e+10
5.68000000e+02	3.18351473e+10
5.69000000e+02	3.04621377e+10
5.70000000e+02	2.91526939e+10
5.71000000e+02	2.79035598e+10
5.72000000e+02	2.67116676e+10
5.73000000e+02	2.55741261e+10
5.74000000e+02	2.44882073e+10
5.75000000e+02	2.34513377e+10
5.76000000e+02	2.24610886e+10
5.77000000e+02	2.15151654e+10
5.78000000e+02	2.06114006e+10
5.79000000e+02	1.97477455e+10
5.80000000e+02	1.89222630e+10
5.81000000e+02	1.81331203e+10
5.82000000e+02	1.73785820e+10
5.83000000e+02	1.66570067e+10
5.84000000e+02	1.59668388e+10
5.85000000e+02	1.53066044e+10
5.86000000e+02	1.46749064e+10
5.87000000e+02	1.40704197e+10
5.88000000e+02	1.34918874e+10
5.89000000e+02	1.29381170e+10
5.90000000e+02	1.24079760e+10
5.91000000e+02	1.19003894e+10
5.92000000e+02	1.14143354e+10
5.93000000e+02	1.09488427e+10
5.94000000e+02	1.05029896e+10
5.95000000e+02	1.00758978e+10
5.96000000e+02	9.66673245e+09
5.97000000e+02	9.27469944e+09
5.98000000e+02	8.89904251e+09
5.99000000e+02	8.53904157e+09
6.00000000e+02	8.19401148e+09
6.01000000e+02	7.86329848e+09
6.02000000e+02	7.54628078e+09
6.03000000e+02	7.24236447e+09
6.04000000e+02	6.95098401e+09
6.05000000e+02	6.67160066e+09
6.06000000e+02	6.40369906e+09
6.07000000e+02	6.14678849e+09
6.08000000e+02	5.90040051e+09
6.09000000e+02	5.66408743e+09
6.10000000e+02	5.43742296e+09
6.11000000e+02	5.21999821e+09
6.12000000e+02	5.01142473e+09
6.13000000e+02	4.81132946e+09
6.14000000e+02	4.61935766e+09
6.15000000e+02	4.43516842e+09
6.16000000e+02	4.25843743e+09
6.17000000e+02	4.08885411e+09
6.18000000e+02	3.92612105e+09
6.19000000e+02	3.76995461e+09
6.20000000e+02	3.62008230e+09
6.21000000e+02	3.47624455e+09
6.22000000e+02	3.33819260e+09
6.23000000e+02	3.20568847e+09
6.24000000e+02	3.07850377e+09
6.25000000e+02	2.95642094e+09
6.26000000e+02	2.83923060e+09
6.27000000e+02	2.72673281e+09
6.28000000e+02	2.61873659e+09
6.29000000e+02	2.51505775e+09
6.30000000e+02	2.41552114e+09
6.31000000e+02	2.31995811e+09
6.32000000e+02	2.22820774e+09
6.33000000e+02	2.14011523e+09
6.34000000e+02	2.05553241e+09
6.35000000e+02	1.97431766e+09
6.36000000e+02	1.89633477e+09
6.37000000e+02	1.82145305e+09
6.38000000e+02	1.74954816e+09
6.39000000e+02	1.68050019e+09
6.40000000e+02	1.61419412e+09
6.41000000e+02	1.55051948e+09
6.42000000e+02	1.48937111e+09
6.43000000e+02	1.43064726e+09
6.44000000e+02	1.37425119e+09
6.45000000e+02	1.32008915e+09
6.46000000e+02	1.26807222e+09
6.47000000e+02	1.21811483e+09
6.48000000e+02	1.17013421e+09
6.49000000e+02	1.12405195e+09
6.50000000e+02	1.07979173e+09
6.51000000e+02	1.03728123e+09
6.52000000e+02	9.96450867e+08
6.53000000e+02	9.57233608e+08
6.54000000e+02	9.19565361e+08
6.55000000e+02	8.83384327e+08
6.56000000e+02	8.48631912e+08
6.57000000e+02	8.15250594e+08
6.58000000e+02	7.83186372e+08
6.59000000e+02	7.52387025e+08
6.60000000e+02	7.22802282e+08
6.61000000e+02	6.94383808e+08
6.62000000e+02	6.67085989e+08
6.63000000e+02	6.40863527e+08
6.64000000e+02	6.15674342e+08
6.65000000e+02	5.91477707e+08
6.66000000e+02	5.68233954e+08
6.67000000e+02	5.45905772e+08
6.68000000e+02	5.24456666e+08
6.69000000e+02	5.03851755e+08
6.70000000e+02	4.84058150e+08
6.71000000e+02	4.65043276e+08
6.72000000e+02	4.46776528e+08
6.73000000e+02	4.29229025e+08
6.74000000e+02	4.12371760e+08
6.75000000e+02	3.96177159e+08
6.76000000e+02	3.80619889e+08
6.77000000e+02	3.65673977e+08
6.78000000e+02	3.51316171e+08
6.79000000e+02	3.37522626e+08
6.80000000e+02	3.24271245e+08
6.81000000e+02	3.11540722e+08
6.82000000e+02	2.99310919e+08
6.83000000e+02	2.87561380e+08
6.84000000e+02	2.76273906e+08
6.85000000e+02	2.65429691e+08
6.86000000e+02	2.55011564e+08
6.87000000e+02	2.45003035e+08
6.88000000e+02	2.35387442e+08
6.89000000e+02	2.26149517e+08
6.90000000e+02	2.17274097e+08
6.91000000e+02	2.08745022e+08
6.92000000e+02	2.00541037e+08
6.93000000e+02	1.92610372e+08
6.94000000e+02	1.84780935e+08
6.95000000e+02	1.76462826e+08
6.96000000e+02	1.65880536e+08
6.97000000e+02	1.48698448e+08
6.98000000e+02	1.16657778e+08
6.99000000e+02	7.11693913e+07
7.00000000e+02	0.00000000e+00
