# Profil de Te au temps 1.300000000000017e-11 
# simu : /Volumes/MERCURE/JOBS/Zeq2_tanh_50mic_3p5e22_B0_20ps/GNU/Te@y-c.set
# col 0 : abscisse (um)
# col 1 : Te (keV)
5.00000000e-01	9.99999981e-01
1.50000000e+00	9.99999967e-01
2.50000000e+00	9.99999985e-01
3.50000000e+00	9.99999985e-01
4.50000000e+00	9.99999983e-01
5.50000000e+00	9.99999981e-01
6.50000000e+00	9.99999980e-01
7.50000000e+00	9.99999979e-01
8.50000000e+00	9.99999977e-01
9.50000000e+00	9.99999976e-01
1.05000000e+01	9.99999975e-01
1.15000000e+01	9.99999974e-01
1.25000000e+01	9.99999973e-01
1.35000000e+01	9.99999972e-01
1.45000000e+01	9.99999971e-01
1.55000000e+01	9.99999970e-01
1.65000000e+01	9.99999968e-01
1.75000000e+01	9.99999967e-01
1.85000000e+01	9.99999966e-01
1.95000000e+01	9.99999964e-01
2.05000000e+01	9.99999963e-01
2.15000000e+01	9.99999961e-01
2.25000000e+01	9.99999960e-01
2.35000000e+01	9.99999958e-01
2.45000000e+01	9.99999956e-01
2.55000000e+01	9.99999954e-01
2.65000000e+01	9.99999953e-01
2.75000000e+01	9.99999951e-01
2.85000000e+01	9.99999949e-01
2.95000000e+01	9.99999946e-01
3.05000000e+01	9.99999944e-01
3.15000000e+01	9.99999942e-01
3.25000000e+01	9.99999940e-01
3.35000000e+01	9.99999937e-01
3.45000000e+01	9.99999934e-01
3.55000000e+01	9.99999932e-01
3.65000000e+01	9.99999929e-01
3.75000000e+01	9.99999926e-01
3.85000000e+01	9.99999923e-01
3.95000000e+01	9.99999920e-01
4.05000000e+01	9.99999917e-01
4.15000000e+01	9.99999913e-01
4.25000000e+01	9.99999910e-01
4.35000000e+01	9.99999906e-01
4.45000000e+01	9.99999902e-01
4.55000000e+01	9.99999898e-01
4.65000000e+01	9.99999894e-01
4.75000000e+01	9.99999890e-01
4.85000000e+01	9.99999885e-01
4.95000000e+01	9.99999880e-01
5.05000000e+01	9.99999875e-01
5.15000000e+01	9.99999870e-01
5.25000000e+01	9.99999865e-01
5.35000000e+01	9.99999860e-01
5.45000000e+01	9.99999854e-01
5.55000000e+01	9.99999848e-01
5.65000000e+01	9.99999842e-01
5.75000000e+01	9.99999835e-01
5.85000000e+01	9.99999828e-01
5.95000000e+01	9.99999821e-01
6.05000000e+01	9.99999814e-01
6.15000000e+01	9.99999807e-01
6.25000000e+01	9.99999799e-01
6.35000000e+01	9.99999790e-01
6.45000000e+01	9.99999782e-01
6.55000000e+01	9.99999773e-01
6.65000000e+01	9.99999764e-01
6.75000000e+01	9.99999754e-01
6.85000000e+01	9.99999744e-01
6.95000000e+01	9.99999733e-01
7.05000000e+01	9.99999723e-01
7.15000000e+01	9.99999711e-01
7.25000000e+01	9.99999699e-01
7.35000000e+01	9.99999687e-01
7.45000000e+01	9.99999674e-01
7.55000000e+01	9.99999661e-01
7.65000000e+01	9.99999647e-01
7.75000000e+01	9.99999633e-01
7.85000000e+01	9.99999618e-01
7.95000000e+01	9.99999602e-01
8.05000000e+01	9.99999586e-01
8.15000000e+01	9.99999569e-01
8.25000000e+01	9.99999551e-01
8.35000000e+01	9.99999533e-01
8.45000000e+01	9.99999514e-01
8.55000000e+01	9.99999494e-01
8.65000000e+01	9.99999474e-01
8.75000000e+01	9.99999452e-01
8.85000000e+01	9.99999430e-01
8.95000000e+01	9.99999406e-01
9.05000000e+01	9.99999382e-01
9.15000000e+01	9.99999357e-01
9.25000000e+01	9.99999331e-01
9.35000000e+01	9.99999303e-01
9.45000000e+01	9.99999275e-01
9.55000000e+01	9.99999245e-01
9.65000000e+01	9.99999214e-01
9.75000000e+01	9.99999182e-01
9.85000000e+01	9.99999149e-01
9.95000000e+01	9.99999114e-01
1.00500000e+02	9.99999078e-01
1.01500000e+02	9.99999040e-01
1.02500000e+02	9.99999001e-01
1.03500000e+02	9.99998961e-01
1.04500000e+02	9.99998918e-01
1.05500000e+02	9.99998874e-01
1.06500000e+02	9.99998828e-01
1.07500000e+02	9.99998780e-01
1.08500000e+02	9.99998730e-01
1.09500000e+02	9.99998678e-01
1.10500000e+02	9.99998625e-01
1.11500000e+02	9.99998568e-01
1.12500000e+02	9.99998510e-01
1.13500000e+02	9.99998449e-01
1.14500000e+02	9.99998386e-01
1.15500000e+02	9.99998320e-01
1.16500000e+02	9.99998251e-01
1.17500000e+02	9.99998180e-01
1.18500000e+02	9.99998106e-01
1.19500000e+02	9.99998028e-01
1.20500000e+02	9.99997948e-01
1.21500000e+02	9.99997864e-01
1.22500000e+02	9.99997777e-01
1.23500000e+02	9.99997686e-01
1.24500000e+02	9.99997592e-01
1.25500000e+02	9.99997493e-01
1.26500000e+02	9.99997391e-01
1.27500000e+02	9.99997285e-01
1.28500000e+02	9.99997174e-01
1.29500000e+02	9.99997059e-01
1.30500000e+02	9.99996938e-01
1.31500000e+02	9.99996814e-01
1.32500000e+02	9.99996683e-01
1.33500000e+02	9.99996548e-01
1.34500000e+02	9.99996407e-01
1.35500000e+02	9.99996261e-01
1.36500000e+02	9.99996108e-01
1.37500000e+02	9.99995949e-01
1.38500000e+02	9.99995784e-01
1.39500000e+02	9.99995612e-01
1.40500000e+02	9.99995433e-01
1.41500000e+02	9.99995246e-01
1.42500000e+02	9.99995052e-01
1.43500000e+02	9.99994850e-01
1.44500000e+02	9.99994640e-01
1.45500000e+02	9.99994421e-01
1.46500000e+02	9.99994194e-01
1.47500000e+02	9.99993957e-01
1.48500000e+02	9.99993710e-01
1.49500000e+02	9.99993453e-01
1.50500000e+02	9.99993186e-01
1.51500000e+02	9.99992908e-01
1.52500000e+02	9.99992619e-01
1.53500000e+02	9.99992317e-01
1.54500000e+02	9.99992004e-01
1.55500000e+02	9.99991678e-01
1.56500000e+02	9.99991338e-01
1.57500000e+02	9.99990984e-01
1.58500000e+02	9.99990617e-01
1.59500000e+02	9.99990234e-01
1.60500000e+02	9.99989835e-01
1.61500000e+02	9.99989420e-01
1.62500000e+02	9.99988988e-01
1.63500000e+02	9.99988539e-01
1.64500000e+02	9.99988071e-01
1.65500000e+02	9.99987585e-01
1.66500000e+02	9.99987078e-01
1.67500000e+02	9.99986551e-01
1.68500000e+02	9.99986002e-01
1.69500000e+02	9.99985430e-01
1.70500000e+02	9.99984836e-01
1.71500000e+02	9.99984217e-01
1.72500000e+02	9.99983573e-01
1.73500000e+02	9.99982903e-01
1.74500000e+02	9.99982205e-01
1.75500000e+02	9.99981479e-01
1.76500000e+02	9.99980723e-01
1.77500000e+02	9.99979936e-01
1.78500000e+02	9.99979118e-01
1.79500000e+02	9.99978265e-01
1.80500000e+02	9.99977379e-01
1.81500000e+02	9.99976455e-01
1.82500000e+02	9.99975495e-01
1.83500000e+02	9.99974495e-01
1.84500000e+02	9.99973454e-01
1.85500000e+02	9.99972371e-01
1.86500000e+02	9.99971243e-01
1.87500000e+02	9.99970070e-01
1.88500000e+02	9.99968849e-01
1.89500000e+02	9.99967577e-01
1.90500000e+02	9.99966254e-01
1.91500000e+02	9.99964878e-01
1.92500000e+02	9.99963444e-01
1.93500000e+02	9.99961953e-01
1.94500000e+02	9.99960400e-01
1.95500000e+02	9.99958785e-01
1.96500000e+02	9.99957103e-01
1.97500000e+02	9.99955353e-01
1.98500000e+02	9.99953531e-01
1.99500000e+02	9.99951635e-01
2.00500000e+02	9.99949662e-01
2.01500000e+02	9.99947608e-01
2.02500000e+02	9.99945470e-01
2.03500000e+02	9.99943245e-01
2.04500000e+02	9.99940930e-01
2.05500000e+02	9.99938520e-01
2.06500000e+02	9.99936012e-01
2.07500000e+02	9.99933401e-01
2.08500000e+02	9.99930684e-01
2.09500000e+02	9.99927856e-01
2.10500000e+02	9.99924913e-01
2.11500000e+02	9.99921850e-01
2.12500000e+02	9.99918662e-01
2.13500000e+02	9.99915343e-01
2.14500000e+02	9.99911890e-01
2.15500000e+02	9.99908296e-01
2.16500000e+02	9.99904555e-01
2.17500000e+02	9.99900662e-01
2.18500000e+02	9.99896610e-01
2.19500000e+02	9.99892392e-01
2.20500000e+02	9.99888003e-01
2.21500000e+02	9.99883435e-01
2.22500000e+02	9.99878681e-01
2.23500000e+02	9.99873732e-01
2.24500000e+02	9.99868583e-01
2.25500000e+02	9.99863223e-01
2.26500000e+02	9.99857645e-01
2.27500000e+02	9.99851839e-01
2.28500000e+02	9.99845797e-01
2.29500000e+02	9.99839509e-01
2.30500000e+02	9.99832964e-01
2.31500000e+02	9.99826153e-01
2.32500000e+02	9.99819064e-01
2.33500000e+02	9.99811687e-01
2.34500000e+02	9.99804009e-01
2.35500000e+02	9.99796018e-01
2.36500000e+02	9.99787702e-01
2.37500000e+02	9.99779047e-01
2.38500000e+02	9.99770040e-01
2.39500000e+02	9.99760665e-01
2.40500000e+02	9.99750909e-01
2.41500000e+02	9.99740756e-01
2.42500000e+02	9.99730190e-01
2.43500000e+02	9.99719193e-01
2.44500000e+02	9.99707749e-01
2.45500000e+02	9.99695839e-01
2.46500000e+02	9.99683445e-01
2.47500000e+02	9.99670546e-01
2.48500000e+02	9.99657122e-01
2.49500000e+02	9.99643152e-01
2.50500000e+02	9.99628614e-01
2.51500000e+02	9.99613485e-01
2.52500000e+02	9.99597740e-01
2.53500000e+02	9.99581356e-01
2.54500000e+02	9.99564305e-01
2.55500000e+02	9.99546562e-01
2.56500000e+02	9.99528097e-01
2.57500000e+02	9.99508882e-01
2.58500000e+02	9.99488886e-01
2.59500000e+02	9.99468078e-01
2.60500000e+02	9.99446425e-01
2.61500000e+02	9.99423893e-01
2.62500000e+02	9.99400446e-01
2.63500000e+02	9.99376048e-01
2.64500000e+02	9.99350659e-01
2.65500000e+02	9.99324241e-01
2.66500000e+02	9.99296751e-01
2.67500000e+02	9.99268146e-01
2.68500000e+02	9.99238381e-01
2.69500000e+02	9.99207410e-01
2.70500000e+02	9.99175185e-01
2.71500000e+02	9.99141653e-01
2.72500000e+02	9.99106764e-01
2.73500000e+02	9.99070462e-01
2.74500000e+02	9.99032691e-01
2.75500000e+02	9.98993392e-01
2.76500000e+02	9.98952503e-01
2.77500000e+02	9.98909960e-01
2.78500000e+02	9.98865699e-01
2.79500000e+02	9.98819648e-01
2.80500000e+02	9.98771738e-01
2.81500000e+02	9.98721893e-01
2.82500000e+02	9.98670037e-01
2.83500000e+02	9.98616089e-01
2.84500000e+02	9.98559966e-01
2.85500000e+02	9.98501580e-01
2.86500000e+02	9.98440842e-01
2.87500000e+02	9.98377658e-01
2.88500000e+02	9.98311932e-01
2.89500000e+02	9.98243561e-01
2.90500000e+02	9.98172442e-01
2.91500000e+02	9.98098465e-01
2.92500000e+02	9.98021517e-01
2.93500000e+02	9.97941480e-01
2.94500000e+02	9.97858233e-01
2.95500000e+02	9.97771649e-01
2.96500000e+02	9.97681597e-01
2.97500000e+02	9.97587939e-01
2.98500000e+02	9.97490535e-01
2.99500000e+02	9.97389237e-01
3.00500000e+02	9.97283892e-01
3.01500000e+02	9.97174343e-01
3.02500000e+02	9.97060425e-01
3.03500000e+02	9.96941967e-01
3.04500000e+02	9.96818793e-01
3.05500000e+02	9.96690718e-01
3.06500000e+02	9.96557554e-01
3.07500000e+02	9.96419103e-01
3.08500000e+02	9.96275159e-01
3.09500000e+02	9.96125511e-01
3.10500000e+02	9.95969940e-01
3.11500000e+02	9.95808217e-01
3.12500000e+02	9.95640105e-01
3.13500000e+02	9.95465362e-01
3.14500000e+02	9.95283732e-01
3.15500000e+02	9.95094953e-01
3.16500000e+02	9.94898754e-01
3.17500000e+02	9.94694852e-01
3.18500000e+02	9.94482956e-01
3.19500000e+02	9.94262765e-01
3.20500000e+02	9.94033964e-01
3.21500000e+02	9.93796232e-01
3.22500000e+02	9.93549234e-01
3.23500000e+02	9.93292622e-01
3.24500000e+02	9.93026040e-01
3.25500000e+02	9.92749117e-01
3.26500000e+02	9.92461471e-01
3.27500000e+02	9.92162705e-01
3.28500000e+02	9.91852411e-01
3.29500000e+02	9.91530166e-01
3.30500000e+02	9.91195534e-01
3.31500000e+02	9.90848063e-01
3.32500000e+02	9.90487289e-01
3.33500000e+02	9.90112731e-01
3.34500000e+02	9.89723894e-01
3.35500000e+02	9.89320264e-01
3.36500000e+02	9.88901316e-01
3.37500000e+02	9.88466504e-01
3.38500000e+02	9.88015267e-01
3.39500000e+02	9.87547026e-01
3.40500000e+02	9.87061187e-01
3.41500000e+02	9.86557134e-01
3.42500000e+02	9.86034236e-01
3.43500000e+02	9.85491841e-01
3.44500000e+02	9.84929280e-01
3.45500000e+02	9.84345862e-01
3.46500000e+02	9.83740880e-01
3.47500000e+02	9.83113603e-01
3.48500000e+02	9.82463283e-01
3.49500000e+02	9.81789149e-01
3.50500000e+02	9.81090409e-01
3.51500000e+02	9.80366252e-01
3.52500000e+02	9.79615843e-01
3.53500000e+02	9.78838327e-01
3.54500000e+02	9.78032826e-01
3.55500000e+02	9.77198440e-01
3.56500000e+02	9.76334246e-01
3.57500000e+02	9.75439299e-01
3.58500000e+02	9.74512630e-01
3.59500000e+02	9.73553249e-01
3.60500000e+02	9.72560142e-01
3.61500000e+02	9.71532271e-01
3.62500000e+02	9.70468575e-01
3.63500000e+02	9.69367970e-01
3.64500000e+02	9.68229350e-01
3.65500000e+02	9.67051582e-01
3.66500000e+02	9.65833513e-01
3.67500000e+02	9.64573967e-01
3.68500000e+02	9.63271741e-01
3.69500000e+02	9.61925614e-01
3.70500000e+02	9.60534339e-01
3.71500000e+02	9.59096647e-01
3.72500000e+02	9.57611249e-01
3.73500000e+02	9.56076830e-01
3.74500000e+02	9.54492058e-01
3.75500000e+02	9.52855577e-01
3.76500000e+02	9.51166010e-01
3.77500000e+02	9.49421963e-01
3.78500000e+02	9.47622018e-01
3.79500000e+02	9.45764743e-01
3.80500000e+02	9.43848683e-01
3.81500000e+02	9.41872369e-01
3.82500000e+02	9.39834314e-01
3.83500000e+02	9.37733015e-01
3.84500000e+02	9.35566954e-01
3.85500000e+02	9.33334601e-01
3.86500000e+02	9.31034410e-01
3.87500000e+02	9.28664825e-01
3.88500000e+02	9.26224282e-01
3.89500000e+02	9.23711204e-01
3.90500000e+02	9.21124008e-01
3.91500000e+02	9.18461104e-01
3.92500000e+02	9.15720900e-01
3.93500000e+02	9.12901798e-01
3.94500000e+02	9.10002200e-01
3.95500000e+02	9.07020509e-01
3.96500000e+02	9.03955130e-01
3.97500000e+02	9.00804472e-01
3.98500000e+02	8.97566952e-01
3.99500000e+02	8.94240996e-01
4.00500000e+02	8.90825041e-01
4.01500000e+02	8.87317539e-01
4.02500000e+02	8.83716959e-01
4.03500000e+02	8.80021787e-01
4.04500000e+02	8.76230536e-01
4.05500000e+02	8.72341741e-01
4.06500000e+02	8.68353967e-01
4.07500000e+02	8.64265814e-01
4.08500000e+02	8.60075914e-01
4.09500000e+02	8.55782943e-01
4.10500000e+02	8.51385618e-01
4.11500000e+02	8.46882707e-01
4.12500000e+02	8.42273027e-01
4.13500000e+02	8.37555457e-01
4.14500000e+02	8.32728934e-01
4.15500000e+02	8.27792466e-01
4.16500000e+02	8.22745131e-01
4.17500000e+02	8.17586086e-01
4.18500000e+02	8.12314574e-01
4.19500000e+02	8.06929927e-01
4.20500000e+02	8.01431574e-01
4.21500000e+02	7.95819048e-01
4.22500000e+02	7.90091993e-01
4.23500000e+02	7.84250173e-01
4.24500000e+02	7.78293473e-01
4.25500000e+02	7.72221918e-01
4.26500000e+02	7.66035670e-01
4.27500000e+02	7.59735044e-01
4.28500000e+02	7.53320516e-01
4.29500000e+02	7.46792727e-01
4.30500000e+02	7.40152500e-01
4.31500000e+02	7.33400844e-01
4.32500000e+02	7.26538965e-01
4.33500000e+02	7.19568276e-01
4.34500000e+02	7.12490410e-01
4.35500000e+02	7.05307226e-01
4.36500000e+02	6.98020821e-01
4.37500000e+02	6.90633538e-01
4.38500000e+02	6.83147980e-01
4.39500000e+02	6.75567015e-01
4.40500000e+02	6.67893786e-01
4.41500000e+02	6.60131722e-01
4.42500000e+02	6.52284540e-01
4.43500000e+02	6.44356258e-01
4.44500000e+02	6.36351194e-01
4.45500000e+02	6.28273976e-01
4.46500000e+02	6.20129538e-01
4.47500000e+02	6.11923127e-01
4.48500000e+02	6.03660297e-01
4.49500000e+02	5.95346905e-01
4.50500000e+02	5.86989107e-01
4.51500000e+02	5.78593346e-01
4.52500000e+02	5.70166342e-01
4.53500000e+02	5.61715074e-01
4.54500000e+02	5.53246761e-01
4.55500000e+02	5.44768840e-01
4.56500000e+02	5.36288939e-01
4.57500000e+02	5.27814847e-01
4.58500000e+02	5.19354480e-01
4.59500000e+02	5.10915847e-01
4.60500000e+02	5.02507007e-01
4.61500000e+02	4.94136026e-01
4.62500000e+02	4.85810936e-01
4.63500000e+02	4.77539689e-01
4.64500000e+02	4.69330107e-01
4.65500000e+02	4.61189838e-01
4.66500000e+02	4.53126313e-01
4.67500000e+02	4.45146696e-01
4.68500000e+02	4.37257847e-01
4.69500000e+02	4.29466286e-01
4.70500000e+02	4.21778154e-01
4.71500000e+02	4.14199187e-01
4.72500000e+02	4.06734692e-01
4.73500000e+02	3.99389528e-01
4.74500000e+02	3.92168096e-01
4.75500000e+02	3.85074326e-01
4.76500000e+02	3.78111683e-01
4.77500000e+02	3.71283164e-01
4.78500000e+02	3.64591312e-01
4.79500000e+02	3.58038225e-01
4.80500000e+02	3.51625573e-01
4.81500000e+02	3.45354617e-01
4.82500000e+02	3.39226232e-01
4.83500000e+02	3.33240928e-01
4.84500000e+02	3.27398872e-01
4.85500000e+02	3.21699917e-01
4.86500000e+02	3.16143623e-01
4.87500000e+02	3.10729283e-01
4.88500000e+02	3.05455943e-01
4.89500000e+02	3.00322429e-01
4.90500000e+02	2.95327366e-01
4.91500000e+02	2.90469199e-01
4.92500000e+02	2.85746209e-01
4.93500000e+02	2.81156538e-01
4.94500000e+02	2.76698199e-01
4.95500000e+02	2.72369095e-01
4.96500000e+02	2.68167033e-01
4.97500000e+02	2.64089736e-01
4.98500000e+02	2.60134858e-01
4.99500000e+02	2.56299993e-01
5.00500000e+02	2.52582686e-01
5.01500000e+02	2.48980445e-01
5.02500000e+02	2.45490747e-01
5.03500000e+02	2.42111047e-01
5.04500000e+02	2.38838788e-01
5.05500000e+02	2.35671404e-01
5.06500000e+02	2.32606328e-01
5.07500000e+02	2.29641000e-01
5.08500000e+02	2.26772867e-01
5.09500000e+02	2.23999394e-01
5.10500000e+02	2.21318064e-01
5.11500000e+02	2.18726382e-01
5.12500000e+02	2.16221881e-01
5.13500000e+02	2.13802124e-01
5.14500000e+02	2.11464705e-01
5.15500000e+02	2.09207254e-01
5.16500000e+02	2.07027439e-01
5.17500000e+02	2.04922964e-01
5.18500000e+02	2.02891577e-01
5.19500000e+02	2.00931067e-01
5.20500000e+02	1.99039266e-01
5.21500000e+02	1.97214050e-01
5.22500000e+02	1.95453341e-01
5.23500000e+02	1.93755107e-01
5.24500000e+02	1.92117360e-01
5.25500000e+02	1.90538160e-01
5.26500000e+02	1.89015615e-01
5.27500000e+02	1.87547877e-01
5.28500000e+02	1.86133147e-01
5.29500000e+02	1.84769671e-01
5.30500000e+02	1.83455741e-01
5.31500000e+02	1.82189698e-01
5.32500000e+02	1.80969924e-01
5.33500000e+02	1.79794850e-01
5.34500000e+02	1.78662949e-01
5.35500000e+02	1.77572738e-01
5.36500000e+02	1.76522780e-01
5.37500000e+02	1.75511677e-01
5.38500000e+02	1.74538075e-01
5.39500000e+02	1.73600659e-01
5.40500000e+02	1.72698158e-01
5.41500000e+02	1.71829337e-01
5.42500000e+02	1.70993001e-01
5.43500000e+02	1.70187994e-01
5.44500000e+02	1.69413193e-01
5.45500000e+02	1.68667516e-01
5.46500000e+02	1.67949914e-01
5.47500000e+02	1.67259371e-01
5.48500000e+02	1.66594907e-01
5.49500000e+02	1.65955574e-01
5.50500000e+02	1.65340454e-01
5.51500000e+02	1.64748663e-01
5.52500000e+02	1.64179343e-01
5.53500000e+02	1.63631669e-01
5.54500000e+02	1.63104843e-01
5.55500000e+02	1.62598095e-01
5.56500000e+02	1.62110679e-01
5.57500000e+02	1.61641879e-01
5.58500000e+02	1.61191002e-01
5.59500000e+02	1.60757379e-01
5.60500000e+02	1.60340366e-01
5.61500000e+02	1.59939342e-01
5.62500000e+02	1.59553706e-01
5.63500000e+02	1.59182880e-01
5.64500000e+02	1.58826308e-01
5.65500000e+02	1.58483452e-01
5.66500000e+02	1.58153794e-01
5.67500000e+02	1.57836835e-01
5.68500000e+02	1.57532095e-01
5.69500000e+02	1.57239110e-01
5.70500000e+02	1.56957434e-01
5.71500000e+02	1.56686637e-01
5.72500000e+02	1.56426305e-01
5.73500000e+02	1.56176040e-01
5.74500000e+02	1.55935457e-01
5.75500000e+02	1.55704187e-01
5.76500000e+02	1.55481873e-01
5.77500000e+02	1.55268174e-01
5.78500000e+02	1.55062758e-01
5.79500000e+02	1.54865309e-01
5.80500000e+02	1.54675521e-01
5.81500000e+02	1.54493099e-01
5.82500000e+02	1.54317761e-01
5.83500000e+02	1.54149233e-01
5.84500000e+02	1.53987255e-01
5.85500000e+02	1.53831573e-01
5.86500000e+02	1.53681945e-01
5.87500000e+02	1.53538137e-01
5.88500000e+02	1.53399925e-01
5.89500000e+02	1.53267093e-01
5.90500000e+02	1.53139432e-01
5.91500000e+02	1.53016743e-01
5.92500000e+02	1.52898833e-01
5.93500000e+02	1.52785518e-01
5.94500000e+02	1.52676619e-01
5.95500000e+02	1.52571965e-01
5.96500000e+02	1.52471392e-01
5.97500000e+02	1.52374741e-01
5.98500000e+02	1.52281861e-01
5.99500000e+02	1.52192604e-01
6.00500000e+02	1.52106831e-01
6.01500000e+02	1.52024406e-01
6.02500000e+02	1.51945198e-01
6.03500000e+02	1.51869083e-01
6.04500000e+02	1.51795941e-01
6.05500000e+02	1.51725655e-01
6.06500000e+02	1.51658115e-01
6.07500000e+02	1.51593214e-01
6.08500000e+02	1.51530849e-01
6.09500000e+02	1.51470921e-01
6.10500000e+02	1.51413335e-01
6.11500000e+02	1.51358001e-01
6.12500000e+02	1.51304829e-01
6.13500000e+02	1.51253737e-01
6.14500000e+02	1.51204643e-01
6.15500000e+02	1.51157468e-01
6.16500000e+02	1.51112139e-01
6.17500000e+02	1.51068583e-01
6.18500000e+02	1.51026731e-01
6.19500000e+02	1.50986516e-01
6.20500000e+02	1.50947875e-01
6.21500000e+02	1.50910745e-01
6.22500000e+02	1.50875069e-01
6.23500000e+02	1.50840789e-01
6.24500000e+02	1.50807851e-01
6.25500000e+02	1.50776201e-01
6.26500000e+02	1.50745791e-01
6.27500000e+02	1.50716571e-01
6.28500000e+02	1.50688496e-01
6.29500000e+02	1.50661519e-01
6.30500000e+02	1.50635599e-01
6.31500000e+02	1.50610693e-01
6.32500000e+02	1.50586763e-01
6.33500000e+02	1.50563770e-01
6.34500000e+02	1.50541678e-01
6.35500000e+02	1.50520450e-01
6.36500000e+02	1.50500055e-01
6.37500000e+02	1.50480458e-01
6.38500000e+02	1.50461628e-01
6.39500000e+02	1.50443536e-01
6.40500000e+02	1.50426153e-01
6.41500000e+02	1.50409451e-01
6.42500000e+02	1.50393403e-01
6.43500000e+02	1.50377984e-01
6.44500000e+02	1.50363169e-01
6.45500000e+02	1.50348934e-01
6.46500000e+02	1.50335258e-01
6.47500000e+02	1.50322117e-01
6.48500000e+02	1.50309490e-01
6.49500000e+02	1.50297359e-01
6.50500000e+02	1.50285703e-01
6.51500000e+02	1.50274504e-01
6.52500000e+02	1.50263744e-01
6.53500000e+02	1.50253405e-01
6.54500000e+02	1.50243472e-01
6.55500000e+02	1.50233927e-01
6.56500000e+02	1.50224757e-01
6.57500000e+02	1.50215946e-01
6.58500000e+02	1.50207481e-01
6.59500000e+02	1.50199347e-01
6.60500000e+02	1.50191532e-01
6.61500000e+02	1.50184024e-01
6.62500000e+02	1.50176809e-01
6.63500000e+02	1.50169878e-01
6.64500000e+02	1.50163218e-01
6.65500000e+02	1.50156819e-01
6.66500000e+02	1.50150671e-01
6.67500000e+02	1.50144764e-01
6.68500000e+02	1.50139089e-01
6.69500000e+02	1.50133636e-01
6.70500000e+02	1.50128397e-01
6.71500000e+02	1.50123363e-01
6.72500000e+02	1.50118526e-01
6.73500000e+02	1.50113880e-01
6.74500000e+02	1.50109415e-01
6.75500000e+02	1.50105125e-01
6.76500000e+02	1.50101003e-01
6.77500000e+02	1.50097043e-01
6.78500000e+02	1.50093239e-01
6.79500000e+02	1.50089583e-01
6.80500000e+02	1.50086071e-01
6.81500000e+02	1.50082696e-01
6.82500000e+02	1.50079454e-01
6.83500000e+02	1.50076339e-01
6.84500000e+02	1.50073346e-01
6.85500000e+02	1.50070470e-01
6.86500000e+02	1.50067707e-01
6.87500000e+02	1.50065052e-01
6.88500000e+02	1.50062502e-01
6.89500000e+02	1.50060051e-01
6.90500000e+02	1.50057697e-01
6.91500000e+02	1.50055434e-01
6.92500000e+02	1.50053261e-01
6.93500000e+02	1.50051173e-01
6.94500000e+02	1.50049170e-01
6.95500000e+02	1.50047254e-01
6.96500000e+02	1.50045446e-01
6.97500000e+02	1.50043814e-01
6.98500000e+02	1.50042520e-01
6.99500000e+02	1.50041719e-01
