# Profil de Te au temps 5.000000000000045e-12 
# simu : /Volumes/MERCURE/JOBS/Zeq2_tanh_50mic_3p5e22_B0_20ps/GNU/Te@y-c.set
# col 0 : abscisse (um)
# col 1 : Te (keV)
5.00000000e-01	9.99999984e-01
1.50000000e+00	9.99999971e-01
2.50000000e+00	9.99999988e-01
3.50000000e+00	9.99999989e-01
4.50000000e+00	9.99999986e-01
5.50000000e+00	9.99999985e-01
6.50000000e+00	9.99999983e-01
7.50000000e+00	9.99999982e-01
8.50000000e+00	9.99999981e-01
9.50000000e+00	9.99999980e-01
1.05000000e+01	9.99999979e-01
1.15000000e+01	9.99999978e-01
1.25000000e+01	9.99999977e-01
1.35000000e+01	9.99999976e-01
1.45000000e+01	9.99999975e-01
1.55000000e+01	9.99999974e-01
1.65000000e+01	9.99999973e-01
1.75000000e+01	9.99999972e-01
1.85000000e+01	9.99999971e-01
1.95000000e+01	9.99999970e-01
2.05000000e+01	9.99999968e-01
2.15000000e+01	9.99999967e-01
2.25000000e+01	9.99999966e-01
2.35000000e+01	9.99999964e-01
2.45000000e+01	9.99999963e-01
2.55000000e+01	9.99999961e-01
2.65000000e+01	9.99999960e-01
2.75000000e+01	9.99999958e-01
2.85000000e+01	9.99999956e-01
2.95000000e+01	9.99999954e-01
3.05000000e+01	9.99999953e-01
3.15000000e+01	9.99999951e-01
3.25000000e+01	9.99999949e-01
3.35000000e+01	9.99999947e-01
3.45000000e+01	9.99999944e-01
3.55000000e+01	9.99999942e-01
3.65000000e+01	9.99999940e-01
3.75000000e+01	9.99999937e-01
3.85000000e+01	9.99999935e-01
3.95000000e+01	9.99999932e-01
4.05000000e+01	9.99999929e-01
4.15000000e+01	9.99999926e-01
4.25000000e+01	9.99999923e-01
4.35000000e+01	9.99999920e-01
4.45000000e+01	9.99999917e-01
4.55000000e+01	9.99999914e-01
4.65000000e+01	9.99999910e-01
4.75000000e+01	9.99999906e-01
4.85000000e+01	9.99999903e-01
4.95000000e+01	9.99999899e-01
5.05000000e+01	9.99999894e-01
5.15000000e+01	9.99999890e-01
5.25000000e+01	9.99999886e-01
5.35000000e+01	9.99999881e-01
5.45000000e+01	9.99999876e-01
5.55000000e+01	9.99999871e-01
5.65000000e+01	9.99999866e-01
5.75000000e+01	9.99999860e-01
5.85000000e+01	9.99999854e-01
5.95000000e+01	9.99999849e-01
6.05000000e+01	9.99999842e-01
6.15000000e+01	9.99999836e-01
6.25000000e+01	9.99999829e-01
6.35000000e+01	9.99999822e-01
6.45000000e+01	9.99999815e-01
6.55000000e+01	9.99999807e-01
6.65000000e+01	9.99999800e-01
6.75000000e+01	9.99999791e-01
6.85000000e+01	9.99999783e-01
6.95000000e+01	9.99999774e-01
7.05000000e+01	9.99999765e-01
7.15000000e+01	9.99999755e-01
7.25000000e+01	9.99999745e-01
7.35000000e+01	9.99999735e-01
7.45000000e+01	9.99999724e-01
7.55000000e+01	9.99999713e-01
7.65000000e+01	9.99999701e-01
7.75000000e+01	9.99999689e-01
7.85000000e+01	9.99999676e-01
7.95000000e+01	9.99999663e-01
8.05000000e+01	9.99999649e-01
8.15000000e+01	9.99999635e-01
8.25000000e+01	9.99999620e-01
8.35000000e+01	9.99999604e-01
8.45000000e+01	9.99999588e-01
8.55000000e+01	9.99999571e-01
8.65000000e+01	9.99999554e-01
8.75000000e+01	9.99999535e-01
8.85000000e+01	9.99999516e-01
8.95000000e+01	9.99999497e-01
9.05000000e+01	9.99999476e-01
9.15000000e+01	9.99999455e-01
9.25000000e+01	9.99999432e-01
9.35000000e+01	9.99999409e-01
9.45000000e+01	9.99999385e-01
9.55000000e+01	9.99999360e-01
9.65000000e+01	9.99999334e-01
9.75000000e+01	9.99999307e-01
9.85000000e+01	9.99999278e-01
9.95000000e+01	9.99999249e-01
1.00500000e+02	9.99999218e-01
1.01500000e+02	9.99999186e-01
1.02500000e+02	9.99999153e-01
1.03500000e+02	9.99999119e-01
1.04500000e+02	9.99999083e-01
1.05500000e+02	9.99999045e-01
1.06500000e+02	9.99999006e-01
1.07500000e+02	9.99998966e-01
1.08500000e+02	9.99998924e-01
1.09500000e+02	9.99998880e-01
1.10500000e+02	9.99998834e-01
1.11500000e+02	9.99998786e-01
1.12500000e+02	9.99998737e-01
1.13500000e+02	9.99998685e-01
1.14500000e+02	9.99998632e-01
1.15500000e+02	9.99998576e-01
1.16500000e+02	9.99998518e-01
1.17500000e+02	9.99998457e-01
1.18500000e+02	9.99998394e-01
1.19500000e+02	9.99998328e-01
1.20500000e+02	9.99998260e-01
1.21500000e+02	9.99998189e-01
1.22500000e+02	9.99998115e-01
1.23500000e+02	9.99998038e-01
1.24500000e+02	9.99997958e-01
1.25500000e+02	9.99997875e-01
1.26500000e+02	9.99997788e-01
1.27500000e+02	9.99997698e-01
1.28500000e+02	9.99997604e-01
1.29500000e+02	9.99997506e-01
1.30500000e+02	9.99997405e-01
1.31500000e+02	9.99997299e-01
1.32500000e+02	9.99997188e-01
1.33500000e+02	9.99997074e-01
1.34500000e+02	9.99996954e-01
1.35500000e+02	9.99996830e-01
1.36500000e+02	9.99996700e-01
1.37500000e+02	9.99996566e-01
1.38500000e+02	9.99996426e-01
1.39500000e+02	9.99996280e-01
1.40500000e+02	9.99996128e-01
1.41500000e+02	9.99995970e-01
1.42500000e+02	9.99995805e-01
1.43500000e+02	9.99995634e-01
1.44500000e+02	9.99995456e-01
1.45500000e+02	9.99995271e-01
1.46500000e+02	9.99995078e-01
1.47500000e+02	9.99994877e-01
1.48500000e+02	9.99994668e-01
1.49500000e+02	9.99994450e-01
1.50500000e+02	9.99994223e-01
1.51500000e+02	9.99993988e-01
1.52500000e+02	9.99993742e-01
1.53500000e+02	9.99993487e-01
1.54500000e+02	9.99993221e-01
1.55500000e+02	9.99992945e-01
1.56500000e+02	9.99992657e-01
1.57500000e+02	9.99992357e-01
1.58500000e+02	9.99992045e-01
1.59500000e+02	9.99991720e-01
1.60500000e+02	9.99991382e-01
1.61500000e+02	9.99991031e-01
1.62500000e+02	9.99990665e-01
1.63500000e+02	9.99990284e-01
1.64500000e+02	9.99989887e-01
1.65500000e+02	9.99989474e-01
1.66500000e+02	9.99989045e-01
1.67500000e+02	9.99988598e-01
1.68500000e+02	9.99988133e-01
1.69500000e+02	9.99987648e-01
1.70500000e+02	9.99987144e-01
1.71500000e+02	9.99986619e-01
1.72500000e+02	9.99986073e-01
1.73500000e+02	9.99985505e-01
1.74500000e+02	9.99984914e-01
1.75500000e+02	9.99984298e-01
1.76500000e+02	9.99983657e-01
1.77500000e+02	9.99982990e-01
1.78500000e+02	9.99982296e-01
1.79500000e+02	9.99981573e-01
1.80500000e+02	9.99980821e-01
1.81500000e+02	9.99980039e-01
1.82500000e+02	9.99979224e-01
1.83500000e+02	9.99978376e-01
1.84500000e+02	9.99977494e-01
1.85500000e+02	9.99976575e-01
1.86500000e+02	9.99975620e-01
1.87500000e+02	9.99974625e-01
1.88500000e+02	9.99973589e-01
1.89500000e+02	9.99972511e-01
1.90500000e+02	9.99971389e-01
1.91500000e+02	9.99970222e-01
1.92500000e+02	9.99969007e-01
1.93500000e+02	9.99967742e-01
1.94500000e+02	9.99966426e-01
1.95500000e+02	9.99965056e-01
1.96500000e+02	9.99963630e-01
1.97500000e+02	9.99962145e-01
1.98500000e+02	9.99960601e-01
1.99500000e+02	9.99958993e-01
2.00500000e+02	9.99957319e-01
2.01500000e+02	9.99955578e-01
2.02500000e+02	9.99953765e-01
2.03500000e+02	9.99951878e-01
2.04500000e+02	9.99949915e-01
2.05500000e+02	9.99947871e-01
2.06500000e+02	9.99945744e-01
2.07500000e+02	9.99943530e-01
2.08500000e+02	9.99941225e-01
2.09500000e+02	9.99938827e-01
2.10500000e+02	9.99936331e-01
2.11500000e+02	9.99933733e-01
2.12500000e+02	9.99931029e-01
2.13500000e+02	9.99928215e-01
2.14500000e+02	9.99925286e-01
2.15500000e+02	9.99922237e-01
2.16500000e+02	9.99919064e-01
2.17500000e+02	9.99915761e-01
2.18500000e+02	9.99912324e-01
2.19500000e+02	9.99908747e-01
2.20500000e+02	9.99905024e-01
2.21500000e+02	9.99901148e-01
2.22500000e+02	9.99897115e-01
2.23500000e+02	9.99892917e-01
2.24500000e+02	9.99888548e-01
2.25500000e+02	9.99884001e-01
2.26500000e+02	9.99879268e-01
2.27500000e+02	9.99874343e-01
2.28500000e+02	9.99869216e-01
2.29500000e+02	9.99863880e-01
2.30500000e+02	9.99858327e-01
2.31500000e+02	9.99852547e-01
2.32500000e+02	9.99846531e-01
2.33500000e+02	9.99840270e-01
2.34500000e+02	9.99833754e-01
2.35500000e+02	9.99826972e-01
2.36500000e+02	9.99819913e-01
2.37500000e+02	9.99812567e-01
2.38500000e+02	9.99804921e-01
2.39500000e+02	9.99796963e-01
2.40500000e+02	9.99788681e-01
2.41500000e+02	9.99780061e-01
2.42500000e+02	9.99771090e-01
2.43500000e+02	9.99761753e-01
2.44500000e+02	9.99752035e-01
2.45500000e+02	9.99741922e-01
2.46500000e+02	9.99731396e-01
2.47500000e+02	9.99720440e-01
2.48500000e+02	9.99709039e-01
2.49500000e+02	9.99697172e-01
2.50500000e+02	9.99684823e-01
2.51500000e+02	9.99671969e-01
2.52500000e+02	9.99658592e-01
2.53500000e+02	9.99644670e-01
2.54500000e+02	9.99630181e-01
2.55500000e+02	9.99615101e-01
2.56500000e+02	9.99599407e-01
2.57500000e+02	9.99583074e-01
2.58500000e+02	9.99566075e-01
2.59500000e+02	9.99548384e-01
2.60500000e+02	9.99529973e-01
2.61500000e+02	9.99510811e-01
2.62500000e+02	9.99490870e-01
2.63500000e+02	9.99470116e-01
2.64500000e+02	9.99448518e-01
2.65500000e+02	9.99426040e-01
2.66500000e+02	9.99402647e-01
2.67500000e+02	9.99378302e-01
2.68500000e+02	9.99352966e-01
2.69500000e+02	9.99326600e-01
2.70500000e+02	9.99299160e-01
2.71500000e+02	9.99270604e-01
2.72500000e+02	9.99240887e-01
2.73500000e+02	9.99209961e-01
2.74500000e+02	9.99177777e-01
2.75500000e+02	9.99144285e-01
2.76500000e+02	9.99109431e-01
2.77500000e+02	9.99073160e-01
2.78500000e+02	9.99035415e-01
2.79500000e+02	9.98996137e-01
2.80500000e+02	9.98955262e-01
2.81500000e+02	9.98912727e-01
2.82500000e+02	9.98868465e-01
2.83500000e+02	9.98822405e-01
2.84500000e+02	9.98774475e-01
2.85500000e+02	9.98724600e-01
2.86500000e+02	9.98672700e-01
2.87500000e+02	9.98618695e-01
2.88500000e+02	9.98562499e-01
2.89500000e+02	9.98504025e-01
2.90500000e+02	9.98443180e-01
2.91500000e+02	9.98379868e-01
2.92500000e+02	9.98313991e-01
2.93500000e+02	9.98245445e-01
2.94500000e+02	9.98174123e-01
2.95500000e+02	9.98099914e-01
2.96500000e+02	9.98022701e-01
2.97500000e+02	9.97942364e-01
2.98500000e+02	9.97858778e-01
2.99500000e+02	9.97771812e-01
3.00500000e+02	9.97681331e-01
3.01500000e+02	9.97587194e-01
3.02500000e+02	9.97489256e-01
3.03500000e+02	9.97387364e-01
3.04500000e+02	9.97281360e-01
3.05500000e+02	9.97171080e-01
3.06500000e+02	9.97056354e-01
3.07500000e+02	9.96937005e-01
3.08500000e+02	9.96812849e-01
3.09500000e+02	9.96683695e-01
3.10500000e+02	9.96549344e-01
3.11500000e+02	9.96409590e-01
3.12500000e+02	9.96264219e-01
3.13500000e+02	9.96113009e-01
3.14500000e+02	9.95955729e-01
3.15500000e+02	9.95792140e-01
3.16500000e+02	9.95621992e-01
3.17500000e+02	9.95445027e-01
3.18500000e+02	9.95260978e-01
3.19500000e+02	9.95069565e-01
3.20500000e+02	9.94870501e-01
3.21500000e+02	9.94663486e-01
3.22500000e+02	9.94448208e-01
3.23500000e+02	9.94224346e-01
3.24500000e+02	9.93991565e-01
3.25500000e+02	9.93749519e-01
3.26500000e+02	9.93497846e-01
3.27500000e+02	9.93236175e-01
3.28500000e+02	9.92964120e-01
3.29500000e+02	9.92681278e-01
3.30500000e+02	9.92387235e-01
3.31500000e+02	9.92081560e-01
3.32500000e+02	9.91763807e-01
3.33500000e+02	9.91433515e-01
3.34500000e+02	9.91090205e-01
3.35500000e+02	9.90733381e-01
3.36500000e+02	9.90362530e-01
3.37500000e+02	9.89977122e-01
3.38500000e+02	9.89576606e-01
3.39500000e+02	9.89160415e-01
3.40500000e+02	9.88727959e-01
3.41500000e+02	9.88278630e-01
3.42500000e+02	9.87811799e-01
3.43500000e+02	9.87326815e-01
3.44500000e+02	9.86823006e-01
3.45500000e+02	9.86299677e-01
3.46500000e+02	9.85756110e-01
3.47500000e+02	9.85191563e-01
3.48500000e+02	9.84605272e-01
3.49500000e+02	9.83996446e-01
3.50500000e+02	9.83364269e-01
3.51500000e+02	9.82707900e-01
3.52500000e+02	9.82026472e-01
3.53500000e+02	9.81319090e-01
3.54500000e+02	9.80584832e-01
3.55500000e+02	9.79822748e-01
3.56500000e+02	9.79031860e-01
3.57500000e+02	9.78211162e-01
3.58500000e+02	9.77359615e-01
3.59500000e+02	9.76476154e-01
3.60500000e+02	9.75559682e-01
3.61500000e+02	9.74609072e-01
3.62500000e+02	9.73623164e-01
3.63500000e+02	9.72600770e-01
3.64500000e+02	9.71540668e-01
3.65500000e+02	9.70441605e-01
3.66500000e+02	9.69302294e-01
3.67500000e+02	9.68121419e-01
3.68500000e+02	9.66897629e-01
3.69500000e+02	9.65629542e-01
3.70500000e+02	9.64315743e-01
3.71500000e+02	9.62954784e-01
3.72500000e+02	9.61545186e-01
3.73500000e+02	9.60085437e-01
3.74500000e+02	9.58573994e-01
3.75500000e+02	9.57009282e-01
3.76500000e+02	9.55389696e-01
3.77500000e+02	9.53713600e-01
3.78500000e+02	9.51979328e-01
3.79500000e+02	9.50185187e-01
3.80500000e+02	9.48329453e-01
3.81500000e+02	9.46410378e-01
3.82500000e+02	9.44426187e-01
3.83500000e+02	9.42375079e-01
3.84500000e+02	9.40255231e-01
3.85500000e+02	9.38064800e-01
3.86500000e+02	9.35801919e-01
3.87500000e+02	9.33464706e-01
3.88500000e+02	9.31051261e-01
3.89500000e+02	9.28559672e-01
3.90500000e+02	9.25988012e-01
3.91500000e+02	9.23334349e-01
3.92500000e+02	9.20596740e-01
3.93500000e+02	9.17773241e-01
3.94500000e+02	9.14861907e-01
3.95500000e+02	9.11860796e-01
3.96500000e+02	9.08767971e-01
3.97500000e+02	9.05581505e-01
3.98500000e+02	9.02299486e-01
3.99500000e+02	8.98920019e-01
4.00500000e+02	8.95441230e-01
4.01500000e+02	8.91861275e-01
4.02500000e+02	8.88178338e-01
4.03500000e+02	8.84390643e-01
4.04500000e+02	8.80496454e-01
4.05500000e+02	8.76494082e-01
4.06500000e+02	8.72381893e-01
4.07500000e+02	8.68158312e-01
4.08500000e+02	8.63821829e-01
4.09500000e+02	8.59371005e-01
4.10500000e+02	8.54804482e-01
4.11500000e+02	8.50120987e-01
4.12500000e+02	8.45319340e-01
4.13500000e+02	8.40398459e-01
4.14500000e+02	8.35357374e-01
4.15500000e+02	8.30195228e-01
4.16500000e+02	8.24911287e-01
4.17500000e+02	8.19504953e-01
4.18500000e+02	8.13975763e-01
4.19500000e+02	8.08323406e-01
4.20500000e+02	8.02547728e-01
4.21500000e+02	7.96648738e-01
4.22500000e+02	7.90626623e-01
4.23500000e+02	7.84481752e-01
4.24500000e+02	7.78214683e-01
4.25500000e+02	7.71826178e-01
4.26500000e+02	7.65317206e-01
4.27500000e+02	7.58688953e-01
4.28500000e+02	7.51942831e-01
4.29500000e+02	7.45080482e-01
4.30500000e+02	7.38103790e-01
4.31500000e+02	7.31014886e-01
4.32500000e+02	7.23816154e-01
4.33500000e+02	7.16510236e-01
4.34500000e+02	7.09100039e-01
4.35500000e+02	7.01588735e-01
4.36500000e+02	6.93979772e-01
4.37500000e+02	6.86276867e-01
4.38500000e+02	6.78484014e-01
4.39500000e+02	6.70605479e-01
4.40500000e+02	6.62645801e-01
4.41500000e+02	6.54609791e-01
4.42500000e+02	6.46502520e-01
4.43500000e+02	6.38329321e-01
4.44500000e+02	6.30095776e-01
4.45500000e+02	6.21807705e-01
4.46500000e+02	6.13471161e-01
4.47500000e+02	6.05092405e-01
4.48500000e+02	5.96677901e-01
4.49500000e+02	5.88234293e-01
4.50500000e+02	5.79768383e-01
4.51500000e+02	5.71287114e-01
4.52500000e+02	5.62797545e-01
4.53500000e+02	5.54306824e-01
4.54500000e+02	5.45822164e-01
4.55500000e+02	5.37350814e-01
4.56500000e+02	5.28900029e-01
4.57500000e+02	5.20477043e-01
4.58500000e+02	5.12089037e-01
4.59500000e+02	5.03743109e-01
4.60500000e+02	4.95446247e-01
4.61500000e+02	4.87205294e-01
4.62500000e+02	4.79026925e-01
4.63500000e+02	4.70917617e-01
4.64500000e+02	4.62883625e-01
4.65500000e+02	4.54930957e-01
4.66500000e+02	4.47065354e-01
4.67500000e+02	4.39292268e-01
4.68500000e+02	4.31616851e-01
4.69500000e+02	4.24043937e-01
4.70500000e+02	4.16578029e-01
4.71500000e+02	4.09223299e-01
4.72500000e+02	4.01983572e-01
4.73500000e+02	3.94862333e-01
4.74500000e+02	3.87862718e-01
4.75500000e+02	3.80987523e-01
4.76500000e+02	3.74239205e-01
4.77500000e+02	3.67619886e-01
4.78500000e+02	3.61131366e-01
4.79500000e+02	3.54775128e-01
4.80500000e+02	3.48552353e-01
4.81500000e+02	3.42463926e-01
4.82500000e+02	3.36510454e-01
4.83500000e+02	3.30692275e-01
4.84500000e+02	3.25009475e-01
4.85500000e+02	3.19461899e-01
4.86500000e+02	3.14049168e-01
4.87500000e+02	3.08770690e-01
4.88500000e+02	3.03625676e-01
4.89500000e+02	2.98613154e-01
4.90500000e+02	2.93731981e-01
4.91500000e+02	2.88980858e-01
4.92500000e+02	2.84358342e-01
4.93500000e+02	2.79862857e-01
4.94500000e+02	2.75492710e-01
4.95500000e+02	2.71246098e-01
4.96500000e+02	2.67121124e-01
4.97500000e+02	2.63115802e-01
4.98500000e+02	2.59228073e-01
4.99500000e+02	2.55455810e-01
5.00500000e+02	2.51796830e-01
5.01500000e+02	2.48248901e-01
5.02500000e+02	2.44809751e-01
5.03500000e+02	2.41477075e-01
5.04500000e+02	2.38248545e-01
5.05500000e+02	2.35121811e-01
5.06500000e+02	2.32094514e-01
5.07500000e+02	2.29164286e-01
5.08500000e+02	2.26328760e-01
5.09500000e+02	2.23585572e-01
5.10500000e+02	2.20932367e-01
5.11500000e+02	2.18366804e-01
5.12500000e+02	2.15886556e-01
5.13500000e+02	2.13489321e-01
5.14500000e+02	2.11172816e-01
5.15500000e+02	2.08934788e-01
5.16500000e+02	2.06773012e-01
5.17500000e+02	2.04685295e-01
5.18500000e+02	2.02669476e-01
5.19500000e+02	2.00723431e-01
5.20500000e+02	1.98845074e-01
5.21500000e+02	1.97032355e-01
5.22500000e+02	1.95283267e-01
5.23500000e+02	1.93595840e-01
5.24500000e+02	1.91968147e-01
5.25500000e+02	1.90398304e-01
5.26500000e+02	1.88884469e-01
5.27500000e+02	1.87424843e-01
5.28500000e+02	1.86017669e-01
5.29500000e+02	1.84661234e-01
5.30500000e+02	1.83353869e-01
5.31500000e+02	1.82093947e-01
5.32500000e+02	1.80879885e-01
5.33500000e+02	1.79710141e-01
5.34500000e+02	1.78583218e-01
5.35500000e+02	1.77497657e-01
5.36500000e+02	1.76452044e-01
5.37500000e+02	1.75445004e-01
5.38500000e+02	1.74475202e-01
5.39500000e+02	1.73541344e-01
5.40500000e+02	1.72642173e-01
5.41500000e+02	1.71776471e-01
5.42500000e+02	1.70943058e-01
5.43500000e+02	1.70140791e-01
5.44500000e+02	1.69368561e-01
5.45500000e+02	1.68625297e-01
5.46500000e+02	1.67909959e-01
5.47500000e+02	1.67221544e-01
5.48500000e+02	1.66559080e-01
5.49500000e+02	1.65921627e-01
5.50500000e+02	1.65308276e-01
5.51500000e+02	1.64718149e-01
5.52500000e+02	1.64150397e-01
5.53500000e+02	1.63604199e-01
5.54500000e+02	1.63078765e-01
5.55500000e+02	1.62573328e-01
5.56500000e+02	1.62087150e-01
5.57500000e+02	1.61619518e-01
5.58500000e+02	1.61169744e-01
5.59500000e+02	1.60737163e-01
5.60500000e+02	1.60321135e-01
5.61500000e+02	1.59921041e-01
5.62500000e+02	1.59536286e-01
5.63500000e+02	1.59166293e-01
5.64500000e+02	1.58810510e-01
5.65500000e+02	1.58468400e-01
5.66500000e+02	1.58139450e-01
5.67500000e+02	1.57823162e-01
5.68500000e+02	1.57519057e-01
5.69500000e+02	1.57226675e-01
5.70500000e+02	1.56945572e-01
5.71500000e+02	1.56675318e-01
5.72500000e+02	1.56415502e-01
5.73500000e+02	1.56165727e-01
5.74500000e+02	1.55925609e-01
5.75500000e+02	1.55694781e-01
5.76500000e+02	1.55472888e-01
5.77500000e+02	1.55259589e-01
5.78500000e+02	1.55054554e-01
5.79500000e+02	1.54857467e-01
5.80500000e+02	1.54668024e-01
5.81500000e+02	1.54485931e-01
5.82500000e+02	1.54310906e-01
5.83500000e+02	1.54142677e-01
5.84500000e+02	1.53980982e-01
5.85500000e+02	1.53825572e-01
5.86500000e+02	1.53676202e-01
5.87500000e+02	1.53532641e-01
5.88500000e+02	1.53394664e-01
5.89500000e+02	1.53262056e-01
5.90500000e+02	1.53134609e-01
5.91500000e+02	1.53012125e-01
5.92500000e+02	1.52894410e-01
5.93500000e+02	1.52781281e-01
5.94500000e+02	1.52672560e-01
5.95500000e+02	1.52568077e-01
5.96500000e+02	1.52467667e-01
5.97500000e+02	1.52371172e-01
5.98500000e+02	1.52278440e-01
5.99500000e+02	1.52189326e-01
6.00500000e+02	1.52103688e-01
6.01500000e+02	1.52021393e-01
6.02500000e+02	1.51942310e-01
6.03500000e+02	1.51866314e-01
6.04500000e+02	1.51793286e-01
6.05500000e+02	1.51723109e-01
6.06500000e+02	1.51655674e-01
6.07500000e+02	1.51590872e-01
6.08500000e+02	1.51528603e-01
6.09500000e+02	1.51468767e-01
6.10500000e+02	1.51411269e-01
6.11500000e+02	1.51356018e-01
6.12500000e+02	1.51302928e-01
6.13500000e+02	1.51251913e-01
6.14500000e+02	1.51202892e-01
6.15500000e+02	1.51155789e-01
6.16500000e+02	1.51110528e-01
6.17500000e+02	1.51067037e-01
6.18500000e+02	1.51025247e-01
6.19500000e+02	1.50985092e-01
6.20500000e+02	1.50946508e-01
6.21500000e+02	1.50909433e-01
6.22500000e+02	1.50873810e-01
6.23500000e+02	1.50839580e-01
6.24500000e+02	1.50806690e-01
6.25500000e+02	1.50775088e-01
6.26500000e+02	1.50744722e-01
6.27500000e+02	1.50715545e-01
6.28500000e+02	1.50687510e-01
6.29500000e+02	1.50660573e-01
6.30500000e+02	1.50634691e-01
6.31500000e+02	1.50609822e-01
6.32500000e+02	1.50585926e-01
6.33500000e+02	1.50562967e-01
6.34500000e+02	1.50540906e-01
6.35500000e+02	1.50519709e-01
6.36500000e+02	1.50499343e-01
6.37500000e+02	1.50479774e-01
6.38500000e+02	1.50460972e-01
6.39500000e+02	1.50442906e-01
6.40500000e+02	1.50425548e-01
6.41500000e+02	1.50408870e-01
6.42500000e+02	1.50392845e-01
6.43500000e+02	1.50377448e-01
6.44500000e+02	1.50362654e-01
6.45500000e+02	1.50348440e-01
6.46500000e+02	1.50334783e-01
6.47500000e+02	1.50321661e-01
6.48500000e+02	1.50309053e-01
6.49500000e+02	1.50296939e-01
6.50500000e+02	1.50285299e-01
6.51500000e+02	1.50274116e-01
6.52500000e+02	1.50263371e-01
6.53500000e+02	1.50253047e-01
6.54500000e+02	1.50243128e-01
6.55500000e+02	1.50233597e-01
6.56500000e+02	1.50224440e-01
6.57500000e+02	1.50215642e-01
6.58500000e+02	1.50207188e-01
6.59500000e+02	1.50199066e-01
6.60500000e+02	1.50191263e-01
6.61500000e+02	1.50183765e-01
6.62500000e+02	1.50176561e-01
6.63500000e+02	1.50169639e-01
6.64500000e+02	1.50162988e-01
6.65500000e+02	1.50156599e-01
6.66500000e+02	1.50150459e-01
6.67500000e+02	1.50144561e-01
6.68500000e+02	1.50138893e-01
6.69500000e+02	1.50133448e-01
6.70500000e+02	1.50128216e-01
6.71500000e+02	1.50123190e-01
6.72500000e+02	1.50118360e-01
6.73500000e+02	1.50113720e-01
6.74500000e+02	1.50109261e-01
6.75500000e+02	1.50104977e-01
6.76500000e+02	1.50100862e-01
6.77500000e+02	1.50096907e-01
6.78500000e+02	1.50093108e-01
6.79500000e+02	1.50089457e-01
6.80500000e+02	1.50085950e-01
6.81500000e+02	1.50082580e-01
6.82500000e+02	1.50079343e-01
6.83500000e+02	1.50076232e-01
6.84500000e+02	1.50073243e-01
6.85500000e+02	1.50070371e-01
6.86500000e+02	1.50067612e-01
6.87500000e+02	1.50064961e-01
6.88500000e+02	1.50062414e-01
6.89500000e+02	1.50059967e-01
6.90500000e+02	1.50057616e-01
6.91500000e+02	1.50055357e-01
6.92500000e+02	1.50053186e-01
6.93500000e+02	1.50051101e-01
6.94500000e+02	1.50049098e-01
6.95500000e+02	1.50047173e-01
6.96500000e+02	1.50045327e-01
6.97500000e+02	1.50043576e-01
6.98500000e+02	1.50042019e-01
6.99500000e+02	1.50040895e-01
