# Profil de Te au temps 2.009999999999998e-12 
# simu : /Volumes/MERCURE/JOBS/Zeq2_tanh_50mic_3p5e22_B0_20ps/GNU/Te@y-c.set
# col 0 : abscisse (um)
# col 1 : Te (keV)
5.00000000e-01	9.99999986e-01
1.50000000e+00	9.99999972e-01
2.50000000e+00	9.99999990e-01
3.50000000e+00	9.99999990e-01
4.50000000e+00	9.99999987e-01
5.50000000e+00	9.99999986e-01
6.50000000e+00	9.99999984e-01
7.50000000e+00	9.99999983e-01
8.50000000e+00	9.99999982e-01
9.50000000e+00	9.99999981e-01
1.05000000e+01	9.99999980e-01
1.15000000e+01	9.99999979e-01
1.25000000e+01	9.99999978e-01
1.35000000e+01	9.99999977e-01
1.45000000e+01	9.99999977e-01
1.55000000e+01	9.99999976e-01
1.65000000e+01	9.99999975e-01
1.75000000e+01	9.99999974e-01
1.85000000e+01	9.99999972e-01
1.95000000e+01	9.99999971e-01
2.05000000e+01	9.99999970e-01
2.15000000e+01	9.99999969e-01
2.25000000e+01	9.99999968e-01
2.35000000e+01	9.99999966e-01
2.45000000e+01	9.99999965e-01
2.55000000e+01	9.99999964e-01
2.65000000e+01	9.99999962e-01
2.75000000e+01	9.99999960e-01
2.85000000e+01	9.99999959e-01
2.95000000e+01	9.99999957e-01
3.05000000e+01	9.99999955e-01
3.15000000e+01	9.99999954e-01
3.25000000e+01	9.99999952e-01
3.35000000e+01	9.99999950e-01
3.45000000e+01	9.99999948e-01
3.55000000e+01	9.99999946e-01
3.65000000e+01	9.99999943e-01
3.75000000e+01	9.99999941e-01
3.85000000e+01	9.99999939e-01
3.95000000e+01	9.99999936e-01
4.05000000e+01	9.99999933e-01
4.15000000e+01	9.99999931e-01
4.25000000e+01	9.99999928e-01
4.35000000e+01	9.99999925e-01
4.45000000e+01	9.99999922e-01
4.55000000e+01	9.99999919e-01
4.65000000e+01	9.99999915e-01
4.75000000e+01	9.99999912e-01
4.85000000e+01	9.99999908e-01
4.95000000e+01	9.99999905e-01
5.05000000e+01	9.99999901e-01
5.15000000e+01	9.99999897e-01
5.25000000e+01	9.99999892e-01
5.35000000e+01	9.99999888e-01
5.45000000e+01	9.99999883e-01
5.55000000e+01	9.99999879e-01
5.65000000e+01	9.99999874e-01
5.75000000e+01	9.99999869e-01
5.85000000e+01	9.99999863e-01
5.95000000e+01	9.99999858e-01
6.05000000e+01	9.99999852e-01
6.15000000e+01	9.99999846e-01
6.25000000e+01	9.99999839e-01
6.35000000e+01	9.99999833e-01
6.45000000e+01	9.99999826e-01
6.55000000e+01	9.99999819e-01
6.65000000e+01	9.99999811e-01
6.75000000e+01	9.99999804e-01
6.85000000e+01	9.99999796e-01
6.95000000e+01	9.99999787e-01
7.05000000e+01	9.99999779e-01
7.15000000e+01	9.99999770e-01
7.25000000e+01	9.99999760e-01
7.35000000e+01	9.99999751e-01
7.45000000e+01	9.99999740e-01
7.55000000e+01	9.99999730e-01
7.65000000e+01	9.99999719e-01
7.75000000e+01	9.99999707e-01
7.85000000e+01	9.99999695e-01
7.95000000e+01	9.99999683e-01
8.05000000e+01	9.99999670e-01
8.15000000e+01	9.99999656e-01
8.25000000e+01	9.99999642e-01
8.35000000e+01	9.99999628e-01
8.45000000e+01	9.99999613e-01
8.55000000e+01	9.99999597e-01
8.65000000e+01	9.99999580e-01
8.75000000e+01	9.99999563e-01
8.85000000e+01	9.99999545e-01
8.95000000e+01	9.99999527e-01
9.05000000e+01	9.99999507e-01
9.15000000e+01	9.99999487e-01
9.25000000e+01	9.99999466e-01
9.35000000e+01	9.99999445e-01
9.45000000e+01	9.99999422e-01
9.55000000e+01	9.99999398e-01
9.65000000e+01	9.99999374e-01
9.75000000e+01	9.99999348e-01
9.85000000e+01	9.99999322e-01
9.95000000e+01	9.99999294e-01
1.00500000e+02	9.99999265e-01
1.01500000e+02	9.99999235e-01
1.02500000e+02	9.99999204e-01
1.03500000e+02	9.99999171e-01
1.04500000e+02	9.99999138e-01
1.05500000e+02	9.99999102e-01
1.06500000e+02	9.99999066e-01
1.07500000e+02	9.99999028e-01
1.08500000e+02	9.99998988e-01
1.09500000e+02	9.99998947e-01
1.10500000e+02	9.99998904e-01
1.11500000e+02	9.99998859e-01
1.12500000e+02	9.99998812e-01
1.13500000e+02	9.99998764e-01
1.14500000e+02	9.99998713e-01
1.15500000e+02	9.99998661e-01
1.16500000e+02	9.99998606e-01
1.17500000e+02	9.99998549e-01
1.18500000e+02	9.99998490e-01
1.19500000e+02	9.99998428e-01
1.20500000e+02	9.99998364e-01
1.21500000e+02	9.99998298e-01
1.22500000e+02	9.99998228e-01
1.23500000e+02	9.99998156e-01
1.24500000e+02	9.99998081e-01
1.25500000e+02	9.99998002e-01
1.26500000e+02	9.99997921e-01
1.27500000e+02	9.99997836e-01
1.28500000e+02	9.99997747e-01
1.29500000e+02	9.99997656e-01
1.30500000e+02	9.99997560e-01
1.31500000e+02	9.99997460e-01
1.32500000e+02	9.99997357e-01
1.33500000e+02	9.99997249e-01
1.34500000e+02	9.99997136e-01
1.35500000e+02	9.99997020e-01
1.36500000e+02	9.99996898e-01
1.37500000e+02	9.99996771e-01
1.38500000e+02	9.99996640e-01
1.39500000e+02	9.99996502e-01
1.40500000e+02	9.99996360e-01
1.41500000e+02	9.99996211e-01
1.42500000e+02	9.99996056e-01
1.43500000e+02	9.99995896e-01
1.44500000e+02	9.99995728e-01
1.45500000e+02	9.99995554e-01
1.46500000e+02	9.99995372e-01
1.47500000e+02	9.99995183e-01
1.48500000e+02	9.99994987e-01
1.49500000e+02	9.99994782e-01
1.50500000e+02	9.99994569e-01
1.51500000e+02	9.99994348e-01
1.52500000e+02	9.99994117e-01
1.53500000e+02	9.99993877e-01
1.54500000e+02	9.99993627e-01
1.55500000e+02	9.99993367e-01
1.56500000e+02	9.99993096e-01
1.57500000e+02	9.99992814e-01
1.58500000e+02	9.99992521e-01
1.59500000e+02	9.99992216e-01
1.60500000e+02	9.99991898e-01
1.61500000e+02	9.99991568e-01
1.62500000e+02	9.99991223e-01
1.63500000e+02	9.99990865e-01
1.64500000e+02	9.99990492e-01
1.65500000e+02	9.99990104e-01
1.66500000e+02	9.99989701e-01
1.67500000e+02	9.99989280e-01
1.68500000e+02	9.99988843e-01
1.69500000e+02	9.99988387e-01
1.70500000e+02	9.99987914e-01
1.71500000e+02	9.99987420e-01
1.72500000e+02	9.99986907e-01
1.73500000e+02	9.99986373e-01
1.74500000e+02	9.99985816e-01
1.75500000e+02	9.99985238e-01
1.76500000e+02	9.99984635e-01
1.77500000e+02	9.99984008e-01
1.78500000e+02	9.99983355e-01
1.79500000e+02	9.99982676e-01
1.80500000e+02	9.99981969e-01
1.81500000e+02	9.99981233e-01
1.82500000e+02	9.99980467e-01
1.83500000e+02	9.99979670e-01
1.84500000e+02	9.99978841e-01
1.85500000e+02	9.99977977e-01
1.86500000e+02	9.99977078e-01
1.87500000e+02	9.99976143e-01
1.88500000e+02	9.99975169e-01
1.89500000e+02	9.99974156e-01
1.90500000e+02	9.99973101e-01
1.91500000e+02	9.99972004e-01
1.92500000e+02	9.99970861e-01
1.93500000e+02	9.99969672e-01
1.94500000e+02	9.99968435e-01
1.95500000e+02	9.99967146e-01
1.96500000e+02	9.99965806e-01
1.97500000e+02	9.99964410e-01
1.98500000e+02	9.99962958e-01
1.99500000e+02	9.99961446e-01
2.00500000e+02	9.99959873e-01
2.01500000e+02	9.99958235e-01
2.02500000e+02	9.99956531e-01
2.03500000e+02	9.99954757e-01
2.04500000e+02	9.99952911e-01
2.05500000e+02	9.99950989e-01
2.06500000e+02	9.99948989e-01
2.07500000e+02	9.99946908e-01
2.08500000e+02	9.99944741e-01
2.09500000e+02	9.99942486e-01
2.10500000e+02	9.99940139e-01
2.11500000e+02	9.99937696e-01
2.12500000e+02	9.99935154e-01
2.13500000e+02	9.99932508e-01
2.14500000e+02	9.99929754e-01
2.15500000e+02	9.99926887e-01
2.16500000e+02	9.99923904e-01
2.17500000e+02	9.99920799e-01
2.18500000e+02	9.99917567e-01
2.19500000e+02	9.99914203e-01
2.20500000e+02	9.99910702e-01
2.21500000e+02	9.99907058e-01
2.22500000e+02	9.99903266e-01
2.23500000e+02	9.99899318e-01
2.24500000e+02	9.99895210e-01
2.25500000e+02	9.99890934e-01
2.26500000e+02	9.99886484e-01
2.27500000e+02	9.99881852e-01
2.28500000e+02	9.99877031e-01
2.29500000e+02	9.99872014e-01
2.30500000e+02	9.99866792e-01
2.31500000e+02	9.99861357e-01
2.32500000e+02	9.99855700e-01
2.33500000e+02	9.99849812e-01
2.34500000e+02	9.99843684e-01
2.35500000e+02	9.99837306e-01
2.36500000e+02	9.99830669e-01
2.37500000e+02	9.99823760e-01
2.38500000e+02	9.99816569e-01
2.39500000e+02	9.99809086e-01
2.40500000e+02	9.99801297e-01
2.41500000e+02	9.99793190e-01
2.42500000e+02	9.99784753e-01
2.43500000e+02	9.99775971e-01
2.44500000e+02	9.99766832e-01
2.45500000e+02	9.99757319e-01
2.46500000e+02	9.99747419e-01
2.47500000e+02	9.99737115e-01
2.48500000e+02	9.99726391e-01
2.49500000e+02	9.99715230e-01
2.50500000e+02	9.99703613e-01
2.51500000e+02	9.99691523e-01
2.52500000e+02	9.99678940e-01
2.53500000e+02	9.99665844e-01
2.54500000e+02	9.99652214e-01
2.55500000e+02	9.99638029e-01
2.56500000e+02	9.99623265e-01
2.57500000e+02	9.99607899e-01
2.58500000e+02	9.99591907e-01
2.59500000e+02	9.99575263e-01
2.60500000e+02	9.99557941e-01
2.61500000e+02	9.99539913e-01
2.62500000e+02	9.99521150e-01
2.63500000e+02	9.99501622e-01
2.64500000e+02	9.99481299e-01
2.65500000e+02	9.99460148e-01
2.66500000e+02	9.99438135e-01
2.67500000e+02	9.99415225e-01
2.68500000e+02	9.99391382e-01
2.69500000e+02	9.99366568e-01
2.70500000e+02	9.99340743e-01
2.71500000e+02	9.99313866e-01
2.72500000e+02	9.99285895e-01
2.73500000e+02	9.99256785e-01
2.74500000e+02	9.99226489e-01
2.75500000e+02	9.99194960e-01
2.76500000e+02	9.99162148e-01
2.77500000e+02	9.99128000e-01
2.78500000e+02	9.99092462e-01
2.79500000e+02	9.99055477e-01
2.80500000e+02	9.99016988e-01
2.81500000e+02	9.98976933e-01
2.82500000e+02	9.98935248e-01
2.83500000e+02	9.98891868e-01
2.84500000e+02	9.98846723e-01
2.85500000e+02	9.98799743e-01
2.86500000e+02	9.98750852e-01
2.87500000e+02	9.98699974e-01
2.88500000e+02	9.98647028e-01
2.89500000e+02	9.98591930e-01
2.90500000e+02	9.98534593e-01
2.91500000e+02	9.98474926e-01
2.92500000e+02	9.98412836e-01
2.93500000e+02	9.98348225e-01
2.94500000e+02	9.98280990e-01
2.95500000e+02	9.98211026e-01
2.96500000e+02	9.98138222e-01
2.97500000e+02	9.98062464e-01
2.98500000e+02	9.97983633e-01
2.99500000e+02	9.97901604e-01
3.00500000e+02	9.97816250e-01
3.01500000e+02	9.97727435e-01
3.02500000e+02	9.97635021e-01
3.03500000e+02	9.97538863e-01
3.04500000e+02	9.97438811e-01
3.05500000e+02	9.97334707e-01
3.06500000e+02	9.97226389e-01
3.07500000e+02	9.97113688e-01
3.08500000e+02	9.96996429e-01
3.09500000e+02	9.96874428e-01
3.10500000e+02	9.96747496e-01
3.11500000e+02	9.96615435e-01
3.12500000e+02	9.96478040e-01
3.13500000e+02	9.96335098e-01
3.14500000e+02	9.96186388e-01
3.15500000e+02	9.96031679e-01
3.16500000e+02	9.95870733e-01
3.17500000e+02	9.95703301e-01
3.18500000e+02	9.95529125e-01
3.19500000e+02	9.95347938e-01
3.20500000e+02	9.95159461e-01
3.21500000e+02	9.94963405e-01
3.22500000e+02	9.94759470e-01
3.23500000e+02	9.94547344e-01
3.24500000e+02	9.94326704e-01
3.25500000e+02	9.94097214e-01
3.26500000e+02	9.93858525e-01
3.27500000e+02	9.93610275e-01
3.28500000e+02	9.93352090e-01
3.29500000e+02	9.93083579e-01
3.30500000e+02	9.92804337e-01
3.31500000e+02	9.92513947e-01
3.32500000e+02	9.92211971e-01
3.33500000e+02	9.91897959e-01
3.34500000e+02	9.91571443e-01
3.35500000e+02	9.91231938e-01
3.36500000e+02	9.90878940e-01
3.37500000e+02	9.90511929e-01
3.38500000e+02	9.90130363e-01
3.39500000e+02	9.89733682e-01
3.40500000e+02	9.89321306e-01
3.41500000e+02	9.88892635e-01
3.42500000e+02	9.88447045e-01
3.43500000e+02	9.87983892e-01
3.44500000e+02	9.87502509e-01
3.45500000e+02	9.87002204e-01
3.46500000e+02	9.86482264e-01
3.47500000e+02	9.85941948e-01
3.48500000e+02	9.85380492e-01
3.49500000e+02	9.84797105e-01
3.50500000e+02	9.84190968e-01
3.51500000e+02	9.83561237e-01
3.52500000e+02	9.82907039e-01
3.53500000e+02	9.82227470e-01
3.54500000e+02	9.81521600e-01
3.55500000e+02	9.80788467e-01
3.56500000e+02	9.80027078e-01
3.57500000e+02	9.79236408e-01
3.58500000e+02	9.78415402e-01
3.59500000e+02	9.77562971e-01
3.60500000e+02	9.76677992e-01
3.61500000e+02	9.75759309e-01
3.62500000e+02	9.74805731e-01
3.63500000e+02	9.73816033e-01
3.64500000e+02	9.72788954e-01
3.65500000e+02	9.71723196e-01
3.66500000e+02	9.70617426e-01
3.67500000e+02	9.69470275e-01
3.68500000e+02	9.68280335e-01
3.69500000e+02	9.67046162e-01
3.70500000e+02	9.65766275e-01
3.71500000e+02	9.64439155e-01
3.72500000e+02	9.63063245e-01
3.73500000e+02	9.61636953e-01
3.74500000e+02	9.60158646e-01
3.75500000e+02	9.58626657e-01
3.76500000e+02	9.57039281e-01
3.77500000e+02	9.55394779e-01
3.78500000e+02	9.53691373e-01
3.79500000e+02	9.51927253e-01
3.80500000e+02	9.50100573e-01
3.81500000e+02	9.48209457e-01
3.82500000e+02	9.46251995e-01
3.83500000e+02	9.44226247e-01
3.84500000e+02	9.42130244e-01
3.85500000e+02	9.39961993e-01
3.86500000e+02	9.37719470e-01
3.87500000e+02	9.35400634e-01
3.88500000e+02	9.33003420e-01
3.89500000e+02	9.30525745e-01
3.90500000e+02	9.27965512e-01
3.91500000e+02	9.25320610e-01
3.92500000e+02	9.22588922e-01
3.93500000e+02	9.19768322e-01
3.94500000e+02	9.16856684e-01
3.95500000e+02	9.13851887e-01
3.96500000e+02	9.10751812e-01
3.97500000e+02	9.07554356e-01
3.98500000e+02	9.04257431e-01
3.99500000e+02	9.00858969e-01
4.00500000e+02	8.97356933e-01
4.01500000e+02	8.93749317e-01
4.02500000e+02	8.90034155e-01
4.03500000e+02	8.86209528e-01
4.04500000e+02	8.82273567e-01
4.05500000e+02	8.78224466e-01
4.06500000e+02	8.74060486e-01
4.07500000e+02	8.69779960e-01
4.08500000e+02	8.65381307e-01
4.09500000e+02	8.60863036e-01
4.10500000e+02	8.56223755e-01
4.11500000e+02	8.51462180e-01
4.12500000e+02	8.46577144e-01
4.13500000e+02	8.41567607e-01
4.14500000e+02	8.36432663e-01
4.15500000e+02	8.31171550e-01
4.16500000e+02	8.25783662e-01
4.17500000e+02	8.20268551e-01
4.18500000e+02	8.14625948e-01
4.19500000e+02	8.08855760e-01
4.20500000e+02	8.02958088e-01
4.21500000e+02	7.96933232e-01
4.22500000e+02	7.90781702e-01
4.23500000e+02	7.84504223e-01
4.24500000e+02	7.78101748e-01
4.25500000e+02	7.71575462e-01
4.26500000e+02	7.64926790e-01
4.27500000e+02	7.58157406e-01
4.28500000e+02	7.51269237e-01
4.29500000e+02	7.44264468e-01
4.30500000e+02	7.37145548e-01
4.31500000e+02	7.29915194e-01
4.32500000e+02	7.22576391e-01
4.33500000e+02	7.15132397e-01
4.34500000e+02	7.07586743e-01
4.35500000e+02	6.99943228e-01
4.36500000e+02	6.92205923e-01
4.37500000e+02	6.84379167e-01
4.38500000e+02	6.76467556e-01
4.39500000e+02	6.68475945e-01
4.40500000e+02	6.60409437e-01
4.41500000e+02	6.52273371e-01
4.42500000e+02	6.44073318e-01
4.43500000e+02	6.35815061e-01
4.44500000e+02	6.27504588e-01
4.45500000e+02	6.19148074e-01
4.46500000e+02	6.10751862e-01
4.47500000e+02	6.02322450e-01
4.48500000e+02	5.93866466e-01
4.49500000e+02	5.85390653e-01
4.50500000e+02	5.76901843e-01
4.51500000e+02	5.68406935e-01
4.52500000e+02	5.59912875e-01
4.53500000e+02	5.51426628e-01
4.54500000e+02	5.42955155e-01
4.55500000e+02	5.34505388e-01
4.56500000e+02	5.26084207e-01
4.57500000e+02	5.17698414e-01
4.58500000e+02	5.09354707e-01
4.59500000e+02	5.01059661e-01
4.60500000e+02	4.92819702e-01
4.61500000e+02	4.84641087e-01
4.62500000e+02	4.76529882e-01
4.63500000e+02	4.68491945e-01
4.64500000e+02	4.60532906e-01
4.65500000e+02	4.52658154e-01
4.66500000e+02	4.44872822e-01
4.67500000e+02	4.37181773e-01
4.68500000e+02	4.29589591e-01
4.69500000e+02	4.22100573e-01
4.70500000e+02	4.14718722e-01
4.71500000e+02	4.07447743e-01
4.72500000e+02	4.00291037e-01
4.73500000e+02	3.93251703e-01
4.74500000e+02	3.86332539e-01
4.75500000e+02	3.79536042e-01
4.76500000e+02	3.72864411e-01
4.77500000e+02	3.66319556e-01
4.78500000e+02	3.59903098e-01
4.79500000e+02	3.53616383e-01
4.80500000e+02	3.47460483e-01
4.81500000e+02	3.41436211e-01
4.82500000e+02	3.35544126e-01
4.83500000e+02	3.29784549e-01
4.84500000e+02	3.24157567e-01
4.85500000e+02	3.18663046e-01
4.86500000e+02	3.13300648e-01
4.87500000e+02	3.08069833e-01
4.88500000e+02	3.02969879e-01
4.89500000e+02	2.97999888e-01
4.90500000e+02	2.93158802e-01
4.91500000e+02	2.88445409e-01
4.92500000e+02	2.83858361e-01
4.93500000e+02	2.79396178e-01
4.94500000e+02	2.75057266e-01
4.95500000e+02	2.70839921e-01
4.96500000e+02	2.66742342e-01
4.97500000e+02	2.62762644e-01
4.98500000e+02	2.58898862e-01
4.99500000e+02	2.55148963e-01
5.00500000e+02	2.51510855e-01
5.01500000e+02	2.47982393e-01
5.02500000e+02	2.44561391e-01
5.03500000e+02	2.41245625e-01
5.04500000e+02	2.38032843e-01
5.05500000e+02	2.34920772e-01
5.06500000e+02	2.31907120e-01
5.07500000e+02	2.28989589e-01
5.08500000e+02	2.26165873e-01
5.09500000e+02	2.23433669e-01
5.10500000e+02	2.20790678e-01
5.11500000e+02	2.18234610e-01
5.12500000e+02	2.15763191e-01
5.13500000e+02	2.13374163e-01
5.14500000e+02	2.11065287e-01
5.15500000e+02	2.08834352e-01
5.16500000e+02	2.06679170e-01
5.17500000e+02	2.04597583e-01
5.18500000e+02	2.02587465e-01
5.19500000e+02	2.00646722e-01
5.20500000e+02	1.98773297e-01
5.21500000e+02	1.96965166e-01
5.22500000e+02	1.95220346e-01
5.23500000e+02	1.93536892e-01
5.24500000e+02	1.91912899e-01
5.25500000e+02	1.90346501e-01
5.26500000e+02	1.88835874e-01
5.27500000e+02	1.87379237e-01
5.28500000e+02	1.85974850e-01
5.29500000e+02	1.84621013e-01
5.30500000e+02	1.83316071e-01
5.31500000e+02	1.82058410e-01
5.32500000e+02	1.80846459e-01
5.33500000e+02	1.79678686e-01
5.34500000e+02	1.78553603e-01
5.35500000e+02	1.77469763e-01
5.36500000e+02	1.76425759e-01
5.37500000e+02	1.75420224e-01
5.38500000e+02	1.74451829e-01
5.39500000e+02	1.73519289e-01
5.40500000e+02	1.72621352e-01
5.41500000e+02	1.71756807e-01
5.42500000e+02	1.70924478e-01
5.43500000e+02	1.70123227e-01
5.44500000e+02	1.69351952e-01
5.45500000e+02	1.68609583e-01
5.46500000e+02	1.67895086e-01
5.47500000e+02	1.67207462e-01
5.48500000e+02	1.66545740e-01
5.49500000e+02	1.65908985e-01
5.50500000e+02	1.65296292e-01
5.51500000e+02	1.64706783e-01
5.52500000e+02	1.64139614e-01
5.53500000e+02	1.63593966e-01
5.54500000e+02	1.63069049e-01
5.55500000e+02	1.62564100e-01
5.56500000e+02	1.62078382e-01
5.57500000e+02	1.61611185e-01
5.58500000e+02	1.61161821e-01
5.59500000e+02	1.60729628e-01
5.60500000e+02	1.60313966e-01
5.61500000e+02	1.59914219e-01
5.62500000e+02	1.59529791e-01
5.63500000e+02	1.59160109e-01
5.64500000e+02	1.58804619e-01
5.65500000e+02	1.58462788e-01
5.66500000e+02	1.58134101e-01
5.67500000e+02	1.57818063e-01
5.68500000e+02	1.57514195e-01
5.69500000e+02	1.57222038e-01
5.70500000e+02	1.56941147e-01
5.71500000e+02	1.56671096e-01
5.72500000e+02	1.56411472e-01
5.73500000e+02	1.56161879e-01
5.74500000e+02	1.55921935e-01
5.75500000e+02	1.55691272e-01
5.76500000e+02	1.55469536e-01
5.77500000e+02	1.55256386e-01
5.78500000e+02	1.55051493e-01
5.79500000e+02	1.54854542e-01
5.80500000e+02	1.54665227e-01
5.81500000e+02	1.54483256e-01
5.82500000e+02	1.54308348e-01
5.83500000e+02	1.54140230e-01
5.84500000e+02	1.53978642e-01
5.85500000e+02	1.53823332e-01
5.86500000e+02	1.53674059e-01
5.87500000e+02	1.53530590e-01
5.88500000e+02	1.53392700e-01
5.89500000e+02	1.53260176e-01
5.90500000e+02	1.53132809e-01
5.91500000e+02	1.53010401e-01
5.92500000e+02	1.52892759e-01
5.93500000e+02	1.52779700e-01
5.94500000e+02	1.52671046e-01
5.95500000e+02	1.52566626e-01
5.96500000e+02	1.52466276e-01
5.97500000e+02	1.52369839e-01
5.98500000e+02	1.52277163e-01
5.99500000e+02	1.52188102e-01
6.00500000e+02	1.52102515e-01
6.01500000e+02	1.52020269e-01
6.02500000e+02	1.51941232e-01
6.03500000e+02	1.51865281e-01
6.04500000e+02	1.51792295e-01
6.05500000e+02	1.51722159e-01
6.06500000e+02	1.51654762e-01
6.07500000e+02	1.51589998e-01
6.08500000e+02	1.51527765e-01
6.09500000e+02	1.51467963e-01
6.10500000e+02	1.51410498e-01
6.11500000e+02	1.51355279e-01
6.12500000e+02	1.51302218e-01
6.13500000e+02	1.51251232e-01
6.14500000e+02	1.51202239e-01
6.15500000e+02	1.51155162e-01
6.16500000e+02	1.51109926e-01
6.17500000e+02	1.51066459e-01
6.18500000e+02	1.51024693e-01
6.19500000e+02	1.50984560e-01
6.20500000e+02	1.50945997e-01
6.21500000e+02	1.50908944e-01
6.22500000e+02	1.50873340e-01
6.23500000e+02	1.50839129e-01
6.24500000e+02	1.50806257e-01
6.25500000e+02	1.50774672e-01
6.26500000e+02	1.50744323e-01
6.27500000e+02	1.50715162e-01
6.28500000e+02	1.50687143e-01
6.29500000e+02	1.50660220e-01
6.30500000e+02	1.50634352e-01
6.31500000e+02	1.50609496e-01
6.32500000e+02	1.50585614e-01
6.33500000e+02	1.50562666e-01
6.34500000e+02	1.50540618e-01
6.35500000e+02	1.50519433e-01
6.36500000e+02	1.50499077e-01
6.37500000e+02	1.50479519e-01
6.38500000e+02	1.50460727e-01
6.39500000e+02	1.50442671e-01
6.40500000e+02	1.50425322e-01
6.41500000e+02	1.50408653e-01
6.42500000e+02	1.50392637e-01
6.43500000e+02	1.50377248e-01
6.44500000e+02	1.50362462e-01
6.45500000e+02	1.50348256e-01
6.46500000e+02	1.50334606e-01
6.47500000e+02	1.50321491e-01
6.48500000e+02	1.50308889e-01
6.49500000e+02	1.50296782e-01
6.50500000e+02	1.50285149e-01
6.51500000e+02	1.50273971e-01
6.52500000e+02	1.50263232e-01
6.53500000e+02	1.50252914e-01
6.54500000e+02	1.50243000e-01
6.55500000e+02	1.50233474e-01
6.56500000e+02	1.50224322e-01
6.57500000e+02	1.50215528e-01
6.58500000e+02	1.50207079e-01
6.59500000e+02	1.50198961e-01
6.60500000e+02	1.50191162e-01
6.61500000e+02	1.50183668e-01
6.62500000e+02	1.50176468e-01
6.63500000e+02	1.50169550e-01
6.64500000e+02	1.50162903e-01
6.65500000e+02	1.50156516e-01
6.66500000e+02	1.50150380e-01
6.67500000e+02	1.50144485e-01
6.68500000e+02	1.50138820e-01
6.69500000e+02	1.50133378e-01
6.70500000e+02	1.50128149e-01
6.71500000e+02	1.50123125e-01
6.72500000e+02	1.50118298e-01
6.73500000e+02	1.50113660e-01
6.74500000e+02	1.50109204e-01
6.75500000e+02	1.50104922e-01
6.76500000e+02	1.50100809e-01
6.77500000e+02	1.50096856e-01
6.78500000e+02	1.50093059e-01
6.79500000e+02	1.50089410e-01
6.80500000e+02	1.50085905e-01
6.81500000e+02	1.50082537e-01
6.82500000e+02	1.50079301e-01
6.83500000e+02	1.50076192e-01
6.84500000e+02	1.50073204e-01
6.85500000e+02	1.50070334e-01
6.86500000e+02	1.50067577e-01
6.87500000e+02	1.50064927e-01
6.88500000e+02	1.50062382e-01
6.89500000e+02	1.50059936e-01
6.90500000e+02	1.50057586e-01
6.91500000e+02	1.50055328e-01
6.92500000e+02	1.50053159e-01
6.93500000e+02	1.50051074e-01
6.94500000e+02	1.50049072e-01
6.95500000e+02	1.50047148e-01
6.96500000e+02	1.50045299e-01
6.97500000e+02	1.50043526e-01
6.98500000e+02	1.50041866e-01
6.99500000e+02	1.50040490e-01
