# Profil de Te au temps 6.000000000000061e-12 
# simu : /Volumes/MERCURE/JOBS/Zeq2_tanh_50mic_3p5e22_B0_20ps/GNU/Te@y-c.set
# col 0 : abscisse (um)
# col 1 : Te (keV)
5.00000000e-01	9.99999984e-01
1.50000000e+00	9.99999970e-01
2.50000000e+00	9.99999988e-01
3.50000000e+00	9.99999988e-01
4.50000000e+00	9.99999986e-01
5.50000000e+00	9.99999984e-01
6.50000000e+00	9.99999983e-01
7.50000000e+00	9.99999982e-01
8.50000000e+00	9.99999981e-01
9.50000000e+00	9.99999980e-01
1.05000000e+01	9.99999979e-01
1.15000000e+01	9.99999978e-01
1.25000000e+01	9.99999977e-01
1.35000000e+01	9.99999976e-01
1.45000000e+01	9.99999975e-01
1.55000000e+01	9.99999974e-01
1.65000000e+01	9.99999973e-01
1.75000000e+01	9.99999971e-01
1.85000000e+01	9.99999970e-01
1.95000000e+01	9.99999969e-01
2.05000000e+01	9.99999968e-01
2.15000000e+01	9.99999966e-01
2.25000000e+01	9.99999965e-01
2.35000000e+01	9.99999963e-01
2.45000000e+01	9.99999962e-01
2.55000000e+01	9.99999960e-01
2.65000000e+01	9.99999959e-01
2.75000000e+01	9.99999957e-01
2.85000000e+01	9.99999955e-01
2.95000000e+01	9.99999954e-01
3.05000000e+01	9.99999952e-01
3.15000000e+01	9.99999950e-01
3.25000000e+01	9.99999948e-01
3.35000000e+01	9.99999945e-01
3.45000000e+01	9.99999943e-01
3.55000000e+01	9.99999941e-01
3.65000000e+01	9.99999938e-01
3.75000000e+01	9.99999936e-01
3.85000000e+01	9.99999933e-01
3.95000000e+01	9.99999931e-01
4.05000000e+01	9.99999928e-01
4.15000000e+01	9.99999925e-01
4.25000000e+01	9.99999922e-01
4.35000000e+01	9.99999919e-01
4.45000000e+01	9.99999915e-01
4.55000000e+01	9.99999912e-01
4.65000000e+01	9.99999908e-01
4.75000000e+01	9.99999904e-01
4.85000000e+01	9.99999900e-01
4.95000000e+01	9.99999896e-01
5.05000000e+01	9.99999892e-01
5.15000000e+01	9.99999888e-01
5.25000000e+01	9.99999883e-01
5.35000000e+01	9.99999878e-01
5.45000000e+01	9.99999873e-01
5.55000000e+01	9.99999868e-01
5.65000000e+01	9.99999863e-01
5.75000000e+01	9.99999857e-01
5.85000000e+01	9.99999851e-01
5.95000000e+01	9.99999845e-01
6.05000000e+01	9.99999839e-01
6.15000000e+01	9.99999832e-01
6.25000000e+01	9.99999826e-01
6.35000000e+01	9.99999819e-01
6.45000000e+01	9.99999811e-01
6.55000000e+01	9.99999803e-01
6.65000000e+01	9.99999795e-01
6.75000000e+01	9.99999787e-01
6.85000000e+01	9.99999778e-01
6.95000000e+01	9.99999769e-01
7.05000000e+01	9.99999760e-01
7.15000000e+01	9.99999750e-01
7.25000000e+01	9.99999740e-01
7.35000000e+01	9.99999729e-01
7.45000000e+01	9.99999718e-01
7.55000000e+01	9.99999707e-01
7.65000000e+01	9.99999695e-01
7.75000000e+01	9.99999682e-01
7.85000000e+01	9.99999669e-01
7.95000000e+01	9.99999656e-01
8.05000000e+01	9.99999642e-01
8.15000000e+01	9.99999627e-01
8.25000000e+01	9.99999612e-01
8.35000000e+01	9.99999596e-01
8.45000000e+01	9.99999579e-01
8.55000000e+01	9.99999562e-01
8.65000000e+01	9.99999544e-01
8.75000000e+01	9.99999526e-01
8.85000000e+01	9.99999506e-01
8.95000000e+01	9.99999486e-01
9.05000000e+01	9.99999465e-01
9.15000000e+01	9.99999443e-01
9.25000000e+01	9.99999421e-01
9.35000000e+01	9.99999397e-01
9.45000000e+01	9.99999372e-01
9.55000000e+01	9.99999347e-01
9.65000000e+01	9.99999320e-01
9.75000000e+01	9.99999292e-01
9.85000000e+01	9.99999263e-01
9.95000000e+01	9.99999233e-01
1.00500000e+02	9.99999202e-01
1.01500000e+02	9.99999170e-01
1.02500000e+02	9.99999136e-01
1.03500000e+02	9.99999100e-01
1.04500000e+02	9.99999064e-01
1.05500000e+02	9.99999025e-01
1.06500000e+02	9.99998986e-01
1.07500000e+02	9.99998944e-01
1.08500000e+02	9.99998901e-01
1.09500000e+02	9.99998856e-01
1.10500000e+02	9.99998810e-01
1.11500000e+02	9.99998761e-01
1.12500000e+02	9.99998710e-01
1.13500000e+02	9.99998658e-01
1.14500000e+02	9.99998603e-01
1.15500000e+02	9.99998546e-01
1.16500000e+02	9.99998487e-01
1.17500000e+02	9.99998425e-01
1.18500000e+02	9.99998361e-01
1.19500000e+02	9.99998294e-01
1.20500000e+02	9.99998224e-01
1.21500000e+02	9.99998151e-01
1.22500000e+02	9.99998076e-01
1.23500000e+02	9.99997998e-01
1.24500000e+02	9.99997916e-01
1.25500000e+02	9.99997831e-01
1.26500000e+02	9.99997742e-01
1.27500000e+02	9.99997650e-01
1.28500000e+02	9.99997554e-01
1.29500000e+02	9.99997454e-01
1.30500000e+02	9.99997350e-01
1.31500000e+02	9.99997242e-01
1.32500000e+02	9.99997130e-01
1.33500000e+02	9.99997013e-01
1.34500000e+02	9.99996891e-01
1.35500000e+02	9.99996764e-01
1.36500000e+02	9.99996632e-01
1.37500000e+02	9.99996494e-01
1.38500000e+02	9.99996351e-01
1.39500000e+02	9.99996202e-01
1.40500000e+02	9.99996047e-01
1.41500000e+02	9.99995886e-01
1.42500000e+02	9.99995718e-01
1.43500000e+02	9.99995543e-01
1.44500000e+02	9.99995361e-01
1.45500000e+02	9.99995172e-01
1.46500000e+02	9.99994975e-01
1.47500000e+02	9.99994770e-01
1.48500000e+02	9.99994556e-01
1.49500000e+02	9.99994334e-01
1.50500000e+02	9.99994103e-01
1.51500000e+02	9.99993862e-01
1.52500000e+02	9.99993612e-01
1.53500000e+02	9.99993351e-01
1.54500000e+02	9.99993080e-01
1.55500000e+02	9.99992797e-01
1.56500000e+02	9.99992503e-01
1.57500000e+02	9.99992197e-01
1.58500000e+02	9.99991879e-01
1.59500000e+02	9.99991548e-01
1.60500000e+02	9.99991203e-01
1.61500000e+02	9.99990844e-01
1.62500000e+02	9.99990470e-01
1.63500000e+02	9.99990081e-01
1.64500000e+02	9.99989676e-01
1.65500000e+02	9.99989255e-01
1.66500000e+02	9.99988816e-01
1.67500000e+02	9.99988360e-01
1.68500000e+02	9.99987885e-01
1.69500000e+02	9.99987391e-01
1.70500000e+02	9.99986876e-01
1.71500000e+02	9.99986340e-01
1.72500000e+02	9.99985783e-01
1.73500000e+02	9.99985203e-01
1.74500000e+02	9.99984599e-01
1.75500000e+02	9.99983970e-01
1.76500000e+02	9.99983316e-01
1.77500000e+02	9.99982635e-01
1.78500000e+02	9.99981927e-01
1.79500000e+02	9.99981189e-01
1.80500000e+02	9.99980421e-01
1.81500000e+02	9.99979623e-01
1.82500000e+02	9.99978791e-01
1.83500000e+02	9.99977925e-01
1.84500000e+02	9.99977025e-01
1.85500000e+02	9.99976087e-01
1.86500000e+02	9.99975111e-01
1.87500000e+02	9.99974095e-01
1.88500000e+02	9.99973038e-01
1.89500000e+02	9.99971938e-01
1.90500000e+02	9.99970793e-01
1.91500000e+02	9.99969601e-01
1.92500000e+02	9.99968361e-01
1.93500000e+02	9.99967069e-01
1.94500000e+02	9.99965726e-01
1.95500000e+02	9.99964327e-01
1.96500000e+02	9.99962871e-01
1.97500000e+02	9.99961356e-01
1.98500000e+02	9.99959779e-01
1.99500000e+02	9.99958138e-01
2.00500000e+02	9.99956430e-01
2.01500000e+02	9.99954652e-01
2.02500000e+02	9.99952801e-01
2.03500000e+02	9.99950875e-01
2.04500000e+02	9.99948871e-01
2.05500000e+02	9.99946784e-01
2.06500000e+02	9.99944613e-01
2.07500000e+02	9.99942353e-01
2.08500000e+02	9.99940000e-01
2.09500000e+02	9.99937552e-01
2.10500000e+02	9.99935004e-01
2.11500000e+02	9.99932352e-01
2.12500000e+02	9.99929592e-01
2.13500000e+02	9.99926719e-01
2.14500000e+02	9.99923729e-01
2.15500000e+02	9.99920617e-01
2.16500000e+02	9.99917378e-01
2.17500000e+02	9.99914006e-01
2.18500000e+02	9.99910498e-01
2.19500000e+02	9.99906846e-01
2.20500000e+02	9.99903045e-01
2.21500000e+02	9.99899089e-01
2.22500000e+02	9.99894972e-01
2.23500000e+02	9.99890687e-01
2.24500000e+02	9.99886227e-01
2.25500000e+02	9.99881586e-01
2.26500000e+02	9.99876754e-01
2.27500000e+02	9.99871726e-01
2.28500000e+02	9.99866493e-01
2.29500000e+02	9.99861047e-01
2.30500000e+02	9.99855378e-01
2.31500000e+02	9.99849478e-01
2.32500000e+02	9.99843337e-01
2.33500000e+02	9.99836946e-01
2.34500000e+02	9.99830295e-01
2.35500000e+02	9.99823372e-01
2.36500000e+02	9.99816167e-01
2.37500000e+02	9.99808668e-01
2.38500000e+02	9.99800864e-01
2.39500000e+02	9.99792741e-01
2.40500000e+02	9.99784287e-01
2.41500000e+02	9.99775489e-01
2.42500000e+02	9.99766332e-01
2.43500000e+02	9.99756802e-01
2.44500000e+02	9.99746883e-01
2.45500000e+02	9.99736560e-01
2.46500000e+02	9.99725816e-01
2.47500000e+02	9.99714634e-01
2.48500000e+02	9.99702997e-01
2.49500000e+02	9.99690885e-01
2.50500000e+02	9.99678280e-01
2.51500000e+02	9.99665161e-01
2.52500000e+02	9.99651508e-01
2.53500000e+02	9.99637299e-01
2.54500000e+02	9.99622511e-01
2.55500000e+02	9.99607120e-01
2.56500000e+02	9.99591102e-01
2.57500000e+02	9.99574433e-01
2.58500000e+02	9.99557084e-01
2.59500000e+02	9.99539029e-01
2.60500000e+02	9.99520239e-01
2.61500000e+02	9.99500684e-01
2.62500000e+02	9.99480332e-01
2.63500000e+02	9.99459153e-01
2.64500000e+02	9.99437111e-01
2.65500000e+02	9.99414172e-01
2.66500000e+02	9.99390300e-01
2.67500000e+02	9.99365457e-01
2.68500000e+02	9.99339603e-01
2.69500000e+02	9.99312697e-01
2.70500000e+02	9.99284697e-01
2.71500000e+02	9.99255558e-01
2.72500000e+02	9.99225235e-01
2.73500000e+02	9.99193679e-01
2.74500000e+02	9.99160840e-01
2.75500000e+02	9.99126666e-01
2.76500000e+02	9.99091104e-01
2.77500000e+02	9.99054097e-01
2.78500000e+02	9.99015587e-01
2.79500000e+02	9.98975513e-01
2.80500000e+02	9.98933811e-01
2.81500000e+02	9.98890417e-01
2.82500000e+02	9.98845261e-01
2.83500000e+02	9.98798273e-01
2.84500000e+02	9.98749378e-01
2.85500000e+02	9.98698500e-01
2.86500000e+02	9.98645559e-01
2.87500000e+02	9.98590472e-01
2.88500000e+02	9.98533152e-01
2.89500000e+02	9.98473509e-01
2.90500000e+02	9.98411450e-01
2.91500000e+02	9.98346879e-01
2.92500000e+02	9.98279692e-01
2.93500000e+02	9.98209787e-01
2.94500000e+02	9.98137053e-01
2.95500000e+02	9.98061378e-01
2.96500000e+02	9.97982643e-01
2.97500000e+02	9.97900726e-01
2.98500000e+02	9.97815499e-01
2.99500000e+02	9.97726830e-01
3.00500000e+02	9.97634582e-01
3.01500000e+02	9.97538611e-01
3.02500000e+02	9.97438769e-01
3.03500000e+02	9.97334903e-01
3.04500000e+02	9.97226850e-01
3.05500000e+02	9.97114446e-01
3.06500000e+02	9.96997516e-01
3.07500000e+02	9.96875882e-01
3.08500000e+02	9.96749356e-01
3.09500000e+02	9.96617746e-01
3.10500000e+02	9.96480848e-01
3.11500000e+02	9.96338456e-01
3.12500000e+02	9.96190350e-01
3.13500000e+02	9.96036307e-01
3.14500000e+02	9.95876093e-01
3.15500000e+02	9.95709464e-01
3.16500000e+02	9.95536168e-01
3.17500000e+02	9.95355945e-01
3.18500000e+02	9.95168523e-01
3.19500000e+02	9.94973620e-01
3.20500000e+02	9.94770944e-01
3.21500000e+02	9.94560193e-01
3.22500000e+02	9.94341053e-01
3.23500000e+02	9.94113196e-01
3.24500000e+02	9.93876286e-01
3.25500000e+02	9.93629973e-01
3.26500000e+02	9.93373892e-01
3.27500000e+02	9.93107668e-01
3.28500000e+02	9.92830911e-01
3.29500000e+02	9.92543217e-01
3.30500000e+02	9.92244166e-01
3.31500000e+02	9.91933326e-01
3.32500000e+02	9.91610247e-01
3.33500000e+02	9.91274463e-01
3.34500000e+02	9.90925494e-01
3.35500000e+02	9.90562842e-01
3.36500000e+02	9.90185989e-01
3.37500000e+02	9.89794403e-01
3.38500000e+02	9.89387532e-01
3.39500000e+02	9.88964804e-01
3.40500000e+02	9.88525630e-01
3.41500000e+02	9.88069398e-01
3.42500000e+02	9.87595479e-01
3.43500000e+02	9.87103220e-01
3.44500000e+02	9.86591948e-01
3.45500000e+02	9.86060967e-01
3.46500000e+02	9.85509559e-01
3.47500000e+02	9.84936985e-01
3.48500000e+02	9.84342477e-01
3.49500000e+02	9.83725248e-01
3.50500000e+02	9.83084484e-01
3.51500000e+02	9.82419345e-01
3.52500000e+02	9.81728968e-01
3.53500000e+02	9.81012460e-01
3.54500000e+02	9.80268905e-01
3.55500000e+02	9.79497358e-01
3.56500000e+02	9.78696846e-01
3.57500000e+02	9.77866369e-01
3.58500000e+02	9.77004896e-01
3.59500000e+02	9.76111372e-01
3.60500000e+02	9.75184707e-01
3.61500000e+02	9.74223786e-01
3.62500000e+02	9.73227460e-01
3.63500000e+02	9.72194555e-01
3.64500000e+02	9.71123861e-01
3.65500000e+02	9.70014140e-01
3.66500000e+02	9.68864124e-01
3.67500000e+02	9.67672513e-01
3.68500000e+02	9.66437975e-01
3.69500000e+02	9.65159149e-01
3.70500000e+02	9.63834642e-01
3.71500000e+02	9.62463029e-01
3.72500000e+02	9.61042858e-01
3.73500000e+02	9.59572642e-01
3.74500000e+02	9.58050867e-01
3.75500000e+02	9.56475987e-01
3.76500000e+02	9.54846430e-01
3.77500000e+02	9.53160593e-01
3.78500000e+02	9.51416845e-01
3.79500000e+02	9.49613528e-01
3.80500000e+02	9.47748959e-01
3.81500000e+02	9.45821427e-01
3.82500000e+02	9.43829199e-01
3.83500000e+02	9.41770518e-01
3.84500000e+02	9.39643605e-01
3.85500000e+02	9.37446662e-01
3.86500000e+02	9.35177871e-01
3.87500000e+02	9.32835397e-01
3.88500000e+02	9.30417390e-01
3.89500000e+02	9.27921987e-01
3.90500000e+02	9.25347315e-01
3.91500000e+02	9.22691491e-01
3.92500000e+02	9.19952628e-01
3.93500000e+02	9.17128832e-01
3.94500000e+02	9.14218212e-01
3.95500000e+02	9.11218878e-01
3.96500000e+02	9.08128946e-01
3.97500000e+02	9.04946542e-01
3.98500000e+02	9.01669802e-01
3.99500000e+02	8.98296883e-01
4.00500000e+02	8.94825958e-01
4.01500000e+02	8.91255229e-01
4.02500000e+02	8.87582924e-01
4.03500000e+02	8.83807307e-01
4.04500000e+02	8.79926680e-01
4.05500000e+02	8.75939390e-01
4.06500000e+02	8.71843833e-01
4.07500000e+02	8.67638458e-01
4.08500000e+02	8.63321778e-01
4.09500000e+02	8.58892371e-01
4.10500000e+02	8.54348888e-01
4.11500000e+02	8.49690060e-01
4.12500000e+02	8.44914704e-01
4.13500000e+02	8.40021730e-01
4.14500000e+02	8.35010150e-01
4.15500000e+02	8.29879082e-01
4.16500000e+02	8.24627761e-01
4.17500000e+02	8.19255542e-01
4.18500000e+02	8.13761915e-01
4.19500000e+02	8.08146508e-01
4.20500000e+02	8.02409095e-01
4.21500000e+02	7.96549609e-01
4.22500000e+02	7.90568143e-01
4.23500000e+02	7.84464969e-01
4.24500000e+02	7.78240534e-01
4.25500000e+02	7.71895482e-01
4.26500000e+02	7.65430650e-01
4.27500000e+02	7.58847087e-01
4.28500000e+02	7.52146055e-01
4.29500000e+02	7.45329040e-01
4.30500000e+02	7.38397762e-01
4.31500000e+02	7.31354179e-01
4.32500000e+02	7.24200494e-01
4.33500000e+02	7.16939167e-01
4.34500000e+02	7.09572913e-01
4.35500000e+02	7.02104716e-01
4.36500000e+02	6.94537825e-01
4.37500000e+02	6.86875764e-01
4.38500000e+02	6.79122332e-01
4.39500000e+02	6.71281606e-01
4.40500000e+02	6.63357937e-01
4.41500000e+02	6.55355955e-01
4.42500000e+02	6.47280560e-01
4.43500000e+02	6.39136923e-01
4.44500000e+02	6.30930476e-01
4.45500000e+02	6.22666904e-01
4.46500000e+02	6.14352137e-01
4.47500000e+02	6.05992337e-01
4.48500000e+02	5.97593883e-01
4.49500000e+02	5.89163356e-01
4.50500000e+02	5.80707516e-01
4.51500000e+02	5.72233290e-01
4.52500000e+02	5.63747738e-01
4.53500000e+02	5.55258039e-01
4.54500000e+02	5.46771455e-01
4.55500000e+02	5.38295312e-01
4.56500000e+02	5.29836961e-01
4.57500000e+02	5.21403755e-01
4.58500000e+02	5.13003013e-01
4.59500000e+02	5.04641990e-01
4.60500000e+02	4.96327844e-01
4.61500000e+02	4.88067606e-01
4.62500000e+02	4.79868146e-01
4.63500000e+02	4.71736145e-01
4.64500000e+02	4.63678067e-01
4.65500000e+02	4.55700131e-01
4.66500000e+02	4.47808290e-01
4.67500000e+02	4.40008204e-01
4.68500000e+02	4.32305225e-01
4.69500000e+02	4.24704382e-01
4.70500000e+02	4.17210362e-01
4.71500000e+02	4.09827507e-01
4.72500000e+02	4.02559802e-01
4.73500000e+02	3.95410875e-01
4.74500000e+02	3.88383993e-01
4.75500000e+02	3.81482064e-01
4.76500000e+02	3.74707645e-01
4.77500000e+02	3.68062944e-01
4.78500000e+02	3.61549829e-01
4.79500000e+02	3.55169840e-01
4.80500000e+02	3.48924201e-01
4.81500000e+02	3.42813828e-01
4.82500000e+02	3.36839348e-01
4.83500000e+02	3.31001112e-01
4.84500000e+02	3.25299206e-01
4.85500000e+02	3.19733473e-01
4.86500000e+02	3.14303519e-01
4.87500000e+02	3.09008736e-01
4.88500000e+02	3.03848314e-01
4.89500000e+02	2.98821254e-01
4.90500000e+02	2.93926386e-01
4.91500000e+02	2.89162379e-01
4.92500000e+02	2.84527758e-01
4.93500000e+02	2.80020914e-01
4.94500000e+02	2.75640119e-01
4.95500000e+02	2.71383537e-01
4.96500000e+02	2.67249235e-01
4.97500000e+02	2.63235194e-01
4.98500000e+02	2.59339321e-01
4.99500000e+02	2.55559458e-01
5.00500000e+02	2.51893389e-01
5.01500000e+02	2.48338851e-01
5.02500000e+02	2.44893544e-01
5.03500000e+02	2.41555135e-01
5.04500000e+02	2.38321268e-01
5.05500000e+02	2.35189568e-01
5.06500000e+02	2.32157651e-01
5.07500000e+02	2.29223127e-01
5.08500000e+02	2.26383606e-01
5.09500000e+02	2.23636705e-01
5.10500000e+02	2.20980049e-01
5.11500000e+02	2.18411278e-01
5.12500000e+02	2.15928050e-01
5.13500000e+02	2.13528045e-01
5.14500000e+02	2.11208966e-01
5.15500000e+02	2.08968547e-01
5.16500000e+02	2.06804547e-01
5.17500000e+02	2.04714764e-01
5.18500000e+02	2.02697024e-01
5.19500000e+02	2.00749194e-01
5.20500000e+02	1.98869176e-01
5.21500000e+02	1.97054913e-01
5.22500000e+02	1.95304388e-01
5.23500000e+02	1.93615624e-01
5.24500000e+02	1.91986687e-01
5.25500000e+02	1.90415686e-01
5.26500000e+02	1.88900773e-01
5.27500000e+02	1.87440141e-01
5.28500000e+02	1.86032030e-01
5.29500000e+02	1.84674722e-01
5.30500000e+02	1.83366543e-01
5.31500000e+02	1.82105862e-01
5.32500000e+02	1.80891091e-01
5.33500000e+02	1.79720686e-01
5.34500000e+02	1.78593144e-01
5.35500000e+02	1.77507006e-01
5.36500000e+02	1.76460854e-01
5.37500000e+02	1.75453309e-01
5.38500000e+02	1.74483035e-01
5.39500000e+02	1.73548734e-01
5.40500000e+02	1.72649149e-01
5.41500000e+02	1.71783059e-01
5.42500000e+02	1.70949282e-01
5.43500000e+02	1.70146674e-01
5.44500000e+02	1.69374125e-01
5.45500000e+02	1.68630560e-01
5.46500000e+02	1.67914941e-01
5.47500000e+02	1.67226261e-01
5.48500000e+02	1.66563548e-01
5.49500000e+02	1.65925860e-01
5.50500000e+02	1.65312289e-01
5.51500000e+02	1.64721955e-01
5.52500000e+02	1.64154007e-01
5.53500000e+02	1.63607626e-01
5.54500000e+02	1.63082018e-01
5.55500000e+02	1.62576418e-01
5.56500000e+02	1.62090086e-01
5.57500000e+02	1.61622308e-01
5.58500000e+02	1.61172397e-01
5.59500000e+02	1.60739686e-01
5.60500000e+02	1.60323535e-01
5.61500000e+02	1.59923325e-01
5.62500000e+02	1.59538460e-01
5.63500000e+02	1.59168364e-01
5.64500000e+02	1.58812482e-01
5.65500000e+02	1.58470279e-01
5.66500000e+02	1.58141240e-01
5.67500000e+02	1.57824869e-01
5.68500000e+02	1.57520685e-01
5.69500000e+02	1.57228228e-01
5.70500000e+02	1.56947053e-01
5.71500000e+02	1.56676731e-01
5.72500000e+02	1.56416851e-01
5.73500000e+02	1.56167014e-01
5.74500000e+02	1.55926839e-01
5.75500000e+02	1.55695956e-01
5.76500000e+02	1.55474010e-01
5.77500000e+02	1.55260661e-01
5.78500000e+02	1.55055579e-01
5.79500000e+02	1.54858447e-01
5.80500000e+02	1.54668960e-01
5.81500000e+02	1.54486826e-01
5.82500000e+02	1.54311762e-01
5.83500000e+02	1.54143495e-01
5.84500000e+02	1.53981766e-01
5.85500000e+02	1.53826321e-01
5.86500000e+02	1.53676919e-01
5.87500000e+02	1.53533327e-01
5.88500000e+02	1.53395321e-01
5.89500000e+02	1.53262685e-01
5.90500000e+02	1.53135212e-01
5.91500000e+02	1.53012701e-01
5.92500000e+02	1.52894963e-01
5.93500000e+02	1.52781810e-01
5.94500000e+02	1.52673067e-01
5.95500000e+02	1.52568563e-01
5.96500000e+02	1.52468132e-01
5.97500000e+02	1.52371617e-01
5.98500000e+02	1.52278867e-01
5.99500000e+02	1.52189735e-01
6.00500000e+02	1.52104081e-01
6.01500000e+02	1.52021769e-01
6.02500000e+02	1.51942671e-01
6.03500000e+02	1.51866660e-01
6.04500000e+02	1.51793617e-01
6.05500000e+02	1.51723427e-01
6.06500000e+02	1.51655979e-01
6.07500000e+02	1.51591165e-01
6.08500000e+02	1.51528883e-01
6.09500000e+02	1.51469036e-01
6.10500000e+02	1.51411527e-01
6.11500000e+02	1.51356266e-01
6.12500000e+02	1.51303165e-01
6.13500000e+02	1.51252141e-01
6.14500000e+02	1.51203111e-01
6.15500000e+02	1.51155999e-01
6.16500000e+02	1.51110729e-01
6.17500000e+02	1.51067230e-01
6.18500000e+02	1.51025432e-01
6.19500000e+02	1.50985270e-01
6.20500000e+02	1.50946679e-01
6.21500000e+02	1.50909597e-01
6.22500000e+02	1.50873967e-01
6.23500000e+02	1.50839731e-01
6.24500000e+02	1.50806835e-01
6.25500000e+02	1.50775227e-01
6.26500000e+02	1.50744856e-01
6.27500000e+02	1.50715673e-01
6.28500000e+02	1.50687634e-01
6.29500000e+02	1.50660691e-01
6.30500000e+02	1.50634804e-01
6.31500000e+02	1.50609930e-01
6.32500000e+02	1.50586031e-01
6.33500000e+02	1.50563067e-01
6.34500000e+02	1.50541002e-01
6.35500000e+02	1.50519802e-01
6.36500000e+02	1.50499432e-01
6.37500000e+02	1.50479860e-01
6.38500000e+02	1.50461054e-01
6.39500000e+02	1.50442985e-01
6.40500000e+02	1.50425624e-01
6.41500000e+02	1.50408943e-01
6.42500000e+02	1.50392915e-01
6.43500000e+02	1.50377515e-01
6.44500000e+02	1.50362719e-01
6.45500000e+02	1.50348502e-01
6.46500000e+02	1.50334842e-01
6.47500000e+02	1.50321718e-01
6.48500000e+02	1.50309107e-01
6.49500000e+02	1.50296991e-01
6.50500000e+02	1.50285350e-01
6.51500000e+02	1.50274165e-01
6.52500000e+02	1.50263418e-01
6.53500000e+02	1.50253092e-01
6.54500000e+02	1.50243171e-01
6.55500000e+02	1.50233638e-01
6.56500000e+02	1.50224480e-01
6.57500000e+02	1.50215680e-01
6.58500000e+02	1.50207225e-01
6.59500000e+02	1.50199101e-01
6.60500000e+02	1.50191296e-01
6.61500000e+02	1.50183797e-01
6.62500000e+02	1.50176592e-01
6.63500000e+02	1.50169669e-01
6.64500000e+02	1.50163017e-01
6.65500000e+02	1.50156626e-01
6.66500000e+02	1.50150486e-01
6.67500000e+02	1.50144586e-01
6.68500000e+02	1.50138918e-01
6.69500000e+02	1.50133472e-01
6.70500000e+02	1.50128239e-01
6.71500000e+02	1.50123211e-01
6.72500000e+02	1.50118381e-01
6.73500000e+02	1.50113740e-01
6.74500000e+02	1.50109280e-01
6.75500000e+02	1.50104996e-01
6.76500000e+02	1.50100879e-01
6.77500000e+02	1.50096924e-01
6.78500000e+02	1.50093124e-01
6.79500000e+02	1.50089473e-01
6.80500000e+02	1.50085965e-01
6.81500000e+02	1.50082595e-01
6.82500000e+02	1.50079356e-01
6.83500000e+02	1.50076245e-01
6.84500000e+02	1.50073256e-01
6.85500000e+02	1.50070384e-01
6.86500000e+02	1.50067624e-01
6.87500000e+02	1.50064973e-01
6.88500000e+02	1.50062425e-01
6.89500000e+02	1.50059978e-01
6.90500000e+02	1.50057626e-01
6.91500000e+02	1.50055367e-01
6.92500000e+02	1.50053196e-01
6.93500000e+02	1.50051110e-01
6.94500000e+02	1.50049106e-01
6.95500000e+02	1.50047182e-01
6.96500000e+02	1.50045338e-01
6.97500000e+02	1.50043598e-01
6.98500000e+02	1.50042078e-01
6.99500000e+02	1.50041015e-01
