# Profil de Te au temps 1.400000000000019e-11 
# simu : /Volumes/MERCURE/JOBS/Zeq2_tanh_50mic_3p5e22_B0_20ps/GNU/Te@y-c.set
# col 0 : abscisse (um)
# col 1 : Te (keV)
5.00000000e-01	9.99999980e-01
1.50000000e+00	9.99999967e-01
2.50000000e+00	9.99999984e-01
3.50000000e+00	9.99999985e-01
4.50000000e+00	9.99999982e-01
5.50000000e+00	9.99999981e-01
6.50000000e+00	9.99999979e-01
7.50000000e+00	9.99999978e-01
8.50000000e+00	9.99999977e-01
9.50000000e+00	9.99999976e-01
1.05000000e+01	9.99999975e-01
1.15000000e+01	9.99999974e-01
1.25000000e+01	9.99999973e-01
1.35000000e+01	9.99999971e-01
1.45000000e+01	9.99999970e-01
1.55000000e+01	9.99999969e-01
1.65000000e+01	9.99999968e-01
1.75000000e+01	9.99999966e-01
1.85000000e+01	9.99999965e-01
1.95000000e+01	9.99999963e-01
2.05000000e+01	9.99999962e-01
2.15000000e+01	9.99999960e-01
2.25000000e+01	9.99999959e-01
2.35000000e+01	9.99999957e-01
2.45000000e+01	9.99999955e-01
2.55000000e+01	9.99999953e-01
2.65000000e+01	9.99999952e-01
2.75000000e+01	9.99999950e-01
2.85000000e+01	9.99999947e-01
2.95000000e+01	9.99999945e-01
3.05000000e+01	9.99999943e-01
3.15000000e+01	9.99999941e-01
3.25000000e+01	9.99999938e-01
3.35000000e+01	9.99999936e-01
3.45000000e+01	9.99999933e-01
3.55000000e+01	9.99999930e-01
3.65000000e+01	9.99999928e-01
3.75000000e+01	9.99999925e-01
3.85000000e+01	9.99999921e-01
3.95000000e+01	9.99999918e-01
4.05000000e+01	9.99999915e-01
4.15000000e+01	9.99999911e-01
4.25000000e+01	9.99999908e-01
4.35000000e+01	9.99999904e-01
4.45000000e+01	9.99999900e-01
4.55000000e+01	9.99999896e-01
4.65000000e+01	9.99999892e-01
4.75000000e+01	9.99999887e-01
4.85000000e+01	9.99999883e-01
4.95000000e+01	9.99999878e-01
5.05000000e+01	9.99999873e-01
5.15000000e+01	9.99999868e-01
5.25000000e+01	9.99999862e-01
5.35000000e+01	9.99999857e-01
5.45000000e+01	9.99999851e-01
5.55000000e+01	9.99999845e-01
5.65000000e+01	9.99999838e-01
5.75000000e+01	9.99999832e-01
5.85000000e+01	9.99999825e-01
5.95000000e+01	9.99999818e-01
6.05000000e+01	9.99999810e-01
6.15000000e+01	9.99999802e-01
6.25000000e+01	9.99999794e-01
6.35000000e+01	9.99999786e-01
6.45000000e+01	9.99999777e-01
6.55000000e+01	9.99999768e-01
6.65000000e+01	9.99999759e-01
6.75000000e+01	9.99999749e-01
6.85000000e+01	9.99999739e-01
6.95000000e+01	9.99999728e-01
7.05000000e+01	9.99999717e-01
7.15000000e+01	9.99999705e-01
7.25000000e+01	9.99999693e-01
7.35000000e+01	9.99999681e-01
7.45000000e+01	9.99999668e-01
7.55000000e+01	9.99999654e-01
7.65000000e+01	9.99999640e-01
7.75000000e+01	9.99999625e-01
7.85000000e+01	9.99999610e-01
7.95000000e+01	9.99999594e-01
8.05000000e+01	9.99999577e-01
8.15000000e+01	9.99999560e-01
8.25000000e+01	9.99999542e-01
8.35000000e+01	9.99999523e-01
8.45000000e+01	9.99999504e-01
8.55000000e+01	9.99999484e-01
8.65000000e+01	9.99999463e-01
8.75000000e+01	9.99999441e-01
8.85000000e+01	9.99999418e-01
8.95000000e+01	9.99999394e-01
9.05000000e+01	9.99999369e-01
9.15000000e+01	9.99999343e-01
9.25000000e+01	9.99999317e-01
9.35000000e+01	9.99999289e-01
9.45000000e+01	9.99999260e-01
9.55000000e+01	9.99999230e-01
9.65000000e+01	9.99999198e-01
9.75000000e+01	9.99999165e-01
9.85000000e+01	9.99999131e-01
9.95000000e+01	9.99999096e-01
1.00500000e+02	9.99999059e-01
1.01500000e+02	9.99999020e-01
1.02500000e+02	9.99998980e-01
1.03500000e+02	9.99998939e-01
1.04500000e+02	9.99998896e-01
1.05500000e+02	9.99998850e-01
1.06500000e+02	9.99998804e-01
1.07500000e+02	9.99998755e-01
1.08500000e+02	9.99998704e-01
1.09500000e+02	9.99998651e-01
1.10500000e+02	9.99998596e-01
1.11500000e+02	9.99998539e-01
1.12500000e+02	9.99998479e-01
1.13500000e+02	9.99998417e-01
1.14500000e+02	9.99998352e-01
1.15500000e+02	9.99998285e-01
1.16500000e+02	9.99998215e-01
1.17500000e+02	9.99998142e-01
1.18500000e+02	9.99998066e-01
1.19500000e+02	9.99997987e-01
1.20500000e+02	9.99997905e-01
1.21500000e+02	9.99997820e-01
1.22500000e+02	9.99997731e-01
1.23500000e+02	9.99997638e-01
1.24500000e+02	9.99997542e-01
1.25500000e+02	9.99997441e-01
1.26500000e+02	9.99997337e-01
1.27500000e+02	9.99997228e-01
1.28500000e+02	9.99997115e-01
1.29500000e+02	9.99996997e-01
1.30500000e+02	9.99996875e-01
1.31500000e+02	9.99996747e-01
1.32500000e+02	9.99996614e-01
1.33500000e+02	9.99996476e-01
1.34500000e+02	9.99996332e-01
1.35500000e+02	9.99996183e-01
1.36500000e+02	9.99996027e-01
1.37500000e+02	9.99995865e-01
1.38500000e+02	9.99995696e-01
1.39500000e+02	9.99995520e-01
1.40500000e+02	9.99995337e-01
1.41500000e+02	9.99995147e-01
1.42500000e+02	9.99994949e-01
1.43500000e+02	9.99994743e-01
1.44500000e+02	9.99994528e-01
1.45500000e+02	9.99994305e-01
1.46500000e+02	9.99994073e-01
1.47500000e+02	9.99993831e-01
1.48500000e+02	9.99993579e-01
1.49500000e+02	9.99993317e-01
1.50500000e+02	9.99993044e-01
1.51500000e+02	9.99992760e-01
1.52500000e+02	9.99992465e-01
1.53500000e+02	9.99992157e-01
1.54500000e+02	9.99991837e-01
1.55500000e+02	9.99991504e-01
1.56500000e+02	9.99991157e-01
1.57500000e+02	9.99990796e-01
1.58500000e+02	9.99990421e-01
1.59500000e+02	9.99990030e-01
1.60500000e+02	9.99989623e-01
1.61500000e+02	9.99989200e-01
1.62500000e+02	9.99988759e-01
1.63500000e+02	9.99988300e-01
1.64500000e+02	9.99987823e-01
1.65500000e+02	9.99987326e-01
1.66500000e+02	9.99986808e-01
1.67500000e+02	9.99986270e-01
1.68500000e+02	9.99985710e-01
1.69500000e+02	9.99985127e-01
1.70500000e+02	9.99984520e-01
1.71500000e+02	9.99983888e-01
1.72500000e+02	9.99983230e-01
1.73500000e+02	9.99982546e-01
1.74500000e+02	9.99981834e-01
1.75500000e+02	9.99981093e-01
1.76500000e+02	9.99980321e-01
1.77500000e+02	9.99979518e-01
1.78500000e+02	9.99978682e-01
1.79500000e+02	9.99977812e-01
1.80500000e+02	9.99976907e-01
1.81500000e+02	9.99975965e-01
1.82500000e+02	9.99974984e-01
1.83500000e+02	9.99973963e-01
1.84500000e+02	9.99972901e-01
1.85500000e+02	9.99971795e-01
1.86500000e+02	9.99970644e-01
1.87500000e+02	9.99969446e-01
1.88500000e+02	9.99968199e-01
1.89500000e+02	9.99966902e-01
1.90500000e+02	9.99965551e-01
1.91500000e+02	9.99964145e-01
1.92500000e+02	9.99962683e-01
1.93500000e+02	9.99961160e-01
1.94500000e+02	9.99959575e-01
1.95500000e+02	9.99957926e-01
1.96500000e+02	9.99956209e-01
1.97500000e+02	9.99954422e-01
1.98500000e+02	9.99952563e-01
1.99500000e+02	9.99950627e-01
2.00500000e+02	9.99948613e-01
2.01500000e+02	9.99946516e-01
2.02500000e+02	9.99944334e-01
2.03500000e+02	9.99942063e-01
2.04500000e+02	9.99939699e-01
2.05500000e+02	9.99937239e-01
2.06500000e+02	9.99934679e-01
2.07500000e+02	9.99932014e-01
2.08500000e+02	9.99929240e-01
2.09500000e+02	9.99926354e-01
2.10500000e+02	9.99923349e-01
2.11500000e+02	9.99920223e-01
2.12500000e+02	9.99916968e-01
2.13500000e+02	9.99913581e-01
2.14500000e+02	9.99910056e-01
2.15500000e+02	9.99906387e-01
2.16500000e+02	9.99902569e-01
2.17500000e+02	9.99898594e-01
2.18500000e+02	9.99894458e-01
2.19500000e+02	9.99890154e-01
2.20500000e+02	9.99885673e-01
2.21500000e+02	9.99881010e-01
2.22500000e+02	9.99876157e-01
2.23500000e+02	9.99871107e-01
2.24500000e+02	9.99865850e-01
2.25500000e+02	9.99860379e-01
2.26500000e+02	9.99854686e-01
2.27500000e+02	9.99848760e-01
2.28500000e+02	9.99842593e-01
2.29500000e+02	9.99836174e-01
2.30500000e+02	9.99829494e-01
2.31500000e+02	9.99822542e-01
2.32500000e+02	9.99815307e-01
2.33500000e+02	9.99807777e-01
2.34500000e+02	9.99799940e-01
2.35500000e+02	9.99791784e-01
2.36500000e+02	9.99783296e-01
2.37500000e+02	9.99774463e-01
2.38500000e+02	9.99765269e-01
2.39500000e+02	9.99755702e-01
2.40500000e+02	9.99745745e-01
2.41500000e+02	9.99735382e-01
2.42500000e+02	9.99724598e-01
2.43500000e+02	9.99713375e-01
2.44500000e+02	9.99701696e-01
2.45500000e+02	9.99689541e-01
2.46500000e+02	9.99676891e-01
2.47500000e+02	9.99663728e-01
2.48500000e+02	9.99650028e-01
2.49500000e+02	9.99635772e-01
2.50500000e+02	9.99620936e-01
2.51500000e+02	9.99605497e-01
2.52500000e+02	9.99589430e-01
2.53500000e+02	9.99572710e-01
2.54500000e+02	9.99555311e-01
2.55500000e+02	9.99537204e-01
2.56500000e+02	9.99518363e-01
2.57500000e+02	9.99498756e-01
2.58500000e+02	9.99478353e-01
2.59500000e+02	9.99457121e-01
2.60500000e+02	9.99435028e-01
2.61500000e+02	9.99412038e-01
2.62500000e+02	9.99388115e-01
2.63500000e+02	9.99363221e-01
2.64500000e+02	9.99337318e-01
2.65500000e+02	9.99310365e-01
2.66500000e+02	9.99282319e-01
2.67500000e+02	9.99253137e-01
2.68500000e+02	9.99222772e-01
2.69500000e+02	9.99191178e-01
2.70500000e+02	9.99158303e-01
2.71500000e+02	9.99124099e-01
2.72500000e+02	9.99088510e-01
2.73500000e+02	9.99051481e-01
2.74500000e+02	9.99012954e-01
2.75500000e+02	9.98972870e-01
2.76500000e+02	9.98931166e-01
2.77500000e+02	9.98887778e-01
2.78500000e+02	9.98842637e-01
2.79500000e+02	9.98795673e-01
2.80500000e+02	9.98746815e-01
2.81500000e+02	9.98695986e-01
2.82500000e+02	9.98643108e-01
2.83500000e+02	9.98588098e-01
2.84500000e+02	9.98530873e-01
2.85500000e+02	9.98471344e-01
2.86500000e+02	9.98409420e-01
2.87500000e+02	9.98345005e-01
2.88500000e+02	9.98278001e-01
2.89500000e+02	9.98208305e-01
2.90500000e+02	9.98135810e-01
2.91500000e+02	9.98060406e-01
2.92500000e+02	9.97981979e-01
2.93500000e+02	9.97900408e-01
2.94500000e+02	9.97815570e-01
2.95500000e+02	9.97727337e-01
2.96500000e+02	9.97635574e-01
2.97500000e+02	9.97540145e-01
2.98500000e+02	9.97440904e-01
2.99500000e+02	9.97337703e-01
3.00500000e+02	9.97230387e-01
3.01500000e+02	9.97118796e-01
3.02500000e+02	9.97002763e-01
3.03500000e+02	9.96882115e-01
3.04500000e+02	9.96756673e-01
3.05500000e+02	9.96626252e-01
3.06500000e+02	9.96490659e-01
3.07500000e+02	9.96349695e-01
3.08500000e+02	9.96203151e-01
3.09500000e+02	9.96050815e-01
3.10500000e+02	9.95892463e-01
3.11500000e+02	9.95727865e-01
3.12500000e+02	9.95556783e-01
3.13500000e+02	9.95378969e-01
3.14500000e+02	9.95194168e-01
3.15500000e+02	9.95002113e-01
3.16500000e+02	9.94802531e-01
3.17500000e+02	9.94595138e-01
3.18500000e+02	9.94379638e-01
3.19500000e+02	9.94155729e-01
3.20500000e+02	9.93923094e-01
3.21500000e+02	9.93681408e-01
3.22500000e+02	9.93430334e-01
3.23500000e+02	9.93169523e-01
3.24500000e+02	9.92898616e-01
3.25500000e+02	9.92617239e-01
3.26500000e+02	9.92325007e-01
3.27500000e+02	9.92021524e-01
3.28500000e+02	9.91706377e-01
3.29500000e+02	9.91379142e-01
3.30500000e+02	9.91039382e-01
3.31500000e+02	9.90686643e-01
3.32500000e+02	9.90320460e-01
3.33500000e+02	9.89940349e-01
3.34500000e+02	9.89545815e-01
3.35500000e+02	9.89136343e-01
3.36500000e+02	9.88711407e-01
3.37500000e+02	9.88270461e-01
3.38500000e+02	9.87812943e-01
3.39500000e+02	9.87338276e-01
3.40500000e+02	9.86845863e-01
3.41500000e+02	9.86335092e-01
3.42500000e+02	9.85805330e-01
3.43500000e+02	9.85255928e-01
3.44500000e+02	9.84686218e-01
3.45500000e+02	9.84095512e-01
3.46500000e+02	9.83483104e-01
3.47500000e+02	9.82848267e-01
3.48500000e+02	9.82190256e-01
3.49500000e+02	9.81508303e-01
3.50500000e+02	9.80801623e-01
3.51500000e+02	9.80069408e-01
3.52500000e+02	9.79310829e-01
3.53500000e+02	9.78525036e-01
3.54500000e+02	9.77711159e-01
3.55500000e+02	9.76868305e-01
3.56500000e+02	9.75995558e-01
3.57500000e+02	9.75091983e-01
3.58500000e+02	9.74156621e-01
3.59500000e+02	9.73188492e-01
3.60500000e+02	9.72186590e-01
3.61500000e+02	9.71149892e-01
3.62500000e+02	9.70077349e-01
3.63500000e+02	9.68967889e-01
3.64500000e+02	9.67820420e-01
3.65500000e+02	9.66633827e-01
3.66500000e+02	9.65406970e-01
3.67500000e+02	9.64138690e-01
3.68500000e+02	9.62827804e-01
3.69500000e+02	9.61473107e-01
3.70500000e+02	9.60073372e-01
3.71500000e+02	9.58627353e-01
3.72500000e+02	9.57133778e-01
3.73500000e+02	9.55591359e-01
3.74500000e+02	9.53998784e-01
3.75500000e+02	9.52354721e-01
3.76500000e+02	9.50657821e-01
3.77500000e+02	9.48906712e-01
3.78500000e+02	9.47100006e-01
3.79500000e+02	9.45236296e-01
3.80500000e+02	9.43314158e-01
3.81500000e+02	9.41332151e-01
3.82500000e+02	9.39288816e-01
3.83500000e+02	9.37182684e-01
3.84500000e+02	9.35012266e-01
3.85500000e+02	9.32776063e-01
3.86500000e+02	9.30472563e-01
3.87500000e+02	9.28100244e-01
3.88500000e+02	9.25657572e-01
3.89500000e+02	9.23143005e-01
3.90500000e+02	9.20554994e-01
3.91500000e+02	9.17891983e-01
3.92500000e+02	9.15152413e-01
3.93500000e+02	9.12334720e-01
3.94500000e+02	9.09437339e-01
3.95500000e+02	9.06458707e-01
3.96500000e+02	9.03397261e-01
3.97500000e+02	9.00251443e-01
3.98500000e+02	8.97019702e-01
3.99500000e+02	8.93700494e-01
4.00500000e+02	8.90292286e-01
4.01500000e+02	8.86793558e-01
4.02500000e+02	8.83202804e-01
4.03500000e+02	8.79518540e-01
4.04500000e+02	8.75739298e-01
4.05500000e+02	8.71863638e-01
4.06500000e+02	8.67890145e-01
4.07500000e+02	8.63817433e-01
4.08500000e+02	8.59644153e-01
4.09500000e+02	8.55368989e-01
4.10500000e+02	8.50990670e-01
4.11500000e+02	8.46507968e-01
4.12500000e+02	8.41919704e-01
4.13500000e+02	8.37224754e-01
4.14500000e+02	8.32422051e-01
4.15500000e+02	8.27510591e-01
4.16500000e+02	8.22489440e-01
4.17500000e+02	8.17357737e-01
4.18500000e+02	8.12114699e-01
4.19500000e+02	8.06759630e-01
4.20500000e+02	8.01291925e-01
4.21500000e+02	7.95711077e-01
4.22500000e+02	7.90016684e-01
4.23500000e+02	7.84208457e-01
4.24500000e+02	7.78286224e-01
4.25500000e+02	7.72249945e-01
4.26500000e+02	7.66099710e-01
4.27500000e+02	7.59835757e-01
4.28500000e+02	7.53458476e-01
4.29500000e+02	7.46968418e-01
4.30500000e+02	7.40366305e-01
4.31500000e+02	7.33653041e-01
4.32500000e+02	7.26829720e-01
4.33500000e+02	7.19897637e-01
4.34500000e+02	7.12858298e-01
4.35500000e+02	7.05713431e-01
4.36500000e+02	6.98464995e-01
4.37500000e+02	6.91115192e-01
4.38500000e+02	6.83666477e-01
4.39500000e+02	6.76121565e-01
4.40500000e+02	6.68483447e-01
4.41500000e+02	6.60755393e-01
4.42500000e+02	6.52940962e-01
4.43500000e+02	6.45044014e-01
4.44500000e+02	6.37068708e-01
4.45500000e+02	6.29019517e-01
4.46500000e+02	6.20901226e-01
4.47500000e+02	6.12718933e-01
4.48500000e+02	6.04478055e-01
4.49500000e+02	5.96184321e-01
4.50500000e+02	5.87843767e-01
4.51500000e+02	5.79462732e-01
4.52500000e+02	5.71047844e-01
4.53500000e+02	5.62606009e-01
4.54500000e+02	5.54144391e-01
4.55500000e+02	5.45670390e-01
4.56500000e+02	5.37191621e-01
4.57500000e+02	5.28715882e-01
4.58500000e+02	5.20251120e-01
4.59500000e+02	5.11805401e-01
4.60500000e+02	5.03386861e-01
4.61500000e+02	4.95003673e-01
4.62500000e+02	4.86663995e-01
4.63500000e+02	4.78375924e-01
4.64500000e+02	4.70147452e-01
4.65500000e+02	4.61986412e-01
4.66500000e+02	4.53900431e-01
4.67500000e+02	4.45896887e-01
4.68500000e+02	4.37982857e-01
4.69500000e+02	4.30165083e-01
4.70500000e+02	4.22449930e-01
4.71500000e+02	4.14843356e-01
4.72500000e+02	4.07350881e-01
4.73500000e+02	3.99977571e-01
4.74500000e+02	3.92728017e-01
4.75500000e+02	3.85606330e-01
4.76500000e+02	3.78616135e-01
4.77500000e+02	3.71760575e-01
4.78500000e+02	3.65042317e-01
4.79500000e+02	3.58463567e-01
4.80500000e+02	3.52026082e-01
4.81500000e+02	3.45731196e-01
4.82500000e+02	3.39579835e-01
4.83500000e+02	3.33572548e-01
4.84500000e+02	3.27709526e-01
4.85500000e+02	3.21990634e-01
4.86500000e+02	3.16415430e-01
4.87500000e+02	3.10983199e-01
4.88500000e+02	3.05692969e-01
4.89500000e+02	3.00543542e-01
4.90500000e+02	2.95533514e-01
4.91500000e+02	2.90661296e-01
4.92500000e+02	2.85925134e-01
4.93500000e+02	2.81323131e-01
4.94500000e+02	2.76853261e-01
4.95500000e+02	2.72513386e-01
4.96500000e+02	2.68301272e-01
4.97500000e+02	2.64214604e-01
4.98500000e+02	2.60250996e-01
4.99500000e+02	2.56408004e-01
5.00500000e+02	2.52683136e-01
5.01500000e+02	2.49073864e-01
5.02500000e+02	2.45577632e-01
5.03500000e+02	2.42191862e-01
5.04500000e+02	2.38913964e-01
5.05500000e+02	2.35741346e-01
5.06500000e+02	2.32671411e-01
5.07500000e+02	2.29701574e-01
5.08500000e+02	2.26829258e-01
5.09500000e+02	2.24051903e-01
5.10500000e+02	2.21366972e-01
5.11500000e+02	2.18771950e-01
5.12500000e+02	2.16264350e-01
5.13500000e+02	2.13841717e-01
5.14500000e+02	2.11501631e-01
5.15500000e+02	2.09241705e-01
5.16500000e+02	2.07059592e-01
5.17500000e+02	2.04952986e-01
5.18500000e+02	2.02919620e-01
5.19500000e+02	2.00957272e-01
5.20500000e+02	1.99063764e-01
5.21500000e+02	1.97236963e-01
5.22500000e+02	1.95474781e-01
5.23500000e+02	1.93775176e-01
5.24500000e+02	1.92136156e-01
5.25500000e+02	1.90555772e-01
5.26500000e+02	1.89032125e-01
5.27500000e+02	1.87563361e-01
5.28500000e+02	1.86147676e-01
5.29500000e+02	1.84783311e-01
5.30500000e+02	1.83468552e-01
5.31500000e+02	1.82201736e-01
5.32500000e+02	1.80981242e-01
5.33500000e+02	1.79805495e-01
5.34500000e+02	1.78672967e-01
5.35500000e+02	1.77582170e-01
5.36500000e+02	1.76531664e-01
5.37500000e+02	1.75520049e-01
5.38500000e+02	1.74545968e-01
5.39500000e+02	1.73608105e-01
5.40500000e+02	1.72705185e-01
5.41500000e+02	1.71835972e-01
5.42500000e+02	1.70999268e-01
5.43500000e+02	1.70193916e-01
5.44500000e+02	1.69418792e-01
5.45500000e+02	1.68672812e-01
5.46500000e+02	1.67954925e-01
5.47500000e+02	1.67264115e-01
5.48500000e+02	1.66599400e-01
5.49500000e+02	1.65959830e-01
5.50500000e+02	1.65344488e-01
5.51500000e+02	1.64752488e-01
5.52500000e+02	1.64182971e-01
5.53500000e+02	1.63635112e-01
5.54500000e+02	1.63108112e-01
5.55500000e+02	1.62601198e-01
5.56500000e+02	1.62113627e-01
5.57500000e+02	1.61644681e-01
5.58500000e+02	1.61193665e-01
5.59500000e+02	1.60759912e-01
5.60500000e+02	1.60342775e-01
5.61500000e+02	1.59941634e-01
5.62500000e+02	1.59555888e-01
5.63500000e+02	1.59184958e-01
5.64500000e+02	1.58828287e-01
5.65500000e+02	1.58485337e-01
5.66500000e+02	1.58155590e-01
5.67500000e+02	1.57838547e-01
5.68500000e+02	1.57533728e-01
5.69500000e+02	1.57240667e-01
5.70500000e+02	1.56958919e-01
5.71500000e+02	1.56688054e-01
5.72500000e+02	1.56427658e-01
5.73500000e+02	1.56177331e-01
5.74500000e+02	1.55936690e-01
5.75500000e+02	1.55705364e-01
5.76500000e+02	1.55482998e-01
5.77500000e+02	1.55269248e-01
5.78500000e+02	1.55063785e-01
5.79500000e+02	1.54866291e-01
5.80500000e+02	1.54676459e-01
5.81500000e+02	1.54493996e-01
5.82500000e+02	1.54318619e-01
5.83500000e+02	1.54150054e-01
5.84500000e+02	1.53988040e-01
5.85500000e+02	1.53832324e-01
5.86500000e+02	1.53682664e-01
5.87500000e+02	1.53538825e-01
5.88500000e+02	1.53400584e-01
5.89500000e+02	1.53267723e-01
5.90500000e+02	1.53140036e-01
5.91500000e+02	1.53017321e-01
5.92500000e+02	1.52899387e-01
5.93500000e+02	1.52786048e-01
5.94500000e+02	1.52677127e-01
5.95500000e+02	1.52572451e-01
5.96500000e+02	1.52471858e-01
5.97500000e+02	1.52375188e-01
5.98500000e+02	1.52282289e-01
5.99500000e+02	1.52193015e-01
6.00500000e+02	1.52107224e-01
6.01500000e+02	1.52024783e-01
6.02500000e+02	1.51945559e-01
6.03500000e+02	1.51869430e-01
6.04500000e+02	1.51796273e-01
6.05500000e+02	1.51725974e-01
6.06500000e+02	1.51658421e-01
6.07500000e+02	1.51593507e-01
6.08500000e+02	1.51531130e-01
6.09500000e+02	1.51471190e-01
6.10500000e+02	1.51413594e-01
6.11500000e+02	1.51358249e-01
6.12500000e+02	1.51305067e-01
6.13500000e+02	1.51253965e-01
6.14500000e+02	1.51204862e-01
6.15500000e+02	1.51157679e-01
6.16500000e+02	1.51112341e-01
6.17500000e+02	1.51068777e-01
6.18500000e+02	1.51026917e-01
6.19500000e+02	1.50986694e-01
6.20500000e+02	1.50948046e-01
6.21500000e+02	1.50910909e-01
6.22500000e+02	1.50875227e-01
6.23500000e+02	1.50840940e-01
6.24500000e+02	1.50807996e-01
6.25500000e+02	1.50776341e-01
6.26500000e+02	1.50745925e-01
6.27500000e+02	1.50716700e-01
6.28500000e+02	1.50688619e-01
6.29500000e+02	1.50661637e-01
6.30500000e+02	1.50635712e-01
6.31500000e+02	1.50610802e-01
6.32500000e+02	1.50586868e-01
6.33500000e+02	1.50563871e-01
6.34500000e+02	1.50541774e-01
6.35500000e+02	1.50520543e-01
6.36500000e+02	1.50500144e-01
6.37500000e+02	1.50480543e-01
6.38500000e+02	1.50461710e-01
6.39500000e+02	1.50443615e-01
6.40500000e+02	1.50426229e-01
6.41500000e+02	1.50409524e-01
6.42500000e+02	1.50393473e-01
6.43500000e+02	1.50378051e-01
6.44500000e+02	1.50363233e-01
6.45500000e+02	1.50348996e-01
6.46500000e+02	1.50335317e-01
6.47500000e+02	1.50322174e-01
6.48500000e+02	1.50309545e-01
6.49500000e+02	1.50297412e-01
6.50500000e+02	1.50285754e-01
6.51500000e+02	1.50274553e-01
6.52500000e+02	1.50263790e-01
6.53500000e+02	1.50253450e-01
6.54500000e+02	1.50243514e-01
6.55500000e+02	1.50233969e-01
6.56500000e+02	1.50224797e-01
6.57500000e+02	1.50215984e-01
6.58500000e+02	1.50207518e-01
6.59500000e+02	1.50199382e-01
6.60500000e+02	1.50191566e-01
6.61500000e+02	1.50184056e-01
6.62500000e+02	1.50176841e-01
6.63500000e+02	1.50169908e-01
6.64500000e+02	1.50163247e-01
6.65500000e+02	1.50156847e-01
6.66500000e+02	1.50150698e-01
6.67500000e+02	1.50144790e-01
6.68500000e+02	1.50139113e-01
6.69500000e+02	1.50133660e-01
6.70500000e+02	1.50128419e-01
6.71500000e+02	1.50123385e-01
6.72500000e+02	1.50118547e-01
6.73500000e+02	1.50113900e-01
6.74500000e+02	1.50109434e-01
6.75500000e+02	1.50105143e-01
6.76500000e+02	1.50101021e-01
6.77500000e+02	1.50097060e-01
6.78500000e+02	1.50093255e-01
6.79500000e+02	1.50089599e-01
6.80500000e+02	1.50086086e-01
6.81500000e+02	1.50082711e-01
6.82500000e+02	1.50079468e-01
6.83500000e+02	1.50076352e-01
6.84500000e+02	1.50073359e-01
6.85500000e+02	1.50070482e-01
6.86500000e+02	1.50067719e-01
6.87500000e+02	1.50065064e-01
6.88500000e+02	1.50062513e-01
6.89500000e+02	1.50060062e-01
6.90500000e+02	1.50057707e-01
6.91500000e+02	1.50055444e-01
6.92500000e+02	1.50053270e-01
6.93500000e+02	1.50051183e-01
6.94500000e+02	1.50049179e-01
6.95500000e+02	1.50047266e-01
6.96500000e+02	1.50045466e-01
6.97500000e+02	1.50043851e-01
6.98500000e+02	1.50042583e-01
6.99500000e+02	1.50041806e-01
