# Profil de ElecX au temps 1.009999999999998e-12 
# simu : /Volumes/MERCURE/JOBS/Zeq2_tanh_50mic_7p5e19_B0_20ps/GNU/ElecX@y-c.set
# col 0 : abscisse (um)
# col 1 : ElecX (V/m)
0.00000000e+00	0.00000000e+00
1.00000000e+00	1.17674409e+02
2.00000000e+00	-3.60463053e+01
3.00000000e+00	-4.21102784e+01
4.00000000e+00	7.89357407e+00
5.00000000e+00	2.13156984e+00
6.00000000e+00	1.41188118e+00
7.00000000e+00	1.56622316e+00
8.00000000e+00	1.58390932e+00
9.00000000e+00	1.48496474e+00
1.00000000e+01	1.56297759e+00
1.10000000e+01	1.80175654e+00
1.20000000e+01	1.97385050e+00
1.30000000e+01	1.98211283e+00
1.40000000e+01	1.89161161e+00
1.50000000e+01	1.79240163e+00
1.60000000e+01	1.72684144e+00
1.70000000e+01	1.69965500e+00
1.80000000e+01	1.70258721e+00
1.90000000e+01	1.72441434e+00
2.00000000e+01	1.75322518e+00
2.10000000e+01	1.78116973e+00
2.20000000e+01	1.80827044e+00
2.30000000e+01	1.84125608e+00
2.40000000e+01	1.88777615e+00
2.50000000e+01	1.95171217e+00
2.60000000e+01	2.03223013e+00
2.70000000e+01	2.12551921e+00
2.80000000e+01	2.22717929e+00
2.90000000e+01	2.33393324e+00
3.00000000e+01	2.44376311e+00
3.10000000e+01	2.55604275e+00
3.20000000e+01	2.67068962e+00
3.30000000e+01	2.78805409e+00
3.40000000e+01	2.90855314e+00
3.50000000e+01	3.03265756e+00
3.60000000e+01	3.16071470e+00
3.70000000e+01	3.29312833e+00
3.80000000e+01	3.43019385e+00
3.90000000e+01	3.57222474e+00
4.00000000e+01	3.71955712e+00
4.10000000e+01	3.87247569e+00
4.20000000e+01	4.03131253e+00
4.30000000e+01	4.19638278e+00
4.40000000e+01	4.36800397e+00
4.50000000e+01	4.54651618e+00
4.60000000e+01	4.73220499e+00
4.70000000e+01	4.92544697e+00
4.80000000e+01	5.12649222e+00
4.90000000e+01	5.33575693e+00
5.00000000e+01	5.55354070e+00
5.10000000e+01	5.78018511e+00
5.20000000e+01	6.01609447e+00
5.30000000e+01	6.26160631e+00
5.40000000e+01	6.51716389e+00
5.50000000e+01	6.78312291e+00
5.60000000e+01	7.05995169e+00
5.70000000e+01	7.34807193e+00
5.80000000e+01	7.64794607e+00
5.90000000e+01	7.96008442e+00
6.00000000e+01	8.28492624e+00
6.10000000e+01	8.62303857e+00
6.20000000e+01	8.97497003e+00
6.30000000e+01	9.34122268e+00
6.40000000e+01	9.72245599e+00
6.50000000e+01	1.01192475e+01
6.60000000e+01	1.05322119e+01
6.70000000e+01	1.09620356e+01
6.80000000e+01	1.14093939e+01
6.90000000e+01	1.18750486e+01
7.00000000e+01	1.23596480e+01
7.10000000e+01	1.28640677e+01
7.20000000e+01	1.33890587e+01
7.30000000e+01	1.39354692e+01
7.40000000e+01	1.45041866e+01
7.50000000e+01	1.50961341e+01
7.60000000e+01	1.57121827e+01
7.70000000e+01	1.63534239e+01
7.80000000e+01	1.70208338e+01
7.90000000e+01	1.77154596e+01
8.00000000e+01	1.84384120e+01
8.10000000e+01	1.91909213e+01
8.20000000e+01	1.99741180e+01
8.30000000e+01	2.07892729e+01
8.40000000e+01	2.16376991e+01
8.50000000e+01	2.25207484e+01
8.60000000e+01	2.34398418e+01
8.70000000e+01	2.43964341e+01
8.80000000e+01	2.53920557e+01
8.90000000e+01	2.64283269e+01
9.00000000e+01	2.75068849e+01
9.10000000e+01	2.86294802e+01
9.20000000e+01	2.97978582e+01
9.30000000e+01	3.10139142e+01
9.40000000e+01	3.22796266e+01
9.50000000e+01	3.35969884e+01
9.60000000e+01	3.49680890e+01
9.70000000e+01	3.63951544e+01
9.80000000e+01	3.78804745e+01
9.90000000e+01	3.94263933e+01
1.00000000e+02	4.10354327e+01
1.01000000e+02	4.27100778e+01
1.02000000e+02	4.44531180e+01
1.03000000e+02	4.62672801e+01
1.04000000e+02	4.81554691e+01
1.05000000e+02	5.01207313e+01
1.06000000e+02	5.21661910e+01
1.07000000e+02	5.42951029e+01
1.08000000e+02	5.65109300e+01
1.09000000e+02	5.88171867e+01
1.10000000e+02	6.12175166e+01
1.11000000e+02	6.37158464e+01
1.12000000e+02	6.63161486e+01
1.13000000e+02	6.90225357e+01
1.14000000e+02	7.18393819e+01
1.15000000e+02	7.47711713e+01
1.16000000e+02	7.78226396e+01
1.17000000e+02	8.09986093e+01
1.18000000e+02	8.43042031e+01
1.19000000e+02	8.77446928e+01
1.20000000e+02	9.13255807e+01
1.21000000e+02	9.50526356e+01
1.22000000e+02	9.89317666e+01
1.23000000e+02	1.02969214e+02
1.24000000e+02	1.07171444e+02
1.25000000e+02	1.11545141e+02
1.26000000e+02	1.16097328e+02
1.27000000e+02	1.20835318e+02
1.28000000e+02	1.25766633e+02
1.29000000e+02	1.30899207e+02
1.30000000e+02	1.36241264e+02
1.31000000e+02	1.41801287e+02
1.32000000e+02	1.47588249e+02
1.33000000e+02	1.53611348e+02
1.34000000e+02	1.59880257e+02
1.35000000e+02	1.66405009e+02
1.36000000e+02	1.73196021e+02
1.37000000e+02	1.80264191e+02
1.38000000e+02	1.87620773e+02
1.39000000e+02	1.95277618e+02
1.40000000e+02	2.03246892e+02
1.41000000e+02	2.11541400e+02
1.42000000e+02	2.20174417e+02
1.43000000e+02	2.29159716e+02
1.44000000e+02	2.38511715e+02
1.45000000e+02	2.48245352e+02
1.46000000e+02	2.58376211e+02
1.47000000e+02	2.68920505e+02
1.48000000e+02	2.79895082e+02
1.49000000e+02	2.91317545e+02
1.50000000e+02	3.03206129e+02
1.51000000e+02	3.15579866e+02
1.52000000e+02	3.28458551e+02
1.53000000e+02	3.41862824e+02
1.54000000e+02	3.55814084e+02
1.55000000e+02	3.70334632e+02
1.56000000e+02	3.85447810e+02
1.57000000e+02	4.01177690e+02
1.58000000e+02	4.17549455e+02
1.59000000e+02	4.34589344e+02
1.60000000e+02	4.52324583e+02
1.61000000e+02	4.70783566e+02
1.62000000e+02	4.89995776e+02
1.63000000e+02	5.09991998e+02
1.64000000e+02	5.30804240e+02
1.65000000e+02	5.52465735e+02
1.66000000e+02	5.75011180e+02
1.67000000e+02	5.98476613e+02
1.68000000e+02	6.22899589e+02
1.69000000e+02	6.48319195e+02
1.70000000e+02	6.74776076e+02
1.71000000e+02	7.02312533e+02
1.72000000e+02	7.30972664e+02
1.73000000e+02	7.60802252e+02
1.74000000e+02	7.91849087e+02
1.75000000e+02	8.24162755e+02
1.76000000e+02	8.57795004e+02
1.77000000e+02	8.92799572e+02
1.78000000e+02	9.29232532e+02
1.79000000e+02	9.67152061e+02
1.80000000e+02	1.00661886e+03
1.81000000e+02	1.04769605e+03
1.82000000e+02	1.09044933e+03
1.83000000e+02	1.13494707e+03
1.84000000e+02	1.18126043e+03
1.85000000e+02	1.22946348e+03
1.86000000e+02	1.27963332e+03
1.87000000e+02	1.33185016e+03
1.88000000e+02	1.38619752e+03
1.89000000e+02	1.44276228e+03
1.90000000e+02	1.50163492e+03
1.91000000e+02	1.56290957e+03
1.92000000e+02	1.62668419e+03
1.93000000e+02	1.69306075e+03
1.94000000e+02	1.76214542e+03
1.95000000e+02	1.83404859e+03
1.96000000e+02	1.90888522e+03
1.97000000e+02	1.98677500e+03
1.98000000e+02	2.06784240e+03
1.99000000e+02	2.15221702e+03
2.00000000e+02	2.24003376e+03
2.01000000e+02	2.33143293e+03
2.02000000e+02	2.42656063e+03
2.03000000e+02	2.52556895e+03
2.04000000e+02	2.62861607e+03
2.05000000e+02	2.73586666e+03
2.06000000e+02	2.84749214e+03
2.07000000e+02	2.96367091e+03
2.08000000e+02	3.08458851e+03
2.09000000e+02	3.21043817e+03
2.10000000e+02	3.34142099e+03
2.11000000e+02	3.47774618e+03
2.12000000e+02	3.61963150e+03
2.13000000e+02	3.76730360e+03
2.14000000e+02	3.92099833e+03
2.15000000e+02	4.08096113e+03
2.16000000e+02	4.24744745e+03
2.17000000e+02	4.42072318e+03
2.18000000e+02	4.60106491e+03
2.19000000e+02	4.78876058e+03
2.20000000e+02	4.98410985e+03
2.21000000e+02	5.18742446e+03
2.22000000e+02	5.39902897e+03
2.23000000e+02	5.61926103e+03
2.24000000e+02	5.84847208e+03
2.25000000e+02	6.08702781e+03
2.26000000e+02	6.33530878e+03
2.27000000e+02	6.59371101e+03
2.28000000e+02	6.86264664e+03
2.29000000e+02	7.14254454e+03
2.30000000e+02	7.43385097e+03
2.31000000e+02	7.73703036e+03
2.32000000e+02	8.05256590e+03
2.33000000e+02	8.38096050e+03
2.34000000e+02	8.72273748e+03
2.35000000e+02	9.07844124e+03
2.36000000e+02	9.44863845e+03
2.37000000e+02	9.83391866e+03
2.38000000e+02	1.02348953e+04
2.39000000e+02	1.06522068e+04
2.40000000e+02	1.10865173e+04
2.41000000e+02	1.15385178e+04
2.42000000e+02	1.20089275e+04
2.43000000e+02	1.24984946e+04
2.44000000e+02	1.30079974e+04
2.45000000e+02	1.35382461e+04
2.46000000e+02	1.40900833e+04
2.47000000e+02	1.46643857e+04
2.48000000e+02	1.52620656e+04
2.49000000e+02	1.58840720e+04
2.50000000e+02	1.65313923e+04
2.51000000e+02	1.72050537e+04
2.52000000e+02	1.79061249e+04
2.53000000e+02	1.86357175e+04
2.54000000e+02	1.93949881e+04
2.55000000e+02	2.01851398e+04
2.56000000e+02	2.10074243e+04
2.57000000e+02	2.18631432e+04
2.58000000e+02	2.27536510e+04
2.59000000e+02	2.36803563e+04
2.60000000e+02	2.46447243e+04
2.61000000e+02	2.56482790e+04
2.62000000e+02	2.66926056e+04
2.63000000e+02	2.77793529e+04
2.64000000e+02	2.89102354e+04
2.65000000e+02	3.00870366e+04
2.66000000e+02	3.13116111e+04
2.67000000e+02	3.25858876e+04
2.68000000e+02	3.39118718e+04
2.69000000e+02	3.52916494e+04
2.70000000e+02	3.67273892e+04
2.71000000e+02	3.82213463e+04
2.72000000e+02	3.97758655e+04
2.73000000e+02	4.13933846e+04
2.74000000e+02	4.30764384e+04
2.75000000e+02	4.48276617e+04
2.76000000e+02	4.66497940e+04
2.77000000e+02	4.85456829e+04
2.78000000e+02	5.05182884e+04
2.79000000e+02	5.25706874e+04
2.80000000e+02	5.47060775e+04
2.81000000e+02	5.69277824e+04
2.82000000e+02	5.92392561e+04
2.83000000e+02	6.16440879e+04
2.84000000e+02	6.41460076e+04
2.85000000e+02	6.67488905e+04
2.86000000e+02	6.94567630e+04
2.87000000e+02	7.22738082e+04
2.88000000e+02	7.52043717e+04
2.89000000e+02	7.82529673e+04
2.90000000e+02	8.14242834e+04
2.91000000e+02	8.47231892e+04
2.92000000e+02	8.81547413e+04
2.93000000e+02	9.17241906e+04
2.94000000e+02	9.54369890e+04
2.95000000e+02	9.92987964e+04
2.96000000e+02	1.03315489e+05
2.97000000e+02	1.07493164e+05
2.98000000e+02	1.11838154e+05
2.99000000e+02	1.16357025e+05
3.00000000e+02	1.21056593e+05
3.01000000e+02	1.25943931e+05
3.02000000e+02	1.31026374e+05
3.03000000e+02	1.36311530e+05
3.04000000e+02	1.41807290e+05
3.05000000e+02	1.47521835e+05
3.06000000e+02	1.53463650e+05
3.07000000e+02	1.59641527e+05
3.08000000e+02	1.66064581e+05
3.09000000e+02	1.72742256e+05
3.10000000e+02	1.79684338e+05
3.11000000e+02	1.86900962e+05
3.12000000e+02	1.94402628e+05
3.13000000e+02	2.02200207e+05
3.14000000e+02	2.10304954e+05
3.15000000e+02	2.18728518e+05
3.16000000e+02	2.27482955e+05
3.17000000e+02	2.36580737e+05
3.18000000e+02	2.46034764e+05
3.19000000e+02	2.55858379e+05
3.20000000e+02	2.66065372e+05
3.21000000e+02	2.76669999e+05
3.22000000e+02	2.87686989e+05
3.23000000e+02	2.99131557e+05
3.24000000e+02	3.11019413e+05
3.25000000e+02	3.23366777e+05
3.26000000e+02	3.36190388e+05
3.27000000e+02	3.49507514e+05
3.28000000e+02	3.63335963e+05
3.29000000e+02	3.77694095e+05
3.30000000e+02	3.92600828e+05
3.31000000e+02	4.08075653e+05
3.32000000e+02	4.24138636e+05
3.33000000e+02	4.40810433e+05
3.34000000e+02	4.58112294e+05
3.35000000e+02	4.76066071e+05
3.36000000e+02	4.94694225e+05
3.37000000e+02	5.14019829e+05
3.38000000e+02	5.34066578e+05
3.39000000e+02	5.54858786e+05
3.40000000e+02	5.76421391e+05
3.41000000e+02	5.98779960e+05
3.42000000e+02	6.21960683e+05
3.43000000e+02	6.45990374e+05
3.44000000e+02	6.70896468e+05
3.45000000e+02	6.96707019e+05
3.46000000e+02	7.23450686e+05
3.47000000e+02	7.51156734e+05
3.48000000e+02	7.79855016e+05
3.49000000e+02	8.09575965e+05
3.50000000e+02	8.40350579e+05
3.51000000e+02	8.72210402e+05
3.52000000e+02	9.05187504e+05
3.53000000e+02	9.39314463e+05
3.54000000e+02	9.74624337e+05
3.55000000e+02	1.01115063e+06
3.56000000e+02	1.04892729e+06
3.57000000e+02	1.08798862e+06
3.58000000e+02	1.12836930e+06
3.59000000e+02	1.17010430e+06
3.60000000e+02	1.21322889e+06
3.61000000e+02	1.25777852e+06
3.62000000e+02	1.30378884e+06
3.63000000e+02	1.35129560e+06
3.64000000e+02	1.40033460e+06
3.65000000e+02	1.45094165e+06
3.66000000e+02	1.50315248e+06
3.67000000e+02	1.55700267e+06
3.68000000e+02	1.61252760e+06
3.69000000e+02	1.66976235e+06
3.70000000e+02	1.72874162e+06
3.71000000e+02	1.78949966e+06
3.72000000e+02	1.85207017e+06
3.73000000e+02	1.91648620e+06
3.74000000e+02	1.98278006e+06
3.75000000e+02	2.05098323e+06
3.76000000e+02	2.12112624e+06
3.77000000e+02	2.19323859e+06
3.78000000e+02	2.26734860e+06
3.79000000e+02	2.34348332e+06
3.80000000e+02	2.42166841e+06
3.81000000e+02	2.50192804e+06
3.82000000e+02	2.58428474e+06
3.83000000e+02	2.66875929e+06
3.84000000e+02	2.75537059e+06
3.85000000e+02	2.84413554e+06
3.86000000e+02	2.93506892e+06
3.87000000e+02	3.02818323e+06
3.88000000e+02	3.12348859e+06
3.89000000e+02	3.22099261e+06
3.90000000e+02	3.32070022e+06
3.91000000e+02	3.42261358e+06
3.92000000e+02	3.52673194e+06
3.93000000e+02	3.63305150e+06
3.94000000e+02	3.74156527e+06
3.95000000e+02	3.85226297e+06
3.96000000e+02	3.96513087e+06
3.97000000e+02	4.08015167e+06
3.98000000e+02	4.19730442e+06
3.99000000e+02	4.31656431e+06
4.00000000e+02	4.43790262e+06
4.01000000e+02	4.56128656e+06
4.02000000e+02	4.68667919e+06
4.03000000e+02	4.81403926e+06
4.04000000e+02	4.94332110e+06
4.05000000e+02	5.07447456e+06
4.06000000e+02	5.20744482e+06
4.07000000e+02	5.34217237e+06
4.08000000e+02	5.47859283e+06
4.09000000e+02	5.61663688e+06
4.10000000e+02	5.75623017e+06
4.11000000e+02	5.89729321e+06
4.12000000e+02	6.03974127e+06
4.13000000e+02	6.18348430e+06
4.14000000e+02	6.32842683e+06
4.15000000e+02	6.47446791e+06
4.16000000e+02	6.62150097e+06
4.17000000e+02	6.76941382e+06
4.18000000e+02	6.91808851e+06
4.19000000e+02	7.06740131e+06
4.20000000e+02	7.21722260e+06
4.21000000e+02	7.36741685e+06
4.22000000e+02	7.51784254e+06
4.23000000e+02	7.66835214e+06
4.24000000e+02	7.81879206e+06
4.25000000e+02	7.96900263e+06
4.26000000e+02	8.11881808e+06
4.27000000e+02	8.26806657e+06
4.28000000e+02	8.41657017e+06
4.29000000e+02	8.56414490e+06
4.30000000e+02	8.71060081e+06
4.31000000e+02	8.85574201e+06
4.32000000e+02	8.99936684e+06
4.33000000e+02	9.14126789e+06
4.34000000e+02	9.28123229e+06
4.35000000e+02	9.41904178e+06
4.36000000e+02	9.55447301e+06
4.37000000e+02	9.68729782e+06
4.38000000e+02	9.81728349e+06
4.39000000e+02	9.94419316e+06
4.40000000e+02	1.00677862e+07
4.41000000e+02	1.01878189e+07
4.42000000e+02	1.03040444e+07
4.43000000e+02	1.04162142e+07
4.44000000e+02	1.05240779e+07
4.45000000e+02	1.06273845e+07
4.46000000e+02	1.07258830e+07
4.47000000e+02	1.08193235e+07
4.48000000e+02	1.09074576e+07
4.49000000e+02	1.09900399e+07
4.50000000e+02	1.10668290e+07
4.51000000e+02	1.11375884e+07
4.52000000e+02	1.12020880e+07
4.53000000e+02	1.12601052e+07
4.54000000e+02	1.13114262e+07
4.55000000e+02	1.13558476e+07
4.56000000e+02	1.13931773e+07
4.57000000e+02	1.14232366e+07
4.58000000e+02	1.14458609e+07
4.59000000e+02	1.14609017e+07
4.60000000e+02	1.14682276e+07
4.61000000e+02	1.14677261e+07
4.62000000e+02	1.14593044e+07
4.63000000e+02	1.14428909e+07
4.64000000e+02	1.14184363e+07
4.65000000e+02	1.13859148e+07
4.66000000e+02	1.13453246e+07
4.67000000e+02	1.12966889e+07
4.68000000e+02	1.12400566e+07
4.69000000e+02	1.11755021e+07
4.70000000e+02	1.11031263e+07
4.71000000e+02	1.10230560e+07
4.72000000e+02	1.09354437e+07
4.73000000e+02	1.08404675e+07
4.74000000e+02	1.07383300e+07
4.75000000e+02	1.06292575e+07
4.76000000e+02	1.05134990e+07
4.77000000e+02	1.03913248e+07
4.78000000e+02	1.02630249e+07
4.79000000e+02	1.01289073e+07
4.80000000e+02	9.98929629e+06
4.81000000e+02	9.84453022e+06
4.82000000e+02	9.69495957e+06
4.83000000e+02	9.54094471e+06
4.84000000e+02	9.38285369e+06
4.85000000e+02	9.22105995e+06
4.86000000e+02	9.05594013e+06
4.87000000e+02	8.88787184e+06
4.88000000e+02	8.71723151e+06
4.89000000e+02	8.54439236e+06
4.90000000e+02	8.36972245e+06
4.91000000e+02	8.19358285e+06
4.92000000e+02	8.01632601e+06
4.93000000e+02	7.83829421e+06
4.94000000e+02	7.65981827e+06
4.95000000e+02	7.48121634e+06
4.96000000e+02	7.30279289e+06
4.97000000e+02	7.12483797e+06
4.98000000e+02	6.94762646e+06
4.99000000e+02	6.77141768e+06
5.00000000e+02	6.59645497e+06
5.01000000e+02	6.42296558e+06
5.02000000e+02	6.25116057e+06
5.03000000e+02	6.08123492e+06
5.04000000e+02	5.91336767e+06
5.05000000e+02	5.74772223e+06
5.06000000e+02	5.58444675e+06
5.07000000e+02	5.42367452e+06
5.08000000e+02	5.26552449e+06
5.09000000e+02	5.11010180e+06
5.10000000e+02	4.95749839e+06
5.11000000e+02	4.80779354e+06
5.12000000e+02	4.66105459e+06
5.13000000e+02	4.51733752e+06
5.14000000e+02	4.37668760e+06
5.15000000e+02	4.23914007e+06
5.16000000e+02	4.10472074e+06
5.17000000e+02	3.97344666e+06
5.18000000e+02	3.84532669e+06
5.19000000e+02	3.72036217e+06
5.20000000e+02	3.59854742e+06
5.21000000e+02	3.47987036e+06
5.22000000e+02	3.36431303e+06
5.23000000e+02	3.25185208e+06
5.24000000e+02	3.14245931e+06
5.25000000e+02	3.03610212e+06
5.26000000e+02	2.93274391e+06
5.27000000e+02	2.83234457e+06
5.28000000e+02	2.73486081e+06
5.29000000e+02	2.64024659e+06
5.30000000e+02	2.54845340e+06
5.31000000e+02	2.45943064e+06
5.32000000e+02	2.37312592e+06
5.33000000e+02	2.28948531e+06
5.34000000e+02	2.20845363e+06
5.35000000e+02	2.12997467e+06
5.36000000e+02	2.05399145e+06
5.37000000e+02	1.98044640e+06
5.38000000e+02	1.90928155e+06
5.39000000e+02	1.84043872e+06
5.40000000e+02	1.77385968e+06
5.41000000e+02	1.70948627e+06
5.42000000e+02	1.64726058e+06
5.43000000e+02	1.58712501e+06
5.44000000e+02	1.52902244e+06
5.45000000e+02	1.47289626e+06
5.46000000e+02	1.41869053e+06
5.47000000e+02	1.36635001e+06
5.48000000e+02	1.31582023e+06
5.49000000e+02	1.26704757e+06
5.50000000e+02	1.21997930e+06
5.51000000e+02	1.17456362e+06
5.52000000e+02	1.13074973e+06
5.53000000e+02	1.08848780e+06
5.54000000e+02	1.04772907e+06
5.55000000e+02	1.00842581e+06
5.56000000e+02	9.70531387e+05
5.57000000e+02	9.34000238e+05
5.58000000e+02	8.98787898e+05
5.59000000e+02	8.64851001e+05
5.60000000e+02	8.32147284e+05
5.61000000e+02	8.00635578e+05
5.62000000e+02	7.70275814e+05
5.63000000e+02	7.41029008e+05
5.64000000e+02	7.12857258e+05
5.65000000e+02	6.85723728e+05
5.66000000e+02	6.59592641e+05
5.67000000e+02	6.34429262e+05
5.68000000e+02	6.10199884e+05
5.69000000e+02	5.86871810e+05
5.70000000e+02	5.64413337e+05
5.71000000e+02	5.42793738e+05
5.72000000e+02	5.21983241e+05
5.73000000e+02	5.01953012e+05
5.74000000e+02	4.82675135e+05
5.75000000e+02	4.64122588e+05
5.76000000e+02	4.46269226e+05
5.77000000e+02	4.29089759e+05
5.78000000e+02	4.12559729e+05
5.79000000e+02	3.96655492e+05
5.80000000e+02	3.81354196e+05
5.81000000e+02	3.66633757e+05
5.82000000e+02	3.52472842e+05
5.83000000e+02	3.38850848e+05
5.84000000e+02	3.25747876e+05
5.85000000e+02	3.13144718e+05
5.86000000e+02	3.01022833e+05
5.87000000e+02	2.89364326e+05
5.88000000e+02	2.78151932e+05
5.89000000e+02	2.67368995e+05
5.90000000e+02	2.56999446e+05
5.91000000e+02	2.47027793e+05
5.92000000e+02	2.37439094e+05
5.93000000e+02	2.28218943e+05
5.94000000e+02	2.19353455e+05
5.95000000e+02	2.10829245e+05
5.96000000e+02	2.02633413e+05
5.97000000e+02	1.94753530e+05
5.98000000e+02	1.87177619e+05
5.99000000e+02	1.79894142e+05
6.00000000e+02	1.72891985e+05
6.01000000e+02	1.66160443e+05
6.02000000e+02	1.59689205e+05
6.03000000e+02	1.53468343e+05
6.04000000e+02	1.47488295e+05
6.05000000e+02	1.41739857e+05
6.06000000e+02	1.36214166e+05
6.07000000e+02	1.30902691e+05
6.08000000e+02	1.25797219e+05
6.09000000e+02	1.20889845e+05
6.10000000e+02	1.16172962e+05
6.11000000e+02	1.11639248e+05
6.12000000e+02	1.07281658e+05
6.13000000e+02	1.03093410e+05
6.14000000e+02	9.90679820e+04
6.15000000e+02	9.51990963e+04
6.16000000e+02	9.14807142e+04
6.17000000e+02	8.79070262e+04
6.18000000e+02	8.44724431e+04
6.19000000e+02	8.11715889e+04
6.20000000e+02	7.79992922e+04
6.21000000e+02	7.49505789e+04
6.22000000e+02	7.20206647e+04
6.23000000e+02	6.92049484e+04
6.24000000e+02	6.64990048e+04
6.25000000e+02	6.38985781e+04
6.26000000e+02	6.13995757e+04
6.27000000e+02	5.89980621e+04
6.28000000e+02	5.66902530e+04
6.29000000e+02	5.44725094e+04
6.30000000e+02	5.23413323e+04
6.31000000e+02	5.02933576e+04
6.32000000e+02	4.83253507e+04
6.33000000e+02	4.64342015e+04
6.34000000e+02	4.46169201e+04
6.35000000e+02	4.28706321e+04
6.36000000e+02	4.11925739e+04
6.37000000e+02	3.95800889e+04
6.38000000e+02	3.80306231e+04
6.39000000e+02	3.65417213e+04
6.40000000e+02	3.51110236e+04
6.41000000e+02	3.37362613e+04
6.42000000e+02	3.24152536e+04
6.43000000e+02	3.11459044e+04
6.44000000e+02	2.99261987e+04
6.45000000e+02	2.87541998e+04
6.46000000e+02	2.76280463e+04
6.47000000e+02	2.65459490e+04
6.48000000e+02	2.55061880e+04
6.49000000e+02	2.45071105e+04
6.50000000e+02	2.35471280e+04
6.51000000e+02	2.26247135e+04
6.52000000e+02	2.17383998e+04
6.53000000e+02	2.08867763e+04
6.54000000e+02	2.00684877e+04
6.55000000e+02	1.92822314e+04
6.56000000e+02	1.85267555e+04
6.57000000e+02	1.78008567e+04
6.58000000e+02	1.71033790e+04
6.59000000e+02	1.64332110e+04
6.60000000e+02	1.57892849e+04
6.61000000e+02	1.51705746e+04
6.62000000e+02	1.45760937e+04
6.63000000e+02	1.40048947e+04
6.64000000e+02	1.34560667e+04
6.65000000e+02	1.29287347e+04
6.66000000e+02	1.24220575e+04
6.67000000e+02	1.19352269e+04
6.68000000e+02	1.14674665e+04
6.69000000e+02	1.10180298e+04
6.70000000e+02	1.05861996e+04
6.71000000e+02	1.01712870e+04
6.72000000e+02	9.77262953e+03
6.73000000e+02	9.38959107e+03
6.74000000e+02	9.02156003e+03
6.75000000e+02	8.66794883e+03
6.76000000e+02	8.32819257e+03
6.77000000e+02	8.00174804e+03
6.78000000e+02	7.68809170e+03
6.79000000e+02	7.38671641e+03
6.80000000e+02	7.09712417e+03
6.81000000e+02	6.81880920e+03
6.82000000e+02	6.55122100e+03
6.83000000e+02	6.29368697e+03
6.84000000e+02	6.04526447e+03
6.85000000e+02	5.80449078e+03
6.86000000e+02	5.56902617e+03
6.87000000e+02	5.33527148e+03
6.88000000e+02	5.09818790e+03
6.89000000e+02	4.85167283e+03
6.90000000e+02	4.58973227e+03
6.91000000e+02	4.30813292e+03
6.92000000e+02	4.00542469e+03
6.93000000e+02	3.68209782e+03
6.94000000e+02	3.33785385e+03
6.95000000e+02	2.96835780e+03
6.96000000e+02	2.56280006e+03
6.97000000e+02	2.10847899e+03
6.98000000e+02	1.53650029e+03
6.99000000e+02	8.71918416e+02
7.00000000e+02	0.00000000e+00
