# Profil de ElecX au temps 1.800999999999969e-11 
# simu : /Volumes/MERCURE/JOBS/Zeq2_tanh_50mic_7p5e19_B0_20ps/GNU/ElecX@y-c.set
# col 0 : abscisse (um)
# col 1 : ElecX (V/m)
0.00000000e+00	0.00000000e+00
1.00000000e+00	6.10402281e+03
2.00000000e+00	7.48240261e+03
3.00000000e+00	1.09988175e+04
4.00000000e+00	1.60518963e+04
5.00000000e+00	1.99210024e+04
6.00000000e+00	2.38827534e+04
7.00000000e+00	2.78598051e+04
8.00000000e+00	3.18387148e+04
9.00000000e+00	3.58154137e+04
1.00000000e+01	3.97937825e+04
1.10000000e+01	4.37709249e+04
1.20000000e+01	4.77483039e+04
1.30000000e+01	5.17235680e+04
1.40000000e+01	5.56989425e+04
1.50000000e+01	5.96746710e+04
1.60000000e+01	6.36480560e+04
1.70000000e+01	6.76211457e+04
1.80000000e+01	7.15952597e+04
1.90000000e+01	7.55652723e+04
2.00000000e+01	7.95372233e+04
2.10000000e+01	8.35079651e+04
2.20000000e+01	8.74762926e+04
2.30000000e+01	9.14448225e+04
2.40000000e+01	9.54122786e+04
2.50000000e+01	9.93791714e+04
2.60000000e+01	1.03343400e+05
2.70000000e+01	1.07307797e+05
2.80000000e+01	1.11270822e+05
2.90000000e+01	1.15232944e+05
3.00000000e+01	1.19193080e+05
3.10000000e+01	1.23152135e+05
3.20000000e+01	1.27110282e+05
3.30000000e+01	1.31066928e+05
3.40000000e+01	1.35022689e+05
3.50000000e+01	1.38975600e+05
3.60000000e+01	1.42928395e+05
3.70000000e+01	1.46879231e+05
3.80000000e+01	1.50828797e+05
3.90000000e+01	1.54777029e+05
4.00000000e+01	1.58722602e+05
4.10000000e+01	1.62667710e+05
4.20000000e+01	1.66610977e+05
4.30000000e+01	1.70552347e+05
4.40000000e+01	1.74492698e+05
4.50000000e+01	1.78430091e+05
4.60000000e+01	1.82366859e+05
4.70000000e+01	1.86301683e+05
4.80000000e+01	1.90234653e+05
4.90000000e+01	1.94166044e+05
5.00000000e+01	1.98095421e+05
5.10000000e+01	2.02022775e+05
5.20000000e+01	2.05948880e+05
5.30000000e+01	2.09872808e+05
5.40000000e+01	2.13794996e+05
5.50000000e+01	2.17715537e+05
5.60000000e+01	2.21633804e+05
5.70000000e+01	2.25550263e+05
5.80000000e+01	2.29465000e+05
5.90000000e+01	2.33377878e+05
6.00000000e+01	2.37288791e+05
6.10000000e+01	2.41198042e+05
6.20000000e+01	2.45105112e+05
6.30000000e+01	2.49009951e+05
6.40000000e+01	2.52913544e+05
6.50000000e+01	2.56814988e+05
6.60000000e+01	2.60714532e+05
6.70000000e+01	2.64612223e+05
6.80000000e+01	2.68508211e+05
6.90000000e+01	2.72401723e+05
7.00000000e+01	2.76293945e+05
7.10000000e+01	2.80184060e+05
7.20000000e+01	2.84072506e+05
7.30000000e+01	2.87958993e+05
7.40000000e+01	2.91843755e+05
7.50000000e+01	2.95727064e+05
7.60000000e+01	2.99607609e+05
7.70000000e+01	3.03487222e+05
7.80000000e+01	3.07365001e+05
7.90000000e+01	3.11240968e+05
8.00000000e+01	3.15115414e+05
8.10000000e+01	3.18988251e+05
8.20000000e+01	3.22857521e+05
8.30000000e+01	3.26728454e+05
8.40000000e+01	3.30596593e+05
8.50000000e+01	3.34463072e+05
8.60000000e+01	3.38328329e+05
8.70000000e+01	3.42191770e+05
8.80000000e+01	3.46054083e+05
8.90000000e+01	3.49915013e+05
9.00000000e+01	3.53774834e+05
9.10000000e+01	3.57633092e+05
9.20000000e+01	3.61490161e+05
9.30000000e+01	3.65346382e+05
9.40000000e+01	3.69201386e+05
9.50000000e+01	3.73055417e+05
9.60000000e+01	3.76908485e+05
9.70000000e+01	3.80760717e+05
9.80000000e+01	3.84612022e+05
9.90000000e+01	3.88462808e+05
1.00000000e+02	3.92312631e+05
1.01000000e+02	3.96161743e+05
1.02000000e+02	4.00010714e+05
1.03000000e+02	4.03859158e+05
1.04000000e+02	4.07707019e+05
1.05000000e+02	4.11554630e+05
1.06000000e+02	4.15402341e+05
1.07000000e+02	4.19249515e+05
1.08000000e+02	4.23096955e+05
1.09000000e+02	4.26944548e+05
1.10000000e+02	4.30791834e+05
1.11000000e+02	4.34640225e+05
1.12000000e+02	4.38487864e+05
1.13000000e+02	4.42337061e+05
1.14000000e+02	4.46186141e+05
1.15000000e+02	4.50036452e+05
1.16000000e+02	4.53886981e+05
1.17000000e+02	4.57739180e+05
1.18000000e+02	4.61591628e+05
1.19000000e+02	4.65446152e+05
1.20000000e+02	4.69301168e+05
1.21000000e+02	4.73158172e+05
1.22000000e+02	4.77016604e+05
1.23000000e+02	4.80876576e+05
1.24000000e+02	4.84738907e+05
1.25000000e+02	4.88602574e+05
1.26000000e+02	4.92468832e+05
1.27000000e+02	4.96337526e+05
1.28000000e+02	5.00208159e+05
1.29000000e+02	5.04081893e+05
1.30000000e+02	5.07958331e+05
1.31000000e+02	5.11837418e+05
1.32000000e+02	5.15719939e+05
1.33000000e+02	5.19605758e+05
1.34000000e+02	5.23494945e+05
1.35000000e+02	5.27387687e+05
1.36000000e+02	5.31284537e+05
1.37000000e+02	5.35185351e+05
1.38000000e+02	5.39090352e+05
1.39000000e+02	5.42999638e+05
1.40000000e+02	5.46913874e+05
1.41000000e+02	5.50832824e+05
1.42000000e+02	5.54756732e+05
1.43000000e+02	5.58685949e+05
1.44000000e+02	5.62620692e+05
1.45000000e+02	5.66561181e+05
1.46000000e+02	5.70507231e+05
1.47000000e+02	5.74458349e+05
1.48000000e+02	5.78419357e+05
1.49000000e+02	5.82385022e+05
1.50000000e+02	5.86357693e+05
1.51000000e+02	5.90337277e+05
1.52000000e+02	5.94324554e+05
1.53000000e+02	5.98319498e+05
1.54000000e+02	6.02322100e+05
1.55000000e+02	6.06333590e+05
1.56000000e+02	6.10352613e+05
1.57000000e+02	6.14381250e+05
1.58000000e+02	6.18418257e+05
1.59000000e+02	6.22465173e+05
1.60000000e+02	6.26521071e+05
1.61000000e+02	6.30587567e+05
1.62000000e+02	6.34664030e+05
1.63000000e+02	6.38751158e+05
1.64000000e+02	6.42849402e+05
1.65000000e+02	6.46958288e+05
1.66000000e+02	6.51079193e+05
1.67000000e+02	6.55212065e+05
1.68000000e+02	6.59356566e+05
1.69000000e+02	6.63514130e+05
1.70000000e+02	6.67684520e+05
1.71000000e+02	6.71868006e+05
1.72000000e+02	6.76065121e+05
1.73000000e+02	6.80276155e+05
1.74000000e+02	6.84501502e+05
1.75000000e+02	6.88741871e+05
1.76000000e+02	6.92997009e+05
1.77000000e+02	6.97267965e+05
1.78000000e+02	7.01554564e+05
1.79000000e+02	7.05857448e+05
1.80000000e+02	7.10176870e+05
1.81000000e+02	7.14513777e+05
1.82000000e+02	7.18867972e+05
1.83000000e+02	7.23240307e+05
1.84000000e+02	7.27631066e+05
1.85000000e+02	7.32040618e+05
1.86000000e+02	7.36469479e+05
1.87000000e+02	7.40918080e+05
1.88000000e+02	7.45386810e+05
1.89000000e+02	7.49876264e+05
1.90000000e+02	7.54386654e+05
1.91000000e+02	7.58918702e+05
1.92000000e+02	7.63472891e+05
1.93000000e+02	7.68049383e+05
1.94000000e+02	7.72649128e+05
1.95000000e+02	7.77271710e+05
1.96000000e+02	7.81919222e+05
1.97000000e+02	7.86591178e+05
1.98000000e+02	7.91288031e+05
1.99000000e+02	7.96010157e+05
2.00000000e+02	8.00758699e+05
2.01000000e+02	8.05533509e+05
2.02000000e+02	8.10335724e+05
2.03000000e+02	8.15165617e+05
2.04000000e+02	8.20023555e+05
2.05000000e+02	8.24910520e+05
2.06000000e+02	8.29826838e+05
2.07000000e+02	8.34772873e+05
2.08000000e+02	8.39749642e+05
2.09000000e+02	8.44757437e+05
2.10000000e+02	8.49796872e+05
2.11000000e+02	8.54868571e+05
2.12000000e+02	8.59973231e+05
2.13000000e+02	8.65111332e+05
2.14000000e+02	8.70283562e+05
2.15000000e+02	8.75490409e+05
2.16000000e+02	8.80732688e+05
2.17000000e+02	8.86010944e+05
2.18000000e+02	8.91325780e+05
2.19000000e+02	8.96677911e+05
2.20000000e+02	9.02067875e+05
2.21000000e+02	9.07496463e+05
2.22000000e+02	9.12964289e+05
2.23000000e+02	9.18472003e+05
2.24000000e+02	9.24020253e+05
2.25000000e+02	9.29609809e+05
2.26000000e+02	9.35241360e+05
2.27000000e+02	9.40915454e+05
2.28000000e+02	9.46632946e+05
2.29000000e+02	9.52394604e+05
2.30000000e+02	9.58200921e+05
2.31000000e+02	9.64052889e+05
2.32000000e+02	9.69950882e+05
2.33000000e+02	9.75896050e+05
2.34000000e+02	9.81888730e+05
2.35000000e+02	9.87930065e+05
2.36000000e+02	9.94020480e+05
2.37000000e+02	1.00016098e+06
2.38000000e+02	1.00635223e+06
2.39000000e+02	1.01259494e+06
2.40000000e+02	1.01889008e+06
2.41000000e+02	1.02523832e+06
2.42000000e+02	1.03164045e+06
2.43000000e+02	1.03809738e+06
2.44000000e+02	1.04460988e+06
2.45000000e+02	1.05117871e+06
2.46000000e+02	1.05780476e+06
2.47000000e+02	1.06448886e+06
2.48000000e+02	1.07123185e+06
2.49000000e+02	1.07803457e+06
2.50000000e+02	1.08489791e+06
2.51000000e+02	1.09182275e+06
2.52000000e+02	1.09880994e+06
2.53000000e+02	1.10586039e+06
2.54000000e+02	1.11297498e+06
2.55000000e+02	1.12015462e+06
2.56000000e+02	1.12740020e+06
2.57000000e+02	1.13471269e+06
2.58000000e+02	1.14209302e+06
2.59000000e+02	1.14954207e+06
2.60000000e+02	1.15706080e+06
2.61000000e+02	1.16465023e+06
2.62000000e+02	1.17231128e+06
2.63000000e+02	1.18004491e+06
2.64000000e+02	1.18785215e+06
2.65000000e+02	1.19573395e+06
2.66000000e+02	1.20369136e+06
2.67000000e+02	1.21172538e+06
2.68000000e+02	1.21983702e+06
2.69000000e+02	1.22802731e+06
2.70000000e+02	1.23629731e+06
2.71000000e+02	1.24464806e+06
2.72000000e+02	1.25308064e+06
2.73000000e+02	1.26159611e+06
2.74000000e+02	1.27019556e+06
2.75000000e+02	1.27888009e+06
2.76000000e+02	1.28765080e+06
2.77000000e+02	1.29650882e+06
2.78000000e+02	1.30545527e+06
2.79000000e+02	1.31449129e+06
2.80000000e+02	1.32361804e+06
2.81000000e+02	1.33283668e+06
2.82000000e+02	1.34214838e+06
2.83000000e+02	1.35155434e+06
2.84000000e+02	1.36105574e+06
2.85000000e+02	1.37065381e+06
2.86000000e+02	1.38034977e+06
2.87000000e+02	1.39014484e+06
2.88000000e+02	1.40004028e+06
2.89000000e+02	1.41003735e+06
2.90000000e+02	1.42013732e+06
2.91000000e+02	1.43034147e+06
2.92000000e+02	1.44065110e+06
2.93000000e+02	1.45106752e+06
2.94000000e+02	1.46159204e+06
2.95000000e+02	1.47222602e+06
2.96000000e+02	1.48297079e+06
2.97000000e+02	1.49382771e+06
2.98000000e+02	1.50479816e+06
2.99000000e+02	1.51588353e+06
3.00000000e+02	1.52708521e+06
3.01000000e+02	1.53840461e+06
3.02000000e+02	1.54984316e+06
3.03000000e+02	1.56140230e+06
3.04000000e+02	1.57308348e+06
3.05000000e+02	1.58488817e+06
3.06000000e+02	1.59681783e+06
3.07000000e+02	1.60887396e+06
3.08000000e+02	1.62105807e+06
3.09000000e+02	1.63337166e+06
3.10000000e+02	1.64581627e+06
3.11000000e+02	1.65839342e+06
3.12000000e+02	1.67110469e+06
3.13000000e+02	1.68395162e+06
3.14000000e+02	1.69693580e+06
3.15000000e+02	1.71005882e+06
3.16000000e+02	1.72332227e+06
3.17000000e+02	1.73672777e+06
3.18000000e+02	1.75027694e+06
3.19000000e+02	1.76397141e+06
3.20000000e+02	1.77781283e+06
3.21000000e+02	1.79180286e+06
3.22000000e+02	1.80594316e+06
3.23000000e+02	1.82023540e+06
3.24000000e+02	1.83468128e+06
3.25000000e+02	1.84928249e+06
3.26000000e+02	1.86404073e+06
3.27000000e+02	1.87895771e+06
3.28000000e+02	1.89403516e+06
3.29000000e+02	1.90927480e+06
3.30000000e+02	1.92467837e+06
3.31000000e+02	1.94024761e+06
3.32000000e+02	1.95598428e+06
3.33000000e+02	1.97189011e+06
3.34000000e+02	1.98796689e+06
3.35000000e+02	2.00421636e+06
3.36000000e+02	2.02064031e+06
3.37000000e+02	2.03724050e+06
3.38000000e+02	2.05401871e+06
3.39000000e+02	2.07097672e+06
3.40000000e+02	2.08811630e+06
3.41000000e+02	2.10543923e+06
3.42000000e+02	2.12294730e+06
3.43000000e+02	2.14064229e+06
3.44000000e+02	2.15852597e+06
3.45000000e+02	2.17660011e+06
3.46000000e+02	2.19486649e+06
3.47000000e+02	2.21332687e+06
3.48000000e+02	2.23198301e+06
3.49000000e+02	2.25083667e+06
3.50000000e+02	2.26988960e+06
3.51000000e+02	2.28914354e+06
3.52000000e+02	2.30860020e+06
3.53000000e+02	2.32826132e+06
3.54000000e+02	2.34812860e+06
3.55000000e+02	2.36820373e+06
3.56000000e+02	2.38848840e+06
3.57000000e+02	2.40898427e+06
3.58000000e+02	2.42969297e+06
3.59000000e+02	2.45061616e+06
3.60000000e+02	2.47175542e+06
3.61000000e+02	2.49311236e+06
3.62000000e+02	2.51468854e+06
3.63000000e+02	2.53648549e+06
3.64000000e+02	2.55850474e+06
3.65000000e+02	2.58074777e+06
3.66000000e+02	2.60321605e+06
3.67000000e+02	2.62591101e+06
3.68000000e+02	2.64883404e+06
3.69000000e+02	2.67198652e+06
3.70000000e+02	2.69536976e+06
3.71000000e+02	2.71898507e+06
3.72000000e+02	2.74283369e+06
3.73000000e+02	2.76691685e+06
3.74000000e+02	2.79123571e+06
3.75000000e+02	2.81579140e+06
3.76000000e+02	2.84058500e+06
3.77000000e+02	2.86561755e+06
3.78000000e+02	2.89089001e+06
3.79000000e+02	2.91640334e+06
3.80000000e+02	2.94215840e+06
3.81000000e+02	2.96815602e+06
3.82000000e+02	2.99439695e+06
3.83000000e+02	3.02088190e+06
3.84000000e+02	3.04761152e+06
3.85000000e+02	3.07458638e+06
3.86000000e+02	3.10180699e+06
3.87000000e+02	3.12927380e+06
3.88000000e+02	3.15698719e+06
3.89000000e+02	3.18494744e+06
3.90000000e+02	3.21315480e+06
3.91000000e+02	3.24160942e+06
3.92000000e+02	3.27031137e+06
3.93000000e+02	3.29926064e+06
3.94000000e+02	3.32845716e+06
3.95000000e+02	3.35790075e+06
3.96000000e+02	3.38759115e+06
3.97000000e+02	3.41752802e+06
3.98000000e+02	3.44771094e+06
3.99000000e+02	3.47813937e+06
4.00000000e+02	3.50881270e+06
4.01000000e+02	3.53973022e+06
4.02000000e+02	3.57089113e+06
4.03000000e+02	3.60229452e+06
4.04000000e+02	3.63393939e+06
4.05000000e+02	3.66582463e+06
4.06000000e+02	3.69794905e+06
4.07000000e+02	3.73031132e+06
4.08000000e+02	3.76291004e+06
4.09000000e+02	3.79574369e+06
4.10000000e+02	3.82881064e+06
4.11000000e+02	3.86210917e+06
4.12000000e+02	3.89563743e+06
4.13000000e+02	3.92939347e+06
4.14000000e+02	3.96337522e+06
4.15000000e+02	3.99758053e+06
4.16000000e+02	4.03200710e+06
4.17000000e+02	4.06665255e+06
4.18000000e+02	4.10151436e+06
4.19000000e+02	4.13658992e+06
4.20000000e+02	4.17187649e+06
4.21000000e+02	4.20737124e+06
4.22000000e+02	4.24307121e+06
4.23000000e+02	4.27897333e+06
4.24000000e+02	4.31507441e+06
4.25000000e+02	4.35137116e+06
4.26000000e+02	4.38786018e+06
4.27000000e+02	4.42453795e+06
4.28000000e+02	4.46140084e+06
4.29000000e+02	4.49844511e+06
4.30000000e+02	4.53566690e+06
4.31000000e+02	4.57306225e+06
4.32000000e+02	4.61062710e+06
4.33000000e+02	4.64835726e+06
4.34000000e+02	4.68624844e+06
4.35000000e+02	4.72429624e+06
4.36000000e+02	4.76249615e+06
4.37000000e+02	4.80084356e+06
4.38000000e+02	4.83933374e+06
4.39000000e+02	4.87796187e+06
4.40000000e+02	4.91672300e+06
4.41000000e+02	4.95561209e+06
4.42000000e+02	4.99462397e+06
4.43000000e+02	5.03375338e+06
4.44000000e+02	5.07299495e+06
4.45000000e+02	5.11234318e+06
4.46000000e+02	5.15179248e+06
4.47000000e+02	5.19133712e+06
4.48000000e+02	5.23097127e+06
4.49000000e+02	5.27068899e+06
4.50000000e+02	5.31048419e+06
4.51000000e+02	5.35035067e+06
4.52000000e+02	5.39028210e+06
4.53000000e+02	5.43027202e+06
4.54000000e+02	5.47031382e+06
4.55000000e+02	5.51040075e+06
4.56000000e+02	5.55052592e+06
4.57000000e+02	5.59068227e+06
4.58000000e+02	5.63086257e+06
4.59000000e+02	5.67105944e+06
4.60000000e+02	5.71126530e+06
4.61000000e+02	5.75147239e+06
4.62000000e+02	5.79167273e+06
4.63000000e+02	5.83185817e+06
4.64000000e+02	5.87202028e+06
4.65000000e+02	5.91215044e+06
4.66000000e+02	5.95223977e+06
4.67000000e+02	5.99227912e+06
4.68000000e+02	6.03225905e+06
4.69000000e+02	6.07216986e+06
4.70000000e+02	6.11200151e+06
4.71000000e+02	6.15174365e+06
4.72000000e+02	6.19138558e+06
4.73000000e+02	6.23091623e+06
4.74000000e+02	6.27032417e+06
4.75000000e+02	6.30959753e+06
4.76000000e+02	6.34872405e+06
4.77000000e+02	6.38769102e+06
4.78000000e+02	6.42648525e+06
4.79000000e+02	6.46509306e+06
4.80000000e+02	6.50350029e+06
4.81000000e+02	6.54169223e+06
4.82000000e+02	6.57965360e+06
4.83000000e+02	6.61736857e+06
4.84000000e+02	6.65482068e+06
4.85000000e+02	6.69199289e+06
4.86000000e+02	6.72886747e+06
4.87000000e+02	6.76542607e+06
4.88000000e+02	6.80164960e+06
4.89000000e+02	6.83751833e+06
4.90000000e+02	6.87301174e+06
4.91000000e+02	6.90810862e+06
4.92000000e+02	6.94278697e+06
4.93000000e+02	6.97702404e+06
4.94000000e+02	7.01079627e+06
4.95000000e+02	7.04407933e+06
4.96000000e+02	7.07684808e+06
4.97000000e+02	7.10907655e+06
4.98000000e+02	7.14073799e+06
4.99000000e+02	7.17180482e+06
5.00000000e+02	7.20224866e+06
5.01000000e+02	7.23204033e+06
5.02000000e+02	7.26114986e+06
5.03000000e+02	7.28954651e+06
5.04000000e+02	7.31719880e+06
5.05000000e+02	7.34407450e+06
5.06000000e+02	7.37014072e+06
5.07000000e+02	7.39536387e+06
5.08000000e+02	7.41970978e+06
5.09000000e+02	7.44314369e+06
5.10000000e+02	7.46563032e+06
5.11000000e+02	7.48713393e+06
5.12000000e+02	7.50761841e+06
5.13000000e+02	7.52704729e+06
5.14000000e+02	7.54538389e+06
5.15000000e+02	7.56259137e+06
5.16000000e+02	7.57863280e+06
5.17000000e+02	7.59347131e+06
5.18000000e+02	7.60707014e+06
5.19000000e+02	7.61939281e+06
5.20000000e+02	7.63040317e+06
5.21000000e+02	7.64006558e+06
5.22000000e+02	7.64834499e+06
5.23000000e+02	7.65520712e+06
5.24000000e+02	7.66061856e+06
5.25000000e+02	7.66454691e+06
5.26000000e+02	7.66696094e+06
5.27000000e+02	7.66783073e+06
5.28000000e+02	7.66712781e+06
5.29000000e+02	7.66482531e+06
5.30000000e+02	7.66089809e+06
5.31000000e+02	7.65532292e+06
5.32000000e+02	7.64807858e+06
5.33000000e+02	7.63914602e+06
5.34000000e+02	7.62850849e+06
5.35000000e+02	7.61615164e+06
5.36000000e+02	7.60206370e+06
5.37000000e+02	7.58623550e+06
5.38000000e+02	7.56866065e+06
5.39000000e+02	7.54933559e+06
5.40000000e+02	7.52825966e+06
5.41000000e+02	7.50543520e+06
5.42000000e+02	7.48086755e+06
5.43000000e+02	7.45456513e+06
5.44000000e+02	7.42653945e+06
5.45000000e+02	7.39680509e+06
5.46000000e+02	7.36537973e+06
5.47000000e+02	7.33228409e+06
5.48000000e+02	7.29754189e+06
5.49000000e+02	7.26117982e+06
5.50000000e+02	7.22322744e+06
5.51000000e+02	7.18371709e+06
5.52000000e+02	7.14268378e+06
5.53000000e+02	7.10016510e+06
5.54000000e+02	7.05620106e+06
5.55000000e+02	7.01083394e+06
5.56000000e+02	6.96410816e+06
5.57000000e+02	6.91607011e+06
5.58000000e+02	6.86676793e+06
5.59000000e+02	6.81625141e+06
5.60000000e+02	6.76457173e+06
5.61000000e+02	6.71178129e+06
5.62000000e+02	6.65793355e+06
5.63000000e+02	6.60308279e+06
5.64000000e+02	6.54728391e+06
5.65000000e+02	6.49059231e+06
5.66000000e+02	6.43306359e+06
5.67000000e+02	6.37475347e+06
5.68000000e+02	6.31571751e+06
5.69000000e+02	6.25601102e+06
5.70000000e+02	6.19568885e+06
5.71000000e+02	6.13480523e+06
5.72000000e+02	6.07341364e+06
5.73000000e+02	6.01156664e+06
5.74000000e+02	5.94931577e+06
5.75000000e+02	5.88671142e+06
5.76000000e+02	5.82380272e+06
5.77000000e+02	5.76063744e+06
5.78000000e+02	5.69726191e+06
5.79000000e+02	5.63372093e+06
5.80000000e+02	5.57005773e+06
5.81000000e+02	5.50631390e+06
5.82000000e+02	5.44252935e+06
5.83000000e+02	5.37874226e+06
5.84000000e+02	5.31498908e+06
5.85000000e+02	5.25130452e+06
5.86000000e+02	5.18772150e+06
5.87000000e+02	5.12427121e+06
5.88000000e+02	5.06098306e+06
5.89000000e+02	4.99788475e+06
5.90000000e+02	4.93500225e+06
5.91000000e+02	4.87235985e+06
5.92000000e+02	4.80998019e+06
5.93000000e+02	4.74788427e+06
5.94000000e+02	4.68609154e+06
5.95000000e+02	4.62461990e+06
5.96000000e+02	4.56348578e+06
5.97000000e+02	4.50270415e+06
5.98000000e+02	4.44228862e+06
5.99000000e+02	4.38225146e+06
6.00000000e+02	4.32260365e+06
6.01000000e+02	4.26335497e+06
6.02000000e+02	4.20451401e+06
6.03000000e+02	4.14608826e+06
6.04000000e+02	4.08808414e+06
6.05000000e+02	4.03050709e+06
6.06000000e+02	3.97336157e+06
6.07000000e+02	3.91665116e+06
6.08000000e+02	3.86037858e+06
6.09000000e+02	3.80454577e+06
6.10000000e+02	3.74915391e+06
6.11000000e+02	3.69420349e+06
6.12000000e+02	3.63969435e+06
6.13000000e+02	3.58562571e+06
6.14000000e+02	3.53199623e+06
6.15000000e+02	3.47880405e+06
6.16000000e+02	3.42604683e+06
6.17000000e+02	3.37372177e+06
6.18000000e+02	3.32182566e+06
6.19000000e+02	3.27035490e+06
6.20000000e+02	3.21930556e+06
6.21000000e+02	3.16867340e+06
6.22000000e+02	3.11845387e+06
6.23000000e+02	3.06864220e+06
6.24000000e+02	3.01923340e+06
6.25000000e+02	2.97022224e+06
6.26000000e+02	2.92160333e+06
6.27000000e+02	2.87337105e+06
6.28000000e+02	2.82551962e+06
6.29000000e+02	2.77804316e+06
6.30000000e+02	2.73093566e+06
6.31000000e+02	2.68419111e+06
6.32000000e+02	2.63780346e+06
6.33000000e+02	2.59176663e+06
6.34000000e+02	2.54607443e+06
6.35000000e+02	2.50072058e+06
6.36000000e+02	2.45569864e+06
6.37000000e+02	2.41100220e+06
6.38000000e+02	2.36662479e+06
6.39000000e+02	2.32256012e+06
6.40000000e+02	2.27880193e+06
6.41000000e+02	2.23534402e+06
6.42000000e+02	2.19218021e+06
6.43000000e+02	2.14930426e+06
6.44000000e+02	2.10670984e+06
6.45000000e+02	2.06439063e+06
6.46000000e+02	2.02234041e+06
6.47000000e+02	1.98055300e+06
6.48000000e+02	1.93902239e+06
6.49000000e+02	1.89774251e+06
6.50000000e+02	1.85670743e+06
6.51000000e+02	1.81591129e+06
6.52000000e+02	1.77534840e+06
6.53000000e+02	1.73501301e+06
6.54000000e+02	1.69489923e+06
6.55000000e+02	1.65500104e+06
6.56000000e+02	1.61531271e+06
6.57000000e+02	1.57582880e+06
6.58000000e+02	1.53654396e+06
6.59000000e+02	1.49745261e+06
6.60000000e+02	1.45854924e+06
6.61000000e+02	1.41982854e+06
6.62000000e+02	1.38128529e+06
6.63000000e+02	1.34291413e+06
6.64000000e+02	1.30470965e+06
6.65000000e+02	1.26666676e+06
6.66000000e+02	1.22878048e+06
6.67000000e+02	1.19104578e+06
6.68000000e+02	1.15345748e+06
6.69000000e+02	1.11601072e+06
6.70000000e+02	1.07870057e+06
6.71000000e+02	1.04152215e+06
6.72000000e+02	1.00447068e+06
6.73000000e+02	9.67541464e+05
6.74000000e+02	9.30729630e+05
6.75000000e+02	8.94030592e+05
6.76000000e+02	8.57439535e+05
6.77000000e+02	8.20951808e+05
6.78000000e+02	7.84562796e+05
6.79000000e+02	7.48267823e+05
6.80000000e+02	7.12062422e+05
6.81000000e+02	6.75941924e+05
6.82000000e+02	6.39901879e+05
6.83000000e+02	6.03937814e+05
6.84000000e+02	5.68045307e+05
6.85000000e+02	5.32219997e+05
6.86000000e+02	4.96457459e+05
6.87000000e+02	4.60753456e+05
6.88000000e+02	4.25103712e+05
6.89000000e+02	3.89503772e+05
6.90000000e+02	3.53949788e+05
6.91000000e+02	3.18437388e+05
6.92000000e+02	2.82961769e+05
6.93000000e+02	2.47519158e+05
6.94000000e+02	2.12106174e+05
6.95000000e+02	1.76718497e+05
6.96000000e+02	1.41352453e+05
6.97000000e+02	1.06128269e+05
6.98000000e+02	7.03851871e+04
6.99000000e+02	3.54849735e+04
7.00000000e+02	0.00000000e+00
