# Profil de FluxX au temps 1.800999999999969e-11 
# simu : /Volumes/MERCURE/JOBS/Zeq2_tanh_50mic_7p5e19_B0_20ps/GNU/FluxX@y-c.set
# col 0 : abscisse (um)
# col 1 : FluxX (W/cm2)
0.00000000e+00	0.00000000e+00
1.00000000e+00	1.11137978e+10
2.00000000e+00	2.22270231e+10
3.00000000e+00	3.33395609e+10
4.00000000e+00	4.44505301e+10
5.00000000e+00	5.55596031e+10
6.00000000e+00	6.66663372e+10
7.00000000e+00	7.77702638e+10
8.00000000e+00	8.88709174e+10
9.00000000e+00	9.99678313e+10
1.00000000e+01	1.11060545e+11
1.10000000e+01	1.22148593e+11
1.20000000e+01	1.33231512e+11
1.30000000e+01	1.44308840e+11
1.40000000e+01	1.55380117e+11
1.50000000e+01	1.66444884e+11
1.60000000e+01	1.77502679e+11
1.70000000e+01	1.88553048e+11
1.80000000e+01	1.99595535e+11
1.90000000e+01	2.10629682e+11
2.00000000e+01	2.21655038e+11
2.10000000e+01	2.32671151e+11
2.20000000e+01	2.43677567e+11
2.30000000e+01	2.54673840e+11
2.40000000e+01	2.65659523e+11
2.50000000e+01	2.76634168e+11
2.60000000e+01	2.87597331e+11
2.70000000e+01	2.98548572e+11
2.80000000e+01	3.09487450e+11
2.90000000e+01	3.20413528e+11
3.00000000e+01	3.31326367e+11
3.10000000e+01	3.42225535e+11
3.20000000e+01	3.53110602e+11
3.30000000e+01	3.63981138e+11
3.40000000e+01	3.74836716e+11
3.50000000e+01	3.85676911e+11
3.60000000e+01	3.96501302e+11
3.70000000e+01	4.07309471e+11
3.80000000e+01	4.18101000e+11
3.90000000e+01	4.28875477e+11
4.00000000e+01	4.39632489e+11
4.10000000e+01	4.50371630e+11
4.20000000e+01	4.61092495e+11
4.30000000e+01	4.71794682e+11
4.40000000e+01	4.82477791e+11
4.50000000e+01	4.93141427e+11
4.60000000e+01	5.03785198e+11
4.70000000e+01	5.14408716e+11
4.80000000e+01	5.25011593e+11
4.90000000e+01	5.35593447e+11
5.00000000e+01	5.46153899e+11
5.10000000e+01	5.56692575e+11
5.20000000e+01	5.67209101e+11
5.30000000e+01	5.77703111e+11
5.40000000e+01	5.88174240e+11
5.50000000e+01	5.98622126e+11
5.60000000e+01	6.09046412e+11
5.70000000e+01	6.19446747e+11
5.80000000e+01	6.29822780e+11
5.90000000e+01	6.40174167e+11
6.00000000e+01	6.50500565e+11
6.10000000e+01	6.60801640e+11
6.20000000e+01	6.71077057e+11
6.30000000e+01	6.81326486e+11
6.40000000e+01	6.91549606e+11
6.50000000e+01	7.01746094e+11
6.60000000e+01	7.11915636e+11
6.70000000e+01	7.22057920e+11
6.80000000e+01	7.32172638e+11
6.90000000e+01	7.42259488e+11
7.00000000e+01	7.52318173e+11
7.10000000e+01	7.62348399e+11
7.20000000e+01	7.72349878e+11
7.30000000e+01	7.82322324e+11
7.40000000e+01	7.92265460e+11
7.50000000e+01	8.02179010e+11
7.60000000e+01	8.12062703e+11
7.70000000e+01	8.21916277e+11
7.80000000e+01	8.31739471e+11
7.90000000e+01	8.41532029e+11
8.00000000e+01	8.51293702e+11
8.10000000e+01	8.61024243e+11
8.20000000e+01	8.70723412e+11
8.30000000e+01	8.80390983e+11
8.40000000e+01	8.90026719e+11
8.50000000e+01	8.99630394e+11
8.60000000e+01	9.09201791e+11
8.70000000e+01	9.18740691e+11
8.80000000e+01	9.28246890e+11
8.90000000e+01	9.37720180e+11
9.00000000e+01	9.47160366e+11
9.10000000e+01	9.56567252e+11
9.20000000e+01	9.65940650e+11
9.30000000e+01	9.75280381e+11
9.40000000e+01	9.84586265e+11
9.50000000e+01	9.93858132e+11
9.60000000e+01	1.00309582e+12
9.70000000e+01	1.01229916e+12
9.80000000e+01	1.02146800e+12
9.90000000e+01	1.03060219e+12
1.00000000e+02	1.03970159e+12
1.01000000e+02	1.04876606e+12
1.02000000e+02	1.05779547e+12
1.03000000e+02	1.06678969e+12
1.04000000e+02	1.07574861e+12
1.05000000e+02	1.08467209e+12
1.06000000e+02	1.09356004e+12
1.07000000e+02	1.10241236e+12
1.08000000e+02	1.11122893e+12
1.09000000e+02	1.12000968e+12
1.10000000e+02	1.12875452e+12
1.11000000e+02	1.13746335e+12
1.12000000e+02	1.14613612e+12
1.13000000e+02	1.15477275e+12
1.14000000e+02	1.16337318e+12
1.15000000e+02	1.17193734e+12
1.16000000e+02	1.18046520e+12
1.17000000e+02	1.18895671e+12
1.18000000e+02	1.19741182e+12
1.19000000e+02	1.20583050e+12
1.20000000e+02	1.21421273e+12
1.21000000e+02	1.22255848e+12
1.22000000e+02	1.23086774e+12
1.23000000e+02	1.23914050e+12
1.24000000e+02	1.24737675e+12
1.25000000e+02	1.25557651e+12
1.26000000e+02	1.26373977e+12
1.27000000e+02	1.27186656e+12
1.28000000e+02	1.27995689e+12
1.29000000e+02	1.28801079e+12
1.30000000e+02	1.29602829e+12
1.31000000e+02	1.30400943e+12
1.32000000e+02	1.31195426e+12
1.33000000e+02	1.31986283e+12
1.34000000e+02	1.32773520e+12
1.35000000e+02	1.33557142e+12
1.36000000e+02	1.34337157e+12
1.37000000e+02	1.35113573e+12
1.38000000e+02	1.35886396e+12
1.39000000e+02	1.36655637e+12
1.40000000e+02	1.37421304e+12
1.41000000e+02	1.38183408e+12
1.42000000e+02	1.38941959e+12
1.43000000e+02	1.39696967e+12
1.44000000e+02	1.40448445e+12
1.45000000e+02	1.41196406e+12
1.46000000e+02	1.41940861e+12
1.47000000e+02	1.42681825e+12
1.48000000e+02	1.43419313e+12
1.49000000e+02	1.44153338e+12
1.50000000e+02	1.44883916e+12
1.51000000e+02	1.45611062e+12
1.52000000e+02	1.46334794e+12
1.53000000e+02	1.47055127e+12
1.54000000e+02	1.47772080e+12
1.55000000e+02	1.48485670e+12
1.56000000e+02	1.49195917e+12
1.57000000e+02	1.49902840e+12
1.58000000e+02	1.50606458e+12
1.59000000e+02	1.51306790e+12
1.60000000e+02	1.52003856e+12
1.61000000e+02	1.52697681e+12
1.62000000e+02	1.53388286e+12
1.63000000e+02	1.54075695e+12
1.64000000e+02	1.54759930e+12
1.65000000e+02	1.55441016e+12
1.66000000e+02	1.56118976e+12
1.67000000e+02	1.56793835e+12
1.68000000e+02	1.57465619e+12
1.69000000e+02	1.58134353e+12
1.70000000e+02	1.58800064e+12
1.71000000e+02	1.59462777e+12
1.72000000e+02	1.60122522e+12
1.73000000e+02	1.60779323e+12
1.74000000e+02	1.61433211e+12
1.75000000e+02	1.62084213e+12
1.76000000e+02	1.62732360e+12
1.77000000e+02	1.63377680e+12
1.78000000e+02	1.64020205e+12
1.79000000e+02	1.64659963e+12
1.80000000e+02	1.65296984e+12
1.81000000e+02	1.65931302e+12
1.82000000e+02	1.66562949e+12
1.83000000e+02	1.67191957e+12
1.84000000e+02	1.67818359e+12
1.85000000e+02	1.68442189e+12
1.86000000e+02	1.69063479e+12
1.87000000e+02	1.69682265e+12
1.88000000e+02	1.70298580e+12
1.89000000e+02	1.70912460e+12
1.90000000e+02	1.71523939e+12
1.91000000e+02	1.72133052e+12
1.92000000e+02	1.72739835e+12
1.93000000e+02	1.73344325e+12
1.94000000e+02	1.73946558e+12
1.95000000e+02	1.74546569e+12
1.96000000e+02	1.75144397e+12
1.97000000e+02	1.75740079e+12
1.98000000e+02	1.76333651e+12
1.99000000e+02	1.76925152e+12
2.00000000e+02	1.77514620e+12
2.01000000e+02	1.78102092e+12
2.02000000e+02	1.78687608e+12
2.03000000e+02	1.79271206e+12
2.04000000e+02	1.79852924e+12
2.05000000e+02	1.80432802e+12
2.06000000e+02	1.81010879e+12
2.07000000e+02	1.81587195e+12
2.08000000e+02	1.82161788e+12
2.09000000e+02	1.82734698e+12
2.10000000e+02	1.83305966e+12
2.11000000e+02	1.83875630e+12
2.12000000e+02	1.84443732e+12
2.13000000e+02	1.85010310e+12
2.14000000e+02	1.85575405e+12
2.15000000e+02	1.86139058e+12
2.16000000e+02	1.86701307e+12
2.17000000e+02	1.87262193e+12
2.18000000e+02	1.87821757e+12
2.19000000e+02	1.88380039e+12
2.20000000e+02	1.88937078e+12
2.21000000e+02	1.89492915e+12
2.22000000e+02	1.90047590e+12
2.23000000e+02	1.90601142e+12
2.24000000e+02	1.91153612e+12
2.25000000e+02	1.91705039e+12
2.26000000e+02	1.92255464e+12
2.27000000e+02	1.92804924e+12
2.28000000e+02	1.93353461e+12
2.29000000e+02	1.93901113e+12
2.30000000e+02	1.94447919e+12
2.31000000e+02	1.94993918e+12
2.32000000e+02	1.95539149e+12
2.33000000e+02	1.96083650e+12
2.34000000e+02	1.96627459e+12
2.35000000e+02	1.97170615e+12
2.36000000e+02	1.97713155e+12
2.37000000e+02	1.98255116e+12
2.38000000e+02	1.98796536e+12
2.39000000e+02	1.99337452e+12
2.40000000e+02	1.99877900e+12
2.41000000e+02	2.00417916e+12
2.42000000e+02	2.00957537e+12
2.43000000e+02	2.01496797e+12
2.44000000e+02	2.02035732e+12
2.45000000e+02	2.02574377e+12
2.46000000e+02	2.03112766e+12
2.47000000e+02	2.03650932e+12
2.48000000e+02	2.04188911e+12
2.49000000e+02	2.04726734e+12
2.50000000e+02	2.05264434e+12
2.51000000e+02	2.05802044e+12
2.52000000e+02	2.06339594e+12
2.53000000e+02	2.06877118e+12
2.54000000e+02	2.07414644e+12
2.55000000e+02	2.07952204e+12
2.56000000e+02	2.08489827e+12
2.57000000e+02	2.09027542e+12
2.58000000e+02	2.09565378e+12
2.59000000e+02	2.10103364e+12
2.60000000e+02	2.10641525e+12
2.61000000e+02	2.11179890e+12
2.62000000e+02	2.11718485e+12
2.63000000e+02	2.12257335e+12
2.64000000e+02	2.12796466e+12
2.65000000e+02	2.13335902e+12
2.66000000e+02	2.13875667e+12
2.67000000e+02	2.14415785e+12
2.68000000e+02	2.14956277e+12
2.69000000e+02	2.15497166e+12
2.70000000e+02	2.16038473e+12
2.71000000e+02	2.16580218e+12
2.72000000e+02	2.17122422e+12
2.73000000e+02	2.17665104e+12
2.74000000e+02	2.18208282e+12
2.75000000e+02	2.18751974e+12
2.76000000e+02	2.19296197e+12
2.77000000e+02	2.19840968e+12
2.78000000e+02	2.20386301e+12
2.79000000e+02	2.20932212e+12
2.80000000e+02	2.21478715e+12
2.81000000e+02	2.22025823e+12
2.82000000e+02	2.22573549e+12
2.83000000e+02	2.23121904e+12
2.84000000e+02	2.23670899e+12
2.85000000e+02	2.24220545e+12
2.86000000e+02	2.24770850e+12
2.87000000e+02	2.25321824e+12
2.88000000e+02	2.25873474e+12
2.89000000e+02	2.26425806e+12
2.90000000e+02	2.26978827e+12
2.91000000e+02	2.27532541e+12
2.92000000e+02	2.28086954e+12
2.93000000e+02	2.28642068e+12
2.94000000e+02	2.29197886e+12
2.95000000e+02	2.29754410e+12
2.96000000e+02	2.30311640e+12
2.97000000e+02	2.30869576e+12
2.98000000e+02	2.31428217e+12
2.99000000e+02	2.31987561e+12
3.00000000e+02	2.32547604e+12
3.01000000e+02	2.33108344e+12
3.02000000e+02	2.33669775e+12
3.03000000e+02	2.34231891e+12
3.04000000e+02	2.34794685e+12
3.05000000e+02	2.35358150e+12
3.06000000e+02	2.35922277e+12
3.07000000e+02	2.36487056e+12
3.08000000e+02	2.37052476e+12
3.09000000e+02	2.37618524e+12
3.10000000e+02	2.38185189e+12
3.11000000e+02	2.38752457e+12
3.12000000e+02	2.39320311e+12
3.13000000e+02	2.39888736e+12
3.14000000e+02	2.40457715e+12
3.15000000e+02	2.41027229e+12
3.16000000e+02	2.41597259e+12
3.17000000e+02	2.42167784e+12
3.18000000e+02	2.42738782e+12
3.19000000e+02	2.43310231e+12
3.20000000e+02	2.43882106e+12
3.21000000e+02	2.44454382e+12
3.22000000e+02	2.45027032e+12
3.23000000e+02	2.45600029e+12
3.24000000e+02	2.46173343e+12
3.25000000e+02	2.46746944e+12
3.26000000e+02	2.47320801e+12
3.27000000e+02	2.47894881e+12
3.28000000e+02	2.48469150e+12
3.29000000e+02	2.49043572e+12
3.30000000e+02	2.49618110e+12
3.31000000e+02	2.50192726e+12
3.32000000e+02	2.50767381e+12
3.33000000e+02	2.51342033e+12
3.34000000e+02	2.51916641e+12
3.35000000e+02	2.52491160e+12
3.36000000e+02	2.53065545e+12
3.37000000e+02	2.53639749e+12
3.38000000e+02	2.54213724e+12
3.39000000e+02	2.54787420e+12
3.40000000e+02	2.55360786e+12
3.41000000e+02	2.55933769e+12
3.42000000e+02	2.56506314e+12
3.43000000e+02	2.57078366e+12
3.44000000e+02	2.57649866e+12
3.45000000e+02	2.58220756e+12
3.46000000e+02	2.58790975e+12
3.47000000e+02	2.59360459e+12
3.48000000e+02	2.59929144e+12
3.49000000e+02	2.60496964e+12
3.50000000e+02	2.61063852e+12
3.51000000e+02	2.61629738e+12
3.52000000e+02	2.62194549e+12
3.53000000e+02	2.62758214e+12
3.54000000e+02	2.63320657e+12
3.55000000e+02	2.63881801e+12
3.56000000e+02	2.64441568e+12
3.57000000e+02	2.64999875e+12
3.58000000e+02	2.65556642e+12
3.59000000e+02	2.66111784e+12
3.60000000e+02	2.66665213e+12
3.61000000e+02	2.67216841e+12
3.62000000e+02	2.67766578e+12
3.63000000e+02	2.68314332e+12
3.64000000e+02	2.68860007e+12
3.65000000e+02	2.69403508e+12
3.66000000e+02	2.69944735e+12
3.67000000e+02	2.70483587e+12
3.68000000e+02	2.71019962e+12
3.69000000e+02	2.71553755e+12
3.70000000e+02	2.72084858e+12
3.71000000e+02	2.72613162e+12
3.72000000e+02	2.73138556e+12
3.73000000e+02	2.73660926e+12
3.74000000e+02	2.74180155e+12
3.75000000e+02	2.74696126e+12
3.76000000e+02	2.75208718e+12
3.77000000e+02	2.75717808e+12
3.78000000e+02	2.76223273e+12
3.79000000e+02	2.76724984e+12
3.80000000e+02	2.77222812e+12
3.81000000e+02	2.77716625e+12
3.82000000e+02	2.78206290e+12
3.83000000e+02	2.78691670e+12
3.84000000e+02	2.79172627e+12
3.85000000e+02	2.79649019e+12
3.86000000e+02	2.80120705e+12
3.87000000e+02	2.80587537e+12
3.88000000e+02	2.81049369e+12
3.89000000e+02	2.81506050e+12
3.90000000e+02	2.81957429e+12
3.91000000e+02	2.82403351e+12
3.92000000e+02	2.82843658e+12
3.93000000e+02	2.83278192e+12
3.94000000e+02	2.83706792e+12
3.95000000e+02	2.84129294e+12
3.96000000e+02	2.84545532e+12
3.97000000e+02	2.84955339e+12
3.98000000e+02	2.85358544e+12
3.99000000e+02	2.85754976e+12
4.00000000e+02	2.86144459e+12
4.01000000e+02	2.86526818e+12
4.02000000e+02	2.86901874e+12
4.03000000e+02	2.87269446e+12
4.04000000e+02	2.87629353e+12
4.05000000e+02	2.87981410e+12
4.06000000e+02	2.88325430e+12
4.07000000e+02	2.88661225e+12
4.08000000e+02	2.88988606e+12
4.09000000e+02	2.89307380e+12
4.10000000e+02	2.89617355e+12
4.11000000e+02	2.89918335e+12
4.12000000e+02	2.90210123e+12
4.13000000e+02	2.90492521e+12
4.14000000e+02	2.90765329e+12
4.15000000e+02	2.91028347e+12
4.16000000e+02	2.91281371e+12
4.17000000e+02	2.91524198e+12
4.18000000e+02	2.91756622e+12
4.19000000e+02	2.91978438e+12
4.20000000e+02	2.92189438e+12
4.21000000e+02	2.92389415e+12
4.22000000e+02	2.92578157e+12
4.23000000e+02	2.92755457e+12
4.24000000e+02	2.92921103e+12
4.25000000e+02	2.93074884e+12
4.26000000e+02	2.93216587e+12
4.27000000e+02	2.93346001e+12
4.28000000e+02	2.93462912e+12
4.29000000e+02	2.93567109e+12
4.30000000e+02	2.93658377e+12
4.31000000e+02	2.93736503e+12
4.32000000e+02	2.93801275e+12
4.33000000e+02	2.93852479e+12
4.34000000e+02	2.93889904e+12
4.35000000e+02	2.93913335e+12
4.36000000e+02	2.93922563e+12
4.37000000e+02	2.93917376e+12
4.38000000e+02	2.93897562e+12
4.39000000e+02	2.93862914e+12
4.40000000e+02	2.93813222e+12
4.41000000e+02	2.93748280e+12
4.42000000e+02	2.93667880e+12
4.43000000e+02	2.93571818e+12
4.44000000e+02	2.93459892e+12
4.45000000e+02	2.93331899e+12
4.46000000e+02	2.93187639e+12
4.47000000e+02	2.93026914e+12
4.48000000e+02	2.92849530e+12
4.49000000e+02	2.92655290e+12
4.50000000e+02	2.92444005e+12
4.51000000e+02	2.92215485e+12
4.52000000e+02	2.91969543e+12
4.53000000e+02	2.91705995e+12
4.54000000e+02	2.91424661e+12
4.55000000e+02	2.91125362e+12
4.56000000e+02	2.90807923e+12
4.57000000e+02	2.90472173e+12
4.58000000e+02	2.90117942e+12
4.59000000e+02	2.89745066e+12
4.60000000e+02	2.89353383e+12
4.61000000e+02	2.88942736e+12
4.62000000e+02	2.88512972e+12
4.63000000e+02	2.88063940e+12
4.64000000e+02	2.87595495e+12
4.65000000e+02	2.87107497e+12
4.66000000e+02	2.86599808e+12
4.67000000e+02	2.86072297e+12
4.68000000e+02	2.85524837e+12
4.69000000e+02	2.84957305e+12
4.70000000e+02	2.84369584e+12
4.71000000e+02	2.83761563e+12
4.72000000e+02	2.83133135e+12
4.73000000e+02	2.82484199e+12
4.74000000e+02	2.81814660e+12
4.75000000e+02	2.81124428e+12
4.76000000e+02	2.80413421e+12
4.77000000e+02	2.79681560e+12
4.78000000e+02	2.78928776e+12
4.79000000e+02	2.78155004e+12
4.80000000e+02	2.77360187e+12
4.81000000e+02	2.76544275e+12
4.82000000e+02	2.75707224e+12
4.83000000e+02	2.74848998e+12
4.84000000e+02	2.73969568e+12
4.85000000e+02	2.73068915e+12
4.86000000e+02	2.72147025e+12
4.87000000e+02	2.71203893e+12
4.88000000e+02	2.70239524e+12
4.89000000e+02	2.69253929e+12
4.90000000e+02	2.68247130e+12
4.91000000e+02	2.67219157e+12
4.92000000e+02	2.66170049e+12
4.93000000e+02	2.65099857e+12
4.94000000e+02	2.64008637e+12
4.95000000e+02	2.62896460e+12
4.96000000e+02	2.61763405e+12
4.97000000e+02	2.60609562e+12
4.98000000e+02	2.59435030e+12
4.99000000e+02	2.58239922e+12
5.00000000e+02	2.57024361e+12
5.01000000e+02	2.55788481e+12
5.02000000e+02	2.54532429e+12
5.03000000e+02	2.53256363e+12
5.04000000e+02	2.51960455e+12
5.05000000e+02	2.50644887e+12
5.06000000e+02	2.49309857e+12
5.07000000e+02	2.47955573e+12
5.08000000e+02	2.46582258e+12
5.09000000e+02	2.45190148e+12
5.10000000e+02	2.43779493e+12
5.11000000e+02	2.42350557e+12
5.12000000e+02	2.40903617e+12
5.13000000e+02	2.39438965e+12
5.14000000e+02	2.37956906e+12
5.15000000e+02	2.36457762e+12
5.16000000e+02	2.34941866e+12
5.17000000e+02	2.33409568e+12
5.18000000e+02	2.31861231e+12
5.19000000e+02	2.30297232e+12
5.20000000e+02	2.28717964e+12
5.21000000e+02	2.27123832e+12
5.22000000e+02	2.25515257e+12
5.23000000e+02	2.23892673e+12
5.24000000e+02	2.22256527e+12
5.25000000e+02	2.20607279e+12
5.26000000e+02	2.18945403e+12
5.27000000e+02	2.17271386e+12
5.28000000e+02	2.15585726e+12
5.29000000e+02	2.13888931e+12
5.30000000e+02	2.12181524e+12
5.31000000e+02	2.10464035e+12
5.32000000e+02	2.08737006e+12
5.33000000e+02	2.07000986e+12
5.34000000e+02	2.05256536e+12
5.35000000e+02	2.03504220e+12
5.36000000e+02	2.01744612e+12
5.37000000e+02	1.99978291e+12
5.38000000e+02	1.98205842e+12
5.39000000e+02	1.96427852e+12
5.40000000e+02	1.94644913e+12
5.41000000e+02	1.92857618e+12
5.42000000e+02	1.91066562e+12
5.43000000e+02	1.89272339e+12
5.44000000e+02	1.87475543e+12
5.45000000e+02	1.85676766e+12
5.46000000e+02	1.83876596e+12
5.47000000e+02	1.82075616e+12
5.48000000e+02	1.80274407e+12
5.49000000e+02	1.78473540e+12
5.50000000e+02	1.76673580e+12
5.51000000e+02	1.74875086e+12
5.52000000e+02	1.73078603e+12
5.53000000e+02	1.71284670e+12
5.54000000e+02	1.69493812e+12
5.55000000e+02	1.67706544e+12
5.56000000e+02	1.65923367e+12
5.57000000e+02	1.64144768e+12
5.58000000e+02	1.62371222e+12
5.59000000e+02	1.60603187e+12
5.60000000e+02	1.58841106e+12
5.61000000e+02	1.57085406e+12
5.62000000e+02	1.55336497e+12
5.63000000e+02	1.53594774e+12
5.64000000e+02	1.51860613e+12
5.65000000e+02	1.50134374e+12
5.66000000e+02	1.48416398e+12
5.67000000e+02	1.46707008e+12
5.68000000e+02	1.45006512e+12
5.69000000e+02	1.43315197e+12
5.70000000e+02	1.41633335e+12
5.71000000e+02	1.39961177e+12
5.72000000e+02	1.38298960e+12
5.73000000e+02	1.36646902e+12
5.74000000e+02	1.35005204e+12
5.75000000e+02	1.33374052e+12
5.76000000e+02	1.31753612e+12
5.77000000e+02	1.30144038e+12
5.78000000e+02	1.28545466e+12
5.79000000e+02	1.26958019e+12
5.80000000e+02	1.25381803e+12
5.81000000e+02	1.23816911e+12
5.82000000e+02	1.22263424e+12
5.83000000e+02	1.20721407e+12
5.84000000e+02	1.19190914e+12
5.85000000e+02	1.17671987e+12
5.86000000e+02	1.16164656e+12
5.87000000e+02	1.14668940e+12
5.88000000e+02	1.13184850e+12
5.89000000e+02	1.11712383e+12
5.90000000e+02	1.10251530e+12
5.91000000e+02	1.08802271e+12
5.92000000e+02	1.07364581e+12
5.93000000e+02	1.05938423e+12
5.94000000e+02	1.04523757e+12
5.95000000e+02	1.03120533e+12
5.96000000e+02	1.01728696e+12
5.97000000e+02	1.00348185e+12
5.98000000e+02	9.89789353e+11
5.99000000e+02	9.76208743e+11
6.00000000e+02	9.62739270e+11
6.01000000e+02	9.49380133e+11
6.02000000e+02	9.36130500e+11
6.03000000e+02	9.22989498e+11
6.04000000e+02	9.09956229e+11
6.05000000e+02	8.97029762e+11
6.06000000e+02	8.84209145e+11
6.07000000e+02	8.71493403e+11
6.08000000e+02	8.58881539e+11
6.09000000e+02	8.46372542e+11
6.10000000e+02	8.33965384e+11
6.11000000e+02	8.21659027e+11
6.12000000e+02	8.09452419e+11
6.13000000e+02	7.97344500e+11
6.14000000e+02	7.85334205e+11
6.15000000e+02	7.73420459e+11
6.16000000e+02	7.61602186e+11
6.17000000e+02	7.49878305e+11
6.18000000e+02	7.38247732e+11
6.19000000e+02	7.26709384e+11
6.20000000e+02	7.15262176e+11
6.21000000e+02	7.03905022e+11
6.22000000e+02	6.92636839e+11
6.23000000e+02	6.81456546e+11
6.24000000e+02	6.70363061e+11
6.25000000e+02	6.59355308e+11
6.26000000e+02	6.48432214e+11
6.27000000e+02	6.37592707e+11
6.28000000e+02	6.26835716e+11
6.29000000e+02	6.16160175e+11
6.30000000e+02	6.05565018e+11
6.31000000e+02	5.95049182e+11
6.32000000e+02	5.84611611e+11
6.33000000e+02	5.74251252e+11
6.34000000e+02	5.63967060e+11
6.35000000e+02	5.53757987e+11
6.36000000e+02	5.43622991e+11
6.37000000e+02	5.33561025e+11
6.38000000e+02	5.23571042e+11
6.39000000e+02	5.13651998e+11
6.40000000e+02	5.03802851e+11
6.41000000e+02	4.94022563e+11
6.42000000e+02	4.84310099e+11
6.43000000e+02	4.74664426e+11
6.44000000e+02	4.65084508e+11
6.45000000e+02	4.55569306e+11
6.46000000e+02	4.46117779e+11
6.47000000e+02	4.36728884e+11
6.48000000e+02	4.27401575e+11
6.49000000e+02	4.18134808e+11
6.50000000e+02	4.08927536e+11
6.51000000e+02	3.99778709e+11
6.52000000e+02	3.90687280e+11
6.53000000e+02	3.81652199e+11
6.54000000e+02	3.72672413e+11
6.55000000e+02	3.63746857e+11
6.56000000e+02	3.54874459e+11
6.57000000e+02	3.46054144e+11
6.58000000e+02	3.37284841e+11
6.59000000e+02	3.28565471e+11
6.60000000e+02	3.19894950e+11
6.61000000e+02	3.11272187e+11
6.62000000e+02	3.02696088e+11
6.63000000e+02	2.94165556e+11
6.64000000e+02	2.85679482e+11
6.65000000e+02	2.77236750e+11
6.66000000e+02	2.68836245e+11
6.67000000e+02	2.60476845e+11
6.68000000e+02	2.52157421e+11
6.69000000e+02	2.43876837e+11
6.70000000e+02	2.35633953e+11
6.71000000e+02	2.27427623e+11
6.72000000e+02	2.19256696e+11
6.73000000e+02	2.11120015e+11
6.74000000e+02	2.03016417e+11
6.75000000e+02	1.94944732e+11
6.76000000e+02	1.86903788e+11
6.77000000e+02	1.78892403e+11
6.78000000e+02	1.70909390e+11
6.79000000e+02	1.62953559e+11
6.80000000e+02	1.55023709e+11
6.81000000e+02	1.47118639e+11
6.82000000e+02	1.39237138e+11
6.83000000e+02	1.31377992e+11
6.84000000e+02	1.23539985e+11
6.85000000e+02	1.15721893e+11
6.86000000e+02	1.07922491e+11
6.87000000e+02	1.00140550e+11
6.88000000e+02	9.23748359e+10
6.89000000e+02	8.46241168e+10
6.90000000e+02	7.68871577e+10
6.91000000e+02	6.91627107e+10
6.92000000e+02	6.14495367e+10
6.93000000e+02	5.37464034e+10
6.94000000e+02	4.60520630e+10
6.95000000e+02	3.83652530e+10
6.96000000e+02	3.06847091e+10
6.97000000e+02	2.30091756e+10
6.98000000e+02	1.53373691e+10
6.99000000e+02	7.66805233e+09
7.00000000e+02	0.00000000e+00
