# Profil de Te au temps 9.000000000000108e-12 
# simu : /Volumes/MERCURE/JOBS/Zeq2_tanh_50mic_7p5e19_B0_20ps/GNU/Te@y-c.set
# col 0 : abscisse (um)
# col 1 : Te (keV)
5.00000000e-01	9.99887272e-01
1.50000000e+00	9.99887117e-01
2.50000000e+00	9.99886818e-01
3.50000000e+00	9.99886369e-01
4.50000000e+00	9.99885767e-01
5.50000000e+00	9.99885012e-01
6.50000000e+00	9.99884104e-01
7.50000000e+00	9.99883042e-01
8.50000000e+00	9.99881826e-01
9.50000000e+00	9.99880453e-01
1.05000000e+01	9.99878922e-01
1.15000000e+01	9.99877233e-01
1.25000000e+01	9.99875382e-01
1.35000000e+01	9.99873369e-01
1.45000000e+01	9.99871191e-01
1.55000000e+01	9.99868846e-01
1.65000000e+01	9.99866331e-01
1.75000000e+01	9.99863644e-01
1.85000000e+01	9.99860783e-01
1.95000000e+01	9.99857744e-01
2.05000000e+01	9.99854524e-01
2.15000000e+01	9.99851120e-01
2.25000000e+01	9.99847529e-01
2.35000000e+01	9.99843747e-01
2.45000000e+01	9.99839769e-01
2.55000000e+01	9.99835594e-01
2.65000000e+01	9.99831215e-01
2.75000000e+01	9.99826629e-01
2.85000000e+01	9.99821831e-01
2.95000000e+01	9.99816817e-01
3.05000000e+01	9.99811582e-01
3.15000000e+01	9.99806120e-01
3.25000000e+01	9.99800427e-01
3.35000000e+01	9.99794496e-01
3.45000000e+01	9.99788323e-01
3.55000000e+01	9.99781901e-01
3.65000000e+01	9.99775225e-01
3.75000000e+01	9.99768287e-01
3.85000000e+01	9.99761082e-01
3.95000000e+01	9.99753603e-01
4.05000000e+01	9.99745842e-01
4.15000000e+01	9.99737794e-01
4.25000000e+01	9.99729450e-01
4.35000000e+01	9.99720802e-01
4.45000000e+01	9.99711844e-01
4.55000000e+01	9.99702566e-01
4.65000000e+01	9.99692962e-01
4.75000000e+01	9.99683021e-01
4.85000000e+01	9.99672737e-01
4.95000000e+01	9.99662098e-01
5.05000000e+01	9.99651097e-01
5.15000000e+01	9.99639724e-01
5.25000000e+01	9.99627969e-01
5.35000000e+01	9.99615823e-01
5.45000000e+01	9.99603274e-01
5.55000000e+01	9.99590313e-01
5.65000000e+01	9.99576928e-01
5.75000000e+01	9.99563110e-01
5.85000000e+01	9.99548845e-01
5.95000000e+01	9.99534124e-01
6.05000000e+01	9.99518934e-01
6.15000000e+01	9.99503264e-01
6.25000000e+01	9.99487100e-01
6.35000000e+01	9.99470430e-01
6.45000000e+01	9.99453241e-01
6.55000000e+01	9.99435520e-01
6.65000000e+01	9.99417254e-01
6.75000000e+01	9.99398428e-01
6.85000000e+01	9.99379030e-01
6.95000000e+01	9.99359043e-01
7.05000000e+01	9.99338454e-01
7.15000000e+01	9.99317248e-01
7.25000000e+01	9.99295409e-01
7.35000000e+01	9.99272922e-01
7.45000000e+01	9.99249771e-01
7.55000000e+01	9.99225939e-01
7.65000000e+01	9.99201411e-01
7.75000000e+01	9.99176169e-01
7.85000000e+01	9.99150196e-01
7.95000000e+01	9.99123475e-01
8.05000000e+01	9.99095989e-01
8.15000000e+01	9.99067718e-01
8.25000000e+01	9.99038645e-01
8.35000000e+01	9.99008750e-01
8.45000000e+01	9.98978016e-01
8.55000000e+01	9.98946421e-01
8.65000000e+01	9.98913948e-01
8.75000000e+01	9.98880575e-01
8.85000000e+01	9.98846283e-01
8.95000000e+01	9.98811051e-01
9.05000000e+01	9.98774857e-01
9.15000000e+01	9.98737680e-01
9.25000000e+01	9.98699500e-01
9.35000000e+01	9.98660293e-01
9.45000000e+01	9.98620037e-01
9.55000000e+01	9.98578711e-01
9.65000000e+01	9.98536291e-01
9.75000000e+01	9.98492753e-01
9.85000000e+01	9.98448074e-01
9.95000000e+01	9.98402231e-01
1.00500000e+02	9.98355198e-01
1.01500000e+02	9.98306952e-01
1.02500000e+02	9.98257468e-01
1.03500000e+02	9.98206720e-01
1.04500000e+02	9.98154683e-01
1.05500000e+02	9.98101332e-01
1.06500000e+02	9.98046639e-01
1.07500000e+02	9.97990579e-01
1.08500000e+02	9.97933126e-01
1.09500000e+02	9.97874251e-01
1.10500000e+02	9.97813928e-01
1.11500000e+02	9.97752129e-01
1.12500000e+02	9.97688827e-01
1.13500000e+02	9.97623993e-01
1.14500000e+02	9.97557599e-01
1.15500000e+02	9.97489616e-01
1.16500000e+02	9.97420015e-01
1.17500000e+02	9.97348767e-01
1.18500000e+02	9.97275843e-01
1.19500000e+02	9.97201212e-01
1.20500000e+02	9.97124846e-01
1.21500000e+02	9.97046713e-01
1.22500000e+02	9.96966783e-01
1.23500000e+02	9.96885025e-01
1.24500000e+02	9.96801410e-01
1.25500000e+02	9.96715905e-01
1.26500000e+02	9.96628479e-01
1.27500000e+02	9.96539100e-01
1.28500000e+02	9.96447738e-01
1.29500000e+02	9.96354360e-01
1.30500000e+02	9.96258933e-01
1.31500000e+02	9.96161426e-01
1.32500000e+02	9.96061807e-01
1.33500000e+02	9.95960042e-01
1.34500000e+02	9.95856098e-01
1.35500000e+02	9.95749944e-01
1.36500000e+02	9.95641546e-01
1.37500000e+02	9.95530871e-01
1.38500000e+02	9.95417885e-01
1.39500000e+02	9.95302555e-01
1.40500000e+02	9.95184848e-01
1.41500000e+02	9.95064730e-01
1.42500000e+02	9.94942167e-01
1.43500000e+02	9.94817126e-01
1.44500000e+02	9.94689574e-01
1.45500000e+02	9.94559475e-01
1.46500000e+02	9.94426796e-01
1.47500000e+02	9.94291504e-01
1.48500000e+02	9.94153565e-01
1.49500000e+02	9.94012943e-01
1.50500000e+02	9.93869606e-01
1.51500000e+02	9.93723520e-01
1.52500000e+02	9.93574651e-01
1.53500000e+02	9.93422964e-01
1.54500000e+02	9.93268425e-01
1.55500000e+02	9.93111002e-01
1.56500000e+02	9.92950660e-01
1.57500000e+02	9.92787366e-01
1.58500000e+02	9.92621085e-01
1.59500000e+02	9.92451785e-01
1.60500000e+02	9.92279432e-01
1.61500000e+02	9.92103992e-01
1.62500000e+02	9.91925433e-01
1.63500000e+02	9.91743721e-01
1.64500000e+02	9.91558823e-01
1.65500000e+02	9.91370707e-01
1.66500000e+02	9.91179339e-01
1.67500000e+02	9.90984688e-01
1.68500000e+02	9.90786722e-01
1.69500000e+02	9.90585407e-01
1.70500000e+02	9.90380712e-01
1.71500000e+02	9.90172605e-01
1.72500000e+02	9.89961056e-01
1.73500000e+02	9.89746031e-01
1.74500000e+02	9.89527502e-01
1.75500000e+02	9.89305436e-01
1.76500000e+02	9.89079804e-01
1.77500000e+02	9.88850574e-01
1.78500000e+02	9.88617717e-01
1.79500000e+02	9.88381204e-01
1.80500000e+02	9.88141004e-01
1.81500000e+02	9.87897089e-01
1.82500000e+02	9.87649430e-01
1.83500000e+02	9.87397998e-01
1.84500000e+02	9.87142765e-01
1.85500000e+02	9.86883703e-01
1.86500000e+02	9.86620784e-01
1.87500000e+02	9.86353982e-01
1.88500000e+02	9.86083269e-01
1.89500000e+02	9.85808620e-01
1.90500000e+02	9.85530007e-01
1.91500000e+02	9.85247404e-01
1.92500000e+02	9.84960788e-01
1.93500000e+02	9.84670131e-01
1.94500000e+02	9.84375411e-01
1.95500000e+02	9.84076602e-01
1.96500000e+02	9.83773680e-01
1.97500000e+02	9.83466622e-01
1.98500000e+02	9.83155405e-01
1.99500000e+02	9.82840006e-01
2.00500000e+02	9.82520402e-01
2.01500000e+02	9.82196572e-01
2.02500000e+02	9.81868495e-01
2.03500000e+02	9.81536148e-01
2.04500000e+02	9.81199512e-01
2.05500000e+02	9.80858565e-01
2.06500000e+02	9.80513288e-01
2.07500000e+02	9.80163662e-01
2.08500000e+02	9.79809667e-01
2.09500000e+02	9.79451285e-01
2.10500000e+02	9.79088497e-01
2.11500000e+02	9.78721285e-01
2.12500000e+02	9.78349633e-01
2.13500000e+02	9.77973522e-01
2.14500000e+02	9.77592936e-01
2.15500000e+02	9.77207859e-01
2.16500000e+02	9.76818275e-01
2.17500000e+02	9.76424168e-01
2.18500000e+02	9.76025523e-01
2.19500000e+02	9.75622326e-01
2.20500000e+02	9.75214562e-01
2.21500000e+02	9.74802216e-01
2.22500000e+02	9.74385276e-01
2.23500000e+02	9.73963727e-01
2.24500000e+02	9.73537558e-01
2.25500000e+02	9.73106755e-01
2.26500000e+02	9.72671305e-01
2.27500000e+02	9.72231198e-01
2.28500000e+02	9.71786420e-01
2.29500000e+02	9.71336962e-01
2.30500000e+02	9.70882811e-01
2.31500000e+02	9.70423956e-01
2.32500000e+02	9.69960388e-01
2.33500000e+02	9.69492096e-01
2.34500000e+02	9.69019070e-01
2.35500000e+02	9.68541299e-01
2.36500000e+02	9.68058775e-01
2.37500000e+02	9.67571488e-01
2.38500000e+02	9.67079428e-01
2.39500000e+02	9.66582587e-01
2.40500000e+02	9.66080955e-01
2.41500000e+02	9.65574525e-01
2.42500000e+02	9.65063286e-01
2.43500000e+02	9.64547231e-01
2.44500000e+02	9.64026352e-01
2.45500000e+02	9.63500639e-01
2.46500000e+02	9.62970084e-01
2.47500000e+02	9.62434680e-01
2.48500000e+02	9.61894417e-01
2.49500000e+02	9.61349288e-01
2.50500000e+02	9.60799284e-01
2.51500000e+02	9.60244396e-01
2.52500000e+02	9.59684617e-01
2.53500000e+02	9.59119938e-01
2.54500000e+02	9.58550349e-01
2.55500000e+02	9.57975843e-01
2.56500000e+02	9.57396410e-01
2.57500000e+02	9.56812040e-01
2.58500000e+02	9.56222725e-01
2.59500000e+02	9.55628455e-01
2.60500000e+02	9.55029220e-01
2.61500000e+02	9.54425010e-01
2.62500000e+02	9.53815813e-01
2.63500000e+02	9.53201619e-01
2.64500000e+02	9.52582417e-01
2.65500000e+02	9.51958195e-01
2.66500000e+02	9.51328940e-01
2.67500000e+02	9.50694641e-01
2.68500000e+02	9.50055283e-01
2.69500000e+02	9.49410852e-01
2.70500000e+02	9.48761336e-01
2.71500000e+02	9.48106718e-01
2.72500000e+02	9.47446982e-01
2.73500000e+02	9.46782113e-01
2.74500000e+02	9.46112093e-01
2.75500000e+02	9.45436905e-01
2.76500000e+02	9.44756530e-01
2.77500000e+02	9.44070948e-01
2.78500000e+02	9.43380139e-01
2.79500000e+02	9.42684082e-01
2.80500000e+02	9.41982754e-01
2.81500000e+02	9.41276132e-01
2.82500000e+02	9.40564192e-01
2.83500000e+02	9.39846908e-01
2.84500000e+02	9.39124254e-01
2.85500000e+02	9.38396202e-01
2.86500000e+02	9.37662723e-01
2.87500000e+02	9.36923787e-01
2.88500000e+02	9.36179362e-01
2.89500000e+02	9.35429415e-01
2.90500000e+02	9.34673912e-01
2.91500000e+02	9.33912817e-01
2.92500000e+02	9.33146093e-01
2.93500000e+02	9.32373701e-01
2.94500000e+02	9.31595600e-01
2.95500000e+02	9.30811747e-01
2.96500000e+02	9.30022100e-01
2.97500000e+02	9.29226612e-01
2.98500000e+02	9.28425236e-01
2.99500000e+02	9.27617922e-01
3.00500000e+02	9.26804619e-01
3.01500000e+02	9.25985273e-01
3.02500000e+02	9.25159829e-01
3.03500000e+02	9.24328230e-01
3.04500000e+02	9.23490415e-01
3.05500000e+02	9.22646322e-01
3.06500000e+02	9.21795888e-01
3.07500000e+02	9.20939045e-01
3.08500000e+02	9.20075724e-01
3.09500000e+02	9.19205854e-01
3.10500000e+02	9.18329360e-01
3.11500000e+02	9.17446166e-01
3.12500000e+02	9.16556192e-01
3.13500000e+02	9.15659356e-01
3.14500000e+02	9.14755573e-01
3.15500000e+02	9.13844754e-01
3.16500000e+02	9.12926810e-01
3.17500000e+02	9.12001646e-01
3.18500000e+02	9.11069166e-01
3.19500000e+02	9.10129268e-01
3.20500000e+02	9.09181851e-01
3.21500000e+02	9.08226807e-01
3.22500000e+02	9.07264026e-01
3.23500000e+02	9.06293396e-01
3.24500000e+02	9.05314799e-01
3.25500000e+02	9.04328115e-01
3.26500000e+02	9.03333220e-01
3.27500000e+02	9.02329988e-01
3.28500000e+02	9.01318285e-01
3.29500000e+02	9.00297978e-01
3.30500000e+02	8.99268928e-01
3.31500000e+02	8.98230991e-01
3.32500000e+02	8.97184022e-01
3.33500000e+02	8.96127868e-01
3.34500000e+02	8.95062375e-01
3.35500000e+02	8.93987384e-01
3.36500000e+02	8.92902733e-01
3.37500000e+02	8.91808252e-01
3.38500000e+02	8.90703771e-01
3.39500000e+02	8.89589114e-01
3.40500000e+02	8.88464099e-01
3.41500000e+02	8.87328543e-01
3.42500000e+02	8.86182254e-01
3.43500000e+02	8.85025041e-01
3.44500000e+02	8.83856703e-01
3.45500000e+02	8.82677038e-01
3.46500000e+02	8.81485838e-01
3.47500000e+02	8.80282890e-01
3.48500000e+02	8.79067979e-01
3.49500000e+02	8.77840882e-01
3.50500000e+02	8.76601372e-01
3.51500000e+02	8.75349218e-01
3.52500000e+02	8.74084186e-01
3.53500000e+02	8.72806034e-01
3.54500000e+02	8.71514517e-01
3.55500000e+02	8.70209384e-01
3.56500000e+02	8.68890383e-01
3.57500000e+02	8.67557252e-01
3.58500000e+02	8.66209729e-01
3.59500000e+02	8.64847545e-01
3.60500000e+02	8.63470427e-01
3.61500000e+02	8.62078097e-01
3.62500000e+02	8.60670273e-01
3.63500000e+02	8.59246668e-01
3.64500000e+02	8.57806992e-01
3.65500000e+02	8.56350950e-01
3.66500000e+02	8.54878242e-01
3.67500000e+02	8.53388565e-01
3.68500000e+02	8.51881610e-01
3.69500000e+02	8.50357068e-01
3.70500000e+02	8.48814621e-01
3.71500000e+02	8.47253952e-01
3.72500000e+02	8.45674737e-01
3.73500000e+02	8.44076650e-01
3.74500000e+02	8.42459362e-01
3.75500000e+02	8.40822540e-01
3.76500000e+02	8.39165848e-01
3.77500000e+02	8.37488948e-01
3.78500000e+02	8.35791498e-01
3.79500000e+02	8.34073154e-01
3.80500000e+02	8.32333570e-01
3.81500000e+02	8.30572397e-01
3.82500000e+02	8.28789285e-01
3.83500000e+02	8.26983882e-01
3.84500000e+02	8.25155835e-01
3.85500000e+02	8.23304788e-01
3.86500000e+02	8.21430384e-01
3.87500000e+02	8.19532268e-01
3.88500000e+02	8.17610083e-01
3.89500000e+02	8.15663469e-01
3.90500000e+02	8.13692070e-01
3.91500000e+02	8.11695528e-01
3.92500000e+02	8.09673487e-01
3.93500000e+02	8.07625590e-01
3.94500000e+02	8.05551484e-01
3.95500000e+02	8.03450813e-01
3.96500000e+02	8.01323228e-01
3.97500000e+02	7.99168379e-01
3.98500000e+02	7.96985919e-01
3.99500000e+02	7.94775505e-01
4.00500000e+02	7.92536796e-01
4.01500000e+02	7.90269455e-01
4.02500000e+02	7.87973149e-01
4.03500000e+02	7.85647550e-01
4.04500000e+02	7.83292335e-01
4.05500000e+02	7.80907183e-01
4.06500000e+02	7.78491784e-01
4.07500000e+02	7.76045830e-01
4.08500000e+02	7.73569021e-01
4.09500000e+02	7.71061063e-01
4.10500000e+02	7.68521671e-01
4.11500000e+02	7.65950566e-01
4.12500000e+02	7.63347479e-01
4.13500000e+02	7.60712148e-01
4.14500000e+02	7.58044321e-01
4.15500000e+02	7.55343757e-01
4.16500000e+02	7.52610222e-01
4.17500000e+02	7.49843496e-01
4.18500000e+02	7.47043368e-01
4.19500000e+02	7.44209640e-01
4.20500000e+02	7.41342124e-01
4.21500000e+02	7.38440646e-01
4.22500000e+02	7.35505046e-01
4.23500000e+02	7.32535175e-01
4.24500000e+02	7.29530901e-01
4.25500000e+02	7.26492103e-01
4.26500000e+02	7.23418678e-01
4.27500000e+02	7.20310536e-01
4.28500000e+02	7.17167605e-01
4.29500000e+02	7.13989829e-01
4.30500000e+02	7.10777166e-01
4.31500000e+02	7.07529594e-01
4.32500000e+02	7.04247108e-01
4.33500000e+02	7.00929721e-01
4.34500000e+02	6.97577464e-01
4.35500000e+02	6.94190386e-01
4.36500000e+02	6.90768557e-01
4.37500000e+02	6.87312065e-01
4.38500000e+02	6.83821019e-01
4.39500000e+02	6.80295546e-01
4.40500000e+02	6.76735796e-01
4.41500000e+02	6.73141938e-01
4.42500000e+02	6.69514163e-01
4.43500000e+02	6.65852681e-01
4.44500000e+02	6.62157728e-01
4.45500000e+02	6.58429556e-01
4.46500000e+02	6.54668443e-01
4.47500000e+02	6.50874687e-01
4.48500000e+02	6.47048608e-01
4.49500000e+02	6.43190550e-01
4.50500000e+02	6.39300877e-01
4.51500000e+02	6.35379978e-01
4.52500000e+02	6.31428262e-01
4.53500000e+02	6.27446163e-01
4.54500000e+02	6.23434135e-01
4.55500000e+02	6.19392657e-01
4.56500000e+02	6.15322230e-01
4.57500000e+02	6.11223378e-01
4.58500000e+02	6.07096647e-01
4.59500000e+02	6.02942608e-01
4.60500000e+02	5.98761851e-01
4.61500000e+02	5.94554993e-01
4.62500000e+02	5.90322672e-01
4.63500000e+02	5.86065549e-01
4.64500000e+02	5.81784309e-01
4.65500000e+02	5.77479660e-01
4.66500000e+02	5.73152332e-01
4.67500000e+02	5.68803081e-01
4.68500000e+02	5.64432684e-01
4.69500000e+02	5.60041942e-01
4.70500000e+02	5.55631682e-01
4.71500000e+02	5.51202754e-01
4.72500000e+02	5.46756030e-01
4.73500000e+02	5.42292411e-01
4.74500000e+02	5.37812819e-01
4.75500000e+02	5.33318203e-01
4.76500000e+02	5.28809537e-01
4.77500000e+02	5.24287821e-01
4.78500000e+02	5.19754082e-01
4.79500000e+02	5.15209372e-01
4.80500000e+02	5.10654769e-01
4.81500000e+02	5.06091382e-01
4.82500000e+02	5.01520343e-01
4.83500000e+02	4.96942816e-01
4.84500000e+02	4.92359989e-01
4.85500000e+02	4.87773081e-01
4.86500000e+02	4.83183340e-01
4.87500000e+02	4.78592040e-01
4.88500000e+02	4.74000486e-01
4.89500000e+02	4.69410011e-01
4.90500000e+02	4.64821975e-01
4.91500000e+02	4.60237768e-01
4.92500000e+02	4.55658807e-01
4.93500000e+02	4.51086536e-01
4.94500000e+02	4.46522426e-01
4.95500000e+02	4.41967972e-01
4.96500000e+02	4.37424695e-01
4.97500000e+02	4.32894138e-01
4.98500000e+02	4.28377866e-01
4.99500000e+02	4.23877463e-01
5.00500000e+02	4.19394530e-01
5.01500000e+02	4.14930685e-01
5.02500000e+02	4.10487558e-01
5.03500000e+02	4.06066789e-01
5.04500000e+02	4.01670025e-01
5.05500000e+02	3.97298916e-01
5.06500000e+02	3.92955113e-01
5.07500000e+02	3.88640263e-01
5.08500000e+02	3.84356006e-01
5.09500000e+02	3.80103970e-01
5.10500000e+02	3.75885767e-01
5.11500000e+02	3.71702988e-01
5.12500000e+02	3.67557200e-01
5.13500000e+02	3.63449941e-01
5.14500000e+02	3.59382712e-01
5.15500000e+02	3.55356976e-01
5.16500000e+02	3.51374155e-01
5.17500000e+02	3.47435618e-01
5.18500000e+02	3.43542685e-01
5.19500000e+02	3.39696617e-01
5.20500000e+02	3.35898613e-01
5.21500000e+02	3.32149809e-01
5.22500000e+02	3.28451271e-01
5.23500000e+02	3.24803991e-01
5.24500000e+02	3.21208890e-01
5.25500000e+02	3.17666806e-01
5.26500000e+02	3.14178502e-01
5.27500000e+02	3.10744656e-01
5.28500000e+02	3.07365863e-01
5.29500000e+02	3.04042636e-01
5.30500000e+02	3.00775400e-01
5.31500000e+02	2.97564499e-01
5.32500000e+02	2.94410189e-01
5.33500000e+02	2.91312646e-01
5.34500000e+02	2.88271959e-01
5.35500000e+02	2.85288141e-01
5.36500000e+02	2.82361124e-01
5.37500000e+02	2.79490761e-01
5.38500000e+02	2.76676835e-01
5.39500000e+02	2.73919055e-01
5.40500000e+02	2.71217063e-01
5.41500000e+02	2.68570436e-01
5.42500000e+02	2.65978689e-01
5.43500000e+02	2.63441280e-01
5.44500000e+02	2.60957612e-01
5.45500000e+02	2.58527039e-01
5.46500000e+02	2.56148868e-01
5.47500000e+02	2.53822363e-01
5.48500000e+02	2.51546750e-01
5.49500000e+02	2.49321219e-01
5.50500000e+02	2.47144929e-01
5.51500000e+02	2.45017012e-01
5.52500000e+02	2.42936576e-01
5.53500000e+02	2.40902708e-01
5.54500000e+02	2.38914476e-01
5.55500000e+02	2.36970938e-01
5.56500000e+02	2.35071136e-01
5.57500000e+02	2.33214106e-01
5.58500000e+02	2.31398880e-01
5.59500000e+02	2.29624483e-01
5.60500000e+02	2.27889942e-01
5.61500000e+02	2.26194286e-01
5.62500000e+02	2.24536546e-01
5.63500000e+02	2.22915758e-01
5.64500000e+02	2.21330966e-01
5.65500000e+02	2.19781224e-01
5.66500000e+02	2.18265594e-01
5.67500000e+02	2.16783152e-01
5.68500000e+02	2.15332984e-01
5.69500000e+02	2.13914194e-01
5.70500000e+02	2.12525897e-01
5.71500000e+02	2.11167225e-01
5.72500000e+02	2.09837329e-01
5.73500000e+02	2.08535374e-01
5.74500000e+02	2.07260545e-01
5.75500000e+02	2.06012046e-01
5.76500000e+02	2.04789098e-01
5.77500000e+02	2.03590944e-01
5.78500000e+02	2.02416844e-01
5.79500000e+02	2.01266082e-01
5.80500000e+02	2.00137959e-01
5.81500000e+02	1.99031798e-01
5.82500000e+02	1.97946945e-01
5.83500000e+02	1.96882764e-01
5.84500000e+02	1.95838641e-01
5.85500000e+02	1.94813985e-01
5.86500000e+02	1.93808226e-01
5.87500000e+02	1.92820813e-01
5.88500000e+02	1.91851221e-01
5.89500000e+02	1.90898942e-01
5.90500000e+02	1.89963492e-01
5.91500000e+02	1.89044408e-01
5.92500000e+02	1.88141247e-01
5.93500000e+02	1.87253591e-01
5.94500000e+02	1.86381038e-01
5.95500000e+02	1.85523210e-01
5.96500000e+02	1.84679749e-01
5.97500000e+02	1.83850317e-01
5.98500000e+02	1.83034597e-01
5.99500000e+02	1.82232290e-01
6.00500000e+02	1.81443118e-01
6.01500000e+02	1.80666822e-01
6.02500000e+02	1.79903161e-01
6.03500000e+02	1.79151911e-01
6.04500000e+02	1.78412868e-01
6.05500000e+02	1.77685843e-01
6.06500000e+02	1.76970665e-01
6.07500000e+02	1.76267178e-01
6.08500000e+02	1.75575241e-01
6.09500000e+02	1.74894726e-01
6.10500000e+02	1.74225520e-01
6.11500000e+02	1.73567525e-01
6.12500000e+02	1.72920651e-01
6.13500000e+02	1.72284823e-01
6.14500000e+02	1.71659971e-01
6.15500000e+02	1.71046038e-01
6.16500000e+02	1.70442978e-01
6.17500000e+02	1.69850750e-01
6.18500000e+02	1.69269319e-01
6.19500000e+02	1.68698647e-01
6.20500000e+02	1.68138711e-01
6.21500000e+02	1.67589492e-01
6.22500000e+02	1.67050973e-01
6.23500000e+02	1.66523138e-01
6.24500000e+02	1.66005972e-01
6.25500000e+02	1.65499457e-01
6.26500000e+02	1.65003577e-01
6.27500000e+02	1.64518318e-01
6.28500000e+02	1.64043656e-01
6.29500000e+02	1.63579568e-01
6.30500000e+02	1.63126032e-01
6.31500000e+02	1.62683011e-01
6.32500000e+02	1.62250472e-01
6.33500000e+02	1.61828376e-01
6.34500000e+02	1.61416670e-01
6.35500000e+02	1.61015307e-01
6.36500000e+02	1.60624226e-01
6.37500000e+02	1.60243359e-01
6.38500000e+02	1.59872637e-01
6.39500000e+02	1.59511976e-01
6.40500000e+02	1.59161293e-01
6.41500000e+02	1.58820493e-01
6.42500000e+02	1.58489474e-01
6.43500000e+02	1.58168134e-01
6.44500000e+02	1.57856352e-01
6.45500000e+02	1.57554015e-01
6.46500000e+02	1.57260992e-01
6.47500000e+02	1.56977153e-01
6.48500000e+02	1.56702360e-01
6.49500000e+02	1.56436471e-01
6.50500000e+02	1.56179339e-01
6.51500000e+02	1.55930810e-01
6.52500000e+02	1.55690733e-01
6.53500000e+02	1.55458945e-01
6.54500000e+02	1.55235286e-01
6.55500000e+02	1.55019592e-01
6.56500000e+02	1.54811696e-01
6.57500000e+02	1.54611430e-01
6.58500000e+02	1.54418625e-01
6.59500000e+02	1.54233111e-01
6.60500000e+02	1.54054719e-01
6.61500000e+02	1.53883277e-01
6.62500000e+02	1.53718617e-01
6.63500000e+02	1.53560569e-01
6.64500000e+02	1.53408968e-01
6.65500000e+02	1.53263648e-01
6.66500000e+02	1.53124444e-01
6.67500000e+02	1.52991197e-01
6.68500000e+02	1.52863747e-01
6.69500000e+02	1.52741940e-01
6.70500000e+02	1.52625623e-01
6.71500000e+02	1.52514647e-01
6.72500000e+02	1.52408868e-01
6.73500000e+02	1.52308143e-01
6.74500000e+02	1.52212337e-01
6.75500000e+02	1.52121316e-01
6.76500000e+02	1.52034952e-01
6.77500000e+02	1.51953121e-01
6.78500000e+02	1.51875704e-01
6.79500000e+02	1.51802587e-01
6.80500000e+02	1.51733660e-01
6.81500000e+02	1.51668820e-01
6.82500000e+02	1.51607966e-01
6.83500000e+02	1.51551006e-01
6.84500000e+02	1.51497850e-01
6.85500000e+02	1.51448415e-01
6.86500000e+02	1.51402623e-01
6.87500000e+02	1.51360401e-01
6.88500000e+02	1.51321681e-01
6.89500000e+02	1.51286402e-01
6.90500000e+02	1.51254508e-01
6.91500000e+02	1.51225946e-01
6.92500000e+02	1.51200671e-01
6.93500000e+02	1.51178642e-01
6.94500000e+02	1.51159825e-01
6.95500000e+02	1.51144189e-01
6.96500000e+02	1.51131709e-01
6.97500000e+02	1.51122365e-01
6.98500000e+02	1.51116143e-01
6.99500000e+02	1.51113038e-01
