# Profil de ElecX au temps 6.000000000000061e-12 
# simu : /Volumes/MERCURE/JOBS/Zeq1_tanh_50mic_5e20_B0_20ps/GNU/ElecX@y-c.set
# col 0 : abscisse (um)
# col 1 : ElecX (V/m)
0.00000000e+00	0.00000000e+00
1.00000000e+00	7.05932870e+02
2.00000000e+00	-1.27052061e+02
3.00000000e+00	-3.06138670e+02
4.00000000e+00	5.93429028e+01
5.00000000e+00	3.15535180e+01
6.00000000e+00	2.98363050e+01
7.00000000e+00	3.35118053e+01
8.00000000e+00	3.78689258e+01
9.00000000e+00	4.23722458e+01
1.00000000e+01	4.69568201e+01
1.10000000e+01	5.16207744e+01
1.20000000e+01	5.63714570e+01
1.30000000e+01	6.12167595e+01
1.40000000e+01	6.61645525e+01
1.50000000e+01	7.12224314e+01
1.60000000e+01	7.63979900e+01
1.70000000e+01	8.16991693e+01
1.80000000e+01	8.71338326e+01
1.90000000e+01	9.27102899e+01
2.00000000e+01	9.84370606e+01
2.10000000e+01	1.04322864e+02
2.20000000e+01	1.10376751e+02
2.30000000e+01	1.16608169e+02
2.40000000e+01	1.23026828e+02
2.50000000e+01	1.29642617e+02
2.60000000e+01	1.36465964e+02
2.70000000e+01	1.43507505e+02
2.80000000e+01	1.50778256e+02
2.90000000e+01	1.58289762e+02
3.00000000e+01	1.66053704e+02
3.10000000e+01	1.74082382e+02
3.20000000e+01	1.82388345e+02
3.30000000e+01	1.90984863e+02
3.40000000e+01	1.99885165e+02
3.50000000e+01	2.09103689e+02
3.60000000e+01	2.18654589e+02
3.70000000e+01	2.28553096e+02
3.80000000e+01	2.38814864e+02
3.90000000e+01	2.49455872e+02
4.00000000e+01	2.60493070e+02
4.10000000e+01	2.71943631e+02
4.20000000e+01	2.83825779e+02
4.30000000e+01	2.96158030e+02
4.40000000e+01	3.08959919e+02
4.50000000e+01	3.22251428e+02
4.60000000e+01	3.36053482e+02
4.70000000e+01	3.50387767e+02
4.80000000e+01	3.65276708e+02
4.90000000e+01	3.80743660e+02
5.00000000e+01	3.96812830e+02
5.10000000e+01	4.13509338e+02
5.20000000e+01	4.30859281e+02
5.30000000e+01	4.48889755e+02
5.40000000e+01	4.67628974e+02
5.50000000e+01	4.87106035e+02
5.60000000e+01	5.07351203e+02
5.70000000e+01	5.28396161e+02
5.80000000e+01	5.50273473e+02
5.90000000e+01	5.73017155e+02
6.00000000e+01	5.96662291e+02
6.10000000e+01	6.21245778e+02
6.20000000e+01	6.46805379e+02
6.30000000e+01	6.73380638e+02
6.40000000e+01	7.01012665e+02
6.50000000e+01	7.29743783e+02
6.60000000e+01	7.59618315e+02
6.70000000e+01	7.90682094e+02
6.80000000e+01	8.22982797e+02
6.90000000e+01	8.56569768e+02
7.00000000e+01	8.91494385e+02
7.10000000e+01	9.27809897e+02
7.20000000e+01	9.65571647e+02
7.30000000e+01	1.00483701e+03
7.40000000e+01	1.04566542e+03
7.50000000e+01	1.08811898e+03
7.60000000e+01	1.13226155e+03
7.70000000e+01	1.17815989e+03
7.80000000e+01	1.22588304e+03
7.90000000e+01	1.27550255e+03
8.00000000e+01	1.32709283e+03
8.10000000e+01	1.38073100e+03
8.20000000e+01	1.43649703e+03
8.30000000e+01	1.49447379e+03
8.40000000e+01	1.55474738e+03
8.50000000e+01	1.61740694e+03
8.60000000e+01	1.68254495e+03
8.70000000e+01	1.75025731e+03
8.80000000e+01	1.82064329e+03
8.90000000e+01	1.89380597e+03
9.00000000e+01	1.96985200e+03
9.10000000e+01	2.04889202e+03
9.20000000e+01	2.13104074e+03
9.30000000e+01	2.21641664e+03
9.40000000e+01	2.30514284e+03
9.50000000e+01	2.39734665e+03
9.60000000e+01	2.49316000e+03
9.70000000e+01	2.59271944e+03
9.80000000e+01	2.69616635e+03
9.90000000e+01	2.80364708e+03
1.00000000e+02	2.91531314e+03
1.01000000e+02	3.03132130e+03
1.02000000e+02	3.15183375e+03
1.03000000e+02	3.27701843e+03
1.04000000e+02	3.40704885e+03
1.05000000e+02	3.54210461e+03
1.06000000e+02	3.68237134e+03
1.07000000e+02	3.82804114e+03
1.08000000e+02	3.97931248e+03
1.09000000e+02	4.13639052e+03
1.10000000e+02	4.29948737e+03
1.11000000e+02	4.46882211e+03
1.12000000e+02	4.64462106e+03
1.13000000e+02	4.82711824e+03
1.14000000e+02	5.01655502e+03
1.15000000e+02	5.21318095e+03
1.16000000e+02	5.41725353e+03
1.17000000e+02	5.62903850e+03
1.18000000e+02	5.84881041e+03
1.19000000e+02	6.07685225e+03
1.20000000e+02	6.31345628e+03
1.21000000e+02	6.55892376e+03
1.22000000e+02	6.81356548e+03
1.23000000e+02	7.07770206e+03
1.24000000e+02	7.35166377e+03
1.25000000e+02	7.63579131e+03
1.26000000e+02	7.93043565e+03
1.27000000e+02	8.23595834e+03
1.28000000e+02	8.55273209e+03
1.29000000e+02	8.88114058e+03
1.30000000e+02	9.22157888e+03
1.31000000e+02	9.57445370e+03
1.32000000e+02	9.94018380e+03
1.33000000e+02	1.03192000e+04
1.34000000e+02	1.07119455e+04
1.35000000e+02	1.11188761e+04
1.36000000e+02	1.15404608e+04
1.37000000e+02	1.19771814e+04
1.38000000e+02	1.24295333e+04
1.39000000e+02	1.28980256e+04
1.40000000e+02	1.33831810e+04
1.41000000e+02	1.38855368e+04
1.42000000e+02	1.44056444e+04
1.43000000e+02	1.49440696e+04
1.44000000e+02	1.55013936e+04
1.45000000e+02	1.60782122e+04
1.46000000e+02	1.66751367e+04
1.47000000e+02	1.72927940e+04
1.48000000e+02	1.79318264e+04
1.49000000e+02	1.85928926e+04
1.50000000e+02	1.92766670e+04
1.51000000e+02	1.99838404e+04
1.52000000e+02	2.07151206e+04
1.53000000e+02	2.14712313e+04
1.54000000e+02	2.22529138e+04
1.55000000e+02	2.30609257e+04
1.56000000e+02	2.38960426e+04
1.57000000e+02	2.47590569e+04
1.58000000e+02	2.56507783e+04
1.59000000e+02	2.65720346e+04
1.60000000e+02	2.75236709e+04
1.61000000e+02	2.85065502e+04
1.62000000e+02	2.95215534e+04
1.63000000e+02	3.05695794e+04
1.64000000e+02	3.16515451e+04
1.65000000e+02	3.27683855e+04
1.66000000e+02	3.39210535e+04
1.67000000e+02	3.51105206e+04
1.68000000e+02	3.63377759e+04
1.69000000e+02	3.76038272e+04
1.70000000e+02	3.89097002e+04
1.71000000e+02	4.02564384e+04
1.72000000e+02	4.16451040e+04
1.73000000e+02	4.30767769e+04
1.74000000e+02	4.45525546e+04
1.75000000e+02	4.60735530e+04
1.76000000e+02	4.76409052e+04
1.77000000e+02	4.92557624e+04
1.78000000e+02	5.09192929e+04
1.79000000e+02	5.26326822e+04
1.80000000e+02	5.43971334e+04
1.81000000e+02	5.62138661e+04
1.82000000e+02	5.80841167e+04
1.83000000e+02	6.00091381e+04
1.84000000e+02	6.19901994e+04
1.85000000e+02	6.40285858e+04
1.86000000e+02	6.61255983e+04
1.87000000e+02	6.82825528e+04
1.88000000e+02	7.05007811e+04
1.89000000e+02	7.27816290e+04
1.90000000e+02	7.51264572e+04
1.91000000e+02	7.75366406e+04
1.92000000e+02	8.00135675e+04
1.93000000e+02	8.25586397e+04
1.94000000e+02	8.51732721e+04
1.95000000e+02	8.78588921e+04
1.96000000e+02	9.06169392e+04
1.97000000e+02	9.34488646e+04
1.98000000e+02	9.63561313e+04
1.99000000e+02	9.93402124e+04
2.00000000e+02	1.02402592e+05
2.01000000e+02	1.05544764e+05
2.02000000e+02	1.08768232e+05
2.03000000e+02	1.12074509e+05
2.04000000e+02	1.15465116e+05
2.05000000e+02	1.18941581e+05
2.06000000e+02	1.22505443e+05
2.07000000e+02	1.26158246e+05
2.08000000e+02	1.29901540e+05
2.09000000e+02	1.33736883e+05
2.10000000e+02	1.37665839e+05
2.11000000e+02	1.41689976e+05
2.12000000e+02	1.45810869e+05
2.13000000e+02	1.50030095e+05
2.14000000e+02	1.54349238e+05
2.15000000e+02	1.58769884e+05
2.16000000e+02	1.63293623e+05
2.17000000e+02	1.67922048e+05
2.18000000e+02	1.72656755e+05
2.19000000e+02	1.77499343e+05
2.20000000e+02	1.82451412e+05
2.21000000e+02	1.87514564e+05
2.22000000e+02	1.92690403e+05
2.23000000e+02	1.97980536e+05
2.24000000e+02	2.03386568e+05
2.25000000e+02	2.08910109e+05
2.26000000e+02	2.14552766e+05
2.27000000e+02	2.20316151e+05
2.28000000e+02	2.26201873e+05
2.29000000e+02	2.32211544e+05
2.30000000e+02	2.38346778e+05
2.31000000e+02	2.44609188e+05
2.32000000e+02	2.51000389e+05
2.33000000e+02	2.57521997e+05
2.34000000e+02	2.64175630e+05
2.35000000e+02	2.70962908e+05
2.36000000e+02	2.77885453e+05
2.37000000e+02	2.84944889e+05
2.38000000e+02	2.92142844e+05
2.39000000e+02	2.99480948e+05
2.40000000e+02	3.06960837e+05
2.41000000e+02	3.14584150e+05
2.42000000e+02	3.22352532e+05
2.43000000e+02	3.30267633e+05
2.44000000e+02	3.38331112e+05
2.45000000e+02	3.46544634e+05
2.46000000e+02	3.54909872e+05
2.47000000e+02	3.63428510e+05
2.48000000e+02	3.72102241e+05
2.49000000e+02	3.80932773e+05
2.50000000e+02	3.89921822e+05
2.51000000e+02	3.99071121e+05
2.52000000e+02	4.08382419e+05
2.53000000e+02	4.17857479e+05
2.54000000e+02	4.27498085e+05
2.55000000e+02	4.37306040e+05
2.56000000e+02	4.47283166e+05
2.57000000e+02	4.57431311e+05
2.58000000e+02	4.67752347e+05
2.59000000e+02	4.78248170e+05
2.60000000e+02	4.88920708e+05
2.61000000e+02	4.99771915e+05
2.62000000e+02	5.10803781e+05
2.63000000e+02	5.22018328e+05
2.64000000e+02	5.33417616e+05
2.65000000e+02	5.45003740e+05
2.66000000e+02	5.56778840e+05
2.67000000e+02	5.68745096e+05
2.68000000e+02	5.80904736e+05
2.69000000e+02	5.93260032e+05
2.70000000e+02	6.05813310e+05
2.71000000e+02	6.18566948e+05
2.72000000e+02	6.31523377e+05
2.73000000e+02	6.44685088e+05
2.74000000e+02	6.58054634e+05
2.75000000e+02	6.71634629e+05
2.76000000e+02	6.85427755e+05
2.77000000e+02	6.99436762e+05
2.78000000e+02	7.13664473e+05
2.79000000e+02	7.28113785e+05
2.80000000e+02	7.42787674e+05
2.81000000e+02	7.57689196e+05
2.82000000e+02	7.72821492e+05
2.83000000e+02	7.88187788e+05
2.84000000e+02	8.03791404e+05
2.85000000e+02	8.19635749e+05
2.86000000e+02	8.35724332e+05
2.87000000e+02	8.52060758e+05
2.88000000e+02	8.68648739e+05
2.89000000e+02	8.85492089e+05
2.90000000e+02	9.02594735e+05
2.91000000e+02	9.19960713e+05
2.92000000e+02	9.37594177e+05
2.93000000e+02	9.55499399e+05
2.94000000e+02	9.73680774e+05
2.95000000e+02	9.92142820e+05
2.96000000e+02	1.01089019e+06
2.97000000e+02	1.02992765e+06
2.98000000e+02	1.04926013e+06
2.99000000e+02	1.06889268e+06
3.00000000e+02	1.08883049e+06
3.01000000e+02	1.10907889e+06
3.02000000e+02	1.12964338e+06
3.03000000e+02	1.15052958e+06
3.04000000e+02	1.17174329e+06
3.05000000e+02	1.19329045e+06
3.06000000e+02	1.21517716e+06
3.07000000e+02	1.23740968e+06
3.08000000e+02	1.25999444e+06
3.09000000e+02	1.28293803e+06
3.10000000e+02	1.30624722e+06
3.11000000e+02	1.32992893e+06
3.12000000e+02	1.35399028e+06
3.13000000e+02	1.37843855e+06
3.14000000e+02	1.40328120e+06
3.15000000e+02	1.42852586e+06
3.16000000e+02	1.45418036e+06
3.17000000e+02	1.48025270e+06
3.18000000e+02	1.50675106e+06
3.19000000e+02	1.53368383e+06
3.20000000e+02	1.56105956e+06
3.21000000e+02	1.58888700e+06
3.22000000e+02	1.61717509e+06
3.23000000e+02	1.64593295e+06
3.24000000e+02	1.67516991e+06
3.25000000e+02	1.70489546e+06
3.26000000e+02	1.73511931e+06
3.27000000e+02	1.76585133e+06
3.28000000e+02	1.79710162e+06
3.29000000e+02	1.82888043e+06
3.30000000e+02	1.86119822e+06
3.31000000e+02	1.89406563e+06
3.32000000e+02	1.92749350e+06
3.33000000e+02	1.96149282e+06
3.34000000e+02	1.99607481e+06
3.35000000e+02	2.03125083e+06
3.36000000e+02	2.06703245e+06
3.37000000e+02	2.10343138e+06
3.38000000e+02	2.14045955e+06
3.39000000e+02	2.17812902e+06
3.40000000e+02	2.21645204e+06
3.41000000e+02	2.25544101e+06
3.42000000e+02	2.29510849e+06
3.43000000e+02	2.33546720e+06
3.44000000e+02	2.37653001e+06
3.45000000e+02	2.41830993e+06
3.46000000e+02	2.46082011e+06
3.47000000e+02	2.50407384e+06
3.48000000e+02	2.54808454e+06
3.49000000e+02	2.59286573e+06
3.50000000e+02	2.63843107e+06
3.51000000e+02	2.68479432e+06
3.52000000e+02	2.73196932e+06
3.53000000e+02	2.77997004e+06
3.54000000e+02	2.82881050e+06
3.55000000e+02	2.87850482e+06
3.56000000e+02	2.92906718e+06
3.57000000e+02	2.98051179e+06
3.58000000e+02	3.03285296e+06
3.59000000e+02	3.08610499e+06
3.60000000e+02	3.14028223e+06
3.61000000e+02	3.19539905e+06
3.62000000e+02	3.25146980e+06
3.63000000e+02	3.30850884e+06
3.64000000e+02	3.36653052e+06
3.65000000e+02	3.42554913e+06
3.66000000e+02	3.48557894e+06
3.67000000e+02	3.54663414e+06
3.68000000e+02	3.60872885e+06
3.69000000e+02	3.67187712e+06
3.70000000e+02	3.73609288e+06
3.71000000e+02	3.80138993e+06
3.72000000e+02	3.86778195e+06
3.73000000e+02	3.93528248e+06
3.74000000e+02	4.00390485e+06
3.75000000e+02	4.07366225e+06
3.76000000e+02	4.14456762e+06
3.77000000e+02	4.21663371e+06
3.78000000e+02	4.28987302e+06
3.79000000e+02	4.36429776e+06
3.80000000e+02	4.43991988e+06
3.81000000e+02	4.51675103e+06
3.82000000e+02	4.59480252e+06
3.83000000e+02	4.67408530e+06
3.84000000e+02	4.75460998e+06
3.85000000e+02	4.83638675e+06
3.86000000e+02	4.91942538e+06
3.87000000e+02	5.00373521e+06
3.88000000e+02	5.08932511e+06
3.89000000e+02	5.17620344e+06
3.90000000e+02	5.26437806e+06
3.91000000e+02	5.35385627e+06
3.92000000e+02	5.44464479e+06
3.93000000e+02	5.53674975e+06
3.94000000e+02	5.63017664e+06
3.95000000e+02	5.72493030e+06
3.96000000e+02	5.82101485e+06
3.97000000e+02	5.91843372e+06
3.98000000e+02	6.01718958e+06
3.99000000e+02	6.11728430e+06
4.00000000e+02	6.21871894e+06
4.01000000e+02	6.32149373e+06
4.02000000e+02	6.42560798e+06
4.03000000e+02	6.53106012e+06
4.04000000e+02	6.63784760e+06
4.05000000e+02	6.74596689e+06
4.06000000e+02	6.85541344e+06
4.07000000e+02	6.96618164e+06
4.08000000e+02	7.07826477e+06
4.09000000e+02	7.19165499e+06
4.10000000e+02	7.30634325e+06
4.11000000e+02	7.42231934e+06
4.12000000e+02	7.53957173e+06
4.13000000e+02	7.65808763e+06
4.14000000e+02	7.77785290e+06
4.15000000e+02	7.89885200e+06
4.16000000e+02	8.02106799e+06
4.17000000e+02	8.14448242e+06
4.18000000e+02	8.26907533e+06
4.19000000e+02	8.39482518e+06
4.20000000e+02	8.52170882e+06
4.21000000e+02	8.64970140e+06
4.22000000e+02	8.77877636e+06
4.23000000e+02	8.90890534e+06
4.24000000e+02	9.04005814e+06
4.25000000e+02	9.17220265e+06
4.26000000e+02	9.30530480e+06
4.27000000e+02	9.43932846e+06
4.28000000e+02	9.57423543e+06
4.29000000e+02	9.70998530e+06
4.30000000e+02	9.84653544e+06
4.31000000e+02	9.98384085e+06
4.32000000e+02	1.01218542e+07
4.33000000e+02	1.02605254e+07
4.34000000e+02	1.03998022e+07
4.35000000e+02	1.05396293e+07
4.36000000e+02	1.06799488e+07
4.37000000e+02	1.08206997e+07
4.38000000e+02	1.09618182e+07
4.39000000e+02	1.11032372e+07
4.40000000e+02	1.12448865e+07
4.41000000e+02	1.13866925e+07
4.42000000e+02	1.15285779e+07
4.43000000e+02	1.16704619e+07
4.44000000e+02	1.18122599e+07
4.45000000e+02	1.19538832e+07
4.46000000e+02	1.20952393e+07
4.47000000e+02	1.22362310e+07
4.48000000e+02	1.23767568e+07
4.49000000e+02	1.25167108e+07
4.50000000e+02	1.26559820e+07
4.51000000e+02	1.27944545e+07
4.52000000e+02	1.29320074e+07
4.53000000e+02	1.30685142e+07
4.54000000e+02	1.32038430e+07
4.55000000e+02	1.33378563e+07
4.56000000e+02	1.34704106e+07
4.57000000e+02	1.36013564e+07
4.58000000e+02	1.37305381e+07
4.59000000e+02	1.38577935e+07
4.60000000e+02	1.39829544e+07
4.61000000e+02	1.41058457e+07
4.62000000e+02	1.42262857e+07
4.63000000e+02	1.43440863e+07
4.64000000e+02	1.44590524e+07
4.65000000e+02	1.45709825e+07
4.66000000e+02	1.46796683e+07
4.67000000e+02	1.47848952e+07
4.68000000e+02	1.48864421e+07
4.69000000e+02	1.49840821e+07
4.70000000e+02	1.50775824e+07
4.71000000e+02	1.51667049e+07
4.72000000e+02	1.52512066e+07
4.73000000e+02	1.53308402e+07
4.74000000e+02	1.54053546e+07
4.75000000e+02	1.54744959e+07
4.76000000e+02	1.55380081e+07
4.77000000e+02	1.55956340e+07
4.78000000e+02	1.56471165e+07
4.79000000e+02	1.56921996e+07
4.80000000e+02	1.57306298e+07
4.81000000e+02	1.57621574e+07
4.82000000e+02	1.57865381e+07
4.83000000e+02	1.58035350e+07
4.84000000e+02	1.58129195e+07
4.85000000e+02	1.58144738e+07
4.86000000e+02	1.58079929e+07
4.87000000e+02	1.57932857e+07
4.88000000e+02	1.57701780e+07
4.89000000e+02	1.57385137e+07
4.90000000e+02	1.56981574e+07
4.91000000e+02	1.56489959e+07
4.92000000e+02	1.55909403e+07
4.93000000e+02	1.55239278e+07
4.94000000e+02	1.54479233e+07
4.95000000e+02	1.53629210e+07
4.96000000e+02	1.52689455e+07
4.97000000e+02	1.51660531e+07
4.98000000e+02	1.50543327e+07
4.99000000e+02	1.49339058e+07
5.00000000e+02	1.48049274e+07
5.01000000e+02	1.46675855e+07
5.02000000e+02	1.45221008e+07
5.03000000e+02	1.43687257e+07
5.04000000e+02	1.42077435e+07
5.05000000e+02	1.40394666e+07
5.06000000e+02	1.38642348e+07
5.07000000e+02	1.36824130e+07
5.08000000e+02	1.34943890e+07
5.09000000e+02	1.33005708e+07
5.10000000e+02	1.31013831e+07
5.11000000e+02	1.28972652e+07
5.12000000e+02	1.26886669e+07
5.13000000e+02	1.24760457e+07
5.14000000e+02	1.22598632e+07
5.15000000e+02	1.20405818e+07
5.16000000e+02	1.18186620e+07
5.17000000e+02	1.15945583e+07
5.18000000e+02	1.13687171e+07
5.19000000e+02	1.11415736e+07
5.20000000e+02	1.09135493e+07
5.21000000e+02	1.06850497e+07
5.22000000e+02	1.04564624e+07
5.23000000e+02	1.02281555e+07
5.24000000e+02	1.00004760e+07
5.25000000e+02	9.77374872e+06
5.26000000e+02	9.54827587e+06
5.27000000e+02	9.32433619e+06
5.28000000e+02	9.10218493e+06
5.29000000e+02	8.88205386e+06
5.30000000e+02	8.66415153e+06
5.31000000e+02	8.44866383e+06
5.32000000e+02	8.23575466e+06
5.33000000e+02	8.02556678e+06
5.34000000e+02	7.81822283e+06
5.35000000e+02	7.61382642e+06
5.36000000e+02	7.41246333e+06
5.37000000e+02	7.21420281e+06
5.38000000e+02	7.01909881e+06
5.39000000e+02	6.82719140e+06
5.40000000e+02	6.63850803e+06
5.41000000e+02	6.45306487e+06
5.42000000e+02	6.27086810e+06
5.43000000e+02	6.09191519e+06
5.44000000e+02	5.91619605e+06
5.45000000e+02	5.74369424e+06
5.46000000e+02	5.57438800e+06
5.47000000e+02	5.40825129e+06
5.48000000e+02	5.24525475e+06
5.49000000e+02	5.08536651e+06
5.50000000e+02	4.92855305e+06
5.51000000e+02	4.77477987e+06
5.52000000e+02	4.62401214e+06
5.53000000e+02	4.47621526e+06
5.54000000e+02	4.33135535e+06
5.55000000e+02	4.18939968e+06
5.56000000e+02	4.05031699e+06
5.57000000e+02	3.91407779e+06
5.58000000e+02	3.78065457e+06
5.59000000e+02	3.65002195e+06
5.60000000e+02	3.52215677e+06
5.61000000e+02	3.39703816e+06
5.62000000e+02	3.27464749e+06
5.63000000e+02	3.15496833e+06
5.64000000e+02	3.03798635e+06
5.65000000e+02	2.92368917e+06
5.66000000e+02	2.81206616e+06
5.67000000e+02	2.70310828e+06
5.68000000e+02	2.59680776e+06
5.69000000e+02	2.49315790e+06
5.70000000e+02	2.39215278e+06
5.71000000e+02	2.29378688e+06
5.72000000e+02	2.19805489e+06
5.73000000e+02	2.10495128e+06
5.74000000e+02	2.01447006e+06
5.75000000e+02	1.92660440e+06
5.76000000e+02	1.84134638e+06
5.77000000e+02	1.75868663e+06
5.78000000e+02	1.67861408e+06
5.79000000e+02	1.60111567e+06
5.80000000e+02	1.52617628e+06
5.81000000e+02	1.45377795e+06
5.82000000e+02	1.38390188e+06
5.83000000e+02	1.31652370e+06
5.84000000e+02	1.25161810e+06
5.85000000e+02	1.18915646e+06
5.86000000e+02	1.12910684e+06
5.87000000e+02	1.07143446e+06
5.88000000e+02	1.01610195e+06
5.89000000e+02	9.63068570e+05
5.90000000e+02	9.12290802e+05
5.91000000e+02	8.63722438e+05
5.92000000e+02	8.17314655e+05
5.93000000e+02	7.73016208e+05
5.94000000e+02	7.30773672e+05
5.95000000e+02	6.90531566e+05
5.96000000e+02	6.52232675e+05
5.97000000e+02	6.15818118e+05
5.98000000e+02	5.81227745e+05
5.99000000e+02	5.48400573e+05
6.00000000e+02	5.17274666e+05
6.01000000e+02	4.87787518e+05
6.02000000e+02	4.59876339e+05
6.03000000e+02	4.33478371e+05
6.04000000e+02	4.08531024e+05
6.05000000e+02	3.84972122e+05
6.06000000e+02	3.62740179e+05
6.07000000e+02	3.41774559e+05
6.08000000e+02	3.22015595e+05
6.09000000e+02	3.03404821e+05
6.10000000e+02	2.85885097e+05
6.11000000e+02	2.69400753e+05
6.12000000e+02	2.53897800e+05
6.13000000e+02	2.39323799e+05
6.14000000e+02	2.25628136e+05
6.15000000e+02	2.12762002e+05
6.16000000e+02	2.00678437e+05
6.17000000e+02	1.89332453e+05
6.18000000e+02	1.78680916e+05
6.19000000e+02	1.68682640e+05
6.20000000e+02	1.59298340e+05
6.21000000e+02	1.50490670e+05
6.22000000e+02	1.42224135e+05
6.23000000e+02	1.34465082e+05
6.24000000e+02	1.27181654e+05
6.25000000e+02	1.20343759e+05
6.26000000e+02	1.13922996e+05
6.27000000e+02	1.07892597e+05
6.28000000e+02	1.02227377e+05
6.29000000e+02	9.69036734e+04
6.30000000e+02	9.18992677e+04
6.31000000e+02	8.71933277e+04
6.32000000e+02	8.27663376e+04
6.33000000e+02	7.86000421e+04
6.34000000e+02	7.46773658e+04
6.35000000e+02	7.09823565e+04
6.36000000e+02	6.75001254e+04
6.37000000e+02	6.42167798e+04
6.38000000e+02	6.11193652e+04
6.39000000e+02	5.81958088e+04
6.40000000e+02	5.54348667e+04
6.41000000e+02	5.28260654e+04
6.42000000e+02	5.03596560e+04
6.43000000e+02	4.80265659e+04
6.44000000e+02	4.58183515e+04
6.45000000e+02	4.37271562e+04
6.46000000e+02	4.17456705e+04
6.47000000e+02	3.98670926e+04
6.48000000e+02	3.80850929e+04
6.49000000e+02	3.63937805e+04
6.50000000e+02	3.47876712e+04
6.51000000e+02	3.32616580e+04
6.52000000e+02	3.18109836e+04
6.53000000e+02	3.04312145e+04
6.54000000e+02	2.91182165e+04
6.55000000e+02	2.78681329e+04
6.56000000e+02	2.66773632e+04
6.57000000e+02	2.55425438e+04
6.58000000e+02	2.44605294e+04
6.59000000e+02	2.34283765e+04
6.60000000e+02	2.24433275e+04
6.61000000e+02	2.15027957e+04
6.62000000e+02	2.06043515e+04
6.63000000e+02	1.97457097e+04
6.64000000e+02	1.89247166e+04
6.65000000e+02	1.81393389e+04
6.66000000e+02	1.73876522e+04
6.67000000e+02	1.66678305e+04
6.68000000e+02	1.59781355e+04
6.69000000e+02	1.53169069e+04
6.70000000e+02	1.46825519e+04
6.71000000e+02	1.40735349e+04
6.72000000e+02	1.34883675e+04
6.73000000e+02	1.29255975e+04
6.74000000e+02	1.23837978e+04
6.75000000e+02	1.18615543e+04
6.76000000e+02	1.13574530e+04
6.77000000e+02	1.08700667e+04
6.78000000e+02	1.03979395e+04
6.79000000e+02	9.93957086e+03
6.80000000e+02	9.49339834e+03
6.81000000e+02	9.05777872e+03
6.82000000e+02	8.63096899e+03
6.83000000e+02	8.21110696e+03
6.84000000e+02	7.79619299e+03
6.85000000e+02	7.38407465e+03
6.86000000e+02	6.97243679e+03
6.87000000e+02	6.55880084e+03
6.88000000e+02	6.14053823e+03
6.89000000e+02	5.71490436e+03
6.90000000e+02	5.27910017e+03
6.91000000e+02	4.83036971e+03
6.92000000e+02	4.36614026e+03
6.93000000e+02	3.88420992e+03
6.94000000e+02	3.38298133e+03
6.95000000e+02	2.86174763e+03
6.96000000e+02	2.32169349e+03
6.97000000e+02	1.79932565e+03
6.98000000e+02	1.07460793e+03
6.99000000e+02	6.63397033e+02
7.00000000e+02	0.00000000e+00
