# Profil de ElecX au temps 7.000000000000077e-12 
# simu : /Volumes/MERCURE/JOBS/Zeq1_tanh_50mic_5e20_B0_20ps/GNU/ElecX@y-c.set
# col 0 : abscisse (um)
# col 1 : ElecX (V/m)
0.00000000e+00	0.00000000e+00
1.00000000e+00	8.31296707e+02
2.00000000e+00	-1.29514420e+02
3.00000000e+00	-3.29700630e+02
4.00000000e+00	1.05377991e+02
5.00000000e+00	8.21023649e+01
6.00000000e+00	8.93836608e+01
7.00000000e+00	1.03057249e+02
8.00000000e+00	1.17631126e+02
9.00000000e+00	1.32491042e+02
1.00000000e+01	1.47574107e+02
1.10000000e+01	1.62892072e+02
1.20000000e+01	1.78468279e+02
1.30000000e+01	1.94327080e+02
1.40000000e+01	2.10493181e+02
1.50000000e+01	2.26991313e+02
1.60000000e+01	2.43846463e+02
1.70000000e+01	2.61084393e+02
1.80000000e+01	2.78731014e+02
1.90000000e+01	2.96813144e+02
2.00000000e+01	3.15358219e+02
2.10000000e+01	3.34394227e+02
2.20000000e+01	3.53950009e+02
2.30000000e+01	3.74055254e+02
2.40000000e+01	3.94740346e+02
2.50000000e+01	4.16036517e+02
2.60000000e+01	4.37975930e+02
2.70000000e+01	4.60591639e+02
2.80000000e+01	4.83917643e+02
2.90000000e+01	5.07989066e+02
3.00000000e+01	5.32841890e+02
3.10000000e+01	5.58513289e+02
3.20000000e+01	5.85041651e+02
3.30000000e+01	6.12466425e+02
3.40000000e+01	6.40828130e+02
3.50000000e+01	6.70169249e+02
3.60000000e+01	7.00532551e+02
3.70000000e+01	7.31963069e+02
3.80000000e+01	7.64506984e+02
3.90000000e+01	7.98211689e+02
4.00000000e+01	8.33126636e+02
4.10000000e+01	8.69302342e+02
4.20000000e+01	9.06791511e+02
4.30000000e+01	9.45648081e+02
4.40000000e+01	9.85928192e+02
4.50000000e+01	1.02768954e+03
4.60000000e+01	1.07099181e+03
4.70000000e+01	1.11589675e+03
4.80000000e+01	1.16246802e+03
4.90000000e+01	1.21077147e+03
5.00000000e+01	1.26087511e+03
5.10000000e+01	1.31284918e+03
5.20000000e+01	1.36676631e+03
5.30000000e+01	1.42270140e+03
5.40000000e+01	1.48073209e+03
5.50000000e+01	1.54093826e+03
5.60000000e+01	1.60340248e+03
5.70000000e+01	1.66821037e+03
5.80000000e+01	1.73544998e+03
5.90000000e+01	1.80521240e+03
6.00000000e+01	1.87759156e+03
6.10000000e+01	1.95268480e+03
6.20000000e+01	2.03059221e+03
6.30000000e+01	2.11141731e+03
6.40000000e+01	2.19526715e+03
6.50000000e+01	2.28225178e+03
6.60000000e+01	2.37248519e+03
6.70000000e+01	2.46608486e+03
6.80000000e+01	2.56317205e+03
6.90000000e+01	2.66387177e+03
7.00000000e+01	2.76831312e+03
7.10000000e+01	2.87662924e+03
7.20000000e+01	2.98895733e+03
7.30000000e+01	3.10543914e+03
7.40000000e+01	3.22622042e+03
7.50000000e+01	3.35145192e+03
7.60000000e+01	3.48128859e+03
7.70000000e+01	3.61589055e+03
7.80000000e+01	3.75542248e+03
7.90000000e+01	3.90005412e+03
8.00000000e+01	4.04996049e+03
8.10000000e+01	4.20532179e+03
8.20000000e+01	4.36632357e+03
8.30000000e+01	4.53315690e+03
8.40000000e+01	4.70601850e+03
8.50000000e+01	4.88511092e+03
8.60000000e+01	5.07064254e+03
8.70000000e+01	5.26282786e+03
8.80000000e+01	5.46188738e+03
8.90000000e+01	5.66804811e+03
9.00000000e+01	5.88154341e+03
9.10000000e+01	6.10261311e+03
9.20000000e+01	6.33150411e+03
9.30000000e+01	6.56846960e+03
9.40000000e+01	6.81377015e+03
9.50000000e+01	7.06767331e+03
9.60000000e+01	7.33045390e+03
9.70000000e+01	7.60239405e+03
9.80000000e+01	7.88378343e+03
9.90000000e+01	8.17491935e+03
1.00000000e+02	8.47610677e+03
1.01000000e+02	8.78765873e+03
1.02000000e+02	9.10989601e+03
1.03000000e+02	9.44314787e+03
1.04000000e+02	9.78775145e+03
1.05000000e+02	1.01440525e+04
1.06000000e+02	1.05124050e+04
1.07000000e+02	1.08931718e+04
1.08000000e+02	1.12867244e+04
1.09000000e+02	1.16934430e+04
1.10000000e+02	1.21137167e+04
1.11000000e+02	1.25479437e+04
1.12000000e+02	1.29965311e+04
1.13000000e+02	1.34598956e+04
1.14000000e+02	1.39384628e+04
1.15000000e+02	1.44326680e+04
1.16000000e+02	1.49429555e+04
1.17000000e+02	1.54697796e+04
1.18000000e+02	1.60136039e+04
1.19000000e+02	1.65749017e+04
1.20000000e+02	1.71541562e+04
1.21000000e+02	1.77518603e+04
1.22000000e+02	1.83685164e+04
1.23000000e+02	1.90046373e+04
1.24000000e+02	1.96607452e+04
1.25000000e+02	2.03373727e+04
1.26000000e+02	2.10350620e+04
1.27000000e+02	2.17543653e+04
1.28000000e+02	2.24958450e+04
1.29000000e+02	2.32600734e+04
1.30000000e+02	2.40476327e+04
1.31000000e+02	2.48591150e+04
1.32000000e+02	2.56951225e+04
1.33000000e+02	2.65562674e+04
1.34000000e+02	2.74431713e+04
1.35000000e+02	2.83564662e+04
1.36000000e+02	2.92967935e+04
1.37000000e+02	3.02648046e+04
1.38000000e+02	3.12611602e+04
1.39000000e+02	3.22865308e+04
1.40000000e+02	3.33415963e+04
1.41000000e+02	3.44270460e+04
1.42000000e+02	3.55435784e+04
1.43000000e+02	3.66919010e+04
1.44000000e+02	3.78727307e+04
1.45000000e+02	3.90867930e+04
1.46000000e+02	4.03348220e+04
1.47000000e+02	4.16175608e+04
1.48000000e+02	4.29357605e+04
1.49000000e+02	4.42901808e+04
1.50000000e+02	4.56815890e+04
1.51000000e+02	4.71107607e+04
1.52000000e+02	4.85784790e+04
1.53000000e+02	5.00855344e+04
1.54000000e+02	5.16327249e+04
1.55000000e+02	5.32208550e+04
1.56000000e+02	5.48507368e+04
1.57000000e+02	5.65231882e+04
1.58000000e+02	5.82390338e+04
1.59000000e+02	5.99991041e+04
1.60000000e+02	6.18042356e+04
1.61000000e+02	6.36552703e+04
1.62000000e+02	6.55530552e+04
1.63000000e+02	6.74984425e+04
1.64000000e+02	6.94922894e+04
1.65000000e+02	7.15354570e+04
1.66000000e+02	7.36288109e+04
1.67000000e+02	7.57732205e+04
1.68000000e+02	7.79695586e+04
1.69000000e+02	8.02187017e+04
1.70000000e+02	8.25215288e+04
1.71000000e+02	8.48789217e+04
1.72000000e+02	8.72917650e+04
1.73000000e+02	8.97609449e+04
1.74000000e+02	9.22873495e+04
1.75000000e+02	9.48718688e+04
1.76000000e+02	9.75153933e+04
1.77000000e+02	1.00218815e+05
1.78000000e+02	1.02983027e+05
1.79000000e+02	1.05808922e+05
1.80000000e+02	1.08697392e+05
1.81000000e+02	1.11649331e+05
1.82000000e+02	1.14665631e+05
1.83000000e+02	1.17747184e+05
1.84000000e+02	1.20894881e+05
1.85000000e+02	1.24109612e+05
1.86000000e+02	1.27392265e+05
1.87000000e+02	1.30743727e+05
1.88000000e+02	1.34164884e+05
1.89000000e+02	1.37656618e+05
1.90000000e+02	1.41219812e+05
1.91000000e+02	1.44855345e+05
1.92000000e+02	1.48564092e+05
1.93000000e+02	1.52346929e+05
1.94000000e+02	1.56204727e+05
1.95000000e+02	1.60138356e+05
1.96000000e+02	1.64148682e+05
1.97000000e+02	1.68236568e+05
1.98000000e+02	1.72402876e+05
1.99000000e+02	1.76648465e+05
2.00000000e+02	1.80974189e+05
2.01000000e+02	1.85380902e+05
2.02000000e+02	1.89869455e+05
2.03000000e+02	1.94440696e+05
2.04000000e+02	1.99095470e+05
2.05000000e+02	2.03834621e+05
2.06000000e+02	2.08658992e+05
2.07000000e+02	2.13569421e+05
2.08000000e+02	2.18566747e+05
2.09000000e+02	2.23651809e+05
2.10000000e+02	2.28825441e+05
2.11000000e+02	2.34088481e+05
2.12000000e+02	2.39441763e+05
2.13000000e+02	2.44886124e+05
2.14000000e+02	2.50422401e+05
2.15000000e+02	2.56051430e+05
2.16000000e+02	2.61774051e+05
2.17000000e+02	2.67591107e+05
2.18000000e+02	2.73503439e+05
2.19000000e+02	2.79511898e+05
2.20000000e+02	2.85617333e+05
2.21000000e+02	2.91820601e+05
2.22000000e+02	2.98122564e+05
2.23000000e+02	3.04524088e+05
2.24000000e+02	3.11026049e+05
2.25000000e+02	3.17629329e+05
2.26000000e+02	3.24334819e+05
2.27000000e+02	3.31143418e+05
2.28000000e+02	3.38056037e+05
2.29000000e+02	3.45073599e+05
2.30000000e+02	3.52197037e+05
2.31000000e+02	3.59427300e+05
2.32000000e+02	3.66765348e+05
2.33000000e+02	3.74212161e+05
2.34000000e+02	3.81768732e+05
2.35000000e+02	3.89436074e+05
2.36000000e+02	3.97215217e+05
2.37000000e+02	4.05107214e+05
2.38000000e+02	4.13113138e+05
2.39000000e+02	4.21234084e+05
2.40000000e+02	4.29471175e+05
2.41000000e+02	4.37825554e+05
2.42000000e+02	4.46298397e+05
2.43000000e+02	4.54890904e+05
2.44000000e+02	4.63604308e+05
2.45000000e+02	4.72439870e+05
2.46000000e+02	4.81398889e+05
2.47000000e+02	4.90482694e+05
2.48000000e+02	4.99692652e+05
2.49000000e+02	5.09030169e+05
2.50000000e+02	5.18496689e+05
2.51000000e+02	5.28093696e+05
2.52000000e+02	5.37822720e+05
2.53000000e+02	5.47685333e+05
2.54000000e+02	5.57683155e+05
2.55000000e+02	5.67817851e+05
2.56000000e+02	5.78091141e+05
2.57000000e+02	5.88504791e+05
2.58000000e+02	5.99060625e+05
2.59000000e+02	6.09760520e+05
2.60000000e+02	6.20606410e+05
2.61000000e+02	6.31600290e+05
2.62000000e+02	6.42744214e+05
2.63000000e+02	6.54040300e+05
2.64000000e+02	6.65490730e+05
2.65000000e+02	6.77097754e+05
2.66000000e+02	6.88863688e+05
2.67000000e+02	7.00790922e+05
2.68000000e+02	7.12881916e+05
2.69000000e+02	7.25139204e+05
2.70000000e+02	7.37565400e+05
2.71000000e+02	7.50163192e+05
2.72000000e+02	7.62935351e+05
2.73000000e+02	7.75884730e+05
2.74000000e+02	7.89014264e+05
2.75000000e+02	8.02326976e+05
2.76000000e+02	8.15825977e+05
2.77000000e+02	8.29514468e+05
2.78000000e+02	8.43395740e+05
2.79000000e+02	8.57473179e+05
2.80000000e+02	8.71750267e+05
2.81000000e+02	8.86230583e+05
2.82000000e+02	9.00917803e+05
2.83000000e+02	9.15815708e+05
2.84000000e+02	9.30928177e+05
2.85000000e+02	9.46259199e+05
2.86000000e+02	9.61812863e+05
2.87000000e+02	9.77593370e+05
2.88000000e+02	9.93605030e+05
2.89000000e+02	1.00985226e+06
2.90000000e+02	1.02633960e+06
2.91000000e+02	1.04307169e+06
2.92000000e+02	1.06005330e+06
2.93000000e+02	1.07728930e+06
2.94000000e+02	1.09478470e+06
2.95000000e+02	1.11254460e+06
2.96000000e+02	1.13057426e+06
2.97000000e+02	1.14887903e+06
2.98000000e+02	1.16746439e+06
2.99000000e+02	1.18633595e+06
3.00000000e+02	1.20549946e+06
3.01000000e+02	1.22496076e+06
3.02000000e+02	1.24472585e+06
3.03000000e+02	1.26480085e+06
3.04000000e+02	1.28519199e+06
3.05000000e+02	1.30590566e+06
3.06000000e+02	1.32694836e+06
3.07000000e+02	1.34832673e+06
3.08000000e+02	1.37004752e+06
3.09000000e+02	1.39211766e+06
3.10000000e+02	1.41454415e+06
3.11000000e+02	1.43733417e+06
3.12000000e+02	1.46049502e+06
3.13000000e+02	1.48403411e+06
3.14000000e+02	1.50795902e+06
3.15000000e+02	1.53227743e+06
3.16000000e+02	1.55699717e+06
3.17000000e+02	1.58212620e+06
3.18000000e+02	1.60767259e+06
3.19000000e+02	1.63364458e+06
3.20000000e+02	1.66005051e+06
3.21000000e+02	1.68689885e+06
3.22000000e+02	1.71419821e+06
3.23000000e+02	1.74195733e+06
3.24000000e+02	1.77018506e+06
3.25000000e+02	1.79889040e+06
3.26000000e+02	1.82808244e+06
3.27000000e+02	1.85777043e+06
3.28000000e+02	1.88796372e+06
3.29000000e+02	1.91867178e+06
3.30000000e+02	1.94990420e+06
3.31000000e+02	1.98167068e+06
3.32000000e+02	2.01398106e+06
3.33000000e+02	2.04684526e+06
3.34000000e+02	2.08027333e+06
3.35000000e+02	2.11427542e+06
3.36000000e+02	2.14886178e+06
3.37000000e+02	2.18404277e+06
3.38000000e+02	2.21982885e+06
3.39000000e+02	2.25623057e+06
3.40000000e+02	2.29325858e+06
3.41000000e+02	2.33092361e+06
3.42000000e+02	2.36923649e+06
3.43000000e+02	2.40820812e+06
3.44000000e+02	2.44784948e+06
3.45000000e+02	2.48817165e+06
3.46000000e+02	2.52918575e+06
3.47000000e+02	2.57090297e+06
3.48000000e+02	2.61333458e+06
3.49000000e+02	2.65649189e+06
3.50000000e+02	2.70038628e+06
3.51000000e+02	2.74502916e+06
3.52000000e+02	2.79043199e+06
3.53000000e+02	2.83660626e+06
3.54000000e+02	2.88356350e+06
3.55000000e+02	2.93131526e+06
3.56000000e+02	2.97987310e+06
3.57000000e+02	3.02924861e+06
3.58000000e+02	3.07945336e+06
3.59000000e+02	3.13049893e+06
3.60000000e+02	3.18239689e+06
3.61000000e+02	3.23515880e+06
3.62000000e+02	3.28879617e+06
3.63000000e+02	3.34332049e+06
3.64000000e+02	3.39874322e+06
3.65000000e+02	3.45507573e+06
3.66000000e+02	3.51232937e+06
3.67000000e+02	3.57051540e+06
3.68000000e+02	3.62964499e+06
3.69000000e+02	3.68972922e+06
3.70000000e+02	3.75077909e+06
3.71000000e+02	3.81280546e+06
3.72000000e+02	3.87581908e+06
3.73000000e+02	3.93983055e+06
3.74000000e+02	4.00485034e+06
3.75000000e+02	4.07088875e+06
3.76000000e+02	4.13795588e+06
3.77000000e+02	4.20606169e+06
3.78000000e+02	4.27521590e+06
3.79000000e+02	4.34542802e+06
3.80000000e+02	4.41670734e+06
3.81000000e+02	4.48906291e+06
3.82000000e+02	4.56250350e+06
3.83000000e+02	4.63703760e+06
3.84000000e+02	4.71267344e+06
3.85000000e+02	4.78941890e+06
3.86000000e+02	4.86728157e+06
3.87000000e+02	4.94626866e+06
3.88000000e+02	5.02638704e+06
3.89000000e+02	5.10764320e+06
3.90000000e+02	5.19004322e+06
3.91000000e+02	5.27359276e+06
3.92000000e+02	5.35829707e+06
3.93000000e+02	5.44416091e+06
3.94000000e+02	5.53118856e+06
3.95000000e+02	5.61938383e+06
3.96000000e+02	5.70875000e+06
3.97000000e+02	5.79928978e+06
3.98000000e+02	5.89100536e+06
3.99000000e+02	5.98389830e+06
4.00000000e+02	6.07796960e+06
4.01000000e+02	6.17321957e+06
4.02000000e+02	6.26964791e+06
4.03000000e+02	6.36725362e+06
4.04000000e+02	6.46603500e+06
4.05000000e+02	6.56598960e+06
4.06000000e+02	6.66711425e+06
4.07000000e+02	6.76940495e+06
4.08000000e+02	6.87285693e+06
4.09000000e+02	6.97746456e+06
4.10000000e+02	7.08322134e+06
4.11000000e+02	7.19011990e+06
4.12000000e+02	7.29815192e+06
4.13000000e+02	7.40730813e+06
4.14000000e+02	7.51757827e+06
4.15000000e+02	7.62895107e+06
4.16000000e+02	7.74141419e+06
4.17000000e+02	7.85495422e+06
4.18000000e+02	7.96955660e+06
4.19000000e+02	8.08520563e+06
4.20000000e+02	8.20188440e+06
4.21000000e+02	8.31957476e+06
4.22000000e+02	8.43825728e+06
4.23000000e+02	8.55791118e+06
4.24000000e+02	8.67851435e+06
4.25000000e+02	8.80004320e+06
4.26000000e+02	8.92247271e+06
4.27000000e+02	9.04577632e+06
4.28000000e+02	9.16992589e+06
4.29000000e+02	9.29489162e+06
4.30000000e+02	9.42064202e+06
4.31000000e+02	9.54714382e+06
4.32000000e+02	9.67436193e+06
4.33000000e+02	9.80225931e+06
4.34000000e+02	9.93079694e+06
4.35000000e+02	1.00599337e+07
4.36000000e+02	1.01896264e+07
4.37000000e+02	1.03198295e+07
4.38000000e+02	1.04504951e+07
4.39000000e+02	1.05815729e+07
4.40000000e+02	1.07130100e+07
4.41000000e+02	1.08447507e+07
4.42000000e+02	1.09767368e+07
4.43000000e+02	1.11089069e+07
4.44000000e+02	1.12411965e+07
4.45000000e+02	1.13735382e+07
4.46000000e+02	1.15058609e+07
4.47000000e+02	1.16380902e+07
4.48000000e+02	1.17701479e+07
4.49000000e+02	1.19019521e+07
4.50000000e+02	1.20334169e+07
4.51000000e+02	1.21644519e+07
4.52000000e+02	1.22949628e+07
4.53000000e+02	1.24248503e+07
4.54000000e+02	1.25540107e+07
4.55000000e+02	1.26823352e+07
4.56000000e+02	1.28097098e+07
4.57000000e+02	1.29360153e+07
4.58000000e+02	1.30611269e+07
4.59000000e+02	1.31849142e+07
4.60000000e+02	1.33072407e+07
4.61000000e+02	1.34279641e+07
4.62000000e+02	1.35469356e+07
4.63000000e+02	1.36640002e+07
4.64000000e+02	1.37789963e+07
4.65000000e+02	1.38917558e+07
4.66000000e+02	1.40021039e+07
4.67000000e+02	1.41098588e+07
4.68000000e+02	1.42148322e+07
4.69000000e+02	1.43168290e+07
4.70000000e+02	1.44156473e+07
4.71000000e+02	1.45110789e+07
4.72000000e+02	1.46029089e+07
4.73000000e+02	1.46909166e+07
4.74000000e+02	1.47748752e+07
4.75000000e+02	1.48545528e+07
4.76000000e+02	1.49297123e+07
4.77000000e+02	1.50001123e+07
4.78000000e+02	1.50655079e+07
4.79000000e+02	1.51256512e+07
4.80000000e+02	1.51802920e+07
4.81000000e+02	1.52291795e+07
4.82000000e+02	1.52720628e+07
4.83000000e+02	1.53086922e+07
4.84000000e+02	1.53388208e+07
4.85000000e+02	1.53622060e+07
4.86000000e+02	1.53786105e+07
4.87000000e+02	1.53878048e+07
4.88000000e+02	1.53895685e+07
4.89000000e+02	1.53836923e+07
4.90000000e+02	1.53699798e+07
4.91000000e+02	1.53482499e+07
4.92000000e+02	1.53183385e+07
4.93000000e+02	1.52801006e+07
4.94000000e+02	1.52334127e+07
4.95000000e+02	1.51781743e+07
4.96000000e+02	1.51143102e+07
4.97000000e+02	1.50417722e+07
4.98000000e+02	1.49605410e+07
4.99000000e+02	1.48706271e+07
5.00000000e+02	1.47720731e+07
5.01000000e+02	1.46649539e+07
5.02000000e+02	1.45493776e+07
5.03000000e+02	1.44254865e+07
5.04000000e+02	1.42934567e+07
5.05000000e+02	1.41534981e+07
5.06000000e+02	1.40058538e+07
5.07000000e+02	1.38507991e+07
5.08000000e+02	1.36886403e+07
5.09000000e+02	1.35197127e+07
5.10000000e+02	1.33443791e+07
5.11000000e+02	1.31630267e+07
5.12000000e+02	1.29760650e+07
5.13000000e+02	1.27839227e+07
5.14000000e+02	1.25870446e+07
5.15000000e+02	1.23858879e+07
5.16000000e+02	1.21809193e+07
5.17000000e+02	1.19726114e+07
5.18000000e+02	1.17614388e+07
5.19000000e+02	1.15478752e+07
5.20000000e+02	1.13323896e+07
5.21000000e+02	1.11154434e+07
5.22000000e+02	1.08974870e+07
5.23000000e+02	1.06789576e+07
5.24000000e+02	1.04602761e+07
5.25000000e+02	1.02418452e+07
5.26000000e+02	1.00240476e+07
5.27000000e+02	9.80724371e+06
5.28000000e+02	9.59177122e+06
5.29000000e+02	9.37794355e+06
5.30000000e+02	9.16604940e+06
5.31000000e+02	8.95635233e+06
5.32000000e+02	8.74909073e+06
5.33000000e+02	8.54447789e+06
5.34000000e+02	8.34270251e+06
5.35000000e+02	8.14392922e+06
5.36000000e+02	7.94829943e+06
5.37000000e+02	7.75593227e+06
5.38000000e+02	7.56692559e+06
5.39000000e+02	7.38135723e+06
5.40000000e+02	7.19928618e+06
5.41000000e+02	7.02075391e+06
5.42000000e+02	6.84578572e+06
5.43000000e+02	6.67439201e+06
5.44000000e+02	6.50656966e+06
5.45000000e+02	6.34230336e+06
5.46000000e+02	6.18156684e+06
5.47000000e+02	6.02432412e+06
5.48000000e+02	5.87053073e+06
5.49000000e+02	5.72013481e+06
5.50000000e+02	5.57307820e+06
5.51000000e+02	5.42929743e+06
5.52000000e+02	5.28872465e+06
5.53000000e+02	5.15128854e+06
5.54000000e+02	5.01691509e+06
5.55000000e+02	4.88552835e+06
5.56000000e+02	4.75705109e+06
5.57000000e+02	4.63140544e+06
5.58000000e+02	4.50851343e+06
5.59000000e+02	4.38829753e+06
5.60000000e+02	4.27068103e+06
5.61000000e+02	4.15558851e+06
5.62000000e+02	4.04294613e+06
5.63000000e+02	3.93268202e+06
5.64000000e+02	3.82472646e+06
5.65000000e+02	3.71901215e+06
5.66000000e+02	3.61547441e+06
5.67000000e+02	3.51405134e+06
5.68000000e+02	3.41468391e+06
5.69000000e+02	3.31731613e+06
5.70000000e+02	3.22189504e+06
5.71000000e+02	3.12837081e+06
5.72000000e+02	3.03669675e+06
5.73000000e+02	2.94682930e+06
5.74000000e+02	2.85872812e+06
5.75000000e+02	2.77235609e+06
5.76000000e+02	2.68767896e+06
5.77000000e+02	2.60466508e+06
5.78000000e+02	2.52328599e+06
5.79000000e+02	2.44351690e+06
5.80000000e+02	2.36533465e+06
5.81000000e+02	2.28871718e+06
5.82000000e+02	2.21364771e+06
5.83000000e+02	2.14011284e+06
5.84000000e+02	2.06809310e+06
5.85000000e+02	1.99758114e+06
5.86000000e+02	1.92856458e+06
5.87000000e+02	1.86103291e+06
5.88000000e+02	1.79498570e+06
5.89000000e+02	1.73040950e+06
5.90000000e+02	1.66730046e+06
5.91000000e+02	1.60565852e+06
5.92000000e+02	1.54547242e+06
5.93000000e+02	1.48674397e+06
5.94000000e+02	1.42946830e+06
5.95000000e+02	1.37363815e+06
5.96000000e+02	1.31925626e+06
5.97000000e+02	1.26631288e+06
5.98000000e+02	1.21480525e+06
5.99000000e+02	1.16472980e+06
6.00000000e+02	1.11607669e+06
6.01000000e+02	1.06884211e+06
6.02000000e+02	1.02301725e+06
6.03000000e+02	9.78590674e+05
6.04000000e+02	9.35556319e+05
6.05000000e+02	8.93899032e+05
6.06000000e+02	8.53606950e+05
6.07000000e+02	8.14667225e+05
6.08000000e+02	7.77062646e+05
6.09000000e+02	7.40777194e+05
6.10000000e+02	7.05793253e+05
6.11000000e+02	6.72090427e+05
6.12000000e+02	6.39648502e+05
6.13000000e+02	6.08445864e+05
6.14000000e+02	5.78458578e+05
6.15000000e+02	5.49663438e+05
6.16000000e+02	5.22035051e+05
6.17000000e+02	4.95546652e+05
6.18000000e+02	4.70172167e+05
6.19000000e+02	4.45883356e+05
6.20000000e+02	4.22651773e+05
6.21000000e+02	4.00448968e+05
6.22000000e+02	3.79244915e+05
6.23000000e+02	3.59010001e+05
6.24000000e+02	3.39714298e+05
6.25000000e+02	3.21327213e+05
6.26000000e+02	3.03818616e+05
6.27000000e+02	2.87158070e+05
6.28000000e+02	2.71315119e+05
6.29000000e+02	2.56259871e+05
6.30000000e+02	2.41962372e+05
6.31000000e+02	2.28392949e+05
6.32000000e+02	2.15522651e+05
6.33000000e+02	2.03322583e+05
6.34000000e+02	1.91764638e+05
6.35000000e+02	1.80821153e+05
6.36000000e+02	1.70465033e+05
6.37000000e+02	1.60669954e+05
6.38000000e+02	1.51410176e+05
6.39000000e+02	1.42660651e+05
6.40000000e+02	1.34397184e+05
6.41000000e+02	1.26596188e+05
6.42000000e+02	1.19234941e+05
6.43000000e+02	1.12291472e+05
6.44000000e+02	1.05744562e+05
6.45000000e+02	9.95738462e+04
6.46000000e+02	9.37596750e+04
6.47000000e+02	8.82832239e+04
6.48000000e+02	8.31264339e+04
6.49000000e+02	7.82719882e+04
6.50000000e+02	7.37033554e+04
6.51000000e+02	6.94047125e+04
6.52000000e+02	6.53609746e+04
6.53000000e+02	6.15577570e+04
6.54000000e+02	5.79813483e+04
6.55000000e+02	5.46187206e+04
6.56000000e+02	5.14574713e+04
6.57000000e+02	4.84858312e+04
6.58000000e+02	4.56926258e+04
6.59000000e+02	4.30672533e+04
6.60000000e+02	4.05996743e+04
6.61000000e+02	3.82803700e+04
6.62000000e+02	3.61003351e+04
6.63000000e+02	3.40510443e+04
6.64000000e+02	3.21244331e+04
6.65000000e+02	3.03128764e+04
6.66000000e+02	2.86091588e+04
6.67000000e+02	2.70064606e+04
6.68000000e+02	2.54983274e+04
6.69000000e+02	2.40786524e+04
6.70000000e+02	2.27416515e+04
6.71000000e+02	2.14818413e+04
6.72000000e+02	2.02940180e+04
6.73000000e+02	1.91732317e+04
6.74000000e+02	1.81147677e+04
6.75000000e+02	1.71141202e+04
6.76000000e+02	1.61669715e+04
6.77000000e+02	1.52691673e+04
6.78000000e+02	1.44166936e+04
6.79000000e+02	1.36056536e+04
6.80000000e+02	1.28322428e+04
6.81000000e+02	1.20927277e+04
6.82000000e+02	1.13834231e+04
6.83000000e+02	1.07006732e+04
6.84000000e+02	1.00408350e+04
6.85000000e+02	9.40026845e+03
6.86000000e+02	8.77533333e+03
6.87000000e+02	8.16239657e+03
6.88000000e+02	7.55785439e+03
6.89000000e+02	6.95817117e+03
6.90000000e+02	6.35993979e+03
6.91000000e+02	5.75996531e+03
6.92000000e+02	5.15537293e+03
6.93000000e+02	4.54373805e+03
6.94000000e+02	3.92323346e+03
6.95000000e+02	3.29280184e+03
6.96000000e+02	2.65313198e+03
6.97000000e+02	2.04541523e+03
6.98000000e+02	1.21236026e+03
6.99000000e+02	7.52434905e+02
7.00000000e+02	0.00000000e+00
