# Profil de ElecX au temps 1.009999999999998e-12 
# simu : /Volumes/MERCURE/JOBS/Zeq1_tanh_50mic_5e20_B0_20ps/GNU/ElecX@y-c.set
# col 0 : abscisse (um)
# col 1 : ElecX (V/m)
0.00000000e+00	0.00000000e+00
1.00000000e+00	1.23474517e+02
2.00000000e+00	-2.51346766e+01
3.00000000e+00	-5.41146570e+01
4.00000000e+00	8.98927502e+00
5.00000000e+00	3.85716596e+00
6.00000000e+00	2.80349030e+00
7.00000000e+00	2.59257834e+00
8.00000000e+00	2.47091747e+00
9.00000000e+00	2.35982474e+00
1.00000000e+01	2.26475217e+00
1.10000000e+01	2.19848656e+00
1.20000000e+01	2.15836050e+00
1.30000000e+01	2.13016673e+00
1.40000000e+01	2.10363046e+00
1.50000000e+01	2.07839285e+00
1.60000000e+01	2.06085891e+00
1.70000000e+01	2.05801461e+00
1.80000000e+01	2.07289819e+00
1.90000000e+01	2.10351627e+00
2.00000000e+01	2.14478301e+00
2.10000000e+01	2.19290138e+00
2.20000000e+01	2.24800537e+00
2.30000000e+01	2.31319036e+00
2.40000000e+01	2.39171982e+00
2.50000000e+01	2.48486941e+00
2.60000000e+01	2.59143427e+00
2.70000000e+01	2.70876898e+00
2.80000000e+01	2.83387901e+00
2.90000000e+01	2.96454848e+00
3.00000000e+01	3.09939921e+00
3.10000000e+01	3.23792761e+00
3.20000000e+01	3.38009955e+00
3.30000000e+01	3.52632493e+00
3.40000000e+01	3.67688067e+00
3.50000000e+01	3.83234053e+00
3.60000000e+01	3.99299858e+00
3.70000000e+01	4.15935013e+00
3.80000000e+01	4.33175886e+00
3.90000000e+01	4.51055383e+00
4.00000000e+01	4.69616434e+00
4.10000000e+01	4.88892361e+00
4.20000000e+01	5.08923886e+00
4.30000000e+01	5.29747149e+00
4.40000000e+01	5.51402196e+00
4.50000000e+01	5.73930540e+00
4.60000000e+01	5.97366918e+00
4.70000000e+01	6.21755631e+00
4.80000000e+01	6.47136343e+00
4.90000000e+01	6.73547811e+00
5.00000000e+01	7.01038954e+00
5.10000000e+01	7.29649614e+00
5.20000000e+01	7.59428055e+00
5.30000000e+01	7.90419646e+00
5.40000000e+01	8.22679796e+00
5.50000000e+01	8.56254558e+00
5.60000000e+01	8.91196573e+00
5.70000000e+01	9.27568523e+00
5.80000000e+01	9.65424256e+00
5.90000000e+01	1.00482298e+01
6.00000000e+01	1.04582942e+01
6.10000000e+01	1.08851280e+01
6.20000000e+01	1.13293328e+01
6.30000000e+01	1.17916933e+01
6.40000000e+01	1.22729307e+01
6.50000000e+01	1.27738148e+01
6.60000000e+01	1.32951059e+01
6.70000000e+01	1.38376736e+01
6.80000000e+01	1.44024236e+01
6.90000000e+01	1.49902122e+01
7.00000000e+01	1.56019384e+01
7.10000000e+01	1.62386604e+01
7.20000000e+01	1.69013873e+01
7.30000000e+01	1.75911541e+01
7.40000000e+01	1.83090463e+01
7.50000000e+01	1.90562611e+01
7.60000000e+01	1.98339637e+01
7.70000000e+01	2.06433932e+01
7.80000000e+01	2.14858877e+01
7.90000000e+01	2.23627059e+01
8.00000000e+01	2.32753841e+01
8.10000000e+01	2.42252550e+01
8.20000000e+01	2.52138969e+01
8.30000000e+01	2.62429111e+01
8.40000000e+01	2.73138708e+01
8.50000000e+01	2.84285737e+01
8.60000000e+01	2.95887750e+01
8.70000000e+01	3.07963223e+01
8.80000000e+01	3.20531402e+01
8.90000000e+01	3.33612466e+01
9.00000000e+01	3.47227225e+01
9.10000000e+01	3.61398075e+01
9.20000000e+01	3.76146854e+01
9.30000000e+01	3.91497811e+01
9.40000000e+01	4.07474981e+01
9.50000000e+01	4.24104303e+01
9.60000000e+01	4.41412069e+01
9.70000000e+01	4.59426743e+01
9.80000000e+01	4.78176089e+01
9.90000000e+01	4.97690731e+01
1.00000000e+02	5.18002039e+01
1.01000000e+02	5.39141653e+01
1.02000000e+02	5.61144529e+01
1.03000000e+02	5.84045104e+01
1.04000000e+02	6.07880569e+01
1.05000000e+02	6.32688412e+01
1.06000000e+02	6.58509028e+01
1.07000000e+02	6.85382994e+01
1.08000000e+02	7.13354011e+01
1.09000000e+02	7.42466339e+01
1.10000000e+02	7.72766701e+01
1.11000000e+02	8.04303991e+01
1.12000000e+02	8.37127906e+01
1.13000000e+02	8.71291565e+01
1.14000000e+02	9.06849511e+01
1.15000000e+02	9.43858602e+01
1.16000000e+02	9.82377746e+01
1.17000000e+02	1.02246926e+02
1.18000000e+02	1.06419678e+02
1.19000000e+02	1.10762714e+02
1.20000000e+02	1.15282984e+02
1.21000000e+02	1.19987765e+02
1.22000000e+02	1.24884508e+02
1.23000000e+02	1.29981091e+02
1.24000000e+02	1.35285683e+02
1.25000000e+02	1.40806746e+02
1.26000000e+02	1.46553145e+02
1.27000000e+02	1.52534032e+02
1.28000000e+02	1.58758992e+02
1.29000000e+02	1.65238011e+02
1.30000000e+02	1.71981459e+02
1.31000000e+02	1.79000037e+02
1.32000000e+02	1.86305088e+02
1.33000000e+02	1.93908273e+02
1.34000000e+02	2.01821717e+02
1.35000000e+02	2.10058103e+02
1.36000000e+02	2.18630627e+02
1.37000000e+02	2.27553005e+02
1.38000000e+02	2.36839476e+02
1.39000000e+02	2.46504943e+02
1.40000000e+02	2.56564819e+02
1.41000000e+02	2.67035286e+02
1.42000000e+02	2.77933029e+02
1.43000000e+02	2.89275450e+02
1.44000000e+02	3.01080808e+02
1.45000000e+02	3.13367943e+02
1.46000000e+02	3.26156446e+02
1.47000000e+02	3.39466885e+02
1.48000000e+02	3.53320496e+02
1.49000000e+02	3.67739473e+02
1.50000000e+02	3.82746842e+02
1.51000000e+02	3.98366663e+02
1.52000000e+02	4.14623923e+02
1.53000000e+02	4.31544598e+02
1.54000000e+02	4.49155792e+02
1.55000000e+02	4.67485649e+02
1.56000000e+02	4.86563550e+02
1.57000000e+02	5.06419989e+02
1.58000000e+02	5.27086724e+02
1.59000000e+02	5.48596810e+02
1.60000000e+02	5.70984714e+02
1.61000000e+02	5.94286196e+02
1.62000000e+02	6.18538587e+02
1.63000000e+02	6.43780642e+02
1.64000000e+02	6.70052760e+02
1.65000000e+02	6.97396970e+02
1.66000000e+02	7.25857044e+02
1.67000000e+02	7.55478483e+02
1.68000000e+02	7.86308699e+02
1.69000000e+02	8.18396955e+02
1.70000000e+02	8.51794682e+02
1.71000000e+02	8.86555192e+02
1.72000000e+02	9.22734173e+02
1.73000000e+02	9.60389525e+02
1.74000000e+02	9.99581382e+02
1.75000000e+02	1.04037251e+03
1.76000000e+02	1.08282814e+03
1.77000000e+02	1.12701620e+03
1.78000000e+02	1.17300735e+03
1.79000000e+02	1.22087514e+03
1.80000000e+02	1.27069621e+03
1.81000000e+02	1.32255016e+03
1.82000000e+02	1.37651996e+03
1.83000000e+02	1.43269194e+03
1.84000000e+02	1.49115597e+03
1.85000000e+02	1.55200551e+03
1.86000000e+02	1.61533786e+03
1.87000000e+02	1.68125435e+03
1.88000000e+02	1.74986042e+03
1.89000000e+02	1.82126574e+03
1.90000000e+02	1.89558450e+03
1.91000000e+02	1.97293555e+03
1.92000000e+02	2.05344260e+03
1.93000000e+02	2.13723438e+03
1.94000000e+02	2.22444485e+03
1.95000000e+02	2.31521350e+03
1.96000000e+02	2.40968543e+03
1.97000000e+02	2.50801168e+03
1.98000000e+02	2.61034945e+03
1.99000000e+02	2.71686238e+03
2.00000000e+02	2.82772071e+03
2.01000000e+02	2.94310170e+03
2.02000000e+02	3.06318975e+03
2.03000000e+02	3.18817686e+03
2.04000000e+02	3.31826277e+03
2.05000000e+02	3.45365543e+03
2.06000000e+02	3.59457122e+03
2.07000000e+02	3.74123534e+03
2.08000000e+02	3.89388220e+03
2.09000000e+02	4.05275567e+03
2.10000000e+02	4.21810972e+03
2.11000000e+02	4.39020843e+03
2.12000000e+02	4.56932685e+03
2.13000000e+02	4.75575113e+03
2.14000000e+02	4.94977907e+03
2.15000000e+02	5.15172060e+03
2.16000000e+02	5.36189830e+03
2.17000000e+02	5.58064787e+03
2.18000000e+02	5.80831863e+03
2.19000000e+02	6.04527416e+03
2.20000000e+02	6.29189289e+03
2.21000000e+02	6.54856846e+03
2.22000000e+02	6.81571075e+03
2.23000000e+02	7.09374618e+03
2.24000000e+02	7.38311853e+03
2.25000000e+02	7.68428967e+03
2.26000000e+02	7.99774022e+03
2.27000000e+02	8.32397032e+03
2.28000000e+02	8.66350050e+03
2.29000000e+02	9.01687240e+03
2.30000000e+02	9.38464968e+03
2.31000000e+02	9.76741889e+03
2.32000000e+02	1.01657905e+04
2.33000000e+02	1.05803995e+04
2.34000000e+02	1.10119071e+04
2.35000000e+02	1.14610010e+04
2.36000000e+02	1.19283969e+04
2.37000000e+02	1.24148396e+04
2.38000000e+02	1.29211041e+04
2.39000000e+02	1.34479968e+04
2.40000000e+02	1.39963568e+04
2.41000000e+02	1.45670573e+04
2.42000000e+02	1.51610069e+04
2.43000000e+02	1.57791507e+04
2.44000000e+02	1.64224726e+04
2.45000000e+02	1.70919959e+04
2.46000000e+02	1.77887855e+04
2.47000000e+02	1.85139495e+04
2.48000000e+02	1.92686406e+04
2.49000000e+02	2.00540583e+04
2.50000000e+02	2.08714505e+04
2.51000000e+02	2.17221155e+04
2.52000000e+02	2.26074042e+04
2.53000000e+02	2.35287218e+04
2.54000000e+02	2.44875303e+04
2.55000000e+02	2.54853509e+04
2.56000000e+02	2.65237657e+04
2.57000000e+02	2.76044211e+04
2.58000000e+02	2.87290292e+04
2.59000000e+02	2.98993715e+04
2.60000000e+02	3.11173011e+04
2.61000000e+02	3.23847453e+04
2.62000000e+02	3.37037093e+04
2.63000000e+02	3.50762785e+04
2.64000000e+02	3.65046221e+04
2.65000000e+02	3.79909964e+04
2.66000000e+02	3.95377479e+04
2.67000000e+02	4.11473173e+04
2.68000000e+02	4.28222430e+04
2.69000000e+02	4.45651645e+04
2.70000000e+02	4.63788273e+04
2.71000000e+02	4.82660861e+04
2.72000000e+02	5.02299096e+04
2.73000000e+02	5.22733848e+04
2.74000000e+02	5.43997215e+04
2.75000000e+02	5.66122572e+04
2.76000000e+02	5.89144619e+04
2.77000000e+02	6.13099434e+04
2.78000000e+02	6.38024523e+04
2.79000000e+02	6.63958879e+04
2.80000000e+02	6.90943033e+04
2.81000000e+02	7.19019121e+04
2.82000000e+02	7.48230936e+04
2.83000000e+02	7.78623997e+04
2.84000000e+02	8.10245613e+04
2.85000000e+02	8.43144950e+04
2.86000000e+02	8.77373099e+04
2.87000000e+02	9.12983153e+04
2.88000000e+02	9.50030275e+04
2.89000000e+02	9.88571783e+04
2.90000000e+02	1.02866722e+05
2.91000000e+02	1.07037845e+05
2.92000000e+02	1.11376972e+05
2.93000000e+02	1.15890778e+05
2.94000000e+02	1.20586194e+05
2.95000000e+02	1.25470418e+05
2.96000000e+02	1.30550927e+05
2.97000000e+02	1.35835480e+05
2.98000000e+02	1.41332137e+05
2.99000000e+02	1.47049261e+05
3.00000000e+02	1.52995535e+05
3.01000000e+02	1.59179972e+05
3.02000000e+02	1.65611923e+05
3.03000000e+02	1.72301092e+05
3.04000000e+02	1.79257548e+05
3.05000000e+02	1.86491734e+05
3.06000000e+02	1.94014485e+05
3.07000000e+02	2.01837035e+05
3.08000000e+02	2.09971036e+05
3.09000000e+02	2.18428568e+05
3.10000000e+02	2.27222152e+05
3.11000000e+02	2.36364767e+05
3.12000000e+02	2.45869864e+05
3.13000000e+02	2.55751379e+05
3.14000000e+02	2.66023750e+05
3.15000000e+02	2.76701928e+05
3.16000000e+02	2.87801401e+05
3.17000000e+02	2.99338198e+05
3.18000000e+02	3.11328916e+05
3.19000000e+02	3.23790729e+05
3.20000000e+02	3.36741406e+05
3.21000000e+02	3.50199330e+05
3.22000000e+02	3.64183509e+05
3.23000000e+02	3.78713599e+05
3.24000000e+02	3.93809914e+05
3.25000000e+02	4.09493449e+05
3.26000000e+02	4.25785890e+05
3.27000000e+02	4.42709635e+05
3.28000000e+02	4.60287809e+05
3.29000000e+02	4.78544281e+05
3.30000000e+02	4.97503676e+05
3.31000000e+02	5.17191394e+05
3.32000000e+02	5.37633626e+05
3.33000000e+02	5.58857364e+05
3.34000000e+02	5.80890419e+05
3.35000000e+02	6.03761434e+05
3.36000000e+02	6.27499894e+05
3.37000000e+02	6.52136141e+05
3.38000000e+02	6.77701383e+05
3.39000000e+02	7.04227705e+05
3.40000000e+02	7.31748077e+05
3.41000000e+02	7.60296364e+05
3.42000000e+02	7.89907327e+05
3.43000000e+02	8.20616635e+05
3.44000000e+02	8.52460860e+05
3.45000000e+02	8.85477486e+05
3.46000000e+02	9.19704902e+05
3.47000000e+02	9.55182406e+05
3.48000000e+02	9.91950192e+05
3.49000000e+02	1.03004935e+06
3.50000000e+02	1.06952185e+06
3.51000000e+02	1.11041055e+06
3.52000000e+02	1.15275913e+06
3.53000000e+02	1.19661214e+06
3.54000000e+02	1.24201492e+06
3.55000000e+02	1.28901363e+06
3.56000000e+02	1.33765517e+06
3.57000000e+02	1.38798717e+06
3.58000000e+02	1.44005797e+06
3.59000000e+02	1.49391654e+06
3.60000000e+02	1.54961248e+06
3.61000000e+02	1.60719593e+06
3.62000000e+02	1.66671755e+06
3.63000000e+02	1.72822845e+06
3.64000000e+02	1.79178010e+06
3.65000000e+02	1.85742431e+06
3.66000000e+02	1.92521311e+06
3.67000000e+02	1.99519871e+06
3.68000000e+02	2.06743339e+06
3.69000000e+02	2.14196939e+06
3.70000000e+02	2.21885888e+06
3.71000000e+02	2.29815378e+06
3.72000000e+02	2.37990572e+06
3.73000000e+02	2.46416586e+06
3.74000000e+02	2.55098484e+06
3.75000000e+02	2.64041259e+06
3.76000000e+02	2.73249822e+06
3.77000000e+02	2.82728992e+06
3.78000000e+02	2.92483476e+06
3.79000000e+02	3.02517854e+06
3.80000000e+02	3.12836568e+06
3.81000000e+02	3.23443902e+06
3.82000000e+02	3.34343968e+06
3.83000000e+02	3.45540682e+06
3.84000000e+02	3.57037756e+06
3.85000000e+02	3.68838669e+06
3.86000000e+02	3.80946656e+06
3.87000000e+02	3.93364683e+06
3.88000000e+02	4.06095431e+06
3.89000000e+02	4.19141270e+06
3.90000000e+02	4.32504243e+06
3.91000000e+02	4.46186040e+06
3.92000000e+02	4.60187981e+06
3.93000000e+02	4.74510987e+06
3.94000000e+02	4.89155561e+06
3.95000000e+02	5.04121764e+06
3.96000000e+02	5.19409193e+06
3.97000000e+02	5.35016952e+06
3.98000000e+02	5.50943632e+06
3.99000000e+02	5.67187284e+06
4.00000000e+02	5.83745397e+06
4.01000000e+02	6.00614869e+06
4.02000000e+02	6.17791983e+06
4.03000000e+02	6.35272383e+06
4.04000000e+02	6.53051048e+06
4.05000000e+02	6.71122264e+06
4.06000000e+02	6.89479600e+06
4.07000000e+02	7.08115883e+06
4.08000000e+02	7.27023172e+06
4.09000000e+02	7.46192732e+06
4.10000000e+02	7.65615008e+06
4.11000000e+02	7.85279602e+06
4.12000000e+02	8.05175248e+06
4.13000000e+02	8.25289787e+06
4.14000000e+02	8.45610145e+06
4.15000000e+02	8.66122309e+06
4.16000000e+02	8.86811307e+06
4.17000000e+02	9.07661184e+06
4.18000000e+02	9.28654988e+06
4.19000000e+02	9.49774746e+06
4.20000000e+02	9.71001449e+06
4.21000000e+02	9.92315042e+06
4.22000000e+02	1.01369440e+07
4.23000000e+02	1.03511734e+07
4.24000000e+02	1.05656059e+07
4.25000000e+02	1.07799977e+07
4.26000000e+02	1.09940946e+07
4.27000000e+02	1.12076311e+07
4.28000000e+02	1.14203311e+07
4.29000000e+02	1.16319079e+07
4.30000000e+02	1.18420641e+07
4.31000000e+02	1.20504919e+07
4.32000000e+02	1.22568737e+07
4.33000000e+02	1.24608818e+07
4.34000000e+02	1.26621794e+07
4.35000000e+02	1.28604206e+07
4.36000000e+02	1.30552511e+07
4.37000000e+02	1.32463088e+07
4.38000000e+02	1.34332247e+07
4.39000000e+02	1.36156232e+07
4.40000000e+02	1.37931233e+07
4.41000000e+02	1.39653398e+07
4.42000000e+02	1.41318837e+07
4.43000000e+02	1.42923638e+07
4.44000000e+02	1.44463882e+07
4.45000000e+02	1.45935650e+07
4.46000000e+02	1.47335043e+07
4.47000000e+02	1.48658196e+07
4.48000000e+02	1.49901295e+07
4.49000000e+02	1.51060593e+07
4.50000000e+02	1.52132430e+07
4.51000000e+02	1.53113254e+07
4.52000000e+02	1.53999635e+07
4.53000000e+02	1.54788291e+07
4.54000000e+02	1.55476109e+07
4.55000000e+02	1.56060161e+07
4.56000000e+02	1.56537730e+07
4.57000000e+02	1.56906331e+07
4.58000000e+02	1.57163728e+07
4.59000000e+02	1.57307958e+07
4.60000000e+02	1.57337352e+07
4.61000000e+02	1.57250548e+07
4.62000000e+02	1.57046513e+07
4.63000000e+02	1.56724558e+07
4.64000000e+02	1.56284350e+07
4.65000000e+02	1.55725926e+07
4.66000000e+02	1.55049702e+07
4.67000000e+02	1.54256481e+07
4.68000000e+02	1.53347456e+07
4.69000000e+02	1.52324210e+07
4.70000000e+02	1.51188719e+07
4.71000000e+02	1.49943343e+07
4.72000000e+02	1.48590821e+07
4.73000000e+02	1.47134258e+07
4.74000000e+02	1.45577109e+07
4.75000000e+02	1.43923167e+07
4.76000000e+02	1.42176537e+07
4.77000000e+02	1.40341614e+07
4.78000000e+02	1.38423059e+07
4.79000000e+02	1.36425769e+07
4.80000000e+02	1.34354849e+07
4.81000000e+02	1.32215578e+07
4.82000000e+02	1.30013378e+07
4.83000000e+02	1.27753778e+07
4.84000000e+02	1.25442385e+07
4.85000000e+02	1.23084845e+07
4.86000000e+02	1.20686812e+07
4.87000000e+02	1.18253916e+07
4.88000000e+02	1.15791732e+07
4.89000000e+02	1.13305748e+07
4.90000000e+02	1.10801340e+07
4.91000000e+02	1.08283745e+07
4.92000000e+02	1.05758040e+07
4.93000000e+02	1.03229118e+07
4.94000000e+02	1.00701672e+07
4.95000000e+02	9.81801796e+06
4.96000000e+02	9.56688902e+06
4.97000000e+02	9.31718147e+06
4.98000000e+02	9.06927184e+06
4.99000000e+02	8.82351155e+06
5.00000000e+02	8.58022673e+06
5.01000000e+02	8.33971811e+06
5.02000000e+02	8.10226119e+06
5.03000000e+02	7.86810657e+06
5.04000000e+02	7.63748048e+06
5.05000000e+02	7.41058532e+06
5.06000000e+02	7.18760052e+06
5.07000000e+02	6.96868331e+06
5.08000000e+02	6.75396967e+06
5.09000000e+02	6.54357535e+06
5.10000000e+02	6.33759688e+06
5.11000000e+02	6.13611265e+06
5.12000000e+02	5.93918400e+06
5.13000000e+02	5.74685633e+06
5.14000000e+02	5.55916017e+06
5.15000000e+02	5.37611227e+06
5.16000000e+02	5.19771666e+06
5.17000000e+02	5.02396565e+06
5.18000000e+02	4.85484089e+06
5.19000000e+02	4.69031424e+06
5.20000000e+02	4.53034876e+06
5.21000000e+02	4.37489956e+06
5.22000000e+02	4.22391459e+06
5.23000000e+02	4.07733547e+06
5.24000000e+02	3.93509824e+06
5.25000000e+02	3.79713397e+06
5.26000000e+02	3.66336949e+06
5.27000000e+02	3.53372794e+06
5.28000000e+02	3.40812936e+06
5.29000000e+02	3.28649116e+06
5.30000000e+02	3.16872865e+06
5.31000000e+02	3.05475543e+06
5.32000000e+02	2.94448381e+06
5.33000000e+02	2.83782520e+06
5.34000000e+02	2.73469039e+06
5.35000000e+02	2.63498988e+06
5.36000000e+02	2.53863418e+06
5.37000000e+02	2.44553400e+06
5.38000000e+02	2.35560052e+06
5.39000000e+02	2.26874554e+06
5.40000000e+02	2.18488173e+06
5.41000000e+02	2.10392268e+06
5.42000000e+02	2.02578315e+06
5.43000000e+02	1.95037909e+06
5.44000000e+02	1.87762781e+06
5.45000000e+02	1.80744804e+06
5.46000000e+02	1.73976002e+06
5.47000000e+02	1.67448554e+06
5.48000000e+02	1.61154803e+06
5.49000000e+02	1.55087257e+06
5.50000000e+02	1.49238591e+06
5.51000000e+02	1.43601657e+06
5.52000000e+02	1.38169476e+06
5.53000000e+02	1.32935247e+06
5.54000000e+02	1.27892340e+06
5.55000000e+02	1.23034305e+06
5.56000000e+02	1.18354863e+06
5.57000000e+02	1.13847910e+06
5.58000000e+02	1.09507512e+06
5.59000000e+02	1.05327908e+06
5.60000000e+02	1.01303503e+06
5.61000000e+02	9.74288697e+05
5.62000000e+02	9.36987428e+05
5.63000000e+02	9.01080184e+05
5.64000000e+02	8.66517501e+05
5.65000000e+02	8.33251465e+05
5.66000000e+02	8.01235676e+05
5.67000000e+02	7.70425220e+05
5.68000000e+02	7.40776634e+05
5.69000000e+02	7.12247871e+05
5.70000000e+02	6.84798267e+05
5.71000000e+02	6.58388508e+05
5.72000000e+02	6.32980595e+05
5.73000000e+02	6.08537808e+05
5.74000000e+02	5.85024673e+05
5.75000000e+02	5.62406928e+05
5.76000000e+02	5.40651487e+05
5.77000000e+02	5.19726409e+05
5.78000000e+02	4.99600863e+05
5.79000000e+02	4.80245096e+05
5.80000000e+02	4.61630400e+05
5.81000000e+02	4.43729081e+05
5.82000000e+02	4.26514427e+05
5.83000000e+02	4.09960678e+05
5.84000000e+02	3.94042995e+05
5.85000000e+02	3.78737431e+05
5.86000000e+02	3.64020902e+05
5.87000000e+02	3.49871161e+05
5.88000000e+02	3.36266767e+05
5.89000000e+02	3.23187061e+05
5.90000000e+02	3.10612137e+05
5.91000000e+02	2.98522821e+05
5.92000000e+02	2.86900642e+05
5.93000000e+02	2.75727811e+05
5.94000000e+02	2.64987195e+05
5.95000000e+02	2.54662298e+05
5.96000000e+02	2.44737232e+05
5.97000000e+02	2.35196706e+05
5.98000000e+02	2.26025994e+05
5.99000000e+02	2.17210924e+05
6.00000000e+02	2.08737853e+05
6.01000000e+02	2.00593649e+05
6.02000000e+02	1.92765677e+05
6.03000000e+02	1.85241774e+05
6.04000000e+02	1.78010237e+05
6.05000000e+02	1.71059806e+05
6.06000000e+02	1.64379646e+05
6.07000000e+02	1.57959332e+05
6.08000000e+02	1.51788836e+05
6.09000000e+02	1.45858510e+05
6.10000000e+02	1.40159073e+05
6.11000000e+02	1.34681598e+05
6.12000000e+02	1.29417498e+05
6.13000000e+02	1.24358514e+05
6.14000000e+02	1.19496701e+05
6.15000000e+02	1.14824421e+05
6.16000000e+02	1.10334326e+05
6.17000000e+02	1.06019351e+05
6.18000000e+02	1.01872702e+05
6.19000000e+02	9.78878435e+04
6.20000000e+02	9.40584947e+04
6.21000000e+02	9.03786142e+04
6.22000000e+02	8.68423938e+04
6.23000000e+02	8.34442487e+04
6.24000000e+02	8.01788096e+04
6.25000000e+02	7.70409143e+04
6.26000000e+02	7.40255999e+04
6.27000000e+02	7.11280948e+04
6.28000000e+02	6.83438124e+04
6.29000000e+02	6.56683429e+04
6.30000000e+02	6.30974475e+04
6.31000000e+02	6.06270513e+04
6.32000000e+02	5.82532372e+04
6.33000000e+02	5.59722400e+04
6.34000000e+02	5.37804403e+04
6.35000000e+02	5.16743593e+04
6.36000000e+02	4.96506530e+04
6.37000000e+02	4.77061072e+04
6.38000000e+02	4.58376326e+04
6.39000000e+02	4.40422599e+04
6.40000000e+02	4.23171353e+04
6.41000000e+02	4.06595156e+04
6.42000000e+02	3.90667647e+04
6.43000000e+02	3.75363487e+04
6.44000000e+02	3.60658326e+04
6.45000000e+02	3.46528759e+04
6.46000000e+02	3.32952295e+04
6.47000000e+02	3.19907316e+04
6.48000000e+02	3.07373050e+04
6.49000000e+02	2.95329530e+04
6.50000000e+02	2.83757572e+04
6.51000000e+02	2.72638735e+04
6.52000000e+02	2.61955301e+04
6.53000000e+02	2.51690241e+04
6.54000000e+02	2.41827192e+04
6.55000000e+02	2.32350428e+04
6.56000000e+02	2.23244836e+04
6.57000000e+02	2.14495896e+04
6.58000000e+02	2.06089652e+04
6.59000000e+02	1.98012694e+04
6.60000000e+02	1.90252135e+04
6.61000000e+02	1.82795594e+04
6.62000000e+02	1.75631170e+04
6.63000000e+02	1.68747429e+04
6.64000000e+02	1.62133384e+04
6.65000000e+02	1.55778477e+04
6.66000000e+02	1.49672562e+04
6.67000000e+02	1.43805891e+04
6.68000000e+02	1.38169096e+04
6.69000000e+02	1.32753176e+04
6.70000000e+02	1.27549481e+04
6.71000000e+02	1.22549700e+04
6.72000000e+02	1.17745848e+04
6.73000000e+02	1.13130251e+04
6.74000000e+02	1.08695535e+04
6.75000000e+02	1.04434614e+04
6.76000000e+02	1.00340680e+04
6.77000000e+02	9.64071844e+03
6.78000000e+02	9.26278263e+03
6.79000000e+02	8.89965212e+03
6.80000000e+02	8.55073459e+03
6.81000000e+02	8.21544245e+03
6.82000000e+02	7.89316809e+03
6.83000000e+02	7.58323573e+03
6.84000000e+02	7.28481370e+03
6.85000000e+02	6.99677671e+03
6.86000000e+02	6.71752728e+03
6.87000000e+02	6.44483498e+03
6.88000000e+02	6.17580923e+03
6.89000000e+02	5.90711638e+03
6.90000000e+02	5.63537742e+03
6.91000000e+02	5.35733823e+03
6.92000000e+02	5.06919486e+03
6.93000000e+02	4.76484398e+03
6.94000000e+02	4.43363068e+03
6.95000000e+02	4.05814196e+03
6.96000000e+02	3.61130775e+03
6.97000000e+02	3.05679492e+03
6.98000000e+02	2.28485662e+03
6.99000000e+02	1.30225039e+03
7.00000000e+02	0.00000000e+00
