# Profil de ElecX au temps 3.000000000000013e-12 
# simu : /Volumes/MERCURE/JOBS/Zeq1_tanh_50mic_5e20_B0_20ps/GNU/ElecX@y-c.set
# col 0 : abscisse (um)
# col 1 : ElecX (V/m)
0.00000000e+00	0.00000000e+00
1.00000000e+00	3.54500067e+02
2.00000000e+00	-6.90002742e+01
3.00000000e+00	-1.59437889e+02
4.00000000e+00	2.27398488e+01
5.00000000e+00	7.06262388e+00
6.00000000e+00	4.20673277e+00
7.00000000e+00	3.97925105e+00
8.00000000e+00	4.05293664e+00
9.00000000e+00	4.16991615e+00
1.00000000e+01	4.30020635e+00
1.10000000e+01	4.44240757e+00
1.20000000e+01	4.59797243e+00
1.30000000e+01	4.76777939e+00
1.40000000e+01	4.95224079e+00
1.50000000e+01	5.15122546e+00
1.60000000e+01	5.36455535e+00
1.70000000e+01	5.59206378e+00
1.80000000e+01	5.83336145e+00
1.90000000e+01	6.08846725e+00
2.00000000e+01	6.35716770e+00
2.10000000e+01	6.63943542e+00
2.20000000e+01	6.93532909e+00
2.30000000e+01	7.24497888e+00
2.40000000e+01	7.56854955e+00
2.50000000e+01	7.90620324e+00
2.60000000e+01	8.25836889e+00
2.70000000e+01	8.62528422e+00
2.80000000e+01	9.00736836e+00
2.90000000e+01	9.40509689e+00
3.00000000e+01	9.81893482e+00
3.10000000e+01	1.02494364e+01
3.20000000e+01	1.06971429e+01
3.30000000e+01	1.11627331e+01
3.40000000e+01	1.16467472e+01
3.50000000e+01	1.21500243e+01
3.60000000e+01	1.26731385e+01
3.70000000e+01	1.32169565e+01
3.80000000e+01	1.37823130e+01
3.90000000e+01	1.43699302e+01
4.00000000e+01	1.49808757e+01
4.10000000e+01	1.56158796e+01
4.20000000e+01	1.62761197e+01
4.30000000e+01	1.69624506e+01
4.40000000e+01	1.76760733e+01
4.50000000e+01	1.84180217e+01
4.60000000e+01	1.91894861e+01
4.70000000e+01	1.99916405e+01
4.80000000e+01	2.08257726e+01
4.90000000e+01	2.16931244e+01
5.00000000e+01	2.25951515e+01
5.10000000e+01	2.35331270e+01
5.20000000e+01	2.45086383e+01
5.30000000e+01	2.55231990e+01
5.40000000e+01	2.65783982e+01
5.50000000e+01	2.76759628e+01
5.60000000e+01	2.88175982e+01
5.70000000e+01	3.00052639e+01
5.80000000e+01	3.12409241e+01
5.90000000e+01	3.25265617e+01
6.00000000e+01	3.38642990e+01
6.10000000e+01	3.52565262e+01
6.20000000e+01	3.67053772e+01
6.30000000e+01	3.82133393e+01
6.40000000e+01	3.97829673e+01
6.50000000e+01	4.14167108e+01
6.60000000e+01	4.31172454e+01
6.70000000e+01	4.48873207e+01
6.80000000e+01	4.67297892e+01
6.90000000e+01	4.86475179e+01
7.00000000e+01	5.06435017e+01
7.10000000e+01	5.27209171e+01
7.20000000e+01	5.48830427e+01
7.30000000e+01	5.71331950e+01
7.40000000e+01	5.94748753e+01
7.50000000e+01	6.19118785e+01
7.60000000e+01	6.44479002e+01
7.70000000e+01	6.70870351e+01
7.80000000e+01	6.98334764e+01
7.90000000e+01	7.26914734e+01
8.00000000e+01	7.56657120e+01
8.10000000e+01	7.87607961e+01
8.20000000e+01	8.19817782e+01
8.30000000e+01	8.53337437e+01
8.40000000e+01	8.88220204e+01
8.50000000e+01	9.24523240e+01
8.60000000e+01	9.62303425e+01
8.70000000e+01	1.00162185e+02
8.80000000e+01	1.04254089e+02
8.90000000e+01	1.08512649e+02
9.00000000e+01	1.12944722e+02
9.10000000e+01	1.17557289e+02
9.20000000e+01	1.22357915e+02
9.30000000e+01	1.27354122e+02
9.40000000e+01	1.32553990e+02
9.50000000e+01	1.37965801e+02
9.60000000e+01	1.43598248e+02
9.70000000e+01	1.49460386e+02
9.80000000e+01	1.55561498e+02
9.90000000e+01	1.61911400e+02
1.00000000e+02	1.68520247e+02
1.01000000e+02	1.75398627e+02
1.02000000e+02	1.82557499e+02
1.03000000e+02	1.90008404e+02
1.04000000e+02	1.97763159e+02
1.05000000e+02	2.05834246e+02
1.06000000e+02	2.14234542e+02
1.07000000e+02	2.22977438e+02
1.08000000e+02	2.32077019e+02
1.09000000e+02	2.41547780e+02
1.10000000e+02	2.51404889e+02
1.11000000e+02	2.61664096e+02
1.12000000e+02	2.72341779e+02
1.13000000e+02	2.83455128e+02
1.14000000e+02	2.95021758e+02
1.15000000e+02	3.07060290e+02
1.16000000e+02	3.19589949e+02
1.17000000e+02	3.32630742e+02
1.18000000e+02	3.46203522e+02
1.19000000e+02	3.60330006e+02
1.20000000e+02	3.75032792e+02
1.21000000e+02	3.90335402e+02
1.22000000e+02	4.06262182e+02
1.23000000e+02	4.22838729e+02
1.24000000e+02	4.40091462e+02
1.25000000e+02	4.58047991e+02
1.26000000e+02	4.76737025e+02
1.27000000e+02	4.96188326e+02
1.28000000e+02	5.16433080e+02
1.29000000e+02	5.37503671e+02
1.30000000e+02	5.59433680e+02
1.31000000e+02	5.82258115e+02
1.32000000e+02	6.06013548e+02
1.33000000e+02	6.30737841e+02
1.34000000e+02	6.56470545e+02
1.35000000e+02	6.83252712e+02
1.36000000e+02	7.11127147e+02
1.37000000e+02	7.40138383e+02
1.38000000e+02	7.70332674e+02
1.39000000e+02	8.01758335e+02
1.40000000e+02	8.34465383e+02
1.41000000e+02	8.68506207e+02
1.42000000e+02	9.03935104e+02
1.43000000e+02	9.40808462e+02
1.44000000e+02	9.79185350e+02
1.45000000e+02	1.01912690e+03
1.46000000e+02	1.06069677e+03
1.47000000e+02	1.10396143e+03
1.48000000e+02	1.14898978e+03
1.49000000e+02	1.19585375e+03
1.50000000e+02	1.24462796e+03
1.51000000e+02	1.29539020e+03
1.52000000e+02	1.34822150e+03
1.53000000e+02	1.40320598e+03
1.54000000e+02	1.46043130e+03
1.55000000e+02	1.51998862e+03
1.56000000e+02	1.58197289e+03
1.57000000e+02	1.64648289e+03
1.58000000e+02	1.71362123e+03
1.59000000e+02	1.78349492e+03
1.60000000e+02	1.85621520e+03
1.61000000e+02	1.93189777e+03
1.62000000e+02	2.01066316e+03
1.63000000e+02	2.09263661e+03
1.64000000e+02	2.17794854e+03
1.65000000e+02	2.26673466e+03
1.66000000e+02	2.35913606e+03
1.67000000e+02	2.45529969e+03
1.68000000e+02	2.55537837e+03
1.69000000e+02	2.65953094e+03
1.70000000e+02	2.76792303e+03
1.71000000e+02	2.88072649e+03
1.72000000e+02	2.99812058e+03
1.73000000e+02	3.12029144e+03
1.74000000e+02	3.24743289e+03
1.75000000e+02	3.37974647e+03
1.76000000e+02	3.51744192e+03
1.77000000e+02	3.66073743e+03
1.78000000e+02	3.80985984e+03
1.79000000e+02	3.96504530e+03
1.80000000e+02	4.12653937e+03
1.81000000e+02	4.29459740e+03
1.82000000e+02	4.46948513e+03
1.83000000e+02	4.65147888e+03
1.84000000e+02	4.84086612e+03
1.85000000e+02	5.03794566e+03
1.86000000e+02	5.24302858e+03
1.87000000e+02	5.45643810e+03
1.88000000e+02	5.67851065e+03
1.89000000e+02	5.90959580e+03
1.90000000e+02	6.15005734e+03
1.91000000e+02	6.40027334e+03
1.92000000e+02	6.66063719e+03
1.93000000e+02	6.93155771e+03
1.94000000e+02	7.21346009e+03
1.95000000e+02	7.50678638e+03
1.96000000e+02	7.81199624e+03
1.97000000e+02	8.12956740e+03
1.98000000e+02	8.45999674e+03
1.99000000e+02	8.80380050e+03
2.00000000e+02	9.16151558e+03
2.01000000e+02	9.53369989e+03
2.02000000e+02	9.92093338e+03
2.03000000e+02	1.03238189e+04
2.04000000e+02	1.07429827e+04
2.05000000e+02	1.11790760e+04
2.06000000e+02	1.16327753e+04
2.07000000e+02	1.21047833e+04
2.08000000e+02	1.25958307e+04
2.09000000e+02	1.31066764e+04
2.10000000e+02	1.36381086e+04
2.11000000e+02	1.41909463e+04
2.12000000e+02	1.47660405e+04
2.13000000e+02	1.53642746e+04
2.14000000e+02	1.59865665e+04
2.15000000e+02	1.66338692e+04
2.16000000e+02	1.73071725e+04
2.17000000e+02	1.80075041e+04
2.18000000e+02	1.87359308e+04
2.19000000e+02	1.94935606e+04
2.20000000e+02	2.02815431e+04
2.21000000e+02	2.11010718e+04
2.22000000e+02	2.19533855e+04
2.23000000e+02	2.28397694e+04
2.24000000e+02	2.37615574e+04
2.25000000e+02	2.47201334e+04
2.26000000e+02	2.57169327e+04
2.27000000e+02	2.67534446e+04
2.28000000e+02	2.78312133e+04
2.29000000e+02	2.89518406e+04
2.30000000e+02	3.01169870e+04
2.31000000e+02	3.13283741e+04
2.32000000e+02	3.25877867e+04
2.33000000e+02	3.38970745e+04
2.34000000e+02	3.52581544e+04
2.35000000e+02	3.66730127e+04
2.36000000e+02	3.81437070e+04
2.37000000e+02	3.96723689e+04
2.38000000e+02	4.12612057e+04
2.39000000e+02	4.29125034e+04
2.40000000e+02	4.46286284e+04
2.41000000e+02	4.64120303e+04
2.42000000e+02	4.82652445e+04
2.43000000e+02	5.01908943e+04
2.44000000e+02	5.21916937e+04
2.45000000e+02	5.42704499e+04
2.46000000e+02	5.64300660e+04
2.47000000e+02	5.86735438e+04
2.48000000e+02	6.10039856e+04
2.49000000e+02	6.34245985e+04
2.50000000e+02	6.59386956e+04
2.51000000e+02	6.85496997e+04
2.52000000e+02	7.12611457e+04
2.53000000e+02	7.40766837e+04
2.54000000e+02	7.70000813e+04
2.55000000e+02	8.00352273e+04
2.56000000e+02	8.31861336e+04
2.57000000e+02	8.64569386e+04
2.58000000e+02	8.98519101e+04
2.59000000e+02	9.33754476e+04
2.60000000e+02	9.70320860e+04
2.61000000e+02	1.00826497e+05
2.62000000e+02	1.04763495e+05
2.63000000e+02	1.08848035e+05
2.64000000e+02	1.13085219e+05
2.65000000e+02	1.17480298e+05
2.66000000e+02	1.22038675e+05
2.67000000e+02	1.26765905e+05
2.68000000e+02	1.31667702e+05
2.69000000e+02	1.36749937e+05
2.70000000e+02	1.42018644e+05
2.71000000e+02	1.47480018e+05
2.72000000e+02	1.53140423e+05
2.73000000e+02	1.59006389e+05
2.74000000e+02	1.65084619e+05
2.75000000e+02	1.71381983e+05
2.76000000e+02	1.77905531e+05
2.77000000e+02	1.84662484e+05
2.78000000e+02	1.91660243e+05
2.79000000e+02	1.98906385e+05
2.80000000e+02	2.06408670e+05
2.81000000e+02	2.14175036e+05
2.82000000e+02	2.22213607e+05
2.83000000e+02	2.30532686e+05
2.84000000e+02	2.39140762e+05
2.85000000e+02	2.48046508e+05
2.86000000e+02	2.57258780e+05
2.87000000e+02	2.66786620e+05
2.88000000e+02	2.76639256e+05
2.89000000e+02	2.86826097e+05
2.90000000e+02	2.97356739e+05
2.91000000e+02	3.08240960e+05
2.92000000e+02	3.19488721e+05
2.93000000e+02	3.31110166e+05
2.94000000e+02	3.43115618e+05
2.95000000e+02	3.55515579e+05
2.96000000e+02	3.68320732e+05
2.97000000e+02	3.81541931e+05
2.98000000e+02	3.95190210e+05
2.99000000e+02	4.09276770e+05
3.00000000e+02	4.23812986e+05
3.01000000e+02	4.38810398e+05
3.02000000e+02	4.54280712e+05
3.03000000e+02	4.70235797e+05
3.04000000e+02	4.86687680e+05
3.05000000e+02	5.03648546e+05
3.06000000e+02	5.21130734e+05
3.07000000e+02	5.39146732e+05
3.08000000e+02	5.57709175e+05
3.09000000e+02	5.76830844e+05
3.10000000e+02	5.96524659e+05
3.11000000e+02	6.16803676e+05
3.12000000e+02	6.37681086e+05
3.13000000e+02	6.59170210e+05
3.14000000e+02	6.81284495e+05
3.15000000e+02	7.04037511e+05
3.16000000e+02	7.27442947e+05
3.17000000e+02	7.51514609e+05
3.18000000e+02	7.76266415e+05
3.19000000e+02	8.01712392e+05
3.20000000e+02	8.27866675e+05
3.21000000e+02	8.54743500e+05
3.22000000e+02	8.82357204e+05
3.23000000e+02	9.10722222e+05
3.24000000e+02	9.39853082e+05
3.25000000e+02	9.69764407e+05
3.26000000e+02	1.00047091e+06
3.27000000e+02	1.03198738e+06
3.28000000e+02	1.06432872e+06
3.29000000e+02	1.09750988e+06
3.30000000e+02	1.13154592e+06
3.31000000e+02	1.16645198e+06
3.32000000e+02	1.20224327e+06
3.33000000e+02	1.23893508e+06
3.34000000e+02	1.27654279e+06
3.35000000e+02	1.31508186e+06
3.36000000e+02	1.35456781e+06
3.37000000e+02	1.39501626e+06
3.38000000e+02	1.43644290e+06
3.39000000e+02	1.47886351e+06
3.40000000e+02	1.52229395e+06
3.41000000e+02	1.56675015e+06
3.42000000e+02	1.61224813e+06
3.43000000e+02	1.65880402e+06
3.44000000e+02	1.70643400e+06
3.45000000e+02	1.75515436e+06
3.46000000e+02	1.80498149e+06
3.47000000e+02	1.85593185e+06
3.48000000e+02	1.90802202e+06
3.49000000e+02	1.96126865e+06
3.50000000e+02	2.01568851e+06
3.51000000e+02	2.07129847e+06
3.52000000e+02	2.12811548e+06
3.53000000e+02	2.18615662e+06
3.54000000e+02	2.24543905e+06
3.55000000e+02	2.30598007e+06
3.56000000e+02	2.36779704e+06
3.57000000e+02	2.43090746e+06
3.58000000e+02	2.49532892e+06
3.59000000e+02	2.56107911e+06
3.60000000e+02	2.62817583e+06
3.61000000e+02	2.69663699e+06
3.62000000e+02	2.76648055e+06
3.63000000e+02	2.83772462e+06
3.64000000e+02	2.91038734e+06
3.65000000e+02	2.98448698e+06
3.66000000e+02	3.06004183e+06
3.67000000e+02	3.13707027e+06
3.68000000e+02	3.21559074e+06
3.69000000e+02	3.29562170e+06
3.70000000e+02	3.37718164e+06
3.71000000e+02	3.46028907e+06
3.72000000e+02	3.54496248e+06
3.73000000e+02	3.63122034e+06
3.74000000e+02	3.71908109e+06
3.75000000e+02	3.80856308e+06
3.76000000e+02	3.89968457e+06
3.77000000e+02	3.99246372e+06
3.78000000e+02	4.08691852e+06
3.79000000e+02	4.18306677e+06
3.80000000e+02	4.28092608e+06
3.81000000e+02	4.38051377e+06
3.82000000e+02	4.48184688e+06
3.83000000e+02	4.58494213e+06
3.84000000e+02	4.68981582e+06
3.85000000e+02	4.79648383e+06
3.86000000e+02	4.90496155e+06
3.87000000e+02	5.01526382e+06
3.88000000e+02	5.12740486e+06
3.89000000e+02	5.24139826e+06
3.90000000e+02	5.35725684e+06
3.91000000e+02	5.47499260e+06
3.92000000e+02	5.59461670e+06
3.93000000e+02	5.71613931e+06
3.94000000e+02	5.83956955e+06
3.95000000e+02	5.96491543e+06
3.96000000e+02	6.09218373e+06
3.97000000e+02	6.22137992e+06
3.98000000e+02	6.35250804e+06
3.99000000e+02	6.48557064e+06
4.00000000e+02	6.62056862e+06
4.01000000e+02	6.75750118e+06
4.02000000e+02	6.89636564e+06
4.03000000e+02	7.03715737e+06
4.04000000e+02	7.17986966e+06
4.05000000e+02	7.32449358e+06
4.06000000e+02	7.47101786e+06
4.07000000e+02	7.61942876e+06
4.08000000e+02	7.76970990e+06
4.09000000e+02	7.92184220e+06
4.10000000e+02	8.07580363e+06
4.11000000e+02	8.23156917e+06
4.12000000e+02	8.38911058e+06
4.13000000e+02	8.54839630e+06
4.14000000e+02	8.70939126e+06
4.15000000e+02	8.87205675e+06
4.16000000e+02	9.03635025e+06
4.17000000e+02	9.20222528e+06
4.18000000e+02	9.36963124e+06
4.19000000e+02	9.53851321e+06
4.20000000e+02	9.70881186e+06
4.21000000e+02	9.88046320e+06
4.22000000e+02	1.00533985e+07
4.23000000e+02	1.02275440e+07
4.24000000e+02	1.04028210e+07
4.25000000e+02	1.05791453e+07
4.26000000e+02	1.07564274e+07
4.27000000e+02	1.09345722e+07
4.28000000e+02	1.11134787e+07
4.29000000e+02	1.12930402e+07
4.30000000e+02	1.14731437e+07
4.31000000e+02	1.16536700e+07
4.32000000e+02	1.18344935e+07
4.33000000e+02	1.20154822e+07
4.34000000e+02	1.21964973e+07
4.35000000e+02	1.23773929e+07
4.36000000e+02	1.25580166e+07
4.37000000e+02	1.27382086e+07
4.38000000e+02	1.29178018e+07
4.39000000e+02	1.30966218e+07
4.40000000e+02	1.32744869e+07
4.41000000e+02	1.34512077e+07
4.42000000e+02	1.36265870e+07
4.43000000e+02	1.38004201e+07
4.44000000e+02	1.39724943e+07
4.45000000e+02	1.41425892e+07
4.46000000e+02	1.43104766e+07
4.47000000e+02	1.44759202e+07
4.48000000e+02	1.46386760e+07
4.49000000e+02	1.47984922e+07
4.50000000e+02	1.49551095e+07
4.51000000e+02	1.51082606e+07
4.52000000e+02	1.52576713e+07
4.53000000e+02	1.54030599e+07
4.54000000e+02	1.55441379e+07
4.55000000e+02	1.56806101e+07
4.56000000e+02	1.58121752e+07
4.57000000e+02	1.59385262e+07
4.58000000e+02	1.60593508e+07
4.59000000e+02	1.61743321e+07
4.60000000e+02	1.62831492e+07
4.61000000e+02	1.63854782e+07
4.62000000e+02	1.64809927e+07
4.63000000e+02	1.65693651e+07
4.64000000e+02	1.66502677e+07
4.65000000e+02	1.67233735e+07
4.66000000e+02	1.67883578e+07
4.67000000e+02	1.68448993e+07
4.68000000e+02	1.68926819e+07
4.69000000e+02	1.69313961e+07
4.70000000e+02	1.69607406e+07
4.71000000e+02	1.69804240e+07
4.72000000e+02	1.69901670e+07
4.73000000e+02	1.69897038e+07
4.74000000e+02	1.69787841e+07
4.75000000e+02	1.69571756e+07
4.76000000e+02	1.69246650e+07
4.77000000e+02	1.68810612e+07
4.78000000e+02	1.68261961e+07
4.79000000e+02	1.67599272e+07
4.80000000e+02	1.66821395e+07
4.81000000e+02	1.65927466e+07
4.82000000e+02	1.64916933e+07
4.83000000e+02	1.63789562e+07
4.84000000e+02	1.62545459e+07
4.85000000e+02	1.61185075e+07
4.86000000e+02	1.59709223e+07
4.87000000e+02	1.58119078e+07
4.88000000e+02	1.56416191e+07
4.89000000e+02	1.54602487e+07
4.90000000e+02	1.52680271e+07
4.91000000e+02	1.50652221e+07
4.92000000e+02	1.48521390e+07
4.93000000e+02	1.46291196e+07
4.94000000e+02	1.43965415e+07
4.95000000e+02	1.41548172e+07
4.96000000e+02	1.39043924e+07
4.97000000e+02	1.36457448e+07
4.98000000e+02	1.33793821e+07
4.99000000e+02	1.31058402e+07
5.00000000e+02	1.28256811e+07
5.01000000e+02	1.25394906e+07
5.02000000e+02	1.22478754e+07
5.03000000e+02	1.19514614e+07
5.04000000e+02	1.16508900e+07
5.05000000e+02	1.13468157e+07
5.06000000e+02	1.10399031e+07
5.07000000e+02	1.07308236e+07
5.08000000e+02	1.04202524e+07
5.09000000e+02	1.01088651e+07
5.10000000e+02	9.79733460e+06
5.11000000e+02	9.48632734e+06
5.12000000e+02	9.17650019e+06
5.13000000e+02	8.86849691e+06
5.14000000e+02	8.56294476e+06
5.15000000e+02	8.26045110e+06
5.16000000e+02	7.96160012e+06
5.17000000e+02	7.66694961e+06
5.18000000e+02	7.37702787e+06
5.19000000e+02	7.09233086e+06
5.20000000e+02	6.81331946e+06
5.21000000e+02	6.54041709e+06
5.22000000e+02	6.27400755e+06
5.23000000e+02	6.01443326e+06
5.24000000e+02	5.76199381e+06
5.25000000e+02	5.51694497e+06
5.26000000e+02	5.27949809e+06
5.27000000e+02	5.04982000e+06
5.28000000e+02	4.82803332e+06
5.29000000e+02	4.61421727e+06
5.30000000e+02	4.40840893e+06
5.31000000e+02	4.21060486e+06
5.32000000e+02	4.02076329e+06
5.33000000e+02	3.83880647e+06
5.34000000e+02	3.66462350e+06
5.35000000e+02	3.49807332e+06
5.36000000e+02	3.33898796e+06
5.37000000e+02	3.18717588e+06
5.38000000e+02	3.04242545e+06
5.39000000e+02	2.90450832e+06
5.40000000e+02	2.77318290e+06
5.41000000e+02	2.64819756e+06
5.42000000e+02	2.52929381e+06
5.43000000e+02	2.41620919e+06
5.44000000e+02	2.30867993e+06
5.45000000e+02	2.20644343e+06
5.46000000e+02	2.10924032e+06
5.47000000e+02	2.01681636e+06
5.48000000e+02	1.92892399e+06
5.49000000e+02	1.84532355e+06
5.50000000e+02	1.76578436e+06
5.51000000e+02	1.69008541e+06
5.52000000e+02	1.61801586e+06
5.53000000e+02	1.54937542e+06
5.54000000e+02	1.48397439e+06
5.55000000e+02	1.42163365e+06
5.56000000e+02	1.36218451e+06
5.57000000e+02	1.30546841e+06
5.58000000e+02	1.25133656e+06
5.59000000e+02	1.19964953e+06
5.60000000e+02	1.15027678e+06
5.61000000e+02	1.10309613e+06
5.62000000e+02	1.05799332e+06
5.63000000e+02	1.01486143e+06
5.64000000e+02	9.73600430e+05
5.65000000e+02	9.34116645e+05
5.66000000e+02	8.96322331e+05
5.67000000e+02	8.60135208e+05
5.68000000e+02	8.25478048e+05
5.69000000e+02	7.92278292e+05
5.70000000e+02	7.60467685e+05
5.71000000e+02	7.29981948e+05
5.72000000e+02	7.00760473e+05
5.73000000e+02	6.72746048e+05
5.74000000e+02	6.45884600e+05
5.75000000e+02	6.20124968e+05
5.76000000e+02	5.95418690e+05
5.77000000e+02	5.71719817e+05
5.78000000e+02	5.48984736e+05
5.79000000e+02	5.27172017e+05
5.80000000e+02	5.06242268e+05
5.81000000e+02	4.86158002e+05
5.82000000e+02	4.66883525e+05
5.83000000e+02	4.48384823e+05
5.84000000e+02	4.30629462e+05
5.85000000e+02	4.13586498e+05
5.86000000e+02	3.97226395e+05
5.87000000e+02	3.81520945e+05
5.88000000e+02	3.66443195e+05
5.89000000e+02	3.51967385e+05
5.90000000e+02	3.38068882e+05
5.91000000e+02	3.24724125e+05
5.92000000e+02	3.11910571e+05
5.93000000e+02	2.99606643e+05
5.94000000e+02	2.87791687e+05
5.95000000e+02	2.76445924e+05
5.96000000e+02	2.65550410e+05
5.97000000e+02	2.55086997e+05
5.98000000e+02	2.45038297e+05
5.99000000e+02	2.35387646e+05
6.00000000e+02	2.26119073e+05
6.01000000e+02	2.17217267e+05
6.02000000e+02	2.08667547e+05
6.03000000e+02	2.00455838e+05
6.04000000e+02	1.92568641e+05
6.05000000e+02	1.84993009e+05
6.06000000e+02	1.77716524e+05
6.07000000e+02	1.70727272e+05
6.08000000e+02	1.64013824e+05
6.09000000e+02	1.57565213e+05
6.10000000e+02	1.51370918e+05
6.11000000e+02	1.45420840e+05
6.12000000e+02	1.39705290e+05
6.13000000e+02	1.34214967e+05
6.14000000e+02	1.28940946e+05
6.15000000e+02	1.23874657e+05
6.16000000e+02	1.19007877e+05
6.17000000e+02	1.14332711e+05
6.18000000e+02	1.09841579e+05
6.19000000e+02	1.05527206e+05
6.20000000e+02	1.01382606e+05
6.21000000e+02	9.74010708e+04
6.22000000e+02	9.35761616e+04
6.23000000e+02	8.99016949e+04
6.24000000e+02	8.63717331e+04
6.25000000e+02	8.29805751e+04
6.26000000e+02	7.97227460e+04
6.27000000e+02	7.65929885e+04
6.28000000e+02	7.35862539e+04
6.29000000e+02	7.06976935e+04
6.30000000e+02	6.79226511e+04
6.31000000e+02	6.52566548e+04
6.32000000e+02	6.26954098e+04
6.33000000e+02	6.02347911e+04
6.34000000e+02	5.78708371e+04
6.35000000e+02	5.55997430e+04
6.36000000e+02	5.34178539e+04
6.37000000e+02	5.13216598e+04
6.38000000e+02	4.93077891e+04
6.39000000e+02	4.73730033e+04
6.40000000e+02	4.55141918e+04
6.41000000e+02	4.37283667e+04
6.42000000e+02	4.20126578e+04
6.43000000e+02	4.03643080e+04
6.44000000e+02	3.87806690e+04
6.45000000e+02	3.72591965e+04
6.46000000e+02	3.57974461e+04
6.47000000e+02	3.43930694e+04
6.48000000e+02	3.30438101e+04
6.49000000e+02	3.17474998e+04
6.50000000e+02	3.05020547e+04
6.51000000e+02	2.93054717e+04
6.52000000e+02	2.81558249e+04
6.53000000e+02	2.70512627e+04
6.54000000e+02	2.59900038e+04
6.55000000e+02	2.49703348e+04
6.56000000e+02	2.39906070e+04
6.57000000e+02	2.30492336e+04
6.58000000e+02	2.21446877e+04
6.59000000e+02	2.12755000e+04
6.60000000e+02	2.04402566e+04
6.61000000e+02	1.96375976e+04
6.62000000e+02	1.88662150e+04
6.63000000e+02	1.81248507e+04
6.64000000e+02	1.74122946e+04
6.65000000e+02	1.67273816e+04
6.66000000e+02	1.60689884e+04
6.67000000e+02	1.54360301e+04
6.68000000e+02	1.48274561e+04
6.69000000e+02	1.42422464e+04
6.70000000e+02	1.36794072e+04
6.71000000e+02	1.31379675e+04
6.72000000e+02	1.26169746e+04
6.73000000e+02	1.21154904e+04
6.74000000e+02	1.16325863e+04
6.75000000e+02	1.11673373e+04
6.76000000e+02	1.07188148e+04
6.77000000e+02	1.02860779e+04
6.78000000e+02	9.86816219e+03
6.79000000e+02	9.46406608e+03
6.80000000e+02	9.07273410e+03
6.81000000e+02	8.69303551e+03
6.82000000e+02	8.32373748e+03
6.83000000e+02	7.96347141e+03
6.84000000e+02	7.61068983e+03
6.85000000e+02	7.26361215e+03
6.86000000e+02	6.92015596e+03
6.87000000e+02	6.57785138e+03
6.88000000e+02	6.23373520e+03
6.89000000e+02	5.88422422e+03
6.90000000e+02	5.52497054e+03
6.91000000e+02	5.15070960e+03
6.92000000e+02	4.75513022e+03
6.93000000e+02	4.33082489e+03
6.94000000e+02	3.86943232e+03
6.95000000e+02	3.36216941e+03
6.96000000e+02	2.80139289e+03
6.97000000e+02	2.19952057e+03
6.98000000e+02	1.44120975e+03
6.99000000e+02	7.93907218e+02
7.00000000e+02	0.00000000e+00
