2.334628108045854589e+01 1.063195000000000000e+12
4.661828108045854435e+01 2.423020000000000000e+12
6.985328108045854378e+01 2.828343000000000000e+12
9.308827108045854004e+01 3.051673000000000000e+12
1.163232410804585442e+02 3.380889000000000000e+12
1.395582410804585436e+02 3.954617000000000000e+12
1.627932410804585288e+02 4.833905000000000000e+12
1.859912410804585647e+02 6.015800000000000000e+12
2.090670410804585515e+02 7.367188000000000000e+12
2.320094410804585436e+02 8.698143000000000977e+12
2.549037410804585306e+02 9.952776000000000000e+12
2.777979410804585996e+02 1.113202000000000000e+13
3.006921410804585548e+02 1.221146000000000000e+13
3.235863410804585101e+02 1.318664000000000000e+13
3.464805410804585790e+02 1.408092000000000000e+13
3.693265410804585827e+02 1.492511000000000195e+13
3.920182410804585516e+02 1.570728999999999805e+13
4.145459410804585332e+02 1.644771000000000195e+13
4.370158410804584719e+02 1.720807000000000195e+13
4.594856410804585494e+02 1.798126000000000000e+13
4.819553410804585383e+02 1.873611000000000000e+13
5.044252410804584770e+02 1.947080000000000000e+13
5.268950410804585545e+02 2.021685000000000000e+13
5.493069410804585004e+02 2.098046000000000000e+13
5.715651410804584884e+02 2.170069000000000000e+13
5.936897410804584752e+02 2.238931000000000000e+13
6.157765410804585144e+02 2.309906000000000000e+13
6.378632410804585788e+02 2.381004000000000000e+13
6.599499410804585295e+02 2.449600000000000000e+13
6.820366410804584802e+02 2.515589000000000000e+13
7.041234410804585195e+02 2.581595000000000000e+13
7.261722410804585479e+02 2.648063000000000000e+13
7.481180410804586245e+02 2.710503000000000000e+13
7.699713410804586147e+02 2.771779000000000000e+13
7.917972410804585479e+02 2.838096000000000000e+13
8.136232410804584561e+02 2.908684000000000000e+13
8.354491410804585030e+02 2.982001000000000000e+13
8.572751410804585248e+02 3.058520000000000000e+13
8.791010410804584581e+02 3.140966000000000391e+13
9.008997410804585115e+02 3.230004000000000000e+13
9.226237410804585579e+02 3.318929999999999609e+13
9.442804410804585586e+02 3.407235000000000000e+13
9.659171410804585776e+02 3.503260000000000000e+13
9.875539410804585714e+02 3.610717000000000000e+13
1.009190741080458452e+03 3.730848000000000000e+13
1.030827841080458484e+03 3.866772000000000000e+13
1.052463841080458451e+03 4.024234000000000000e+13
1.074080841080458413e+03 4.205220000000000000e+13
1.095671841080458535e+03 4.406297000000000000e+13
1.117271841080458444e+03 4.628124000000000000e+13
1.138886841080458453e+03 4.872189000000000000e+13
1.160500841080458486e+03 5.141915000000000000e+13
1.182114841080458518e+03 5.444054000000000000e+13
1.203729841080458527e+03 5.784696000000000000e+13
1.225343841080458560e+03 6.168965000000000781e+13
1.246972841080458466e+03 7.323464000000000000e+13
1.264880841080458595e+03 9.173919000000000000e+13
1.275306841080458298e+03 8.840388000000000000e+13
1.281982841080458684e+03 7.712625000000000000e+13
1.288658841080458387e+03 7.928452000000000000e+13
1.295335841080458522e+03 8.155346000000000000e+13
1.302011841080458680e+03 8.393878000000000000e+13
1.308687841080458611e+03 8.644649000000000000e+13
1.315364841080458518e+03 8.908333000000000000e+13
1.322040841080458677e+03 9.185673000000000000e+13
1.328717841080458584e+03 9.477484000000000000e+13
1.335393841080458515e+03 9.784653000000000000e+13
1.342069841080458673e+03 1.010813000000000000e+14
1.348746841080458580e+03 1.044899000000000000e+14
1.355422841080458511e+03 1.080837000000000000e+14
1.362099841080458418e+03 1.118751000000000000e+14
1.368775841080458576e+03 1.158774000000000000e+14
1.375451841080458507e+03 1.201053000000000000e+14
1.382128841080458415e+03 1.245747000000000000e+14
1.388804841080458573e+03 1.293029000000000000e+14
1.395480841080458504e+03 1.343084000000000156e+14
1.402157841080458411e+03 1.396112000000000000e+14
1.408833841080458569e+03 1.452331000000000000e+14
1.415510841080458476e+03 1.511970000000000000e+14
1.422186841080458407e+03 1.573044000000000000e+14
1.428881841080458571e+03 1.888813000000000000e+14
1.434059841080458455e+03 2.616360999999999688e+14
1.436149841080458600e+03 2.408781000000000312e+14
1.436685841080458431e+03 1.762241000000000000e+14
1.437221841080458717e+03 1.768641000000000000e+14
1.437758841080458524e+03 1.775100000000000000e+14
1.438294841080458355e+03 1.781578000000000000e+14
1.438830841080458640e+03 1.788095000000000000e+14
1.439366841080458471e+03 1.794673000000000000e+14
1.439902841080458529e+03 1.801248000000000000e+14
1.440438841080458360e+03 1.807885000000000000e+14
1.440975841080458622e+03 1.814583000000000000e+14
1.441511841080458453e+03 1.821323000000000000e+14
1.442047841080458738e+03 1.828083000000000000e+14
1.442583841080458569e+03 1.834885000000000000e+14
1.443119841080458400e+03 1.841729000000000000e+14
1.443656841080458662e+03 1.848615000000000000e+14
1.444192841080458493e+03 1.855566000000000000e+14
1.444728841080458551e+03 1.862539000000000000e+14
1.445264841080458382e+03 1.869556000000000000e+14
1.445800841080458667e+03 1.876617000000000000e+14
1.446336841080458498e+03 1.883721000000000000e+14
1.446872841080458556e+03 1.890893000000000000e+14
1.447409841080458591e+03 1.898089000000000000e+14
1.447945841080458422e+03 1.905330000000000000e+14
1.448481841080458480e+03 1.912639000000000000e+14
1.449017841080458311e+03 1.919973000000000000e+14
1.449553841080458596e+03 1.927354000000000000e+14
1.450090841080458404e+03 1.934782000000000000e+14
1.450626841080458689e+03 1.942258000000000000e+14
1.451162841080458520e+03 1.949782000000000000e+14
1.451698841080458578e+03 1.957377000000000000e+14
1.452234841080458409e+03 1.964999000000000000e+14
1.452770841080458695e+03 1.972670000000000000e+14
1.453307841080458502e+03 1.980414000000000000e+14
1.453843841080458333e+03 1.988187000000000000e+14
1.454379841080458618e+03 1.996010000000000000e+14
1.454915841080458449e+03 2.003884000000000000e+14
1.455451841080458507e+03 2.011809000000000000e+14
1.455987841080458338e+03 2.019787000000000000e+14
1.456523841080458624e+03 2.027840000000000000e+14
1.457060841080458431e+03 2.035924000000000000e+14
1.457596841080458717e+03 2.044062000000000000e+14
1.458132841080458547e+03 2.052253000000000000e+14
1.458668841080458606e+03 2.060499000000000000e+14
1.459204841080458436e+03 2.068823000000000000e+14
1.459740841080458267e+03 2.077180000000000000e+14
1.460277841080458529e+03 2.085593000000000000e+14
1.460813841080458360e+03 2.094063000000000000e+14
1.461349841080458646e+03 2.102613000000000000e+14
1.461885841080458476e+03 2.111197000000000000e+14
1.462421841080458535e+03 2.119816000000000000e+14
1.462957841080458365e+03 2.128540000000000000e+14
1.463494841080458627e+03 2.137324000000000000e+14
1.464030841080458458e+03 2.146121000000000000e+14
1.464566841080458744e+03 2.155001000000000000e+14
1.465102841080458575e+03 2.163965000000000000e+14
1.465638841080458405e+03 2.172967000000000000e+14
1.466174841080458464e+03 2.182031000000000000e+14
1.466711841080458498e+03 2.191158000000000000e+14
1.467247841080458556e+03 2.200371000000000000e+14
1.467783841080458387e+03 2.209625000000000000e+14
1.468319841080458673e+03 2.218918000000000000e+14
1.468855841080458504e+03 2.228324000000000000e+14
1.469391841080458562e+03 2.237772000000000000e+14
1.469928841080458596e+03 2.247285000000000000e+14
1.470464841080458427e+03 2.256890000000000000e+14
1.471000841080458486e+03 2.266537000000000000e+14
1.471536841080458316e+03 2.276228000000000000e+14
1.472072841080458602e+03 2.286011000000000000e+14
1.472609841080458409e+03 2.295887000000000000e+14
1.473145841080458695e+03 2.305835000000000000e+14
1.473681841080458526e+03 2.315828000000000000e+14
1.474217841080458584e+03 2.325867000000000000e+14
1.474753841080458415e+03 2.336002000000000000e+14
1.475289841080458700e+03 2.346235000000000000e+14
1.475825841080458531e+03 2.356516000000000000e+14
1.476362841080458338e+03 2.366871000000000312e+14
1.476898841080458624e+03 2.377300000000000000e+14
1.477434841080458455e+03 2.387804000000000000e+14
1.477970841080458513e+03 2.398408999999999688e+14
1.478506841080458344e+03 2.409067000000000000e+14
1.479042841080458629e+03 2.419800999999999688e+14
1.479579841080458436e+03 2.430614000000000000e+14
1.480115841080458722e+03 2.441505000000000000e+14
1.480651841080458553e+03 2.452475000000000000e+14
1.481187841080458611e+03 2.463526000000000000e+14
1.481723841080458442e+03 2.474658000000000312e+14
1.482259841080458500e+03 2.485872000000000000e+14
1.482796841080458535e+03 2.497195000000000000e+14
1.483332841080458365e+03 2.508576000000000000e+14
1.483868841080458651e+03 2.520040999999999688e+14
1.484404841080458482e+03 2.531591999999999688e+14
1.484940841080458540e+03 2.543228000000000000e+14
1.485476841080458371e+03 2.554951000000000312e+14
1.486013841080458633e+03 2.566762000000000000e+14
1.486549841080458464e+03 2.578688000000000000e+14
1.487085841080458295e+03 2.590679000000000312e+14
1.487621841080458580e+03 2.602732000000000000e+14
1.488157841080458411e+03 2.614903000000000312e+14
1.488693841080458469e+03 2.627192000000000312e+14
1.489229841080458527e+03 2.639549999999999688e+14
1.489766841080458562e+03 2.652001000000000000e+14
1.490302841080458393e+03 2.664546999999999688e+14
1.490838841080458678e+03 2.677190000000000000e+14
1.491374841080458509e+03 2.689956000000000000e+14
1.491910841080458567e+03 2.702795000000000000e+14
1.492447841080458602e+03 2.715706000000000000e+14
1.492983841080458433e+03 2.728770000000000312e+14
1.493519841080458491e+03 2.741909000000000000e+14
1.494055841080458322e+03 2.755122999999999688e+14
1.494591841080458607e+03 2.768495000000000000e+14
1.495127841080458438e+03 2.781944000000000312e+14
1.495664841080458700e+03 2.795499000000000000e+14
1.496200841080458531e+03 2.809160999999999688e+14
1.496736841080458589e+03 2.822931000000000000e+14
1.497272841080458420e+03 2.836837000000000000e+14
1.497808841080458706e+03 2.850799000000000000e+14
1.498344841080458536e+03 2.864899000000000000e+14
1.498881841080458344e+03 2.879141000000000000e+14
1.499417841080458629e+03 2.893469000000000000e+14
1.499953841080458460e+03 2.907883000000000000e+14
1.500489841080458518e+03 2.922442000000000000e+14
1.501025841080458349e+03 2.937146000000000000e+14
1.501561841080458635e+03 2.951943000000000000e+14
1.502098841080458442e+03 2.966859000000000000e+14
1.502634841080458727e+03 2.981898000000000000e+14
1.503170841080458558e+03 2.997059000000000000e+14
1.503706841080458389e+03 3.012345000000000000e+14
1.504242841080458447e+03 3.027757000000000000e+14
1.504778841080458506e+03 3.043297000000000000e+14
1.505315841080458540e+03 3.058965000000000000e+14
1.505851841080458371e+03 3.074763000000000000e+14
1.506387841080458657e+03 3.090723000000000000e+14
1.506923841080458487e+03 3.106788000000000000e+14
1.507459841080458546e+03 3.122958000000000000e+14
1.507995841080458376e+03 3.139294000000000000e+14
1.508532841080458411e+03 3.155767000000000000e+14
1.509068841080458469e+03 3.172410000000000000e+14
1.509604841080458300e+03 3.189165000000000000e+14
1.510140841080458586e+03 3.206034000000000000e+14
1.510676841080458416e+03 3.223107000000000000e+14
1.511212841080458475e+03 3.240297000000000000e+14
1.511749841080458509e+03 3.257606000000000000e+14
1.512285841080458567e+03 3.275124000000000000e+14
1.512821841080458398e+03 3.292765000000000000e+14
1.513357841080458684e+03 3.310530000000000000e+14
1.513893841080458515e+03 3.328510000000000000e+14
1.514429841080458573e+03 3.346618000000000000e+14
1.514966841080458607e+03 3.364887000000000000e+14
1.515502841080458438e+03 3.383317000000000000e+14
1.516038841080458496e+03 3.401911000000000000e+14
1.516574841080458327e+03 3.420671000000000000e+14
1.517110841080458613e+03 3.439568000000000000e+14
1.517646841080458444e+03 3.458696000000000000e+14
1.518182841080458502e+03 3.477966000000000000e+14
1.518719841080458536e+03 3.497412000000000000e+14
1.519255841080458595e+03 3.517033000000000000e+14
1.519791841080458425e+03 3.536835000000000000e+14
1.520327841080458484e+03 3.556817000000000000e+14
1.520863841080458542e+03 3.576984000000000000e+14
1.521399841080458373e+03 3.597337000000000000e+14
1.521936841080458635e+03 3.617879000000000000e+14
1.522472841080458466e+03 3.638612000000000000e+14
1.523008841080458524e+03 3.659539000000000000e+14
1.523544841080458355e+03 3.680663000000000000e+14
1.524080841080458640e+03 3.701955000000000000e+14
1.524617841080458447e+03 3.723510000000000000e+14
1.525153841080458278e+03 3.745240000000000000e+14
1.525689841080458564e+03 3.767179000000000000e+14
1.526225841080458395e+03 3.789327000000000000e+14
1.526761841080458453e+03 3.811689000000000000e+14
1.527297841080458511e+03 3.834267000000000000e+14
1.527833841080458569e+03 3.857066000000000000e+14
1.528370841080458376e+03 3.880086000000000000e+14
1.528906841080458662e+03 3.903301000000000000e+14
1.529442841080458493e+03 3.926808000000000000e+14
1.529978841080458551e+03 3.950517000000000000e+14
1.530514841080458382e+03 3.974429000000000000e+14
1.531051841080458416e+03 3.998644000000000000e+14
1.531587841080458475e+03 4.023071000000000000e+14
1.532123841080458305e+03 4.047713000000000000e+14
1.532659841080458591e+03 4.072668000000000000e+14
1.533195841080458422e+03 4.097846000000000000e+14
1.533731841080458480e+03 4.123249000000000000e+14
1.534268841080458515e+03 4.148945000000000000e+14
1.534804841080458573e+03 4.174907000000000000e+14
1.535340841080458404e+03 4.201172000000000000e+14
1.535876841080458689e+03 4.227680000000000000e+14
1.536412841080458520e+03 4.254433000000000000e+14
1.536948841080458351e+03 4.281500000000000000e+14
1.537484841080458636e+03 4.308855000000000000e+14
1.538021841080458444e+03 4.336501000000000000e+14
1.538557841080458502e+03 4.364444000000000000e+14
1.539093841080458333e+03 4.392688000000000000e+14
1.539629841080458618e+03 4.421239000000000000e+14
1.540165841080458449e+03 4.450100000000000000e+14
1.540702841080458711e+03 4.479278000000000000e+14
1.541238841080458542e+03 4.508778000000000000e+14
1.541774841080458600e+03 4.538604000000000000e+14
1.542310841080458431e+03 4.568763000000000000e+14
1.542846841080458489e+03 4.599226000000000000e+14
1.543382841080458547e+03 4.630065000000000000e+14
1.543919841080458355e+03 4.661288000000000000e+14
1.544455841080458640e+03 4.692800000000000000e+14
1.544991841080458471e+03 4.724706000000000000e+14
1.545527841080458529e+03 4.757014000000000000e+14
1.546063841080458587e+03 4.789631000000000625e+14
1.546599841080458646e+03 4.822661999999999375e+14
1.547136841080458453e+03 4.856079999999999375e+14
1.547672841080458284e+03 4.889893999999999375e+14
1.548208841080458569e+03 4.924110000000000625e+14
1.548744841080458400e+03 4.958702000000000625e+14
1.549280841080458458e+03 4.993777999999999375e+14
1.549816841080458516e+03 5.029246000000000000e+14
1.550352841080458575e+03 5.065113000000000000e+14
1.550889841080458382e+03 5.101454000000000625e+14
1.551425841080458667e+03 5.138244000000000625e+14
1.551961841080458498e+03 5.175527000000000000e+14
1.552497841080458556e+03 5.213243999999999375e+14
1.553033841080458615e+03 5.251402999999999375e+14
1.553570841080458422e+03 5.290043999999999375e+14
1.554106841080458480e+03 5.329214000000000000e+14
1.554642841080458311e+03 5.368923999999999375e+14
1.555178841080458596e+03 5.409115000000000000e+14
1.555714841080458427e+03 5.449833000000000625e+14
1.556250841080458486e+03 5.491050999999999375e+14
1.556786841080458544e+03 5.532849000000000000e+14
1.557323841080458578e+03 5.575207000000000000e+14
1.557859841080458409e+03 5.618134000000000000e+14
1.558395841080458695e+03 5.661644000000000000e+14
1.558931841080458526e+03 5.705749000000000000e+14
1.559467841080458356e+03 5.750462000000000000e+14
1.560004841080458618e+03 5.795759000000000000e+14
1.560540841080458449e+03 5.841760000000000000e+14
1.561076841080458507e+03 5.888377000000000000e+14
1.561612841080458566e+03 5.935620000000000000e+14
1.562148841080458624e+03 5.983575000000000000e+14
1.562684841080458455e+03 6.032223000000000000e+14
1.563220841080458513e+03 6.081581000000000000e+14
1.563757841080458547e+03 6.131628000000000000e+14
1.564293841080458378e+03 6.182451000000000000e+14
1.564829841080458436e+03 6.234071000000000000e+14
1.565365841080458495e+03 6.286399000000000000e+14
1.565901841080458553e+03 6.339558000000000000e+14
1.566437841080458384e+03 6.393534000000000000e+14
1.566974841080458646e+03 6.448346000000000000e+14
1.567510841080458476e+03 6.504016000000000000e+14
1.568046841080458535e+03 6.560528000000000000e+14
1.568582841080458593e+03 6.617975000000000000e+14
1.569118841080458651e+03 6.676383000000000000e+14
1.569654841080458482e+03 6.735706000000000000e+14
1.570191841080458289e+03 6.795930000000000000e+14
1.570727841080458575e+03 6.857219000000000000e+14
1.571263841080458405e+03 6.919570000000000000e+14
1.571799841080458464e+03 6.982942000000000000e+14
1.572335841080458522e+03 7.047360000000000000e+14
1.572872841080458556e+03 7.112924000000000000e+14
1.573408841080458387e+03 7.179632000000000000e+14
1.573944841080458673e+03 7.247517000000000000e+14
1.574480841080458504e+03 7.316611000000000000e+14
1.575016841080458562e+03 7.386915000000000000e+14
1.575552841080458620e+03 7.458570000000000000e+14
1.576089841080458427e+03 7.531513000000000000e+14
1.576625841080458486e+03 7.605780000000000000e+14
1.577161841080458544e+03 7.681446000000000000e+14
1.577697841080458602e+03 7.758590000000000000e+14
1.578233841080458433e+03 7.837261000000000000e+14
1.578769841080458491e+03 7.917402000000000000e+14
1.579305841080458549e+03 7.999164000000000000e+14
1.579842841080458584e+03 8.082566000000000000e+14
1.580378841080458415e+03 8.167663000000000000e+14
1.580914841080458473e+03 8.254512000000000000e+14
1.581450841080458531e+03 8.343138000000000000e+14
1.581986841080458362e+03 8.433670000000000000e+14
1.582523841080458624e+03 8.526143000000000000e+14
1.583059841080458455e+03 8.620627000000000000e+14
1.583595841080458513e+03 8.717194000000000000e+14
1.584131841080458571e+03 8.815887000000000000e+14
1.584667841080458629e+03 8.916853000000000000e+14
1.585203841080458460e+03 9.020146000000000000e+14
1.585739841080458518e+03 9.125856000000000000e+14
1.586276841080458553e+03 9.234080000000000000e+14
1.586812841080458384e+03 9.344884000000000000e+14
1.587348841080458442e+03 9.458440000000001250e+14
1.587884841080458500e+03 9.574829999999998750e+14
1.588420841080458558e+03 9.694175000000000000e+14
1.588957841080458365e+03 9.816602999999998750e+14
1.589493841080458651e+03 9.942217000000000000e+14
1.590029841080458482e+03 1.007122000000000125e+15
1.590565841080458540e+03 1.020375000000000000e+15
1.591101841080458598e+03 1.033993000000000000e+15
1.591637841080458657e+03 1.048003000000000000e+15
1.592173841080458487e+03 1.062414999999999875e+15
1.592710841080458522e+03 1.077249000000000000e+15
1.593246841080458580e+03 1.092533000000000125e+15
1.593782841080458411e+03 1.108285000000000000e+15
1.594318841080458469e+03 1.124535000000000000e+15
1.594854841080458527e+03 1.141310000000000000e+15
1.595391841080458562e+03 1.158637000000000000e+15
1.595927841080458393e+03 1.176550000000000000e+15
1.596463841080458678e+03 1.195082000000000000e+15
1.596999841080458509e+03 1.214275000000000000e+15
1.597535841080458340e+03 1.234169000000000000e+15
1.598071841080458626e+03 1.254812000000000000e+15
1.598607841080458456e+03 1.276254000000000000e+15
1.599144841080458491e+03 1.298549000000000000e+15
1.599680841080458549e+03 1.321764000000000000e+15
1.600216841080458607e+03 1.345969000000000000e+15
1.600752841080458438e+03 1.371238000000000000e+15
1.601288841080458496e+03 1.397665000000000000e+15
1.601824841080458555e+03 1.425351000000000000e+15
1.602361841080458362e+03 1.454409000000000000e+15
1.602897841080458420e+03 1.484975000000000000e+15
1.603433841080458478e+03 1.517201000000000000e+15
1.603969841080458536e+03 1.551273000000000000e+15
1.604505841080458367e+03 1.587411000000000000e+15
1.605041841080458653e+03 1.625879000000000000e+15
1.605578841080458460e+03 1.667008000000000000e+15
1.606114841080458518e+03 1.711222000000000000e+15
1.606650841080458576e+03 1.759077000000000000e+15
1.607186841080458635e+03 1.811193000000000000e+15
1.607722841080458466e+03 1.868641000000000000e+15
1.608259841080458500e+03 1.928437000000000000e+15
1.608796841080458535e+03 1.983606000000000000e+15
1.609333841080458569e+03 2.030227000000000000e+15
1.609871841080458353e+03 2.067800999999999750e+15
1.610408841080458615e+03 2.096371000000000000e+15
1.610945841080458422e+03 2.115668999999999750e+15
1.611483841080458433e+03 2.125581000000000000e+15
1.612020841080458467e+03 2.126187000000000250e+15
1.612557841080458502e+03 2.117759000000000000e+15
1.613095841080458513e+03 2.100745000000000000e+15
1.613632841080458547e+03 2.075750000000000250e+15
1.614169841080458582e+03 2.043486999999999750e+15
1.614707841080458365e+03 2.004755999999999750e+15
1.615244841080458627e+03 1.960403999999999750e+15
1.615781841080458435e+03 1.911292000000000000e+15
1.616319841080458446e+03 1.858282000000000000e+15
1.616856841080458480e+03 1.802200000000000000e+15
1.617393841080458515e+03 1.743830000000000000e+15
1.617930841080458322e+03 1.683901000000000000e+15
1.618468841080458560e+03 1.623080000000000000e+15
1.619005841080458595e+03 1.561964000000000000e+15
1.619542841080458402e+03 1.501082000000000000e+15
1.620080841080458640e+03 1.440897000000000000e+15
1.620617841080458447e+03 1.381803000000000000e+15
1.621154841080458482e+03 1.324130000000000000e+15
1.621692841080458493e+03 1.268152000000000000e+15
1.622229841080458527e+03 1.214085000000000000e+15
1.622766841080458335e+03 1.162098000000000000e+15
1.623303841080458596e+03 1.112314000000000000e+15
1.623841841080458380e+03 1.064813999999999875e+15
1.624378841080458415e+03 1.019646000000000000e+15
1.624915841080458677e+03 9.768277999999998750e+14
1.625453841080458460e+03 9.363517000000000000e+14
1.625990841080458495e+03 8.981857000000000000e+14
1.626527841080458529e+03 8.622811000000000000e+14
1.627065841080458540e+03 8.285739000000000000e+14
1.627602841080458347e+03 7.969888000000000000e+14
1.628139841080458609e+03 7.674410000000000000e+14
1.628677841080458393e+03 7.398393000000000000e+14
1.629214841080458427e+03 7.140879000000000000e+14
1.629751841080458462e+03 6.900881000000000000e+14
1.630289841080458473e+03 6.677402000000000000e+14
1.630826841080458507e+03 6.469442000000000000e+14
1.631363841080458542e+03 6.276014000000000000e+14
1.631901841080458553e+03 6.096146000000000000e+14
1.632438841080458360e+03 5.928898000000000000e+14
1.632975841080458622e+03 5.773363000000000000e+14
1.633512841080458429e+03 5.628661000000000625e+14
1.634050841080458440e+03 5.493955000000000000e+14
1.634587841080458475e+03 5.368451000000000000e+14
1.635124841080458509e+03 5.251394000000000000e+14
1.635662841080458293e+03 5.142070000000000000e+14
1.636199841080458555e+03 5.039808999999999375e+14
1.636736841080458589e+03 4.943981000000000000e+14
1.637274841080458373e+03 4.853998000000000625e+14
1.637811841080458635e+03 4.769309000000000000e+14
1.638348841080458442e+03 4.689402000000000000e+14
1.638886841080458453e+03 4.613801000000000000e+14
1.639423841080458487e+03 4.542065000000000000e+14
1.639960841080458522e+03 4.473784000000000000e+14
1.640498841080458305e+03 4.408581000000000000e+14
1.641035841080458567e+03 4.346108000000000000e+14
1.641572841080458375e+03 4.286043000000000000e+14
1.642110841080458385e+03 4.228093000000000000e+14
1.642647841080458647e+03 4.171987000000000000e+14
1.643184841080458455e+03 4.117473000000000000e+14
1.643721841080458489e+03 4.064328000000000000e+14
1.644259841080458500e+03 4.012342000000000000e+14
1.644796841080458535e+03 3.961326000000000000e+14
1.645333841080458342e+03 3.911107000000000000e+14
1.645871841080458580e+03 3.861530000000000000e+14
1.646408841080458387e+03 3.812451000000000000e+14
1.646945841080458422e+03 3.763742000000000000e+14
1.647483841080458660e+03 3.715286000000000000e+14
1.648020841080458467e+03 3.666981000000000000e+14
1.648557841080458502e+03 3.618731000000000000e+14
1.649094841080458536e+03 3.570454000000000000e+14
1.649632841080458547e+03 3.522075000000000000e+14
1.650169841080458355e+03 3.473530000000000000e+14
1.650706841080458616e+03 3.424760000000000000e+14
1.651244841080458400e+03 3.375717000000000000e+14
1.651781841080458435e+03 3.326356000000000000e+14
1.652318841080458469e+03 3.276643000000000000e+14
1.652856841080458480e+03 3.226548000000000000e+14
1.653393841080458287e+03 3.176047000000000000e+14
1.653930841080458549e+03 3.125121000000000000e+14
1.654468841080458560e+03 3.073757000000000000e+14
1.655005841080458367e+03 3.021946000000000000e+14
1.655542841080458629e+03 2.969685000000000000e+14
1.656079841080458436e+03 2.916975000000000000e+14
1.656617841080458447e+03 2.863820000000000000e+14
1.657154841080458482e+03 2.810228000000000000e+14
1.657691841080458516e+03 2.756213000000000000e+14
1.658229841080458300e+03 2.701789999999999688e+14
1.658766841080458562e+03 2.646978999999999688e+14
1.659303841080458369e+03 2.591802000000000000e+14
1.659841841080458380e+03 2.536285000000000312e+14
1.660378841080458642e+03 2.480455999999999688e+14
1.660915841080458449e+03 2.424347000000000000e+14
1.661453841080458460e+03 2.367991000000000312e+14
1.661990841080458495e+03 2.311426000000000000e+14
1.662527841080458529e+03 2.254688000000000000e+14
1.663065841080458313e+03 2.197820000000000000e+14
1.663602841080458575e+03 2.140864000000000000e+14
1.664139841080458382e+03 2.083865000000000000e+14
1.664677841080458393e+03 2.026868000000000000e+14
1.665214841080458655e+03 1.969922000000000000e+14
1.665751841080458462e+03 1.913075000000000000e+14
1.666289841080458473e+03 1.856377000000000000e+14
1.666826841080458507e+03 1.799881000000000000e+14
1.667363841080458542e+03 1.743637000000000000e+14
1.667900841080458349e+03 1.687698000000000000e+14
1.668438841080458587e+03 1.632117000000000000e+14
1.668975841080458395e+03 1.576948000000000000e+14
1.669512841080458429e+03 1.522244000000000000e+14
1.670050841080458667e+03 1.468057000000000000e+14
1.670587841080458475e+03 1.414440000000000000e+14
1.671124841080458509e+03 1.361446000000000000e+14
1.671662841080458520e+03 1.309126000000000000e+14
1.672199841080458555e+03 1.257530000000000000e+14
1.672736841080458362e+03 1.206707000000000000e+14
1.673273841080458624e+03 1.156706000000000000e+14
1.673811841080458407e+03 1.107573000000000000e+14
1.674348841080458442e+03 1.059353000000000000e+14
1.674885841080458476e+03 1.012087000000000000e+14
1.675423841080458487e+03 9.658178000000000000e+13
1.675960841080458295e+03 9.205828000000000000e+13
1.676497841080458556e+03 8.764182000000000000e+13
1.677035841080458567e+03 8.333574000000000000e+13
1.677572841080458375e+03 7.914314000000000000e+13
1.678109841080458636e+03 7.506679000000000000e+13
1.678647841080458420e+03 7.110922000000000000e+13
1.679184841080458455e+03 6.727260000000000781e+13
1.679721841080458489e+03 6.355884000000000781e+13
1.680259841080458500e+03 5.996947999999999219e+13
1.680796841080458307e+03 5.650577000000000000e+13
1.681333841080458569e+03 5.316862000000000000e+13
1.681871841080458580e+03 4.995859000000000000e+13
1.682408841080458387e+03 4.687591000000000000e+13
1.682945841080458649e+03 4.392048000000000000e+13
1.683482841080458456e+03 4.109185000000000000e+13
1.684020841080458467e+03 3.838927000000000000e+13
1.684557841080458502e+03 3.581163000000000000e+13
1.685094841080458536e+03 3.335752000000000000e+13
1.685632841080458320e+03 3.102521999999999609e+13
1.686169841080458582e+03 2.881271000000000000e+13
1.686706841080458389e+03 2.671767000000000000e+13
1.687244841080458400e+03 2.473753000000000000e+13
1.687781841080458662e+03 2.286946000000000000e+13
1.688318841080458469e+03 2.111038000000000000e+13
1.688855841080458504e+03 1.945702000000000000e+13
1.689393841080458515e+03 1.790590000000000000e+13
1.689930841080458549e+03 1.645336999999999805e+13
1.690467841080458356e+03 1.509564999999999805e+13
1.691005841080458595e+03 1.382885000000000000e+13
1.691542841080458402e+03 1.264901000000000000e+13
1.692079841080458436e+03 1.155215000000000000e+13
1.692617841080458675e+03 1.053429000000000000e+13
1.693154841080458482e+03 9.591525000000000000e+12
1.693691841080458289e+03 8.720094000000000000e+12
1.694229841080458527e+03 7.916444000000000000e+12
1.694766841080458562e+03 7.177332000000000000e+12
1.695303841080458369e+03 6.499944000000000000e+12
1.695841841080458607e+03 5.596239000000000000e+12
1.696439841080458564e+03 4.891063000000000000e+12
1.697137841080458429e+03 4.658724000000000000e+12
1.697847841080458466e+03 4.221535000000000000e+12
1.698534841080458591e+03 3.175120000000000000e+12
1.699490841080458722e+03 2.432960000000000000e+12
1.701014841080458609e+03 2.299785000000000000e+12
1.702895841080458467e+03 1.875335000000000000e+12
1.704915841080458677e+03 1.322925000000000000e+12
1.707105841080458504e+03 9.267763000000000000e+11
1.709498841080458533e+03 6.581434000000000000e+11
1.712125841080458713e+03 4.756039000000000000e+11
1.715028841080458506e+03 3.523977000000000000e+11
1.718256841080458344e+03 2.861263000000000000e+11
1.721816841080458744e+03 2.546312000000000000e+11
1.725689841080458336e+03 2.121182000000000000e+11
1.729891841080458562e+03 1.584720000000000000e+11
1.734488841080458542e+03 1.194660000000000000e+11
1.739552841080458393e+03 9.771666000000000000e+10
1.745114841080458518e+03 8.175538000000000000e+10
1.751230841080458504e+03 6.592367000000000000e+10
1.757974841080458418e+03 5.201183000000000000e+10
1.765370841080458376e+03 4.090701000000000000e+10
1.773447841080458375e+03 3.217522000000000000e+10
1.782277841080458529e+03 2.507688000000000000e+10
1.791929841080458573e+03 2.021705000000000000e+10
1.802419841080458582e+03 1.728737000000000000e+10
1.813680841080458549e+03 1.488074000000000000e+10
1.825546841080458535e+03 1.353381000000000000e+10
1.837752841080458438e+03 1.288728000000000000e+10
1.850058841080458478e+03 1.219976000000000000e+10
1.862432841080458502e+03 1.135791000000000000e+10
1.874870841080458604e+03 5.366670000000000000e+09
