2.334628108045854589e+01 6.716383000000000000e+09
4.661828108045854435e+01 1.602502000000000000e+12
6.985328108045854378e+01 2.671926000000000000e+12
9.308827108045854004e+01 3.739607000000000000e+12
1.163232410804585442e+02 4.809370000000000000e+12
1.395582410804585436e+02 5.883712000000000000e+12
1.627932410804585288e+02 6.963964000000000000e+12
1.859912410804585647e+02 8.049102000000000000e+12
2.090670410804585515e+02 9.132296000000000000e+12
2.320094410804585436e+02 1.021342000000000000e+13
2.549037410804585306e+02 1.129962000000000000e+13
2.777979410804585996e+02 1.239322000000000000e+13
3.006921410804585548e+02 1.349401000000000000e+13
3.235863410804585101e+02 1.460261000000000000e+13
3.464805410804585790e+02 1.571938000000000000e+13
3.693265410804585827e+02 1.684238000000000000e+13
3.920182410804585516e+02 1.796793000000000000e+13
4.145459410804585332e+02 1.909689000000000000e+13
4.370158410804584719e+02 2.023413000000000000e+13
4.594856410804585494e+02 2.138338000000000000e+13
4.819553410804585383e+02 2.254566000000000000e+13
5.044252410804584770e+02 2.372178000000000000e+13
5.268950410804585545e+02 2.491199000000000000e+13
5.493069410804585004e+02 2.611393000000000000e+13
5.715651410804584884e+02 2.732464000000000000e+13
5.936897410804584752e+02 2.854606000000000000e+13
6.157765410804585144e+02 2.978144000000000000e+13
6.378632410804585788e+02 3.103401000000000000e+13
6.599499410804585295e+02 3.230521999999999609e+13
6.820366410804584802e+02 3.359604000000000000e+13
7.041234410804585195e+02 3.490689999999999609e+13
7.261722410804585479e+02 3.623660000000000000e+13
7.481180410804586245e+02 3.758374000000000000e+13
7.699713410804586147e+02 3.895006000000000000e+13
7.917972410804585479e+02 4.033875000000000000e+13
8.136232410804584561e+02 4.175296000000000000e+13
8.354491410804585030e+02 4.319454000000000000e+13
8.572751410804585248e+02 4.466491000000000000e+13
8.791010410804584581e+02 4.616513000000000000e+13
9.008997410804585115e+02 4.769492000000000000e+13
9.226237410804585579e+02 4.925321000000000000e+13
9.442804410804585586e+02 5.084226000000000000e+13
9.659171410804585776e+02 5.246681000000000000e+13
9.875539410804585714e+02 5.413018000000000000e+13
1.009190741080458452e+03 5.583476000000000000e+13
1.030827841080458484e+03 5.758010000000000000e+13
1.052463841080458451e+03 5.936190000000000000e+13
1.074080841080458413e+03 6.119737000000000000e+13
1.095671841080458535e+03 6.308597000000000781e+13
1.117271841080458444e+03 6.502620000000000781e+13
1.138886841080458453e+03 6.701669000000000781e+13
1.160500841080458486e+03 6.906044000000000781e+13
1.182114841080458518e+03 7.116250000000000000e+13
1.203729841080458527e+03 7.332609000000000000e+13
1.225343841080458560e+03 7.554860000000000000e+13
1.246972841080458466e+03 7.937062000000000000e+13
1.264880841080458595e+03 8.406824000000000000e+13
1.275306841080458298e+03 7.576234000000000000e+13
1.281982841080458684e+03 8.172838000000000000e+13
1.288658841080458387e+03 8.247839000000000000e+13
1.295335841080458522e+03 8.324482000000000000e+13
1.302011841080458680e+03 8.401891000000000000e+13
1.308687841080458611e+03 8.480074000000000000e+13
1.315364841080458518e+03 8.559039000000000000e+13
1.322040841080458677e+03 8.638795000000000000e+13
1.328717841080458584e+03 8.719352000000000000e+13
1.335393841080458515e+03 8.800723000000000000e+13
1.342069841080458673e+03 8.882916000000000000e+13
1.348746841080458580e+03 8.965946000000000000e+13
1.355422841080458511e+03 9.049827000000000000e+13
1.362099841080458418e+03 9.134575000000000000e+13
1.368775841080458576e+03 9.220206000000000000e+13
1.375451841080458507e+03 9.306736000000000000e+13
1.382128841080458415e+03 9.394187000000000000e+13
1.388804841080458573e+03 9.482580000000000000e+13
1.395480841080458504e+03 9.571938000000000000e+13
1.402157841080458411e+03 9.662287000000000000e+13
1.408833841080458569e+03 9.753655000000000000e+13
1.415510841080458476e+03 9.846108000000000000e+13
1.422186841080458407e+03 9.935074000000000000e+13
1.428881841080458571e+03 1.074154000000000000e+14
1.434059841080458455e+03 1.355430999999999844e+14
1.436149841080458600e+03 4.391478000000000000e+13
1.436685841080458431e+03 1.011282000000000000e+14
1.437221841080458717e+03 1.015505000000000000e+14
1.437758841080458524e+03 1.016278000000000000e+14
1.438294841080458355e+03 1.017051000000000000e+14
1.438830841080458640e+03 1.017825000000000000e+14
1.439366841080458471e+03 1.018600000000000000e+14
1.439902841080458529e+03 1.019376000000000000e+14
1.440438841080458360e+03 1.020152000000000000e+14
1.440975841080458622e+03 1.020929000000000000e+14
1.441511841080458453e+03 1.021708000000000000e+14
1.442047841080458738e+03 1.022487000000000000e+14
1.442583841080458569e+03 1.023266000000000000e+14
1.443119841080458400e+03 1.024047000000000000e+14
1.443656841080458662e+03 1.024828000000000000e+14
1.444192841080458493e+03 1.025610000000000000e+14
1.444728841080458551e+03 1.026393000000000000e+14
1.445264841080458382e+03 1.027177000000000000e+14
1.445800841080458667e+03 1.027962000000000000e+14
1.446336841080458498e+03 1.028747000000000000e+14
1.446872841080458556e+03 1.029533000000000000e+14
1.447409841080458591e+03 1.030320000000000000e+14
1.447945841080458422e+03 1.031108000000000000e+14
1.448481841080458480e+03 1.031897000000000000e+14
1.449017841080458311e+03 1.032687000000000000e+14
1.449553841080458596e+03 1.033477000000000000e+14
1.450090841080458404e+03 1.034268000000000000e+14
1.450626841080458689e+03 1.035060000000000000e+14
1.451162841080458520e+03 1.035853000000000000e+14
1.451698841080458578e+03 1.036647000000000000e+14
1.452234841080458409e+03 1.037441000000000000e+14
1.452770841080458695e+03 1.038236000000000000e+14
1.453307841080458502e+03 1.039033000000000000e+14
1.453843841080458333e+03 1.039830000000000000e+14
1.454379841080458618e+03 1.040628000000000000e+14
1.454915841080458449e+03 1.041426000000000000e+14
1.455451841080458507e+03 1.042226000000000000e+14
1.455987841080458338e+03 1.043026000000000000e+14
1.456523841080458624e+03 1.043828000000000000e+14
1.457060841080458431e+03 1.044630000000000000e+14
1.457596841080458717e+03 1.045433000000000000e+14
1.458132841080458547e+03 1.046237000000000000e+14
1.458668841080458606e+03 1.047042000000000000e+14
1.459204841080458436e+03 1.047847000000000000e+14
1.459740841080458267e+03 1.048654000000000000e+14
1.460277841080458529e+03 1.049462000000000000e+14
1.460813841080458360e+03 1.050270000000000000e+14
1.461349841080458646e+03 1.051079000000000000e+14
1.461885841080458476e+03 1.051889000000000000e+14
1.462421841080458535e+03 1.052700000000000000e+14
1.462957841080458365e+03 1.053512000000000000e+14
1.463494841080458627e+03 1.054325000000000000e+14
1.464030841080458458e+03 1.055138000000000000e+14
1.464566841080458744e+03 1.055953000000000000e+14
1.465102841080458575e+03 1.056768000000000000e+14
1.465638841080458405e+03 1.057585000000000000e+14
1.466174841080458464e+03 1.058402000000000000e+14
1.466711841080458498e+03 1.059220000000000000e+14
1.467247841080458556e+03 1.060039000000000000e+14
1.467783841080458387e+03 1.060859000000000000e+14
1.468319841080458673e+03 1.061680000000000000e+14
1.468855841080458504e+03 1.062502000000000000e+14
1.469391841080458562e+03 1.063325000000000000e+14
1.469928841080458596e+03 1.064148000000000000e+14
1.470464841080458427e+03 1.064973000000000000e+14
1.471000841080458486e+03 1.065799000000000000e+14
1.471536841080458316e+03 1.066625000000000000e+14
1.472072841080458602e+03 1.067452000000000000e+14
1.472609841080458409e+03 1.068281000000000000e+14
1.473145841080458695e+03 1.069110000000000000e+14
1.473681841080458526e+03 1.069941000000000000e+14
1.474217841080458584e+03 1.070772000000000000e+14
1.474753841080458415e+03 1.071604000000000000e+14
1.475289841080458700e+03 1.072437000000000000e+14
1.475825841080458531e+03 1.073271000000000000e+14
1.476362841080458338e+03 1.074106000000000000e+14
1.476898841080458624e+03 1.074942000000000000e+14
1.477434841080458455e+03 1.075779000000000000e+14
1.477970841080458513e+03 1.076617000000000000e+14
1.478506841080458344e+03 1.077456000000000000e+14
1.479042841080458629e+03 1.078296000000000000e+14
1.479579841080458436e+03 1.079137000000000000e+14
1.480115841080458722e+03 1.079979000000000000e+14
1.480651841080458553e+03 1.080822000000000000e+14
1.481187841080458611e+03 1.081666000000000000e+14
1.481723841080458442e+03 1.082511000000000000e+14
1.482259841080458500e+03 1.083357000000000000e+14
1.482796841080458535e+03 1.084204000000000000e+14
1.483332841080458365e+03 1.085052000000000000e+14
1.483868841080458651e+03 1.085901000000000000e+14
1.484404841080458482e+03 1.086752000000000000e+14
1.484940841080458540e+03 1.087603000000000000e+14
1.485476841080458371e+03 1.088455000000000000e+14
1.486013841080458633e+03 1.089308000000000000e+14
1.486549841080458464e+03 1.090162000000000000e+14
1.487085841080458295e+03 1.091018000000000000e+14
1.487621841080458580e+03 1.091874000000000000e+14
1.488157841080458411e+03 1.092731000000000000e+14
1.488693841080458469e+03 1.093589000000000000e+14
1.489229841080458527e+03 1.094449000000000000e+14
1.489766841080458562e+03 1.095310000000000000e+14
1.490302841080458393e+03 1.096171000000000000e+14
1.490838841080458678e+03 1.097034000000000000e+14
1.491374841080458509e+03 1.097898000000000000e+14
1.491910841080458567e+03 1.098763000000000000e+14
1.492447841080458602e+03 1.099629000000000000e+14
1.492983841080458433e+03 1.100495000000000000e+14
1.493519841080458491e+03 1.101364000000000000e+14
1.494055841080458322e+03 1.102233000000000000e+14
1.494591841080458607e+03 1.103103000000000000e+14
1.495127841080458438e+03 1.103975000000000000e+14
1.495664841080458700e+03 1.104847000000000000e+14
1.496200841080458531e+03 1.105721000000000000e+14
1.496736841080458589e+03 1.106596000000000000e+14
1.497272841080458420e+03 1.107472000000000000e+14
1.497808841080458706e+03 1.108349000000000000e+14
1.498344841080458536e+03 1.109227000000000000e+14
1.498881841080458344e+03 1.110107000000000000e+14
1.499417841080458629e+03 1.110988000000000000e+14
1.499953841080458460e+03 1.111869000000000000e+14
1.500489841080458518e+03 1.112752000000000000e+14
1.501025841080458349e+03 1.113636000000000000e+14
1.501561841080458635e+03 1.114521000000000000e+14
1.502098841080458442e+03 1.115408000000000000e+14
1.502634841080458727e+03 1.116295000000000000e+14
1.503170841080458558e+03 1.117184000000000000e+14
1.503706841080458389e+03 1.118074000000000000e+14
1.504242841080458447e+03 1.118965000000000000e+14
1.504778841080458506e+03 1.119858000000000000e+14
1.505315841080458540e+03 1.120751000000000000e+14
1.505851841080458371e+03 1.121646000000000000e+14
1.506387841080458657e+03 1.122542000000000000e+14
1.506923841080458487e+03 1.123440000000000000e+14
1.507459841080458546e+03 1.124338000000000000e+14
1.507995841080458376e+03 1.125238000000000000e+14
1.508532841080458411e+03 1.126139000000000000e+14
1.509068841080458469e+03 1.127041000000000000e+14
1.509604841080458300e+03 1.127945000000000000e+14
1.510140841080458586e+03 1.128849000000000000e+14
1.510676841080458416e+03 1.129755000000000000e+14
1.511212841080458475e+03 1.130663000000000000e+14
1.511749841080458509e+03 1.131571000000000000e+14
1.512285841080458567e+03 1.132481000000000000e+14
1.512821841080458398e+03 1.133392000000000000e+14
1.513357841080458684e+03 1.134305000000000000e+14
1.513893841080458515e+03 1.135218000000000000e+14
1.514429841080458573e+03 1.136134000000000000e+14
1.514966841080458607e+03 1.137050000000000000e+14
1.515502841080458438e+03 1.137968000000000000e+14
1.516038841080458496e+03 1.138887000000000000e+14
1.516574841080458327e+03 1.139808000000000000e+14
1.517110841080458613e+03 1.140729000000000000e+14
1.517646841080458444e+03 1.141652000000000000e+14
1.518182841080458502e+03 1.142577000000000000e+14
1.518719841080458536e+03 1.143502000000000000e+14
1.519255841080458595e+03 1.144430000000000000e+14
1.519791841080458425e+03 1.145358000000000000e+14
1.520327841080458484e+03 1.146288000000000000e+14
1.520863841080458542e+03 1.147220000000000000e+14
1.521399841080458373e+03 1.148152000000000000e+14
1.521936841080458635e+03 1.149086000000000000e+14
1.522472841080458466e+03 1.150022000000000000e+14
1.523008841080458524e+03 1.150959000000000000e+14
1.523544841080458355e+03 1.151898000000000000e+14
1.524080841080458640e+03 1.152837000000000000e+14
1.524617841080458447e+03 1.153778000000000000e+14
1.525153841080458278e+03 1.154721000000000000e+14
1.525689841080458564e+03 1.155665000000000000e+14
1.526225841080458395e+03 1.156611000000000000e+14
1.526761841080458453e+03 1.157558000000000000e+14
1.527297841080458511e+03 1.158507000000000000e+14
1.527833841080458569e+03 1.159457000000000000e+14
1.528370841080458376e+03 1.160409000000000000e+14
1.528906841080458662e+03 1.161362000000000000e+14
1.529442841080458493e+03 1.162316000000000000e+14
1.529978841080458551e+03 1.163272000000000000e+14
1.530514841080458382e+03 1.164230000000000000e+14
1.531051841080458416e+03 1.165188000000000000e+14
1.531587841080458475e+03 1.166150000000000000e+14
1.532123841080458305e+03 1.167112000000000000e+14
1.532659841080458591e+03 1.168075000000000000e+14
1.533195841080458422e+03 1.169041000000000000e+14
1.533731841080458480e+03 1.170008000000000000e+14
1.534268841080458515e+03 1.170976000000000000e+14
1.534804841080458573e+03 1.171945000000000000e+14
1.535340841080458404e+03 1.172917000000000000e+14
1.535876841080458689e+03 1.173891000000000000e+14
1.536412841080458520e+03 1.174866000000000000e+14
1.536948841080458351e+03 1.175842000000000000e+14
1.537484841080458636e+03 1.176820000000000000e+14
1.538021841080458444e+03 1.177799000000000000e+14
1.538557841080458502e+03 1.178780000000000000e+14
1.539093841080458333e+03 1.179763000000000000e+14
1.539629841080458618e+03 1.180748000000000156e+14
1.540165841080458449e+03 1.181734000000000000e+14
1.540702841080458711e+03 1.182722000000000000e+14
1.541238841080458542e+03 1.183710999999999844e+14
1.541774841080458600e+03 1.184702000000000000e+14
1.542310841080458431e+03 1.185694999999999844e+14
1.542846841080458489e+03 1.186690000000000000e+14
1.543382841080458547e+03 1.187685000000000000e+14
1.543919841080458355e+03 1.188683000000000000e+14
1.544455841080458640e+03 1.189683000000000000e+14
1.544991841080458471e+03 1.190683000000000000e+14
1.545527841080458529e+03 1.191686999999999844e+14
1.546063841080458587e+03 1.192691999999999844e+14
1.546599841080458646e+03 1.193698000000000000e+14
1.547136841080458453e+03 1.194706000000000000e+14
1.547672841080458284e+03 1.195715999999999844e+14
1.548208841080458569e+03 1.196728000000000000e+14
1.548744841080458400e+03 1.197741000000000000e+14
1.549280841080458458e+03 1.198755000000000000e+14
1.549816841080458516e+03 1.199773000000000000e+14
1.550352841080458575e+03 1.200792000000000000e+14
1.550889841080458382e+03 1.201811000000000000e+14
1.551425841080458667e+03 1.202833000000000156e+14
1.551961841080458498e+03 1.203857000000000156e+14
1.552497841080458556e+03 1.204883999999999844e+14
1.553033841080458615e+03 1.205910999999999844e+14
1.553570841080458422e+03 1.206940000000000156e+14
1.554106841080458480e+03 1.207970000000000000e+14
1.554642841080458311e+03 1.209003000000000000e+14
1.555178841080458596e+03 1.210038000000000000e+14
1.555714841080458427e+03 1.211075000000000000e+14
1.556250841080458486e+03 1.212113000000000156e+14
1.556786841080458544e+03 1.213153000000000156e+14
1.557323841080458578e+03 1.214195000000000000e+14
1.557859841080458409e+03 1.215238000000000000e+14
1.558395841080458695e+03 1.216284000000000156e+14
1.558931841080458526e+03 1.217331000000000000e+14
1.559467841080458356e+03 1.218380000000000156e+14
1.560004841080458618e+03 1.219430999999999844e+14
1.560540841080458449e+03 1.220483000000000000e+14
1.561076841080458507e+03 1.221538000000000000e+14
1.561612841080458566e+03 1.222594000000000000e+14
1.562148841080458624e+03 1.223651999999999844e+14
1.562684841080458455e+03 1.224710999999999844e+14
1.563220841080458513e+03 1.225773000000000000e+14
1.563757841080458547e+03 1.226837000000000000e+14
1.564293841080458378e+03 1.227901000000000000e+14
1.564829841080458436e+03 1.228968000000000000e+14
1.565365841080458495e+03 1.230037000000000000e+14
1.565901841080458553e+03 1.231107000000000000e+14
1.566437841080458384e+03 1.232179000000000000e+14
1.566974841080458646e+03 1.233253000000000000e+14
1.567510841080458476e+03 1.234329000000000156e+14
1.568046841080458535e+03 1.235406000000000000e+14
1.568582841080458593e+03 1.236483999999999844e+14
1.569118841080458651e+03 1.237564000000000156e+14
1.569654841080458482e+03 1.238648000000000000e+14
1.570191841080458289e+03 1.239731999999999844e+14
1.570727841080458575e+03 1.240814999999999844e+14
1.571263841080458405e+03 1.241902999999999844e+14
1.571799841080458464e+03 1.242992000000000000e+14
1.572335841080458522e+03 1.244083000000000000e+14
1.572872841080458556e+03 1.245174000000000000e+14
1.573408841080458387e+03 1.246267000000000000e+14
1.573944841080458673e+03 1.247361000000000156e+14
1.574480841080458504e+03 1.248458000000000000e+14
1.575016841080458562e+03 1.249555000000000000e+14
1.575552841080458620e+03 1.250653000000000000e+14
1.576089841080458427e+03 1.251754000000000000e+14
1.576625841080458486e+03 1.252856000000000000e+14
1.577161841080458544e+03 1.253958000000000000e+14
1.577697841080458602e+03 1.255059999999999844e+14
1.578233841080458433e+03 1.256166000000000000e+14
1.578769841080458491e+03 1.257273000000000156e+14
1.579305841080458549e+03 1.258379000000000000e+14
1.579842841080458584e+03 1.259486999999999844e+14
1.580378841080458415e+03 1.260595000000000000e+14
1.580914841080458473e+03 1.261706000000000000e+14
1.581450841080458531e+03 1.262816000000000000e+14
1.581986841080458362e+03 1.263926000000000000e+14
1.582523841080458624e+03 1.265037000000000000e+14
1.583059841080458455e+03 1.266149000000000000e+14
1.583595841080458513e+03 1.267262000000000000e+14
1.584131841080458571e+03 1.268374000000000000e+14
1.584667841080458629e+03 1.269486000000000000e+14
1.585203841080458460e+03 1.270598000000000000e+14
1.585739841080458518e+03 1.271710000000000000e+14
1.586276841080458553e+03 1.272822999999999844e+14
1.586812841080458384e+03 1.273934000000000000e+14
1.587348841080458442e+03 1.275043999999999844e+14
1.587884841080458500e+03 1.276154000000000000e+14
1.588420841080458558e+03 1.277262999999999844e+14
1.588957841080458365e+03 1.278371000000000000e+14
1.589493841080458651e+03 1.279477000000000000e+14
1.590029841080458482e+03 1.280579999999999844e+14
1.590565841080458540e+03 1.281683999999999844e+14
1.591101841080458598e+03 1.282782000000000000e+14
1.591637841080458657e+03 1.283878000000000000e+14
1.592173841080458487e+03 1.284974000000000000e+14
1.592710841080458522e+03 1.286065000000000156e+14
1.593246841080458580e+03 1.287150999999999844e+14
1.593782841080458411e+03 1.288233000000000156e+14
1.594318841080458469e+03 1.289309000000000000e+14
1.594854841080458527e+03 1.290381000000000000e+14
1.595391841080458562e+03 1.291446000000000000e+14
1.595927841080458393e+03 1.292506000000000000e+14
1.596463841080458678e+03 1.293555999999999844e+14
1.596999841080458509e+03 1.294595999999999844e+14
1.597535841080458340e+03 1.295628000000000156e+14
1.598071841080458626e+03 1.296649000000000156e+14
1.598607841080458456e+03 1.297658000000000000e+14
1.599144841080458491e+03 1.298653000000000000e+14
1.599680841080458549e+03 1.299629000000000000e+14
1.600216841080458607e+03 1.300590999999999844e+14
1.600752841080458438e+03 1.301530000000000000e+14
1.601288841080458496e+03 1.302444000000000156e+14
1.601824841080458555e+03 1.303331999999999844e+14
1.602361841080458362e+03 1.304187000000000000e+14
1.602897841080458420e+03 1.305006000000000000e+14
1.603433841080458478e+03 1.305779000000000000e+14
1.603969841080458536e+03 1.306494999999999844e+14
1.604505841080458367e+03 1.307148000000000156e+14
1.605041841080458653e+03 1.307715000000000000e+14
1.605578841080458460e+03 1.308174000000000000e+14
1.606114841080458518e+03 1.308491000000000000e+14
1.606650841080458576e+03 1.308624000000000000e+14
1.607186841080458635e+03 1.308406999999999844e+14
1.607722841080458466e+03 1.316534000000000000e+14
1.608259841080458500e+03 1.297622000000000000e+14
1.608796841080458535e+03 1.157986000000000000e+14
1.609333841080458569e+03 9.355307000000000000e+13
1.609871841080458353e+03 5.374201000000000000e+13
1.610408841080458615e+03 5.916194000000000000e+13
1.610945841080458422e+03 1.038027000000000000e+14
1.611483841080458433e+03 3.130911000000000000e+13
1.612020841080458467e+03 8.887493000000000000e+13
1.612557841080458502e+03 1.090590000000000000e+14
1.613095841080458513e+03 1.185254999999999844e+14
1.613632841080458547e+03 1.237102999999999844e+14
1.614169841080458582e+03 1.268398000000000000e+14
1.614707841080458365e+03 1.288549000000000000e+14
1.615244841080458627e+03 1.302142000000000000e+14
1.615781841080458435e+03 1.311619000000000000e+14
1.616319841080458446e+03 1.318387999999999844e+14
1.616856841080458480e+03 1.323321000000000156e+14
1.617393841080458515e+03 1.326963999999999844e+14
1.617930841080458322e+03 1.329683000000000000e+14
1.618468841080458560e+03 1.331728000000000000e+14
1.619005841080458595e+03 1.333273000000000156e+14
1.619542841080458402e+03 1.334443000000000000e+14
1.620080841080458640e+03 1.335325000000000000e+14
1.620617841080458447e+03 1.335986000000000000e+14
1.621154841080458482e+03 1.336474000000000000e+14
1.621692841080458493e+03 1.336824000000000000e+14
1.622229841080458527e+03 1.337062999999999844e+14
1.622766841080458335e+03 1.337210000000000000e+14
1.623303841080458596e+03 1.337281000000000156e+14
1.623841841080458380e+03 1.337286999999999844e+14
1.624378841080458415e+03 1.337237000000000000e+14
1.624915841080458677e+03 1.337137000000000156e+14
1.625453841080458460e+03 1.336992000000000000e+14
1.625990841080458495e+03 1.336806999999999844e+14
1.626527841080458529e+03 1.336585000000000156e+14
1.627065841080458540e+03 1.336330000000000000e+14
1.627602841080458347e+03 1.336043000000000000e+14
1.628139841080458609e+03 1.335726000000000000e+14
1.628677841080458393e+03 1.335382999999999844e+14
1.629214841080458427e+03 1.335014999999999844e+14
1.629751841080458462e+03 1.334624000000000000e+14
1.630289841080458473e+03 1.334211000000000000e+14
1.630826841080458507e+03 1.333779999999999844e+14
1.631363841080458542e+03 1.333330000000000000e+14
1.631901841080458553e+03 1.332866000000000000e+14
1.632438841080458360e+03 1.332387000000000000e+14
1.632975841080458622e+03 1.331894999999999844e+14
1.633512841080458429e+03 1.331393000000000156e+14
1.634050841080458440e+03 1.330882000000000000e+14
1.634587841080458475e+03 1.330362000000000000e+14
1.635124841080458509e+03 1.329836000000000156e+14
1.635662841080458293e+03 1.329302999999999844e+14
1.636199841080458555e+03 1.328766000000000000e+14
1.636736841080458589e+03 1.328224000000000000e+14
1.637274841080458373e+03 1.327678999999999844e+14
1.637811841080458635e+03 1.327129000000000156e+14
1.638348841080458442e+03 1.326576000000000000e+14
1.638886841080458453e+03 1.326018000000000000e+14
1.639423841080458487e+03 1.325456000000000000e+14
1.639960841080458522e+03 1.324888000000000000e+14
1.640498841080458305e+03 1.324313000000000156e+14
1.641035841080458567e+03 1.323731000000000000e+14
1.641572841080458375e+03 1.323139999999999844e+14
1.642110841080458385e+03 1.322537000000000156e+14
1.642647841080458647e+03 1.321921000000000156e+14
1.643184841080458455e+03 1.321289000000000156e+14
1.643721841080458489e+03 1.320640000000000000e+14
1.644259841080458500e+03 1.319970000000000000e+14
1.644796841080458535e+03 1.319277000000000000e+14
1.645333841080458342e+03 1.318557000000000000e+14
1.645871841080458580e+03 1.317806999999999844e+14
1.646408841080458387e+03 1.317025000000000156e+14
1.646945841080458422e+03 1.316205000000000000e+14
1.647483841080458660e+03 1.315344000000000000e+14
1.648020841080458467e+03 1.314438999999999844e+14
1.648557841080458502e+03 1.313485000000000000e+14
1.649094841080458536e+03 1.312478000000000000e+14
1.649632841080458547e+03 1.311413000000000000e+14
1.650169841080458355e+03 1.310286999999999844e+14
1.650706841080458616e+03 1.309035000000000000e+14
1.651244841080458400e+03 1.307616000000000000e+14
1.651781841080458435e+03 1.306219000000000000e+14
1.652318841080458469e+03 1.304833000000000156e+14
1.652856841080458480e+03 1.303353000000000156e+14
1.653393841080458287e+03 1.301774000000000000e+14
1.653930841080458549e+03 1.300090000000000000e+14
1.654468841080458560e+03 1.298294000000000000e+14
1.655005841080458367e+03 1.296380000000000156e+14
1.655542841080458629e+03 1.294341000000000000e+14
1.656079841080458436e+03 1.292171000000000000e+14
1.656617841080458447e+03 1.289862000000000000e+14
1.657154841080458482e+03 1.287406999999999844e+14
1.657691841080458516e+03 1.284798999999999844e+14
1.658229841080458300e+03 1.282030000000000000e+14
1.658766841080458562e+03 1.279091999999999844e+14
1.659303841080458369e+03 1.275978000000000000e+14
1.659841841080458380e+03 1.272678999999999844e+14
1.660378841080458642e+03 1.269187000000000000e+14
1.660915841080458449e+03 1.265494000000000000e+14
1.661453841080458460e+03 1.261592000000000000e+14
1.661990841080458495e+03 1.257472000000000000e+14
1.662527841080458529e+03 1.253126000000000000e+14
1.663065841080458313e+03 1.248546000000000000e+14
1.663602841080458575e+03 1.243724000000000156e+14
1.664139841080458382e+03 1.238650000000000000e+14
1.664677841080458393e+03 1.233317000000000000e+14
1.665214841080458655e+03 1.227717000000000000e+14
1.665751841080458462e+03 1.221842000000000000e+14
1.666289841080458473e+03 1.215685000000000000e+14
1.666826841080458507e+03 1.209237000000000000e+14
1.667363841080458542e+03 1.202493000000000000e+14
1.667900841080458349e+03 1.195446000000000000e+14
1.668438841080458587e+03 1.188088000000000000e+14
1.668975841080458395e+03 1.180415000000000000e+14
1.669512841080458429e+03 1.172420000000000000e+14
1.670050841080458667e+03 1.164100000000000000e+14
1.670587841080458475e+03 1.155450000000000000e+14
1.671124841080458509e+03 1.146466000000000000e+14
1.671662841080458520e+03 1.137146000000000000e+14
1.672199841080458555e+03 1.127487000000000000e+14
1.672736841080458362e+03 1.117488000000000000e+14
1.673273841080458624e+03 1.107149000000000000e+14
1.673811841080458407e+03 1.096470000000000000e+14
1.674348841080458442e+03 1.085452000000000000e+14
1.674885841080458476e+03 1.074098000000000000e+14
1.675423841080458487e+03 1.062411000000000000e+14
1.675960841080458295e+03 1.050396000000000000e+14
1.676497841080458556e+03 1.038057000000000000e+14
1.677035841080458567e+03 1.025401000000000000e+14
1.677572841080458375e+03 1.012436000000000000e+14
1.678109841080458636e+03 9.991705000000000000e+13
1.678647841080458420e+03 9.856138000000000000e+13
1.679184841080458455e+03 9.717770000000000000e+13
1.679721841080458489e+03 9.576720000000000000e+13
1.680259841080458500e+03 9.433118000000000000e+13
1.680796841080458307e+03 9.287104000000000000e+13
1.681333841080458569e+03 9.138829000000000000e+13
1.681871841080458580e+03 8.988454000000000000e+13
1.682408841080458387e+03 8.836152000000000000e+13
1.682945841080458649e+03 8.682100000000000000e+13
1.683482841080458456e+03 8.526490000000000000e+13
1.684020841080458467e+03 8.369519000000000000e+13
1.684557841080458502e+03 8.211394000000000000e+13
1.685094841080458536e+03 8.052331000000000000e+13
1.685632841080458320e+03 7.892548000000000000e+13
1.686169841080458582e+03 7.732278000000000000e+13
1.686706841080458389e+03 7.571754000000000000e+13
1.687244841080458400e+03 7.411216000000000000e+13
1.687781841080458662e+03 7.250909000000000000e+13
1.688318841080458469e+03 7.091082000000000000e+13
1.688855841080458504e+03 6.931986000000000000e+13
1.689393841080458515e+03 6.773873000000000000e+13
1.689930841080458549e+03 6.616995999999999219e+13
1.690467841080458356e+03 6.461603999999999219e+13
1.691005841080458595e+03 6.307943000000000000e+13
1.691542841080458402e+03 6.156250000000000000e+13
1.692079841080458436e+03 6.006752000000000000e+13
1.692617841080458675e+03 5.859658000000000000e+13
1.693154841080458482e+03 5.715148000000000000e+13
1.693691841080458289e+03 5.573356000000000000e+13
1.694229841080458527e+03 5.434336000000000000e+13
1.694766841080458562e+03 5.297995000000000000e+13
1.695303841080458369e+03 5.163997000000000000e+13
1.695841841080458607e+03 5.029132000000000000e+13
1.696439841080458564e+03 4.881978000000000000e+13
1.697137841080458429e+03 4.741781000000000000e+13
1.697847841080458466e+03 4.592812000000000000e+13
1.698534841080458591e+03 4.439166000000000000e+13
1.699490841080458722e+03 4.214338000000000000e+13
1.701014841080458609e+03 3.986631000000000000e+13
1.702895841080458467e+03 3.721717000000000000e+13
1.704915841080458677e+03 3.439958000000000391e+13
1.707105841080458504e+03 3.174141000000000000e+13
1.709498841080458533e+03 2.925900000000000000e+13
1.712125841080458713e+03 2.692669000000000000e+13
1.715028841080458506e+03 2.472705000000000000e+13
1.718256841080458344e+03 2.268538000000000000e+13
1.721816841080458744e+03 2.079162000000000000e+13
1.725689841080458336e+03 1.897949000000000000e+13
1.729891841080458562e+03 1.722260000000000000e+13
1.734488841080458542e+03 1.555100000000000000e+13
1.739552841080458393e+03 1.398663000000000000e+13
1.745114841080458518e+03 1.251473000000000000e+13
1.751230841080458504e+03 1.112147000000000000e+13
1.757974841080458418e+03 9.807035000000000000e+12
1.765370841080458376e+03 8.575588000000000000e+12
1.773447841080458375e+03 7.430910000000000000e+12
1.782277841080458529e+03 6.373087000000000000e+12
1.791929841080458573e+03 5.402749000000000000e+12
1.802419841080458582e+03 4.516849000000000000e+12
1.813680841080458549e+03 3.706264000000000000e+12
1.825546841080458535e+03 2.962792000000000000e+12
1.837752841080458438e+03 2.272435000000000000e+12
1.850058841080458478e+03 1.614801000000000000e+12
1.862432841080458502e+03 9.712462000000000000e+11
1.874870841080458604e+03 6.547824000000000000e+11
