# Profil de ElecX au temps 1.300000000000017e-11 
# simu : /Volumes/MERCURE/JOBS/Zeq2_tanh_50mic_2p1e19_B0_20ps/GNU/ElecX@y-c.set
# col 0 : abscisse (um)
# col 1 : ElecX (V/m)
0.00000000e+00	0.00000000e+00
1.00000000e+00	4.08955978e+03
2.00000000e+00	4.72827211e+03
3.00000000e+00	6.80160587e+03
4.00000000e+00	1.01525214e+04
5.00000000e+00	1.26048435e+04
6.00000000e+00	1.51083523e+04
7.00000000e+00	1.76340916e+04
8.00000000e+00	2.01550292e+04
9.00000000e+00	2.26840527e+04
1.00000000e+01	2.52143367e+04
1.10000000e+01	2.77474607e+04
1.20000000e+01	3.02842631e+04
1.30000000e+01	3.28240646e+04
1.40000000e+01	3.53685344e+04
1.50000000e+01	3.79170748e+04
1.60000000e+01	4.04705463e+04
1.70000000e+01	4.30290534e+04
1.80000000e+01	4.55911132e+04
1.90000000e+01	4.81616980e+04
2.00000000e+01	5.07347624e+04
2.10000000e+01	5.33172314e+04
2.20000000e+01	5.59028317e+04
2.30000000e+01	5.84982264e+04
2.40000000e+01	6.10983948e+04
2.50000000e+01	6.37067464e+04
2.60000000e+01	6.63233169e+04
2.70000000e+01	6.89462023e+04
2.80000000e+01	7.15782879e+04
2.90000000e+01	7.42189933e+04
3.00000000e+01	7.68678219e+04
3.10000000e+01	7.95255364e+04
3.20000000e+01	8.21929731e+04
3.30000000e+01	8.48701614e+04
3.40000000e+01	8.75560800e+04
3.50000000e+01	9.02528646e+04
3.60000000e+01	9.29599192e+04
3.70000000e+01	9.56777204e+04
3.80000000e+01	9.84054661e+04
3.90000000e+01	1.01145078e+05
4.00000000e+01	1.03895896e+05
4.10000000e+01	1.06658472e+05
4.20000000e+01	1.09432434e+05
4.30000000e+01	1.12218526e+05
4.40000000e+01	1.15017239e+05
4.50000000e+01	1.17828370e+05
4.60000000e+01	1.20652499e+05
4.70000000e+01	1.23489134e+05
4.80000000e+01	1.26339253e+05
4.90000000e+01	1.29202970e+05
5.00000000e+01	1.32080288e+05
5.10000000e+01	1.34971541e+05
5.20000000e+01	1.37877058e+05
5.30000000e+01	1.40796311e+05
5.40000000e+01	1.43730678e+05
5.50000000e+01	1.46679620e+05
5.60000000e+01	1.49643521e+05
5.70000000e+01	1.52622502e+05
5.80000000e+01	1.55616848e+05
5.90000000e+01	1.58626845e+05
6.00000000e+01	1.61652121e+05
6.10000000e+01	1.64693701e+05
6.20000000e+01	1.67751202e+05
6.30000000e+01	1.70824934e+05
6.40000000e+01	1.73915099e+05
6.50000000e+01	1.77021834e+05
6.60000000e+01	1.80145312e+05
6.70000000e+01	1.83285712e+05
6.80000000e+01	1.86443184e+05
6.90000000e+01	1.89617769e+05
7.00000000e+01	1.92809760e+05
7.10000000e+01	1.96019315e+05
7.20000000e+01	1.99246492e+05
7.30000000e+01	2.02491462e+05
7.40000000e+01	2.05754359e+05
7.50000000e+01	2.09035285e+05
7.60000000e+01	2.12334421e+05
7.70000000e+01	2.15651861e+05
7.80000000e+01	2.18987728e+05
7.90000000e+01	2.22342143e+05
8.00000000e+01	2.25715217e+05
8.10000000e+01	2.29107066e+05
8.20000000e+01	2.32517789e+05
8.30000000e+01	2.35947477e+05
8.40000000e+01	2.39396262e+05
8.50000000e+01	2.42864218e+05
8.60000000e+01	2.46351444e+05
8.70000000e+01	2.49858027e+05
8.80000000e+01	2.53384056e+05
8.90000000e+01	2.56929611e+05
9.00000000e+01	2.60494773e+05
9.10000000e+01	2.64079620e+05
9.20000000e+01	2.67684214e+05
9.30000000e+01	2.71308613e+05
9.40000000e+01	2.74952934e+05
9.50000000e+01	2.78617201e+05
9.60000000e+01	2.82301500e+05
9.70000000e+01	2.86005858e+05
9.80000000e+01	2.89730373e+05
9.90000000e+01	2.93475029e+05
1.00000000e+02	2.97239943e+05
1.01000000e+02	3.01025132e+05
1.02000000e+02	3.04830634e+05
1.03000000e+02	3.08656487e+05
1.04000000e+02	3.12502794e+05
1.05000000e+02	3.16369505e+05
1.06000000e+02	3.20256669e+05
1.07000000e+02	3.24164350e+05
1.08000000e+02	3.28092527e+05
1.09000000e+02	3.32041244e+05
1.10000000e+02	3.36010556e+05
1.11000000e+02	3.40000453e+05
1.12000000e+02	3.44010962e+05
1.13000000e+02	3.48042108e+05
1.14000000e+02	3.52093835e+05
1.15000000e+02	3.56166267e+05
1.16000000e+02	3.60259416e+05
1.17000000e+02	3.64373035e+05
1.18000000e+02	3.68507504e+05
1.19000000e+02	3.72662573e+05
1.20000000e+02	3.76838339e+05
1.21000000e+02	3.81034782e+05
1.22000000e+02	3.85251918e+05
1.23000000e+02	3.89489648e+05
1.24000000e+02	3.93748097e+05
1.25000000e+02	3.98027201e+05
1.26000000e+02	4.02326986e+05
1.27000000e+02	4.06647349e+05
1.28000000e+02	4.10988368e+05
1.29000000e+02	4.15349978e+05
1.30000000e+02	4.19732245e+05
1.31000000e+02	4.24135082e+05
1.32000000e+02	4.28558403e+05
1.33000000e+02	4.33002391e+05
1.34000000e+02	4.37466892e+05
1.35000000e+02	4.41951811e+05
1.36000000e+02	4.46457335e+05
1.37000000e+02	4.50983290e+05
1.38000000e+02	4.55529680e+05
1.39000000e+02	4.60096533e+05
1.40000000e+02	4.64683731e+05
1.41000000e+02	4.69291424e+05
1.42000000e+02	4.73919330e+05
1.43000000e+02	4.78567616e+05
1.44000000e+02	4.83236194e+05
1.45000000e+02	4.87925051e+05
1.46000000e+02	4.92634165e+05
1.47000000e+02	4.97363486e+05
1.48000000e+02	5.02112952e+05
1.49000000e+02	5.06882613e+05
1.50000000e+02	5.11672436e+05
1.51000000e+02	5.16482359e+05
1.52000000e+02	5.21312358e+05
1.53000000e+02	5.26162407e+05
1.54000000e+02	5.31032469e+05
1.55000000e+02	5.35922524e+05
1.56000000e+02	5.40832538e+05
1.57000000e+02	5.45762486e+05
1.58000000e+02	5.50712336e+05
1.59000000e+02	5.55682064e+05
1.60000000e+02	5.60671641e+05
1.61000000e+02	5.65680869e+05
1.62000000e+02	5.70709916e+05
1.63000000e+02	5.75758791e+05
1.64000000e+02	5.80827423e+05
1.65000000e+02	5.85915776e+05
1.66000000e+02	5.91023817e+05
1.67000000e+02	5.96151518e+05
1.68000000e+02	6.01298853e+05
1.69000000e+02	6.06465792e+05
1.70000000e+02	6.11652317e+05
1.71000000e+02	6.16858400e+05
1.72000000e+02	6.22084020e+05
1.73000000e+02	6.27329155e+05
1.74000000e+02	6.32593782e+05
1.75000000e+02	6.37877881e+05
1.76000000e+02	6.43181441e+05
1.77000000e+02	6.48504331e+05
1.78000000e+02	6.53846618e+05
1.79000000e+02	6.59208331e+05
1.80000000e+02	6.64589443e+05
1.81000000e+02	6.69989939e+05
1.82000000e+02	6.75409804e+05
1.83000000e+02	6.80849025e+05
1.84000000e+02	6.86307587e+05
1.85000000e+02	6.91785478e+05
1.86000000e+02	6.97282689e+05
1.87000000e+02	7.02799209e+05
1.88000000e+02	7.08335031e+05
1.89000000e+02	7.13890148e+05
1.90000000e+02	7.19464555e+05
1.91000000e+02	7.25058248e+05
1.92000000e+02	7.30671224e+05
1.93000000e+02	7.36303482e+05
1.94000000e+02	7.41955022e+05
1.95000000e+02	7.47625845e+05
1.96000000e+02	7.53315954e+05
1.97000000e+02	7.59025351e+05
1.98000000e+02	7.64754043e+05
1.99000000e+02	7.70502036e+05
2.00000000e+02	7.76269338e+05
2.01000000e+02	7.82055962e+05
2.02000000e+02	7.87861919e+05
2.03000000e+02	7.93687225e+05
2.04000000e+02	7.99531897e+05
2.05000000e+02	8.05395955e+05
2.06000000e+02	8.11279420e+05
2.07000000e+02	8.17182317e+05
2.08000000e+02	8.23104671e+05
2.09000000e+02	8.29046509e+05
2.10000000e+02	8.35007859e+05
2.11000000e+02	8.40988752e+05
2.12000000e+02	8.46989220e+05
2.13000000e+02	8.53009295e+05
2.14000000e+02	8.59049012e+05
2.15000000e+02	8.65108408e+05
2.16000000e+02	8.71187520e+05
2.17000000e+02	8.77286389e+05
2.18000000e+02	8.83405055e+05
2.19000000e+02	8.89543564e+05
2.20000000e+02	8.95701962e+05
2.21000000e+02	9.01880297e+05
2.22000000e+02	9.08078619e+05
2.23000000e+02	9.14296982e+05
2.24000000e+02	9.20535442e+05
2.25000000e+02	9.26794058e+05
2.26000000e+02	9.33072888e+05
2.27000000e+02	9.39371998e+05
2.28000000e+02	9.45691453e+05
2.29000000e+02	9.52031322e+05
2.30000000e+02	9.58391676e+05
2.31000000e+02	9.64772590e+05
2.32000000e+02	9.71174141e+05
2.33000000e+02	9.77596408e+05
2.34000000e+02	9.84039476e+05
2.35000000e+02	9.90503429e+05
2.36000000e+02	9.96988358e+05
2.37000000e+02	1.00349435e+06
2.38000000e+02	1.01002151e+06
2.39000000e+02	1.01656994e+06
2.40000000e+02	1.02313972e+06
2.41000000e+02	1.02973098e+06
2.42000000e+02	1.03634382e+06
2.43000000e+02	1.04297835e+06
2.44000000e+02	1.04963470e+06
2.45000000e+02	1.05631298e+06
2.46000000e+02	1.06301331e+06
2.47000000e+02	1.06973584e+06
2.48000000e+02	1.07648069e+06
2.49000000e+02	1.08324800e+06
2.50000000e+02	1.09003792e+06
2.51000000e+02	1.09685058e+06
2.52000000e+02	1.10368616e+06
2.53000000e+02	1.11054480e+06
2.54000000e+02	1.11742666e+06
2.55000000e+02	1.12433192e+06
2.56000000e+02	1.13126076e+06
2.57000000e+02	1.13821335e+06
2.58000000e+02	1.14518987e+06
2.59000000e+02	1.15219053e+06
2.60000000e+02	1.15921552e+06
2.61000000e+02	1.16626504e+06
2.62000000e+02	1.17333932e+06
2.63000000e+02	1.18043856e+06
2.64000000e+02	1.18756301e+06
2.65000000e+02	1.19471289e+06
2.66000000e+02	1.20188846e+06
2.67000000e+02	1.20908995e+06
2.68000000e+02	1.21631763e+06
2.69000000e+02	1.22357178e+06
2.70000000e+02	1.23085268e+06
2.71000000e+02	1.23816060e+06
2.72000000e+02	1.24549586e+06
2.73000000e+02	1.25285876e+06
2.74000000e+02	1.26024962e+06
2.75000000e+02	1.26766877e+06
2.76000000e+02	1.27511657e+06
2.77000000e+02	1.28259336e+06
2.78000000e+02	1.29009952e+06
2.79000000e+02	1.29763543e+06
2.80000000e+02	1.30520148e+06
2.81000000e+02	1.31279808e+06
2.82000000e+02	1.32042567e+06
2.83000000e+02	1.32808468e+06
2.84000000e+02	1.33577556e+06
2.85000000e+02	1.34349879e+06
2.86000000e+02	1.35125487e+06
2.87000000e+02	1.35904429e+06
2.88000000e+02	1.36686759e+06
2.89000000e+02	1.37472530e+06
2.90000000e+02	1.38261801e+06
2.91000000e+02	1.39054629e+06
2.92000000e+02	1.39851075e+06
2.93000000e+02	1.40651202e+06
2.94000000e+02	1.41455076e+06
2.95000000e+02	1.42262763e+06
2.96000000e+02	1.43074335e+06
2.97000000e+02	1.43889864e+06
2.98000000e+02	1.44709425e+06
2.99000000e+02	1.45533096e+06
3.00000000e+02	1.46360958e+06
3.01000000e+02	1.47193095e+06
3.02000000e+02	1.48029593e+06
3.03000000e+02	1.48870543e+06
3.04000000e+02	1.49716038e+06
3.05000000e+02	1.50566173e+06
3.06000000e+02	1.51421049e+06
3.07000000e+02	1.52280770e+06
3.08000000e+02	1.53145441e+06
3.09000000e+02	1.54015174e+06
3.10000000e+02	1.54890084e+06
3.11000000e+02	1.55770288e+06
3.12000000e+02	1.56655909e+06
3.13000000e+02	1.57547074e+06
3.14000000e+02	1.58443914e+06
3.15000000e+02	1.59346564e+06
3.16000000e+02	1.60255165e+06
3.17000000e+02	1.61169860e+06
3.18000000e+02	1.62090799e+06
3.19000000e+02	1.63018136e+06
3.20000000e+02	1.63952030e+06
3.21000000e+02	1.64892645e+06
3.22000000e+02	1.65840150e+06
3.23000000e+02	1.66794720e+06
3.24000000e+02	1.67756535e+06
3.25000000e+02	1.68725781e+06
3.26000000e+02	1.69702647e+06
3.27000000e+02	1.70687332e+06
3.28000000e+02	1.71680036e+06
3.29000000e+02	1.72680970e+06
3.30000000e+02	1.73690345e+06
3.31000000e+02	1.74708384e+06
3.32000000e+02	1.75735313e+06
3.33000000e+02	1.76771362e+06
3.34000000e+02	1.77816773e+06
3.35000000e+02	1.78871788e+06
3.36000000e+02	1.79936660e+06
3.37000000e+02	1.81011646e+06
3.38000000e+02	1.82097010e+06
3.39000000e+02	1.83193022e+06
3.40000000e+02	1.84299959e+06
3.41000000e+02	1.85418104e+06
3.42000000e+02	1.86547747e+06
3.43000000e+02	1.87689183e+06
3.44000000e+02	1.88842714e+06
3.45000000e+02	1.90008649e+06
3.46000000e+02	1.91187302e+06
3.47000000e+02	1.92378994e+06
3.48000000e+02	1.93584052e+06
3.49000000e+02	1.94802807e+06
3.50000000e+02	1.96035600e+06
3.51000000e+02	1.97282773e+06
3.52000000e+02	1.98544675e+06
3.53000000e+02	1.99821663e+06
3.54000000e+02	2.01114095e+06
3.55000000e+02	2.02422336e+06
3.56000000e+02	2.03746755e+06
3.57000000e+02	2.05087727e+06
3.58000000e+02	2.06445628e+06
3.59000000e+02	2.07820841e+06
3.60000000e+02	2.09213750e+06
3.61000000e+02	2.10624744e+06
3.62000000e+02	2.12054214e+06
3.63000000e+02	2.13502553e+06
3.64000000e+02	2.14970155e+06
3.65000000e+02	2.16457419e+06
3.66000000e+02	2.17964742e+06
3.67000000e+02	2.19492522e+06
3.68000000e+02	2.21041159e+06
3.69000000e+02	2.22611051e+06
3.70000000e+02	2.24202595e+06
3.71000000e+02	2.25816188e+06
3.72000000e+02	2.27452223e+06
3.73000000e+02	2.29111093e+06
3.74000000e+02	2.30793185e+06
3.75000000e+02	2.32498884e+06
3.76000000e+02	2.34228570e+06
3.77000000e+02	2.35982619e+06
3.78000000e+02	2.37761400e+06
3.79000000e+02	2.39565277e+06
3.80000000e+02	2.41394604e+06
3.81000000e+02	2.43249732e+06
3.82000000e+02	2.45130999e+06
3.83000000e+02	2.47038738e+06
3.84000000e+02	2.48973269e+06
3.85000000e+02	2.50934903e+06
3.86000000e+02	2.52923941e+06
3.87000000e+02	2.54940670e+06
3.88000000e+02	2.56985366e+06
3.89000000e+02	2.59058291e+06
3.90000000e+02	2.61159695e+06
3.91000000e+02	2.63289812e+06
3.92000000e+02	2.65448860e+06
3.93000000e+02	2.67637045e+06
3.94000000e+02	2.69854551e+06
3.95000000e+02	2.72101550e+06
3.96000000e+02	2.74378195e+06
3.97000000e+02	2.76684619e+06
3.98000000e+02	2.79020939e+06
3.99000000e+02	2.81387250e+06
4.00000000e+02	2.83783629e+06
4.01000000e+02	2.86210132e+06
4.02000000e+02	2.88666795e+06
4.03000000e+02	2.91153630e+06
4.04000000e+02	2.93670630e+06
4.05000000e+02	2.96217765e+06
4.06000000e+02	2.98794980e+06
4.07000000e+02	3.01402198e+06
4.08000000e+02	3.04039320e+06
4.09000000e+02	3.06706221e+06
4.10000000e+02	3.09402750e+06
4.11000000e+02	3.12128735e+06
4.12000000e+02	3.14883975e+06
4.13000000e+02	3.17668245e+06
4.14000000e+02	3.20481294e+06
4.15000000e+02	3.23322845e+06
4.16000000e+02	3.26192592e+06
4.17000000e+02	3.29090206e+06
4.18000000e+02	3.32015327e+06
4.19000000e+02	3.34967570e+06
4.20000000e+02	3.37946522e+06
4.21000000e+02	3.40951741e+06
4.22000000e+02	3.43982758e+06
4.23000000e+02	3.47039077e+06
4.24000000e+02	3.50120172e+06
4.25000000e+02	3.53225490e+06
4.26000000e+02	3.56354449e+06
4.27000000e+02	3.59506439e+06
4.28000000e+02	3.62680824e+06
4.29000000e+02	3.65876937e+06
4.30000000e+02	3.69094087e+06
4.31000000e+02	3.72331552e+06
4.32000000e+02	3.75588585e+06
4.33000000e+02	3.78864414e+06
4.34000000e+02	3.82158237e+06
4.35000000e+02	3.85469229e+06
4.36000000e+02	3.88796542e+06
4.37000000e+02	3.92139299e+06
4.38000000e+02	3.95496605e+06
4.39000000e+02	3.98867538e+06
4.40000000e+02	4.02251158e+06
4.41000000e+02	4.05646502e+06
4.42000000e+02	4.09052591e+06
4.43000000e+02	4.12468424e+06
4.44000000e+02	4.15892986e+06
4.45000000e+02	4.19325248e+06
4.46000000e+02	4.22764163e+06
4.47000000e+02	4.26208676e+06
4.48000000e+02	4.29657720e+06
4.49000000e+02	4.33110218e+06
4.50000000e+02	4.36565088e+06
4.51000000e+02	4.40021241e+06
4.52000000e+02	4.43477588e+06
4.53000000e+02	4.46933035e+06
4.54000000e+02	4.50386490e+06
4.55000000e+02	4.53836865e+06
4.56000000e+02	4.57283075e+06
4.57000000e+02	4.60724042e+06
4.58000000e+02	4.64158696e+06
4.59000000e+02	4.67585980e+06
4.60000000e+02	4.71004847e+06
4.61000000e+02	4.74414265e+06
4.62000000e+02	4.77813218e+06
4.63000000e+02	4.81200709e+06
4.64000000e+02	4.84575757e+06
4.65000000e+02	4.87937406e+06
4.66000000e+02	4.91284718e+06
4.67000000e+02	4.94616781e+06
4.68000000e+02	4.97932706e+06
4.69000000e+02	5.01231627e+06
4.70000000e+02	5.04512706e+06
4.71000000e+02	5.07775129e+06
4.72000000e+02	5.11018108e+06
4.73000000e+02	5.14240881e+06
4.74000000e+02	5.17442709e+06
4.75000000e+02	5.20622880e+06
4.76000000e+02	5.23780704e+06
4.77000000e+02	5.26915511e+06
4.78000000e+02	5.30026655e+06
4.79000000e+02	5.33113504e+06
4.80000000e+02	5.36175447e+06
4.81000000e+02	5.39211882e+06
4.82000000e+02	5.42222220e+06
4.83000000e+02	5.45205880e+06
4.84000000e+02	5.48162284e+06
4.85000000e+02	5.51090857e+06
4.86000000e+02	5.53991017e+06
4.87000000e+02	5.56862179e+06
4.88000000e+02	5.59703742e+06
4.89000000e+02	5.62515092e+06
4.90000000e+02	5.65295594e+06
4.91000000e+02	5.68044584e+06
4.92000000e+02	5.70761371e+06
4.93000000e+02	5.73445226e+06
4.94000000e+02	5.76095381e+06
4.95000000e+02	5.78711022e+06
4.96000000e+02	5.81291284e+06
4.97000000e+02	5.83835246e+06
4.98000000e+02	5.86341928e+06
4.99000000e+02	5.88810286e+06
5.00000000e+02	5.91239204e+06
5.01000000e+02	5.93627498e+06
5.02000000e+02	5.95973902e+06
5.03000000e+02	5.98277074e+06
5.04000000e+02	6.00535587e+06
5.05000000e+02	6.02747931e+06
5.06000000e+02	6.04912506e+06
5.07000000e+02	6.07027626e+06
5.08000000e+02	6.09091513e+06
5.09000000e+02	6.11102303e+06
5.10000000e+02	6.13058040e+06
5.11000000e+02	6.14956682e+06
5.12000000e+02	6.16796101e+06
5.13000000e+02	6.18574086e+06
5.14000000e+02	6.20288347e+06
5.15000000e+02	6.21936518e+06
5.16000000e+02	6.23516164e+06
5.17000000e+02	6.25024786e+06
5.18000000e+02	6.26459828e+06
5.19000000e+02	6.27818685e+06
5.20000000e+02	6.29098710e+06
5.21000000e+02	6.30297226e+06
5.22000000e+02	6.31411534e+06
5.23000000e+02	6.32438924e+06
5.24000000e+02	6.33376686e+06
5.25000000e+02	6.34222125e+06
5.26000000e+02	6.34972571e+06
5.27000000e+02	6.35625393e+06
5.28000000e+02	6.36178012e+06
5.29000000e+02	6.36627916e+06
5.30000000e+02	6.36972675e+06
5.31000000e+02	6.37209954e+06
5.32000000e+02	6.37337527e+06
5.33000000e+02	6.37353294e+06
5.34000000e+02	6.37255292e+06
5.35000000e+02	6.37041712e+06
5.36000000e+02	6.36710909e+06
5.37000000e+02	6.36261420e+06
5.38000000e+02	6.35691969e+06
5.39000000e+02	6.35001483e+06
5.40000000e+02	6.34189103e+06
5.41000000e+02	6.33254190e+06
5.42000000e+02	6.32196332e+06
5.43000000e+02	6.31015356e+06
5.44000000e+02	6.29711327e+06
5.45000000e+02	6.28284556e+06
5.46000000e+02	6.26735598e+06
5.47000000e+02	6.25065257e+06
5.48000000e+02	6.23274578e+06
5.49000000e+02	6.21364852e+06
5.50000000e+02	6.19337605e+06
5.51000000e+02	6.17194595e+06
5.52000000e+02	6.14937801e+06
5.53000000e+02	6.12569417e+06
5.54000000e+02	6.10091840e+06
5.55000000e+02	6.07507656e+06
5.56000000e+02	6.04819628e+06
5.57000000e+02	6.02030680e+06
5.58000000e+02	5.99143886e+06
5.59000000e+02	5.96162447e+06
5.60000000e+02	5.93089680e+06
5.61000000e+02	5.89928997e+06
5.62000000e+02	5.86683891e+06
5.63000000e+02	5.83357915e+06
5.64000000e+02	5.79954669e+06
5.65000000e+02	5.76477780e+06
5.66000000e+02	5.72930887e+06
5.67000000e+02	5.69317625e+06
5.68000000e+02	5.65641607e+06
5.69000000e+02	5.61906416e+06
5.70000000e+02	5.58115583e+06
5.71000000e+02	5.54272582e+06
5.72000000e+02	5.50380813e+06
5.73000000e+02	5.46443597e+06
5.74000000e+02	5.42464163e+06
5.75000000e+02	5.38445641e+06
5.76000000e+02	5.34391059e+06
5.77000000e+02	5.30303332e+06
5.78000000e+02	5.26185262e+06
5.79000000e+02	5.22039534e+06
5.80000000e+02	5.17868711e+06
5.81000000e+02	5.13675237e+06
5.82000000e+02	5.09461429e+06
5.83000000e+02	5.05229483e+06
5.84000000e+02	5.00981473e+06
5.85000000e+02	4.96719355e+06
5.86000000e+02	4.92444971e+06
5.87000000e+02	4.88160048e+06
5.88000000e+02	4.83866207e+06
5.89000000e+02	4.79564958e+06
5.90000000e+02	4.75257704e+06
5.91000000e+02	4.70945748e+06
5.92000000e+02	4.66630294e+06
5.93000000e+02	4.62312460e+06
5.94000000e+02	4.57993279e+06
5.95000000e+02	4.53673703e+06
5.96000000e+02	4.49354606e+06
5.97000000e+02	4.45036784e+06
5.98000000e+02	4.40720956e+06
5.99000000e+02	4.36407777e+06
6.00000000e+02	4.32097835e+06
6.01000000e+02	4.27791664e+06
6.02000000e+02	4.23489743e+06
6.03000000e+02	4.19192496e+06
6.04000000e+02	4.14900295e+06
6.05000000e+02	4.10613466e+06
6.06000000e+02	4.06332288e+06
6.07000000e+02	4.02056996e+06
6.08000000e+02	3.97787780e+06
6.09000000e+02	3.93524781e+06
6.10000000e+02	3.89268106e+06
6.11000000e+02	3.85017836e+06
6.12000000e+02	3.80774024e+06
6.13000000e+02	3.76536692e+06
6.14000000e+02	3.72305823e+06
6.15000000e+02	3.68081364e+06
6.16000000e+02	3.63863228e+06
6.17000000e+02	3.59651300e+06
6.18000000e+02	3.55445434e+06
6.19000000e+02	3.51245463e+06
6.20000000e+02	3.47051207e+06
6.21000000e+02	3.42862469e+06
6.22000000e+02	3.38679008e+06
6.23000000e+02	3.34500547e+06
6.24000000e+02	3.30326803e+06
6.25000000e+02	3.26157496e+06
6.26000000e+02	3.21992328e+06
6.27000000e+02	3.17830951e+06
6.28000000e+02	3.13672985e+06
6.29000000e+02	3.09518033e+06
6.30000000e+02	3.05365706e+06
6.31000000e+02	3.01215621e+06
6.32000000e+02	2.97067389e+06
6.33000000e+02	2.92920569e+06
6.34000000e+02	2.88774665e+06
6.35000000e+02	2.84629230e+06
6.36000000e+02	2.80483843e+06
6.37000000e+02	2.76338000e+06
6.38000000e+02	2.72191228e+06
6.39000000e+02	2.68043120e+06
6.40000000e+02	2.63893193e+06
6.41000000e+02	2.59740848e+06
6.42000000e+02	2.55585573e+06
6.43000000e+02	2.51426963e+06
6.44000000e+02	2.47264544e+06
6.45000000e+02	2.43097933e+06
6.46000000e+02	2.38926358e+06
6.47000000e+02	2.34749536e+06
6.48000000e+02	2.30567164e+06
6.49000000e+02	2.26378415e+06
6.50000000e+02	2.22183069e+06
6.51000000e+02	2.17980787e+06
6.52000000e+02	2.13770804e+06
6.53000000e+02	2.09552874e+06
6.54000000e+02	2.05327037e+06
6.55000000e+02	2.01091440e+06
6.56000000e+02	1.96848652e+06
6.57000000e+02	1.92593650e+06
6.58000000e+02	1.88332952e+06
6.59000000e+02	1.84059367e+06
6.60000000e+02	1.79776021e+06
6.61000000e+02	1.75484742e+06
6.62000000e+02	1.71174835e+06
6.63000000e+02	1.66866005e+06
6.64000000e+02	1.62532627e+06
6.65000000e+02	1.58201114e+06
6.66000000e+02	1.53844558e+06
6.67000000e+02	1.49488317e+06
6.68000000e+02	1.45111105e+06
6.69000000e+02	1.40728616e+06
6.70000000e+02	1.36332384e+06
6.71000000e+02	1.31922271e+06
6.72000000e+02	1.27506346e+06
6.73000000e+02	1.23069995e+06
6.74000000e+02	1.18632902e+06
6.75000000e+02	1.14171804e+06
6.76000000e+02	1.09712441e+06
6.77000000e+02	1.05231327e+06
6.78000000e+02	1.00744052e+06
6.79000000e+02	9.62498721e+05
6.80000000e+02	9.17373334e+05
6.81000000e+02	8.72170300e+05
6.82000000e+02	8.26924056e+05
6.83000000e+02	7.81535302e+05
6.84000000e+02	7.36042577e+05
6.85000000e+02	6.90515887e+05
6.86000000e+02	6.44849071e+05
6.87000000e+02	5.99154510e+05
6.88000000e+02	5.53345930e+05
6.89000000e+02	5.07482894e+05
6.90000000e+02	4.61568223e+05
6.91000000e+02	4.15578534e+05
6.92000000e+02	3.69538369e+05
6.93000000e+02	3.23455271e+05
6.94000000e+02	2.77328600e+05
6.95000000e+02	2.31163326e+05
6.96000000e+02	1.84970269e+05
6.97000000e+02	1.38841152e+05
6.98000000e+02	9.23420880e+04
6.99000000e+02	4.63390049e+04
7.00000000e+02	0.00000000e+00
