# Profil de ElecX au temps 2.000999999999940e-11 
# simu : /Volumes/MERCURE/JOBS/Zeq2_tanh_50mic_2p1e19_B0_20ps/GNU/ElecX@y-c.set
# col 0 : abscisse (um)
# col 1 : ElecX (V/m)
0.00000000e+00	0.00000000e+00
1.00000000e+00	6.67830683e+03
2.00000000e+00	8.07173373e+03
3.00000000e+00	1.16361332e+04
4.00000000e+00	1.72169002e+04
5.00000000e+00	2.13736859e+04
6.00000000e+00	2.56095809e+04
7.00000000e+00	2.98880637e+04
8.00000000e+00	3.41453012e+04
9.00000000e+00	3.84173591e+04
1.00000000e+01	4.26850607e+04
1.10000000e+01	4.69517548e+04
1.20000000e+01	5.12190487e+04
1.30000000e+01	5.54838170e+04
1.40000000e+01	5.97503561e+04
1.50000000e+01	6.40157184e+04
1.60000000e+01	6.82816263e+04
1.70000000e+01	7.25475023e+04
1.80000000e+01	7.68082265e+04
1.90000000e+01	8.10769498e+04
2.00000000e+01	8.53358577e+04
2.10000000e+01	8.96035235e+04
2.20000000e+01	9.38614077e+04
2.30000000e+01	9.81275536e+04
2.40000000e+01	1.02386834e+05
2.50000000e+01	1.06648108e+05
2.60000000e+01	1.10910652e+05
2.70000000e+01	1.15168160e+05
2.80000000e+01	1.19428110e+05
2.90000000e+01	1.23687960e+05
3.00000000e+01	1.27945511e+05
3.10000000e+01	1.32202119e+05
3.20000000e+01	1.36459377e+05
3.30000000e+01	1.40716598e+05
3.40000000e+01	1.44970011e+05
3.50000000e+01	1.49225011e+05
3.60000000e+01	1.53479068e+05
3.70000000e+01	1.57732843e+05
3.80000000e+01	1.61983225e+05
3.90000000e+01	1.66234928e+05
4.00000000e+01	1.70485482e+05
4.10000000e+01	1.74735641e+05
4.20000000e+01	1.78983464e+05
4.30000000e+01	1.83230576e+05
4.40000000e+01	1.87477736e+05
4.50000000e+01	1.91723359e+05
4.60000000e+01	1.95968716e+05
4.70000000e+01	2.00211536e+05
4.80000000e+01	2.04454056e+05
4.90000000e+01	2.08695850e+05
5.00000000e+01	2.12936406e+05
5.10000000e+01	2.17175995e+05
5.20000000e+01	2.21414810e+05
5.30000000e+01	2.25650811e+05
5.40000000e+01	2.29887423e+05
5.50000000e+01	2.34122291e+05
5.60000000e+01	2.38356234e+05
5.70000000e+01	2.42588622e+05
5.80000000e+01	2.46820066e+05
5.90000000e+01	2.51050646e+05
6.00000000e+01	2.55278606e+05
6.10000000e+01	2.59506806e+05
6.20000000e+01	2.63733074e+05
6.30000000e+01	2.67958201e+05
6.40000000e+01	2.72181969e+05
6.50000000e+01	2.76404595e+05
6.60000000e+01	2.80625602e+05
6.70000000e+01	2.84845091e+05
6.80000000e+01	2.89063761e+05
6.90000000e+01	2.93280676e+05
7.00000000e+01	2.97496187e+05
7.10000000e+01	3.01710683e+05
7.20000000e+01	3.05923449e+05
7.30000000e+01	3.10134884e+05
7.40000000e+01	3.14344830e+05
7.50000000e+01	3.18553224e+05
7.60000000e+01	3.22760316e+05
7.70000000e+01	3.26965876e+05
7.80000000e+01	3.31170039e+05
7.90000000e+01	3.35372609e+05
8.00000000e+01	3.39573582e+05
8.10000000e+01	3.43773223e+05
8.20000000e+01	3.47971252e+05
8.30000000e+01	3.52167702e+05
8.40000000e+01	3.56362664e+05
8.50000000e+01	3.60556078e+05
8.60000000e+01	3.64747969e+05
8.70000000e+01	3.68938183e+05
8.80000000e+01	3.73126988e+05
8.90000000e+01	3.77314115e+05
9.00000000e+01	3.81499653e+05
9.10000000e+01	3.85683687e+05
9.20000000e+01	3.89866071e+05
9.30000000e+01	3.94046747e+05
9.40000000e+01	3.98225904e+05
9.50000000e+01	4.02403474e+05
9.60000000e+01	4.06579321e+05
9.70000000e+01	4.10753578e+05
9.80000000e+01	4.14926237e+05
9.90000000e+01	4.19097129e+05
1.00000000e+02	4.23266501e+05
1.01000000e+02	4.27434144e+05
1.02000000e+02	4.31600133e+05
1.03000000e+02	4.35764497e+05
1.04000000e+02	4.39927131e+05
1.05000000e+02	4.44088196e+05
1.06000000e+02	4.48247470e+05
1.07000000e+02	4.52405170e+05
1.08000000e+02	4.56561166e+05
1.09000000e+02	4.60715384e+05
1.10000000e+02	4.64868085e+05
1.11000000e+02	4.69018984e+05
1.12000000e+02	4.73168635e+05
1.13000000e+02	4.77313068e+05
1.14000000e+02	4.81460862e+05
1.15000000e+02	4.85606054e+05
1.16000000e+02	4.89749031e+05
1.17000000e+02	4.93889256e+05
1.18000000e+02	4.98028888e+05
1.19000000e+02	5.02166288e+05
1.20000000e+02	5.06302134e+05
1.21000000e+02	5.10436438e+05
1.22000000e+02	5.14568830e+05
1.23000000e+02	5.18699767e+05
1.24000000e+02	5.22828848e+05
1.25000000e+02	5.26956403e+05
1.26000000e+02	5.31082488e+05
1.27000000e+02	5.35206379e+05
1.28000000e+02	5.39329335e+05
1.29000000e+02	5.43449925e+05
1.30000000e+02	5.47569360e+05
1.31000000e+02	5.51687352e+05
1.32000000e+02	5.55802882e+05
1.33000000e+02	5.59917606e+05
1.34000000e+02	5.64030650e+05
1.35000000e+02	5.68141474e+05
1.36000000e+02	5.72251302e+05
1.37000000e+02	5.76359396e+05
1.38000000e+02	5.80465996e+05
1.39000000e+02	5.84570669e+05
1.40000000e+02	5.88674139e+05
1.41000000e+02	5.92776023e+05
1.42000000e+02	5.96876412e+05
1.43000000e+02	6.00975006e+05
1.44000000e+02	6.05072347e+05
1.45000000e+02	6.09168120e+05
1.46000000e+02	6.13262421e+05
1.47000000e+02	6.17355322e+05
1.48000000e+02	6.21446638e+05
1.49000000e+02	6.25536489e+05
1.50000000e+02	6.29625097e+05
1.51000000e+02	6.33712224e+05
1.52000000e+02	6.37797999e+05
1.53000000e+02	6.41882405e+05
1.54000000e+02	6.45965445e+05
1.55000000e+02	6.50047211e+05
1.56000000e+02	6.54127546e+05
1.57000000e+02	6.58206716e+05
1.58000000e+02	6.62284627e+05
1.59000000e+02	6.66361278e+05
1.60000000e+02	6.70436747e+05
1.61000000e+02	6.74511055e+05
1.62000000e+02	6.78584123e+05
1.63000000e+02	6.82656120e+05
1.64000000e+02	6.86727049e+05
1.65000000e+02	6.90796899e+05
1.66000000e+02	6.94865739e+05
1.67000000e+02	6.98933587e+05
1.68000000e+02	7.03000507e+05
1.69000000e+02	7.07066429e+05
1.70000000e+02	7.11131536e+05
1.71000000e+02	7.15195815e+05
1.72000000e+02	7.19259268e+05
1.73000000e+02	7.23322000e+05
1.74000000e+02	7.27384020e+05
1.75000000e+02	7.31445353e+05
1.76000000e+02	7.35506133e+05
1.77000000e+02	7.39566337e+05
1.78000000e+02	7.43626039e+05
1.79000000e+02	7.47685341e+05
1.80000000e+02	7.51744199e+05
1.81000000e+02	7.55802764e+05
1.82000000e+02	7.59861131e+05
1.83000000e+02	7.63919227e+05
1.84000000e+02	7.67977274e+05
1.85000000e+02	7.72035196e+05
1.86000000e+02	7.76093254e+05
1.87000000e+02	7.80151369e+05
1.88000000e+02	7.84209628e+05
1.89000000e+02	7.88268283e+05
1.90000000e+02	7.92327138e+05
1.91000000e+02	7.96386606e+05
1.92000000e+02	8.00446581e+05
1.93000000e+02	8.04507115e+05
1.94000000e+02	8.08568525e+05
1.95000000e+02	8.12630751e+05
1.96000000e+02	8.16693894e+05
1.97000000e+02	8.20758183e+05
1.98000000e+02	8.24823657e+05
1.99000000e+02	8.28890499e+05
2.00000000e+02	8.32958703e+05
2.01000000e+02	8.37028520e+05
2.02000000e+02	8.41100055e+05
2.03000000e+02	8.45173596e+05
2.04000000e+02	8.49249158e+05
2.05000000e+02	8.53326709e+05
2.06000000e+02	8.57406667e+05
2.07000000e+02	8.61489104e+05
2.08000000e+02	8.65574214e+05
2.09000000e+02	8.69662153e+05
2.10000000e+02	8.73753129e+05
2.11000000e+02	8.77847233e+05
2.12000000e+02	8.81944770e+05
2.13000000e+02	8.86045919e+05
2.14000000e+02	8.90150877e+05
2.15000000e+02	8.94259843e+05
2.16000000e+02	8.98373045e+05
2.17000000e+02	9.02490695e+05
2.18000000e+02	9.06613044e+05
2.19000000e+02	9.10740371e+05
2.20000000e+02	9.14872835e+05
2.21000000e+02	9.19010792e+05
2.22000000e+02	9.23154434e+05
2.23000000e+02	9.27304054e+05
2.24000000e+02	9.31459956e+05
2.25000000e+02	9.35622424e+05
2.26000000e+02	9.39791726e+05
2.27000000e+02	9.43968208e+05
2.28000000e+02	9.48152146e+05
2.29000000e+02	9.52343859e+05
2.30000000e+02	9.56543763e+05
2.31000000e+02	9.60752126e+05
2.32000000e+02	9.64969326e+05
2.33000000e+02	9.69195720e+05
2.34000000e+02	9.73431639e+05
2.35000000e+02	9.77677586e+05
2.36000000e+02	9.81933827e+05
2.37000000e+02	9.86200823e+05
2.38000000e+02	9.90478967e+05
2.39000000e+02	9.94768704e+05
2.40000000e+02	9.99070457e+05
2.41000000e+02	1.00338468e+06
2.42000000e+02	1.00771181e+06
2.43000000e+02	1.01205235e+06
2.44000000e+02	1.01640675e+06
2.45000000e+02	1.02077546e+06
2.46000000e+02	1.02515911e+06
2.47000000e+02	1.02955807e+06
2.48000000e+02	1.03397294e+06
2.49000000e+02	1.03840426e+06
2.50000000e+02	1.04285252e+06
2.51000000e+02	1.04731842e+06
2.52000000e+02	1.05180237e+06
2.53000000e+02	1.05630504e+06
2.54000000e+02	1.06082704e+06
2.55000000e+02	1.06536896e+06
2.56000000e+02	1.06993144e+06
2.57000000e+02	1.07451513e+06
2.58000000e+02	1.07912059e+06
2.59000000e+02	1.08374857e+06
2.60000000e+02	1.08839974e+06
2.61000000e+02	1.09307479e+06
2.62000000e+02	1.09777441e+06
2.63000000e+02	1.10249938e+06
2.64000000e+02	1.10725024e+06
2.65000000e+02	1.11202794e+06
2.66000000e+02	1.11683316e+06
2.67000000e+02	1.12166668e+06
2.68000000e+02	1.12652927e+06
2.69000000e+02	1.13142175e+06
2.70000000e+02	1.13634484e+06
2.71000000e+02	1.14129950e+06
2.72000000e+02	1.14628649e+06
2.73000000e+02	1.15130670e+06
2.74000000e+02	1.15636081e+06
2.75000000e+02	1.16145010e+06
2.76000000e+02	1.16657508e+06
2.77000000e+02	1.17173677e+06
2.78000000e+02	1.17693611e+06
2.79000000e+02	1.18217402e+06
2.80000000e+02	1.18745144e+06
2.81000000e+02	1.19276934e+06
2.82000000e+02	1.19812866e+06
2.83000000e+02	1.20353039e+06
2.84000000e+02	1.20897552e+06
2.85000000e+02	1.21446504e+06
2.86000000e+02	1.21999999e+06
2.87000000e+02	1.22558137e+06
2.88000000e+02	1.23121023e+06
2.89000000e+02	1.23688762e+06
2.90000000e+02	1.24261460e+06
2.91000000e+02	1.24839223e+06
2.92000000e+02	1.25422159e+06
2.93000000e+02	1.26010378e+06
2.94000000e+02	1.26603989e+06
2.95000000e+02	1.27203103e+06
2.96000000e+02	1.27807832e+06
2.97000000e+02	1.28418289e+06
2.98000000e+02	1.29034588e+06
2.99000000e+02	1.29656841e+06
3.00000000e+02	1.30285166e+06
3.01000000e+02	1.30919676e+06
3.02000000e+02	1.31560490e+06
3.03000000e+02	1.32207724e+06
3.04000000e+02	1.32861495e+06
3.05000000e+02	1.33521923e+06
3.06000000e+02	1.34189126e+06
3.07000000e+02	1.34863222e+06
3.08000000e+02	1.35544333e+06
3.09000000e+02	1.36232579e+06
3.10000000e+02	1.36928079e+06
3.11000000e+02	1.37630954e+06
3.12000000e+02	1.38341327e+06
3.13000000e+02	1.39059317e+06
3.14000000e+02	1.39785047e+06
3.15000000e+02	1.40518639e+06
3.16000000e+02	1.41260213e+06
3.17000000e+02	1.42009892e+06
3.18000000e+02	1.42767798e+06
3.19000000e+02	1.43534052e+06
3.20000000e+02	1.44308776e+06
3.21000000e+02	1.45092091e+06
3.22000000e+02	1.45884120e+06
3.23000000e+02	1.46684983e+06
3.24000000e+02	1.47494801e+06
3.25000000e+02	1.48313695e+06
3.26000000e+02	1.49141785e+06
3.27000000e+02	1.49979192e+06
3.28000000e+02	1.50826035e+06
3.29000000e+02	1.51682433e+06
3.30000000e+02	1.52548506e+06
3.31000000e+02	1.53424371e+06
3.32000000e+02	1.54310147e+06
3.33000000e+02	1.55205951e+06
3.34000000e+02	1.56111899e+06
3.35000000e+02	1.57028108e+06
3.36000000e+02	1.57954694e+06
3.37000000e+02	1.58891771e+06
3.38000000e+02	1.59839454e+06
3.39000000e+02	1.60797856e+06
3.40000000e+02	1.61767090e+06
3.41000000e+02	1.62747268e+06
3.42000000e+02	1.63738501e+06
3.43000000e+02	1.64740901e+06
3.44000000e+02	1.65754577e+06
3.45000000e+02	1.66779638e+06
3.46000000e+02	1.67816191e+06
3.47000000e+02	1.68864344e+06
3.48000000e+02	1.69924203e+06
3.49000000e+02	1.70995873e+06
3.50000000e+02	1.72079459e+06
3.51000000e+02	1.73175063e+06
3.52000000e+02	1.74282787e+06
3.53000000e+02	1.75402733e+06
3.54000000e+02	1.76534999e+06
3.55000000e+02	1.77679685e+06
3.56000000e+02	1.78836888e+06
3.57000000e+02	1.80006703e+06
3.58000000e+02	1.81189224e+06
3.59000000e+02	1.82384545e+06
3.60000000e+02	1.83592758e+06
3.61000000e+02	1.84813950e+06
3.62000000e+02	1.86048212e+06
3.63000000e+02	1.87295628e+06
3.64000000e+02	1.88556284e+06
3.65000000e+02	1.89830261e+06
3.66000000e+02	1.91117640e+06
3.67000000e+02	1.92418500e+06
3.68000000e+02	1.93732914e+06
3.69000000e+02	1.95060958e+06
3.70000000e+02	1.96402702e+06
3.71000000e+02	1.97758214e+06
3.72000000e+02	1.99127560e+06
3.73000000e+02	2.00510801e+06
3.74000000e+02	2.01907997e+06
3.75000000e+02	2.03319205e+06
3.76000000e+02	2.04744476e+06
3.77000000e+02	2.06183860e+06
3.78000000e+02	2.07637403e+06
3.79000000e+02	2.09105145e+06
3.80000000e+02	2.10587125e+06
3.81000000e+02	2.12083375e+06
3.82000000e+02	2.13593924e+06
3.83000000e+02	2.15118796e+06
3.84000000e+02	2.16658011e+06
3.85000000e+02	2.18211582e+06
3.86000000e+02	2.19779519e+06
3.87000000e+02	2.21361824e+06
3.88000000e+02	2.22958498e+06
3.89000000e+02	2.24569530e+06
3.90000000e+02	2.26194907e+06
3.91000000e+02	2.27834609e+06
3.92000000e+02	2.29488610e+06
3.93000000e+02	2.31156875e+06
3.94000000e+02	2.32839365e+06
3.95000000e+02	2.34536031e+06
3.96000000e+02	2.36246819e+06
3.97000000e+02	2.37971666e+06
3.98000000e+02	2.39710502e+06
3.99000000e+02	2.41463249e+06
4.00000000e+02	2.43229820e+06
4.01000000e+02	2.45010119e+06
4.02000000e+02	2.46804044e+06
4.03000000e+02	2.48611482e+06
4.04000000e+02	2.50432311e+06
4.05000000e+02	2.52266400e+06
4.06000000e+02	2.54113609e+06
4.07000000e+02	2.55973788e+06
4.08000000e+02	2.57846778e+06
4.09000000e+02	2.59732408e+06
4.10000000e+02	2.61630498e+06
4.11000000e+02	2.63540860e+06
4.12000000e+02	2.65463292e+06
4.13000000e+02	2.67397583e+06
4.14000000e+02	2.69343512e+06
4.15000000e+02	2.71300847e+06
4.16000000e+02	2.73269343e+06
4.17000000e+02	2.75248748e+06
4.18000000e+02	2.77238797e+06
4.19000000e+02	2.79239213e+06
4.20000000e+02	2.81249710e+06
4.21000000e+02	2.83269989e+06
4.22000000e+02	2.85299743e+06
4.23000000e+02	2.87338650e+06
4.24000000e+02	2.89386382e+06
4.25000000e+02	2.91442596e+06
4.26000000e+02	2.93506941e+06
4.27000000e+02	2.95579055e+06
4.28000000e+02	2.97658563e+06
4.29000000e+02	2.99745085e+06
4.30000000e+02	3.01838226e+06
4.31000000e+02	3.03937585e+06
4.32000000e+02	3.06042750e+06
4.33000000e+02	3.08153299e+06
4.34000000e+02	3.10268802e+06
4.35000000e+02	3.12388822e+06
4.36000000e+02	3.14512912e+06
4.37000000e+02	3.16640618e+06
4.38000000e+02	3.18771479e+06
4.39000000e+02	3.20905026e+06
4.40000000e+02	3.23040786e+06
4.41000000e+02	3.25178279e+06
4.42000000e+02	3.27317019e+06
4.43000000e+02	3.29456516e+06
4.44000000e+02	3.31596277e+06
4.45000000e+02	3.33735804e+06
4.46000000e+02	3.35874596e+06
4.47000000e+02	3.38012151e+06
4.48000000e+02	3.40147965e+06
4.49000000e+02	3.42281533e+06
4.50000000e+02	3.44412350e+06
4.51000000e+02	3.46539911e+06
4.52000000e+02	3.48663713e+06
4.53000000e+02	3.50783254e+06
4.54000000e+02	3.52898035e+06
4.55000000e+02	3.55007561e+06
4.56000000e+02	3.57111339e+06
4.57000000e+02	3.59208883e+06
4.58000000e+02	3.61299711e+06
4.59000000e+02	3.63383347e+06
4.60000000e+02	3.65459322e+06
4.61000000e+02	3.67527174e+06
4.62000000e+02	3.69586448e+06
4.63000000e+02	3.71636698e+06
4.64000000e+02	3.73677488e+06
4.65000000e+02	3.75708388e+06
4.66000000e+02	3.77728981e+06
4.67000000e+02	3.79738858e+06
4.68000000e+02	3.81737620e+06
4.69000000e+02	3.83724880e+06
4.70000000e+02	3.85700261e+06
4.71000000e+02	3.87663396e+06
4.72000000e+02	3.89613929e+06
4.73000000e+02	3.91551516e+06
4.74000000e+02	3.93475823e+06
4.75000000e+02	3.95386526e+06
4.76000000e+02	3.97283313e+06
4.77000000e+02	3.99165879e+06
4.78000000e+02	4.01033932e+06
4.79000000e+02	4.02887186e+06
4.80000000e+02	4.04725366e+06
4.81000000e+02	4.06548204e+06
4.82000000e+02	4.08355438e+06
4.83000000e+02	4.10146815e+06
4.84000000e+02	4.11922085e+06
4.85000000e+02	4.13681005e+06
4.86000000e+02	4.15423333e+06
4.87000000e+02	4.17148832e+06
4.88000000e+02	4.18857264e+06
4.89000000e+02	4.20548395e+06
4.90000000e+02	4.22221985e+06
4.91000000e+02	4.23877797e+06
4.92000000e+02	4.25515586e+06
4.93000000e+02	4.27135105e+06
4.94000000e+02	4.28736099e+06
4.95000000e+02	4.30318307e+06
4.96000000e+02	4.31881457e+06
4.97000000e+02	4.33425268e+06
4.98000000e+02	4.34949446e+06
4.99000000e+02	4.36453684e+06
5.00000000e+02	4.37937661e+06
5.01000000e+02	4.39401038e+06
5.02000000e+02	4.40843460e+06
5.03000000e+02	4.42264554e+06
5.04000000e+02	4.43663926e+06
5.05000000e+02	4.45041159e+06
5.06000000e+02	4.46395817e+06
5.07000000e+02	4.47727438e+06
5.08000000e+02	4.49035538e+06
5.09000000e+02	4.50319605e+06
5.10000000e+02	4.51579101e+06
5.11000000e+02	4.52813465e+06
5.12000000e+02	4.54022105e+06
5.13000000e+02	4.55204401e+06
5.14000000e+02	4.56359707e+06
5.15000000e+02	4.57487345e+06
5.16000000e+02	4.58586613e+06
5.17000000e+02	4.59656775e+06
5.18000000e+02	4.60697070e+06
5.19000000e+02	4.61706708e+06
5.20000000e+02	4.62684870e+06
5.21000000e+02	4.63630709e+06
5.22000000e+02	4.64543353e+06
5.23000000e+02	4.65421903e+06
5.24000000e+02	4.66265434e+06
5.25000000e+02	4.67072999e+06
5.26000000e+02	4.67843626e+06
5.27000000e+02	4.68576324e+06
5.28000000e+02	4.69270079e+06
5.29000000e+02	4.69923862e+06
5.30000000e+02	4.70536626e+06
5.31000000e+02	4.71107309e+06
5.32000000e+02	4.71634837e+06
5.33000000e+02	4.72118127e+06
5.34000000e+02	4.72556086e+06
5.35000000e+02	4.72947617e+06
5.36000000e+02	4.73291618e+06
5.37000000e+02	4.73586988e+06
5.38000000e+02	4.73832627e+06
5.39000000e+02	4.74027441e+06
5.40000000e+02	4.74170344e+06
5.41000000e+02	4.74260260e+06
5.42000000e+02	4.74296127e+06
5.43000000e+02	4.74276899e+06
5.44000000e+02	4.74201551e+06
5.45000000e+02	4.74069081e+06
5.46000000e+02	4.73878512e+06
5.47000000e+02	4.73628899e+06
5.48000000e+02	4.73319325e+06
5.49000000e+02	4.72948914e+06
5.50000000e+02	4.72516823e+06
5.51000000e+02	4.72022255e+06
5.52000000e+02	4.71464456e+06
5.53000000e+02	4.70842718e+06
5.54000000e+02	4.70156385e+06
5.55000000e+02	4.69404853e+06
5.56000000e+02	4.68587574e+06
5.57000000e+02	4.67704058e+06
5.58000000e+02	4.66753873e+06
5.59000000e+02	4.65736651e+06
5.60000000e+02	4.64652087e+06
5.61000000e+02	4.63499943e+06
5.62000000e+02	4.62280046e+06
5.63000000e+02	4.60992294e+06
5.64000000e+02	4.59636654e+06
5.65000000e+02	4.58213164e+06
5.66000000e+02	4.56721931e+06
5.67000000e+02	4.55163139e+06
5.68000000e+02	4.53537038e+06
5.69000000e+02	4.51843954e+06
5.70000000e+02	4.50084284e+06
5.71000000e+02	4.48258494e+06
5.72000000e+02	4.46367122e+06
5.73000000e+02	4.44410775e+06
5.74000000e+02	4.42390129e+06
5.75000000e+02	4.40305923e+06
5.76000000e+02	4.38158964e+06
5.77000000e+02	4.35950120e+06
5.78000000e+02	4.33680321e+06
5.79000000e+02	4.31350553e+06
5.80000000e+02	4.28961857e+06
5.81000000e+02	4.26515330e+06
5.82000000e+02	4.24012114e+06
5.83000000e+02	4.21453401e+06
5.84000000e+02	4.18840425e+06
5.85000000e+02	4.16174462e+06
5.86000000e+02	4.13456821e+06
5.87000000e+02	4.10688847e+06
5.88000000e+02	4.07871916e+06
5.89000000e+02	4.05007426e+06
5.90000000e+02	4.02096800e+06
5.91000000e+02	3.99141479e+06
5.92000000e+02	3.96142919e+06
5.93000000e+02	3.93102587e+06
5.94000000e+02	3.90021959e+06
5.95000000e+02	3.86902513e+06
5.96000000e+02	3.83745731e+06
5.97000000e+02	3.80553091e+06
5.98000000e+02	3.77326065e+06
5.99000000e+02	3.74066116e+06
6.00000000e+02	3.70774695e+06
6.01000000e+02	3.67453239e+06
6.02000000e+02	3.64103165e+06
6.03000000e+02	3.60725871e+06
6.04000000e+02	3.57322729e+06
6.05000000e+02	3.53895087e+06
6.06000000e+02	3.50444265e+06
6.07000000e+02	3.46971552e+06
6.08000000e+02	3.43478205e+06
6.09000000e+02	3.39965449e+06
6.10000000e+02	3.36434474e+06
6.11000000e+02	3.32886434e+06
6.12000000e+02	3.29322443e+06
6.13000000e+02	3.25743581e+06
6.14000000e+02	3.22150886e+06
6.15000000e+02	3.18545356e+06
6.16000000e+02	3.14927948e+06
6.17000000e+02	3.11299577e+06
6.18000000e+02	3.07661116e+06
6.19000000e+02	3.04013393e+06
6.20000000e+02	3.00357195e+06
6.21000000e+02	2.96693264e+06
6.22000000e+02	2.93022298e+06
6.23000000e+02	2.89344956e+06
6.24000000e+02	2.85661859e+06
6.25000000e+02	2.81973593e+06
6.26000000e+02	2.78280709e+06
6.27000000e+02	2.74583715e+06
6.28000000e+02	2.70883076e+06
6.29000000e+02	2.67179211e+06
6.30000000e+02	2.63472501e+06
6.31000000e+02	2.59763294e+06
6.32000000e+02	2.56051914e+06
6.33000000e+02	2.52338653e+06
6.34000000e+02	2.48623779e+06
6.35000000e+02	2.44907522e+06
6.36000000e+02	2.41190077e+06
6.37000000e+02	2.37471598e+06
6.38000000e+02	2.33752210e+06
6.39000000e+02	2.30032017e+06
6.40000000e+02	2.26311107e+06
6.41000000e+02	2.22589554e+06
6.42000000e+02	2.18867415e+06
6.43000000e+02	2.15144722e+06
6.44000000e+02	2.11421483e+06
6.45000000e+02	2.07697683e+06
6.46000000e+02	2.03973287e+06
6.47000000e+02	2.00248245e+06
6.48000000e+02	1.96522510e+06
6.49000000e+02	1.92796027e+06
6.50000000e+02	1.89068727e+06
6.51000000e+02	1.85340511e+06
6.52000000e+02	1.81611264e+06
6.53000000e+02	1.77880881e+06
6.54000000e+02	1.74149276e+06
6.55000000e+02	1.70416358e+06
6.56000000e+02	1.66682004e+06
6.57000000e+02	1.62946062e+06
6.58000000e+02	1.59208394e+06
6.59000000e+02	1.55468909e+06
6.60000000e+02	1.51727524e+06
6.61000000e+02	1.47984135e+06
6.62000000e+02	1.44238600e+06
6.63000000e+02	1.40490788e+06
6.64000000e+02	1.36740603e+06
6.65000000e+02	1.32987978e+06
6.66000000e+02	1.29232842e+06
6.67000000e+02	1.25475106e+06
6.68000000e+02	1.21714666e+06
6.69000000e+02	1.17951456e+06
6.70000000e+02	1.14185428e+06
6.71000000e+02	1.10416530e+06
6.72000000e+02	1.06644698e+06
6.73000000e+02	1.02869893e+06
6.74000000e+02	9.90921002e+05
6.75000000e+02	9.53113240e+05
6.76000000e+02	9.15275600e+05
6.77000000e+02	8.77408234e+05
6.78000000e+02	8.39511447e+05
6.79000000e+02	8.01585404e+05
6.80000000e+02	7.63630623e+05
6.81000000e+02	7.25647564e+05
6.82000000e+02	6.87637030e+05
6.83000000e+02	6.49599676e+05
6.84000000e+02	6.11536083e+05
6.85000000e+02	5.73447148e+05
6.86000000e+02	5.35333885e+05
6.87000000e+02	4.97197642e+05
6.88000000e+02	4.59039609e+05
6.89000000e+02	4.20861432e+05
6.90000000e+02	3.82665043e+05
6.91000000e+02	3.44452206e+05
6.92000000e+02	3.06223619e+05
6.93000000e+02	2.67979513e+05
6.94000000e+02	2.29720957e+05
6.95000000e+02	1.91450003e+05
6.96000000e+02	1.53168257e+05
6.97000000e+02	1.15030462e+05
6.98000000e+02	7.63366420e+04
6.99000000e+02	3.84267601e+04
7.00000000e+02	0.00000000e+00
