# Profil de ElecX au temps 8.000000000000092e-12 
# simu : /Volumes/MERCURE/JOBS/Zeq2_tanh_50mic_2p1e19_B0_20ps/GNU/ElecX@y-c.set
# col 0 : abscisse (um)
# col 1 : ElecX (V/m)
0.00000000e+00	0.00000000e+00
1.00000000e+00	1.02404311e+03
2.00000000e+00	-8.81126095e+01
3.00000000e+00	-2.76073809e+02
4.00000000e+00	2.77006655e+02
5.00000000e+00	2.91604222e+02
6.00000000e+00	3.40525768e+02
7.00000000e+00	3.97353661e+02
8.00000000e+00	4.55623484e+02
9.00000000e+00	5.14641965e+02
1.00000000e+01	5.74382989e+02
1.10000000e+01	6.34912787e+02
1.20000000e+01	6.96313132e+02
1.30000000e+01	7.58668919e+02
1.40000000e+01	8.22065869e+02
1.50000000e+01	8.86590439e+02
1.60000000e+01	9.52330213e+02
1.70000000e+01	1.01937376e+03
1.80000000e+01	1.08781094e+03
1.90000000e+01	1.15773299e+03
2.00000000e+01	1.22923254e+03
2.10000000e+01	1.30240378e+03
2.20000000e+01	1.37734279e+03
2.30000000e+01	1.45414718e+03
2.40000000e+01	1.53291657e+03
2.50000000e+01	1.61375252e+03
2.60000000e+01	1.69675863e+03
2.70000000e+01	1.78204080e+03
2.80000000e+01	1.86970698e+03
2.90000000e+01	1.95986767e+03
3.00000000e+01	2.05263582e+03
3.10000000e+01	2.14812687e+03
3.20000000e+01	2.24645899e+03
3.30000000e+01	2.34775317e+03
3.40000000e+01	2.45213302e+03
3.50000000e+01	2.55972555e+03
3.60000000e+01	2.67066051e+03
3.70000000e+01	2.78507095e+03
3.80000000e+01	2.90309312e+03
3.90000000e+01	3.02486688e+03
4.00000000e+01	3.15053535e+03
4.10000000e+01	3.28024542e+03
4.20000000e+01	3.41414753e+03
4.30000000e+01	3.55239615e+03
4.40000000e+01	3.69514949e+03
4.50000000e+01	3.84257008e+03
4.60000000e+01	3.99482418e+03
4.70000000e+01	4.15208278e+03
4.80000000e+01	4.31452090e+03
4.90000000e+01	4.48231828e+03
5.00000000e+01	4.65565921e+03
5.10000000e+01	4.83473256e+03
5.20000000e+01	5.01973200e+03
5.30000000e+01	5.21085635e+03
5.40000000e+01	5.40830892e+03
5.50000000e+01	5.61229844e+03
5.60000000e+01	5.82303863e+03
5.70000000e+01	6.04074850e+03
5.80000000e+01	6.26565248e+03
5.90000000e+01	6.49798029e+03
6.00000000e+01	6.73796757e+03
6.10000000e+01	6.98585528e+03
6.20000000e+01	7.24189075e+03
6.30000000e+01	7.50632676e+03
6.40000000e+01	7.77942270e+03
6.50000000e+01	8.06144380e+03
6.60000000e+01	8.35266188e+03
6.70000000e+01	8.65335503e+03
6.80000000e+01	8.96380782e+03
6.90000000e+01	9.28431156e+03
7.00000000e+01	9.61516401e+03
7.10000000e+01	9.95666966e+03
7.20000000e+01	1.03091401e+04
7.30000000e+01	1.06728932e+04
7.40000000e+01	1.10482543e+04
7.50000000e+01	1.14355557e+04
7.60000000e+01	1.18351364e+04
7.70000000e+01	1.22473430e+04
7.80000000e+01	1.26725293e+04
7.90000000e+01	1.31110563e+04
8.00000000e+01	1.35632926e+04
8.10000000e+01	1.40296144e+04
8.20000000e+01	1.45104052e+04
8.30000000e+01	1.50060562e+04
8.40000000e+01	1.55169667e+04
8.50000000e+01	1.60435430e+04
8.60000000e+01	1.65862000e+04
8.70000000e+01	1.71453601e+04
8.80000000e+01	1.77214534e+04
8.90000000e+01	1.83149182e+04
9.00000000e+01	1.89262007e+04
9.10000000e+01	1.95557548e+04
9.20000000e+01	2.02040426e+04
9.30000000e+01	2.08715343e+04
9.40000000e+01	2.15587079e+04
9.50000000e+01	2.22660493e+04
9.60000000e+01	2.29940526e+04
9.70000000e+01	2.37432197e+04
9.80000000e+01	2.45140606e+04
9.90000000e+01	2.53070929e+04
1.00000000e+02	2.61228426e+04
1.01000000e+02	2.69618432e+04
1.02000000e+02	2.78246361e+04
1.03000000e+02	2.87117704e+04
1.04000000e+02	2.96238031e+04
1.05000000e+02	3.05612988e+04
1.06000000e+02	3.15248295e+04
1.07000000e+02	3.25149751e+04
1.08000000e+02	3.35323223e+04
1.09000000e+02	3.45774656e+04
1.10000000e+02	3.56510069e+04
1.11000000e+02	3.67535547e+04
1.12000000e+02	3.78857249e+04
1.13000000e+02	3.90481401e+04
1.14000000e+02	4.02414297e+04
1.15000000e+02	4.14662299e+04
1.16000000e+02	4.27231830e+04
1.17000000e+02	4.40129380e+04
1.18000000e+02	4.53361498e+04
1.19000000e+02	4.66934795e+04
1.20000000e+02	4.80855939e+04
1.21000000e+02	4.95131654e+04
1.22000000e+02	5.09768717e+04
1.23000000e+02	5.24773962e+04
1.24000000e+02	5.40154269e+04
1.25000000e+02	5.55916567e+04
1.26000000e+02	5.72067832e+04
1.27000000e+02	5.88615082e+04
1.28000000e+02	6.05565379e+04
1.29000000e+02	6.22925820e+04
1.30000000e+02	6.40703541e+04
1.31000000e+02	6.58905709e+04
1.32000000e+02	6.77539525e+04
1.33000000e+02	6.96612218e+04
1.34000000e+02	7.16131040e+04
1.35000000e+02	7.36103267e+04
1.36000000e+02	7.56536196e+04
1.37000000e+02	7.77437140e+04
1.38000000e+02	7.98813423e+04
1.39000000e+02	8.20672383e+04
1.40000000e+02	8.43021366e+04
1.41000000e+02	8.65867721e+04
1.42000000e+02	8.89218798e+04
1.43000000e+02	9.13081943e+04
1.44000000e+02	9.37464503e+04
1.45000000e+02	9.62373808e+04
1.46000000e+02	9.87817184e+04
1.47000000e+02	1.01380193e+05
1.48000000e+02	1.04033535e+05
1.49000000e+02	1.06742469e+05
1.50000000e+02	1.09507721e+05
1.51000000e+02	1.12330010e+05
1.52000000e+02	1.15210055e+05
1.53000000e+02	1.18148569e+05
1.54000000e+02	1.21146264e+05
1.55000000e+02	1.24203845e+05
1.56000000e+02	1.27322012e+05
1.57000000e+02	1.30501463e+05
1.58000000e+02	1.33742889e+05
1.59000000e+02	1.37046973e+05
1.60000000e+02	1.40414395e+05
1.61000000e+02	1.43845829e+05
1.62000000e+02	1.47341939e+05
1.63000000e+02	1.50903384e+05
1.64000000e+02	1.54530816e+05
1.65000000e+02	1.58224878e+05
1.66000000e+02	1.61986206e+05
1.67000000e+02	1.65815427e+05
1.68000000e+02	1.69713159e+05
1.69000000e+02	1.73680011e+05
1.70000000e+02	1.77716583e+05
1.71000000e+02	1.81823466e+05
1.72000000e+02	1.86001238e+05
1.73000000e+02	1.90250471e+05
1.74000000e+02	1.94571723e+05
1.75000000e+02	1.98965542e+05
1.76000000e+02	2.03432467e+05
1.77000000e+02	2.07973023e+05
1.78000000e+02	2.12587724e+05
1.79000000e+02	2.17277074e+05
1.80000000e+02	2.22041561e+05
1.81000000e+02	2.26881665e+05
1.82000000e+02	2.31797851e+05
1.83000000e+02	2.36790572e+05
1.84000000e+02	2.41860268e+05
1.85000000e+02	2.47007365e+05
1.86000000e+02	2.52232277e+05
1.87000000e+02	2.57535404e+05
1.88000000e+02	2.62917132e+05
1.89000000e+02	2.68377834e+05
1.90000000e+02	2.73917869e+05
1.91000000e+02	2.79537581e+05
1.92000000e+02	2.85237301e+05
1.93000000e+02	2.91017346e+05
1.94000000e+02	2.96878017e+05
1.95000000e+02	3.02819602e+05
1.96000000e+02	3.08842375e+05
1.97000000e+02	3.14946594e+05
1.98000000e+02	3.21132504e+05
1.99000000e+02	3.27400334e+05
2.00000000e+02	3.33750300e+05
2.01000000e+02	3.40182603e+05
2.02000000e+02	3.46697428e+05
2.03000000e+02	3.53294947e+05
2.04000000e+02	3.59975318e+05
2.05000000e+02	3.66738684e+05
2.06000000e+02	3.73585173e+05
2.07000000e+02	3.80514899e+05
2.08000000e+02	3.87527963e+05
2.09000000e+02	3.94624452e+05
2.10000000e+02	4.01804437e+05
2.11000000e+02	4.09067977e+05
2.12000000e+02	4.16415118e+05
2.13000000e+02	4.23845890e+05
2.14000000e+02	4.31360311e+05
2.15000000e+02	4.38958388e+05
2.16000000e+02	4.46640112e+05
2.17000000e+02	4.54405463e+05
2.18000000e+02	4.62254408e+05
2.19000000e+02	4.70186901e+05
2.20000000e+02	4.78202886e+05
2.21000000e+02	4.86302293e+05
2.22000000e+02	4.94485042e+05
2.23000000e+02	5.02751042e+05
2.24000000e+02	5.11100190e+05
2.25000000e+02	5.19532372e+05
2.26000000e+02	5.28047466e+05
2.27000000e+02	5.36645338e+05
2.28000000e+02	5.45325843e+05
2.29000000e+02	5.54088831e+05
2.30000000e+02	5.62934139e+05
2.31000000e+02	5.71861597e+05
2.32000000e+02	5.80871027e+05
2.33000000e+02	5.89962242e+05
2.34000000e+02	5.99135048e+05
2.35000000e+02	6.08389243e+05
2.36000000e+02	6.17724620e+05
2.37000000e+02	6.27140965e+05
2.38000000e+02	6.36638056e+05
2.39000000e+02	6.46215668e+05
2.40000000e+02	6.55873570e+05
2.41000000e+02	6.65611526e+05
2.42000000e+02	6.75429295e+05
2.43000000e+02	6.85326633e+05
2.44000000e+02	6.95303292e+05
2.45000000e+02	7.05359023e+05
2.46000000e+02	7.15493570e+05
2.47000000e+02	7.25706680e+05
2.48000000e+02	7.35998094e+05
2.49000000e+02	7.46367554e+05
2.50000000e+02	7.56814802e+05
2.51000000e+02	7.67339576e+05
2.52000000e+02	7.77941618e+05
2.53000000e+02	7.88620669e+05
2.54000000e+02	7.99376470e+05
2.55000000e+02	8.10208766e+05
2.56000000e+02	8.21117301e+05
2.57000000e+02	8.32101823e+05
2.58000000e+02	8.43162084e+05
2.59000000e+02	8.54297836e+05
2.60000000e+02	8.65508839e+05
2.61000000e+02	8.76794853e+05
2.62000000e+02	8.88155647e+05
2.63000000e+02	8.99590990e+05
2.64000000e+02	9.11100663e+05
2.65000000e+02	9.22684447e+05
2.66000000e+02	9.34342134e+05
2.67000000e+02	9.46073520e+05
2.68000000e+02	9.57878410e+05
2.69000000e+02	9.69756618e+05
2.70000000e+02	9.81707965e+05
2.71000000e+02	9.93732280e+05
2.72000000e+02	1.00582940e+06
2.73000000e+02	1.01799918e+06
2.74000000e+02	1.03024148e+06
2.75000000e+02	1.04255616e+06
2.76000000e+02	1.05494311e+06
2.77000000e+02	1.06740222e+06
2.78000000e+02	1.07993339e+06
2.79000000e+02	1.09253655e+06
2.80000000e+02	1.10521162e+06
2.81000000e+02	1.11795855e+06
2.82000000e+02	1.13077729e+06
2.83000000e+02	1.14366781e+06
2.84000000e+02	1.15663011e+06
2.85000000e+02	1.16966418e+06
2.86000000e+02	1.18277004e+06
2.87000000e+02	1.19594772e+06
2.88000000e+02	1.20919728e+06
2.89000000e+02	1.22251877e+06
2.90000000e+02	1.23591229e+06
2.91000000e+02	1.24937793e+06
2.92000000e+02	1.26291582e+06
2.93000000e+02	1.27652609e+06
2.94000000e+02	1.29020890e+06
2.95000000e+02	1.30396443e+06
2.96000000e+02	1.31779288e+06
2.97000000e+02	1.33169446e+06
2.98000000e+02	1.34566941e+06
2.99000000e+02	1.35971799e+06
3.00000000e+02	1.37384049e+06
3.01000000e+02	1.38803721e+06
3.02000000e+02	1.40230848e+06
3.03000000e+02	1.41665464e+06
3.04000000e+02	1.43107608e+06
3.05000000e+02	1.44557318e+06
3.06000000e+02	1.46014639e+06
3.07000000e+02	1.47479613e+06
3.08000000e+02	1.48952289e+06
3.09000000e+02	1.50432717e+06
3.10000000e+02	1.51920950e+06
3.11000000e+02	1.53417043e+06
3.12000000e+02	1.54921055e+06
3.13000000e+02	1.56433046e+06
3.14000000e+02	1.57953081e+06
3.15000000e+02	1.59481226e+06
3.16000000e+02	1.61017553e+06
3.17000000e+02	1.62562133e+06
3.18000000e+02	1.64115044e+06
3.19000000e+02	1.65676364e+06
3.20000000e+02	1.67246177e+06
3.21000000e+02	1.68824569e+06
3.22000000e+02	1.70411629e+06
3.23000000e+02	1.72007450e+06
3.24000000e+02	1.73612130e+06
3.25000000e+02	1.75225767e+06
3.26000000e+02	1.76848467e+06
3.27000000e+02	1.78480336e+06
3.28000000e+02	1.80121488e+06
3.29000000e+02	1.81772036e+06
3.30000000e+02	1.83432101e+06
3.31000000e+02	1.85101808e+06
3.32000000e+02	1.86781283e+06
3.33000000e+02	1.88470659e+06
3.34000000e+02	1.90170074e+06
3.35000000e+02	1.91879668e+06
3.36000000e+02	1.93599589e+06
3.37000000e+02	1.95329986e+06
3.38000000e+02	1.97071016e+06
3.39000000e+02	1.98822839e+06
3.40000000e+02	2.00585621e+06
3.41000000e+02	2.02359535e+06
3.42000000e+02	2.04144756e+06
3.43000000e+02	2.05941466e+06
3.44000000e+02	2.07749854e+06
3.45000000e+02	2.09570113e+06
3.46000000e+02	2.11402443e+06
3.47000000e+02	2.13247051e+06
3.48000000e+02	2.15104147e+06
3.49000000e+02	2.16973952e+06
3.50000000e+02	2.18856690e+06
3.51000000e+02	2.20752593e+06
3.52000000e+02	2.22661901e+06
3.53000000e+02	2.24584861e+06
3.54000000e+02	2.26521726e+06
3.55000000e+02	2.28472756e+06
3.56000000e+02	2.30438223e+06
3.57000000e+02	2.32418402e+06
3.58000000e+02	2.34413579e+06
3.59000000e+02	2.36424048e+06
3.60000000e+02	2.38450111e+06
3.61000000e+02	2.40492079e+06
3.62000000e+02	2.42550272e+06
3.63000000e+02	2.44625019e+06
3.64000000e+02	2.46716659e+06
3.65000000e+02	2.48825541e+06
3.66000000e+02	2.50952021e+06
3.67000000e+02	2.53096469e+06
3.68000000e+02	2.55259262e+06
3.69000000e+02	2.57440790e+06
3.70000000e+02	2.59641451e+06
3.71000000e+02	2.61861655e+06
3.72000000e+02	2.64101823e+06
3.73000000e+02	2.66362386e+06
3.74000000e+02	2.68643787e+06
3.75000000e+02	2.70946480e+06
3.76000000e+02	2.73270931e+06
3.77000000e+02	2.75617615e+06
3.78000000e+02	2.77987020e+06
3.79000000e+02	2.80379645e+06
3.80000000e+02	2.82796000e+06
3.81000000e+02	2.85236608e+06
3.82000000e+02	2.87702000e+06
3.83000000e+02	2.90192719e+06
3.84000000e+02	2.92709320e+06
3.85000000e+02	2.95252367e+06
3.86000000e+02	2.97822435e+06
3.87000000e+02	3.00420107e+06
3.88000000e+02	3.03045976e+06
3.89000000e+02	3.05700646e+06
3.90000000e+02	3.08384725e+06
3.91000000e+02	3.11098833e+06
3.92000000e+02	3.13843592e+06
3.93000000e+02	3.16619633e+06
3.94000000e+02	3.19427592e+06
3.95000000e+02	3.22268107e+06
3.96000000e+02	3.25141821e+06
3.97000000e+02	3.28049377e+06
3.98000000e+02	3.30991420e+06
3.99000000e+02	3.33968592e+06
4.00000000e+02	3.36981534e+06
4.01000000e+02	3.40030882e+06
4.02000000e+02	3.43117266e+06
4.03000000e+02	3.46241309e+06
4.04000000e+02	3.49403624e+06
4.05000000e+02	3.52604812e+06
4.06000000e+02	3.55845460e+06
4.07000000e+02	3.59126138e+06
4.08000000e+02	3.62447400e+06
4.09000000e+02	3.65809777e+06
4.10000000e+02	3.69213776e+06
4.11000000e+02	3.72659880e+06
4.12000000e+02	3.76148542e+06
4.13000000e+02	3.79680182e+06
4.14000000e+02	3.83255187e+06
4.15000000e+02	3.86873908e+06
4.16000000e+02	3.90536654e+06
4.17000000e+02	3.94243691e+06
4.18000000e+02	3.97995239e+06
4.19000000e+02	4.01791471e+06
4.20000000e+02	4.05632506e+06
4.21000000e+02	4.09518410e+06
4.22000000e+02	4.13449192e+06
4.23000000e+02	4.17424799e+06
4.24000000e+02	4.21445118e+06
4.25000000e+02	4.25509970e+06
4.26000000e+02	4.29619110e+06
4.27000000e+02	4.33772221e+06
4.28000000e+02	4.37968918e+06
4.29000000e+02	4.42208740e+06
4.30000000e+02	4.46491155e+06
4.31000000e+02	4.50815551e+06
4.32000000e+02	4.55181242e+06
4.33000000e+02	4.59587464e+06
4.34000000e+02	4.64033372e+06
4.35000000e+02	4.68518045e+06
4.36000000e+02	4.73040483e+06
4.37000000e+02	4.77599606e+06
4.38000000e+02	4.82194258e+06
4.39000000e+02	4.86823205e+06
4.40000000e+02	4.91485137e+06
4.41000000e+02	4.96178671e+06
4.42000000e+02	5.00902351e+06
4.43000000e+02	5.05654651e+06
4.44000000e+02	5.10433976e+06
4.45000000e+02	5.15238668e+06
4.46000000e+02	5.20067006e+06
4.47000000e+02	5.24917208e+06
4.48000000e+02	5.29787440e+06
4.49000000e+02	5.34675813e+06
4.50000000e+02	5.39580392e+06
4.51000000e+02	5.44499197e+06
4.52000000e+02	5.49430208e+06
4.53000000e+02	5.54371371e+06
4.54000000e+02	5.59320598e+06
4.55000000e+02	5.64275776e+06
4.56000000e+02	5.69234770e+06
4.57000000e+02	5.74195426e+06
4.58000000e+02	5.79155575e+06
4.59000000e+02	5.84113039e+06
4.60000000e+02	5.89065636e+06
4.61000000e+02	5.94011179e+06
4.62000000e+02	5.98947484e+06
4.63000000e+02	6.03872369e+06
4.64000000e+02	6.08783663e+06
4.65000000e+02	6.13679200e+06
4.66000000e+02	6.18556827e+06
4.67000000e+02	6.23414404e+06
4.68000000e+02	6.28249803e+06
4.69000000e+02	6.33060907e+06
4.70000000e+02	6.37845613e+06
4.71000000e+02	6.42601829e+06
4.72000000e+02	6.47327467e+06
4.73000000e+02	6.52020448e+06
4.74000000e+02	6.56678691e+06
4.75000000e+02	6.61300112e+06
4.76000000e+02	6.65882616e+06
4.77000000e+02	6.70424090e+06
4.78000000e+02	6.74922397e+06
4.79000000e+02	6.79375365e+06
4.80000000e+02	6.83780779e+06
4.81000000e+02	6.88136369e+06
4.82000000e+02	6.92439802e+06
4.83000000e+02	6.96688663e+06
4.84000000e+02	7.00880448e+06
4.85000000e+02	7.05012549e+06
4.86000000e+02	7.09082240e+06
4.87000000e+02	7.13086660e+06
4.88000000e+02	7.17022803e+06
4.89000000e+02	7.20887500e+06
4.90000000e+02	7.24677406e+06
4.91000000e+02	7.28388984e+06
4.92000000e+02	7.32018494e+06
4.93000000e+02	7.35561981e+06
4.94000000e+02	7.39015261e+06
4.95000000e+02	7.42373910e+06
4.96000000e+02	7.45633261e+06
4.97000000e+02	7.48788393e+06
4.98000000e+02	7.51834128e+06
4.99000000e+02	7.54765033e+06
5.00000000e+02	7.57575417e+06
5.01000000e+02	7.60259340e+06
5.02000000e+02	7.62810622e+06
5.03000000e+02	7.65222852e+06
5.04000000e+02	7.67489411e+06
5.05000000e+02	7.69603487e+06
5.06000000e+02	7.71558108e+06
5.07000000e+02	7.73346165e+06
5.08000000e+02	7.74960455e+06
5.09000000e+02	7.76393715e+06
5.10000000e+02	7.77638670e+06
5.11000000e+02	7.78688078e+06
5.12000000e+02	7.79534786e+06
5.13000000e+02	7.80171781e+06
5.14000000e+02	7.80592252e+06
5.15000000e+02	7.80789646e+06
5.16000000e+02	7.80757731e+06
5.17000000e+02	7.80490654e+06
5.18000000e+02	7.79983004e+06
5.19000000e+02	7.79229866e+06
5.20000000e+02	7.78226880e+06
5.21000000e+02	7.76970288e+06
5.22000000e+02	7.75456978e+06
5.23000000e+02	7.73684530e+06
5.24000000e+02	7.71651242e+06
5.25000000e+02	7.69356160e+06
5.26000000e+02	7.66799090e+06
5.27000000e+02	7.63980613e+06
5.28000000e+02	7.60902083e+06
5.29000000e+02	7.57565617e+06
5.30000000e+02	7.53974082e+06
5.31000000e+02	7.50131070e+06
5.32000000e+02	7.46040870e+06
5.33000000e+02	7.41708425e+06
5.34000000e+02	7.37139294e+06
5.35000000e+02	7.32339603e+06
5.36000000e+02	7.27315994e+06
5.37000000e+02	7.22075569e+06
5.38000000e+02	7.16625836e+06
5.39000000e+02	7.10974649e+06
5.40000000e+02	7.05130154e+06
5.41000000e+02	6.99100730e+06
5.42000000e+02	6.92894933e+06
5.43000000e+02	6.86521445e+06
5.44000000e+02	6.79989020e+06
5.45000000e+02	6.73306437e+06
5.46000000e+02	6.66482456e+06
5.47000000e+02	6.59525773e+06
5.48000000e+02	6.52444984e+06
5.49000000e+02	6.45248551e+06
5.50000000e+02	6.37944767e+06
5.51000000e+02	6.30541734e+06
5.52000000e+02	6.23047334e+06
5.53000000e+02	6.15469213e+06
5.54000000e+02	6.07814760e+06
5.55000000e+02	6.00091094e+06
5.56000000e+02	5.92305055e+06
5.57000000e+02	5.84463194e+06
5.58000000e+02	5.76571765e+06
5.59000000e+02	5.68636727e+06
5.60000000e+02	5.60663740e+06
5.61000000e+02	5.52658166e+06
5.62000000e+02	5.44625073e+06
5.63000000e+02	5.36569240e+06
5.64000000e+02	5.28495163e+06
5.65000000e+02	5.20407064e+06
5.66000000e+02	5.12308900e+06
5.67000000e+02	5.04204375e+06
5.68000000e+02	4.96096946e+06
5.69000000e+02	4.87989846e+06
5.70000000e+02	4.79886087e+06
5.71000000e+02	4.71788481e+06
5.72000000e+02	4.63699653e+06
5.73000000e+02	4.55622054e+06
5.74000000e+02	4.47557982e+06
5.75000000e+02	4.39509591e+06
5.76000000e+02	4.31478916e+06
5.77000000e+02	4.23467881e+06
5.78000000e+02	4.15478320e+06
5.79000000e+02	4.07511993e+06
5.80000000e+02	3.99570601e+06
5.81000000e+02	3.91655802e+06
5.82000000e+02	3.83769226e+06
5.83000000e+02	3.75912492e+06
5.84000000e+02	3.68087221e+06
5.85000000e+02	3.60295051e+06
5.86000000e+02	3.52537645e+06
5.87000000e+02	3.44816713e+06
5.88000000e+02	3.37134015e+06
5.89000000e+02	3.29491373e+06
5.90000000e+02	3.21890685e+06
5.91000000e+02	3.14333928e+06
5.92000000e+02	3.06823166e+06
5.93000000e+02	2.99360557e+06
5.94000000e+02	2.91948359e+06
5.95000000e+02	2.84588929e+06
5.96000000e+02	2.77284724e+06
5.97000000e+02	2.70038307e+06
5.98000000e+02	2.62852338e+06
5.99000000e+02	2.55729578e+06
6.00000000e+02	2.48672875e+06
6.01000000e+02	2.41685163e+06
6.02000000e+02	2.34769458e+06
6.03000000e+02	2.27928846e+06
6.04000000e+02	2.21166461e+06
6.05000000e+02	2.14485482e+06
6.06000000e+02	2.07889127e+06
6.07000000e+02	2.01380636e+06
6.08000000e+02	1.94963228e+06
6.09000000e+02	1.88640100e+06
6.10000000e+02	1.82414447e+06
6.11000000e+02	1.76289419e+06
6.12000000e+02	1.70268028e+06
6.13000000e+02	1.64353204e+06
6.14000000e+02	1.58547881e+06
6.15000000e+02	1.52854813e+06
6.16000000e+02	1.47276420e+06
6.17000000e+02	1.41815126e+06
6.18000000e+02	1.36473487e+06
6.19000000e+02	1.31253364e+06
6.20000000e+02	1.26156209e+06
6.21000000e+02	1.21184188e+06
6.22000000e+02	1.16338392e+06
6.23000000e+02	1.11620002e+06
6.24000000e+02	1.07029958e+06
6.25000000e+02	1.02568968e+06
6.26000000e+02	9.82374116e+05
6.27000000e+02	9.40354392e+05
6.28000000e+02	8.99628771e+05
6.29000000e+02	8.60193505e+05
6.30000000e+02	8.22039257e+05
6.31000000e+02	7.85162474e+05
6.32000000e+02	7.49552153e+05
6.33000000e+02	7.15192694e+05
6.34000000e+02	6.82066513e+05
6.35000000e+02	6.50161649e+05
6.36000000e+02	6.19456899e+05
6.37000000e+02	5.89928365e+05
6.38000000e+02	5.61556982e+05
6.39000000e+02	5.34318824e+05
6.40000000e+02	5.08185192e+05
6.41000000e+02	4.83133046e+05
6.42000000e+02	4.59134219e+05
6.43000000e+02	4.36158103e+05
6.44000000e+02	4.14178871e+05
6.45000000e+02	3.93165206e+05
6.46000000e+02	3.73086841e+05
6.47000000e+02	3.53915459e+05
6.48000000e+02	3.35618300e+05
6.49000000e+02	3.18166524e+05
6.50000000e+02	3.01529598e+05
6.51000000e+02	2.85676201e+05
6.52000000e+02	2.70578223e+05
6.53000000e+02	2.56204429e+05
6.54000000e+02	2.42526765e+05
6.55000000e+02	2.29516193e+05
6.56000000e+02	2.17144386e+05
6.57000000e+02	2.05384540e+05
6.58000000e+02	1.94208905e+05
6.59000000e+02	1.83592126e+05
6.60000000e+02	1.73508150e+05
6.61000000e+02	1.63932609e+05
6.62000000e+02	1.54841363e+05
6.63000000e+02	1.46211151e+05
6.64000000e+02	1.38019736e+05
6.65000000e+02	1.30245040e+05
6.66000000e+02	1.22866529e+05
6.67000000e+02	1.15863686e+05
6.68000000e+02	1.09217343e+05
6.69000000e+02	1.02908593e+05
6.70000000e+02	9.69196034e+04
6.71000000e+02	9.12329902e+04
6.72000000e+02	8.58322094e+04
6.73000000e+02	8.07012989e+04
6.74000000e+02	7.58249439e+04
6.75000000e+02	7.11885022e+04
6.76000000e+02	6.67777990e+04
6.77000000e+02	6.25793988e+04
6.78000000e+02	5.85802211e+04
6.79000000e+02	5.47678758e+04
6.80000000e+02	5.11303144e+04
6.81000000e+02	4.76560735e+04
6.82000000e+02	4.43340422e+04
6.83000000e+02	4.11535858e+04
6.84000000e+02	3.81044309e+04
6.85000000e+02	3.51766638e+04
6.86000000e+02	3.23607558e+04
6.87000000e+02	2.96474556e+04
6.88000000e+02	2.70278391e+04
6.89000000e+02	2.44932718e+04
6.90000000e+02	2.20353669e+04
6.91000000e+02	1.96460006e+04
6.92000000e+02	1.73173017e+04
6.93000000e+02	1.50416196e+04
6.94000000e+02	1.28115564e+04
6.95000000e+02	1.06199738e+04
6.96000000e+02	8.46110377e+03
6.97000000e+02	6.38128670e+03
6.98000000e+02	4.10401533e+03
6.99000000e+02	2.14870624e+03
7.00000000e+02	0.00000000e+00
