# Profil de ElecX au temps 3.000000000000013e-12 
# simu : /Volumes/MERCURE/JOBS/Zeq2_tanh_50mic_2p1e19_B0_20ps/GNU/ElecX@y-c.set
# col 0 : abscisse (um)
# col 1 : ElecX (V/m)
0.00000000e+00	0.00000000e+00
1.00000000e+00	3.52275069e+02
2.00000000e+00	-9.33251009e+01
3.00000000e+00	-1.41307184e+02
4.00000000e+00	2.13368142e+01
5.00000000e+00	4.60846763e+00
6.00000000e+00	1.82725940e+00
7.00000000e+00	1.64462114e+00
8.00000000e+00	1.70429683e+00
9.00000000e+00	2.02517222e+00
1.00000000e+01	2.43436358e+00
1.10000000e+01	2.74239081e+00
1.20000000e+01	2.95789148e+00
1.30000000e+01	3.15358579e+00
1.40000000e+01	3.36588153e+00
1.50000000e+01	3.59827859e+00
1.60000000e+01	3.84540676e+00
1.70000000e+01	4.10334857e+00
1.80000000e+01	4.37080772e+00
1.90000000e+01	4.64818003e+00
2.00000000e+01	4.93632317e+00
2.10000000e+01	5.23729435e+00
2.20000000e+01	5.55479180e+00
2.30000000e+01	5.89348156e+00
2.40000000e+01	6.25570756e+00
2.50000000e+01	6.63860823e+00
2.60000000e+01	7.03519444e+00
2.70000000e+01	7.43884651e+00
2.80000000e+01	7.84604275e+00
2.90000000e+01	8.25632154e+00
3.00000000e+01	8.66887249e+00
3.10000000e+01	9.08118561e+00
3.20000000e+01	9.49030006e+00
3.30000000e+01	9.89544571e+00
3.40000000e+01	1.02994436e+01
3.50000000e+01	1.07086136e+01
3.60000000e+01	1.11302455e+01
3.70000000e+01	1.15710713e+01
3.80000000e+01	1.20356991e+01
3.90000000e+01	1.25266796e+01
4.00000000e+01	1.30448239e+01
4.10000000e+01	1.35901026e+01
4.20000000e+01	1.41620498e+01
4.30000000e+01	1.47603718e+01
4.40000000e+01	1.53849333e+01
4.50000000e+01	1.60360493e+01
4.60000000e+01	1.67140240e+01
4.70000000e+01	1.74195715e+01
4.80000000e+01	1.81534912e+01
4.90000000e+01	1.89165712e+01
5.00000000e+01	1.97097437e+01
5.10000000e+01	2.05337162e+01
5.20000000e+01	2.13892149e+01
5.30000000e+01	2.22771097e+01
5.40000000e+01	2.31981594e+01
5.50000000e+01	2.41535233e+01
5.60000000e+01	2.51445625e+01
5.70000000e+01	2.61729338e+01
5.80000000e+01	2.72407033e+01
5.90000000e+01	2.83499380e+01
6.00000000e+01	2.95031878e+01
6.10000000e+01	3.07029756e+01
6.20000000e+01	3.19522245e+01
6.30000000e+01	3.32537111e+01
6.40000000e+01	3.46103915e+01
6.50000000e+01	3.60249232e+01
6.60000000e+01	3.74999762e+01
6.70000000e+01	3.90378743e+01
6.80000000e+01	4.06408436e+01
6.90000000e+01	4.23110480e+01
7.00000000e+01	4.40505975e+01
7.10000000e+01	4.58617816e+01
7.20000000e+01	4.77470336e+01
7.30000000e+01	4.97089756e+01
7.40000000e+01	5.17504225e+01
7.50000000e+01	5.38745459e+01
7.60000000e+01	5.60845367e+01
7.70000000e+01	5.83839631e+01
7.80000000e+01	6.07764392e+01
7.90000000e+01	6.32658001e+01
8.00000000e+01	6.58560360e+01
8.10000000e+01	6.85514216e+01
8.20000000e+01	7.13561243e+01
8.30000000e+01	7.42747925e+01
8.40000000e+01	7.73120274e+01
8.50000000e+01	8.04727715e+01
8.60000000e+01	8.37620287e+01
8.70000000e+01	8.71851761e+01
8.80000000e+01	9.07475592e+01
8.90000000e+01	9.44550201e+01
9.00000000e+01	9.83134650e+01
9.10000000e+01	1.02329007e+02
9.20000000e+01	1.06508147e+02
9.30000000e+01	1.10857580e+02
9.40000000e+01	1.15384269e+02
9.50000000e+01	1.20095421e+02
9.60000000e+01	1.24998585e+02
9.70000000e+01	1.30101673e+02
9.80000000e+01	1.35412796e+02
9.90000000e+01	1.40940462e+02
1.00000000e+02	1.46693491e+02
1.01000000e+02	1.52681143e+02
1.02000000e+02	1.58912971e+02
1.03000000e+02	1.65398932e+02
1.04000000e+02	1.72149399e+02
1.05000000e+02	1.79175201e+02
1.06000000e+02	1.86487519e+02
1.07000000e+02	1.94098140e+02
1.08000000e+02	2.02019125e+02
1.09000000e+02	2.10263189e+02
1.10000000e+02	2.18843586e+02
1.11000000e+02	2.27773891e+02
1.12000000e+02	2.37068556e+02
1.13000000e+02	2.46742311e+02
1.14000000e+02	2.56810684e+02
1.15000000e+02	2.67289769e+02
1.16000000e+02	2.78196341e+02
1.17000000e+02	2.89547783e+02
1.18000000e+02	3.01362301e+02
1.19000000e+02	3.13658753e+02
1.20000000e+02	3.26456804e+02
1.21000000e+02	3.39776923e+02
1.22000000e+02	3.53640318e+02
1.23000000e+02	3.68069282e+02
1.24000000e+02	3.83086789e+02
1.25000000e+02	3.98716832e+02
1.26000000e+02	4.14984405e+02
1.27000000e+02	4.31915504e+02
1.28000000e+02	4.49537163e+02
1.29000000e+02	4.67877566e+02
1.30000000e+02	4.86965980e+02
1.31000000e+02	5.06832848e+02
1.32000000e+02	5.27510009e+02
1.33000000e+02	5.49030396e+02
1.34000000e+02	5.71428380e+02
1.35000000e+02	5.94739819e+02
1.36000000e+02	6.19001798e+02
1.37000000e+02	6.44253165e+02
1.38000000e+02	6.70534113e+02
1.39000000e+02	6.97886668e+02
1.40000000e+02	7.26354492e+02
1.41000000e+02	7.55982960e+02
1.42000000e+02	7.86819418e+02
1.43000000e+02	8.18912952e+02
1.44000000e+02	8.52314873e+02
1.45000000e+02	8.87078376e+02
1.46000000e+02	9.23258964e+02
1.47000000e+02	9.60914284e+02
1.48000000e+02	1.00010436e+03
1.49000000e+02	1.04089173e+03
1.50000000e+02	1.08334133e+03
1.51000000e+02	1.12752085e+03
1.52000000e+02	1.17350069e+03
1.53000000e+02	1.22135404e+03
1.54000000e+02	1.27115719e+03
1.55000000e+02	1.32298939e+03
1.56000000e+02	1.37693322e+03
1.57000000e+02	1.43307449e+03
1.58000000e+02	1.49150258e+03
1.59000000e+02	1.55231046e+03
1.60000000e+02	1.61559483e+03
1.61000000e+02	1.68145637e+03
1.62000000e+02	1.74999978e+03
1.63000000e+02	1.82133398e+03
1.64000000e+02	1.89557238e+03
1.65000000e+02	1.97283292e+03
1.66000000e+02	2.05323828e+03
1.67000000e+02	2.13691610e+03
1.68000000e+02	2.22399924e+03
1.69000000e+02	2.31462584e+03
1.70000000e+02	2.40893968e+03
1.71000000e+02	2.50709025e+03
1.72000000e+02	2.60923316e+03
1.73000000e+02	2.71553023e+03
1.74000000e+02	2.82614982e+03
1.75000000e+02	2.94126699e+03
1.76000000e+02	3.06106400e+03
1.77000000e+02	3.18573023e+03
1.78000000e+02	3.31546279e+03
1.79000000e+02	3.45046675e+03
1.80000000e+02	3.59095522e+03
1.81000000e+02	3.73715005e+03
1.82000000e+02	3.88928182e+03
1.83000000e+02	4.04759046e+03
1.84000000e+02	4.21232536e+03
1.85000000e+02	4.38374603e+03
1.86000000e+02	4.56212218e+03
1.87000000e+02	4.74773445e+03
1.88000000e+02	4.94087440e+03
1.89000000e+02	5.14184558e+03
1.90000000e+02	5.35096318e+03
1.91000000e+02	5.56855528e+03
1.92000000e+02	5.79496270e+03
1.93000000e+02	6.03054003e+03
1.94000000e+02	6.27565557e+03
1.95000000e+02	6.53069255e+03
1.96000000e+02	6.79604909e+03
1.97000000e+02	7.07213901e+03
1.98000000e+02	7.35939263e+03
1.99000000e+02	7.65825702e+03
2.00000000e+02	7.96919676e+03
2.01000000e+02	8.29269490e+03
2.02000000e+02	8.62925311e+03
2.03000000e+02	8.97939290e+03
2.04000000e+02	9.34365601e+03
2.05000000e+02	9.72260531e+03
2.06000000e+02	1.01168256e+04
2.07000000e+02	1.05269242e+04
2.08000000e+02	1.09535322e+04
2.09000000e+02	1.13973050e+04
2.10000000e+02	1.18589231e+04
2.11000000e+02	1.23390935e+04
2.12000000e+02	1.28385501e+04
2.13000000e+02	1.33580550e+04
2.14000000e+02	1.38983995e+04
2.15000000e+02	1.44604048e+04
2.16000000e+02	1.50449236e+04
2.17000000e+02	1.56528408e+04
2.18000000e+02	1.62850748e+04
2.19000000e+02	1.69425785e+04
2.20000000e+02	1.76263406e+04
2.21000000e+02	1.83373871e+04
2.22000000e+02	1.90767819e+04
2.23000000e+02	1.98456288e+04
2.24000000e+02	2.06450722e+04
2.25000000e+02	2.14762992e+04
2.26000000e+02	2.23405401e+04
2.27000000e+02	2.32390705e+04
2.28000000e+02	2.41732126e+04
2.29000000e+02	2.51443366e+04
2.30000000e+02	2.61538622e+04
2.31000000e+02	2.72032604e+04
2.32000000e+02	2.82940546e+04
2.33000000e+02	2.94278230e+04
2.34000000e+02	3.06061992e+04
2.35000000e+02	3.18308751e+04
2.36000000e+02	3.31036016e+04
2.37000000e+02	3.44261908e+04
2.38000000e+02	3.58005178e+04
2.39000000e+02	3.72285223e+04
2.40000000e+02	3.87122104e+04
2.41000000e+02	4.02536567e+04
2.42000000e+02	4.18550060e+04
2.43000000e+02	4.35184749e+04
2.44000000e+02	4.52463543e+04
2.45000000e+02	4.70410107e+04
2.46000000e+02	4.89048883e+04
2.47000000e+02	5.08405112e+04
2.48000000e+02	5.28504849e+04
2.49000000e+02	5.49374985e+04
2.50000000e+02	5.71043265e+04
2.51000000e+02	5.93538306e+04
2.52000000e+02	6.16889617e+04
2.53000000e+02	6.41127621e+04
2.54000000e+02	6.66283667e+04
2.55000000e+02	6.92390052e+04
2.56000000e+02	7.19480040e+04
2.57000000e+02	7.47587879e+04
2.58000000e+02	7.76748814e+04
2.59000000e+02	8.06999109e+04
2.60000000e+02	8.38376061e+04
2.61000000e+02	8.70918016e+04
2.62000000e+02	9.04664382e+04
2.63000000e+02	9.39655646e+04
2.64000000e+02	9.75933383e+04
2.65000000e+02	1.01354027e+05
2.66000000e+02	1.05252010e+05
2.67000000e+02	1.09291780e+05
2.68000000e+02	1.13477940e+05
2.69000000e+02	1.17815211e+05
2.70000000e+02	1.22308425e+05
2.71000000e+02	1.26962532e+05
2.72000000e+02	1.31782595e+05
2.73000000e+02	1.36773796e+05
2.74000000e+02	1.41941430e+05
2.75000000e+02	1.47290909e+05
2.76000000e+02	1.52827758e+05
2.77000000e+02	1.58557620e+05
2.78000000e+02	1.64486250e+05
2.79000000e+02	1.70619516e+05
2.80000000e+02	1.76963397e+05
2.81000000e+02	1.83523986e+05
2.82000000e+02	1.90307480e+05
2.83000000e+02	1.97320186e+05
2.84000000e+02	2.04568514e+05
2.85000000e+02	2.12058977e+05
2.86000000e+02	2.19798189e+05
2.87000000e+02	2.27792858e+05
2.88000000e+02	2.36049788e+05
2.89000000e+02	2.44575872e+05
2.90000000e+02	2.53378088e+05
2.91000000e+02	2.62463498e+05
2.92000000e+02	2.71839243e+05
2.93000000e+02	2.81512534e+05
2.94000000e+02	2.91490654e+05
2.95000000e+02	3.01780946e+05
2.96000000e+02	3.12390813e+05
2.97000000e+02	3.23327710e+05
2.98000000e+02	3.34599138e+05
2.99000000e+02	3.46212636e+05
3.00000000e+02	3.58175778e+05
3.01000000e+02	3.70496165e+05
3.02000000e+02	3.83181415e+05
3.03000000e+02	3.96239161e+05
3.04000000e+02	4.09677038e+05
3.05000000e+02	4.23502680e+05
3.06000000e+02	4.37723708e+05
3.07000000e+02	4.52347725e+05
3.08000000e+02	4.67382307e+05
3.09000000e+02	4.82834992e+05
3.10000000e+02	4.98713275e+05
3.11000000e+02	5.15024598e+05
3.12000000e+02	5.31776339e+05
3.13000000e+02	5.48975808e+05
3.14000000e+02	5.66630233e+05
3.15000000e+02	5.84746752e+05
3.16000000e+02	6.03332408e+05
3.17000000e+02	6.22394134e+05
3.18000000e+02	6.41938751e+05
3.19000000e+02	6.61972952e+05
3.20000000e+02	6.82503297e+05
3.21000000e+02	7.03536205e+05
3.22000000e+02	7.25077944e+05
3.23000000e+02	7.47134621e+05
3.24000000e+02	7.69712179e+05
3.25000000e+02	7.92816382e+05
3.26000000e+02	8.16452815e+05
3.27000000e+02	8.40626869e+05
3.28000000e+02	8.65343740e+05
3.29000000e+02	8.90608419e+05
3.30000000e+02	9.16425686e+05
3.31000000e+02	9.42800105e+05
3.32000000e+02	9.69736016e+05
3.33000000e+02	9.97237532e+05
3.34000000e+02	1.02530853e+06
3.35000000e+02	1.05395267e+06
3.36000000e+02	1.08317333e+06
3.37000000e+02	1.11297369e+06
3.38000000e+02	1.14335664e+06
3.39000000e+02	1.17432487e+06
3.40000000e+02	1.20588076e+06
3.41000000e+02	1.23802649e+06
3.42000000e+02	1.27076396e+06
3.43000000e+02	1.30409481e+06
3.44000000e+02	1.33802045e+06
3.45000000e+02	1.37254202e+06
3.46000000e+02	1.40766042e+06
3.47000000e+02	1.44337628e+06
3.48000000e+02	1.47969001e+06
3.49000000e+02	1.51660176e+06
3.50000000e+02	1.55411144e+06
3.51000000e+02	1.59221875e+06
3.52000000e+02	1.63092311e+06
3.53000000e+02	1.67022376e+06
3.54000000e+02	1.71011970e+06
3.55000000e+02	1.75060970e+06
3.56000000e+02	1.79169236e+06
3.57000000e+02	1.83336604e+06
3.58000000e+02	1.87562893e+06
3.59000000e+02	1.91847901e+06
3.60000000e+02	1.96191412e+06
3.61000000e+02	2.00593188e+06
3.62000000e+02	2.05052978e+06
3.63000000e+02	2.09570514e+06
3.64000000e+02	2.14145514e+06
3.65000000e+02	2.18777684e+06
3.66000000e+02	2.23466713e+06
3.67000000e+02	2.28212282e+06
3.68000000e+02	2.33014059e+06
3.69000000e+02	2.37871702e+06
3.70000000e+02	2.42784860e+06
3.71000000e+02	2.47753175e+06
3.72000000e+02	2.52776280e+06
3.73000000e+02	2.57853800e+06
3.74000000e+02	2.62985358e+06
3.75000000e+02	2.68170570e+06
3.76000000e+02	2.73409048e+06
3.77000000e+02	2.78700400e+06
3.78000000e+02	2.84044234e+06
3.79000000e+02	2.89440153e+06
3.80000000e+02	2.94887761e+06
3.81000000e+02	3.00386662e+06
3.82000000e+02	3.05936459e+06
3.83000000e+02	3.11536756e+06
3.84000000e+02	3.17187158e+06
3.85000000e+02	3.22887275e+06
3.86000000e+02	3.28636714e+06
3.87000000e+02	3.34435090e+06
3.88000000e+02	3.40282018e+06
3.89000000e+02	3.46177116e+06
3.90000000e+02	3.52120010e+06
3.91000000e+02	3.58110324e+06
3.92000000e+02	3.64147692e+06
3.93000000e+02	3.70231747e+06
3.94000000e+02	3.76362130e+06
3.95000000e+02	3.82538484e+06
3.96000000e+02	3.88760458e+06
3.97000000e+02	3.95027705e+06
3.98000000e+02	4.01339879e+06
3.99000000e+02	4.07696641e+06
4.00000000e+02	4.14097653e+06
4.01000000e+02	4.20542582e+06
4.02000000e+02	4.27031095e+06
4.03000000e+02	4.33562861e+06
4.04000000e+02	4.40137552e+06
4.05000000e+02	4.46754837e+06
4.06000000e+02	4.53414388e+06
4.07000000e+02	4.60115871e+06
4.08000000e+02	4.66858953e+06
4.09000000e+02	4.73643294e+06
4.10000000e+02	4.80468551e+06
4.11000000e+02	4.87334371e+06
4.12000000e+02	4.94240393e+06
4.13000000e+02	5.01186247e+06
4.14000000e+02	5.08171547e+06
4.15000000e+02	5.15195893e+06
4.16000000e+02	5.22258868e+06
4.17000000e+02	5.29360033e+06
4.18000000e+02	5.36498925e+06
4.19000000e+02	5.43675054e+06
4.20000000e+02	5.50887899e+06
4.21000000e+02	5.58136905e+06
4.22000000e+02	5.65421476e+06
4.23000000e+02	5.72740973e+06
4.24000000e+02	5.80094707e+06
4.25000000e+02	5.87481937e+06
4.26000000e+02	5.94901856e+06
4.27000000e+02	6.02353596e+06
4.28000000e+02	6.09836210e+06
4.29000000e+02	6.17348671e+06
4.30000000e+02	6.24889863e+06
4.31000000e+02	6.32458571e+06
4.32000000e+02	6.40053473e+06
4.33000000e+02	6.47673129e+06
4.34000000e+02	6.55315973e+06
4.35000000e+02	6.62980299e+06
4.36000000e+02	6.70664251e+06
4.37000000e+02	6.78365809e+06
4.38000000e+02	6.86082778e+06
4.39000000e+02	6.93812773e+06
4.40000000e+02	7.01553205e+06
4.41000000e+02	7.09301262e+06
4.42000000e+02	7.17053899e+06
4.43000000e+02	7.24807816e+06
4.44000000e+02	7.32559443e+06
4.45000000e+02	7.40304920e+06
4.46000000e+02	7.48040079e+06
4.47000000e+02	7.55760422e+06
4.48000000e+02	7.63461104e+06
4.49000000e+02	7.71136908e+06
4.50000000e+02	7.78782224e+06
4.51000000e+02	7.86391026e+06
4.52000000e+02	7.93956853e+06
4.53000000e+02	8.01472779e+06
4.54000000e+02	8.08931393e+06
4.55000000e+02	8.16324775e+06
4.56000000e+02	8.23644471e+06
4.57000000e+02	8.30881470e+06
4.58000000e+02	8.38026181e+06
4.59000000e+02	8.45068408e+06
4.60000000e+02	8.51997334e+06
4.61000000e+02	8.58801495e+06
4.62000000e+02	8.65468769e+06
4.63000000e+02	8.71986351e+06
4.64000000e+02	8.78340752e+06
4.65000000e+02	8.84517779e+06
4.66000000e+02	8.90502541e+06
4.67000000e+02	8.96279439e+06
4.68000000e+02	9.01832179e+06
4.69000000e+02	9.07143784e+06
4.70000000e+02	9.12196610e+06
4.71000000e+02	9.16972377e+06
4.72000000e+02	9.21452205e+06
4.73000000e+02	9.25616661e+06
4.74000000e+02	9.29445812e+06
4.75000000e+02	9.32919298e+06
4.76000000e+02	9.36016406e+06
4.77000000e+02	9.38716160e+06
4.78000000e+02	9.40997426e+06
4.79000000e+02	9.42839020e+06
4.80000000e+02	9.44219835e+06
4.81000000e+02	9.45118973e+06
4.82000000e+02	9.45515893e+06
4.83000000e+02	9.45390558e+06
4.84000000e+02	9.44723595e+06
4.85000000e+02	9.43496464e+06
4.86000000e+02	9.41691623e+06
4.87000000e+02	9.39292698e+06
4.88000000e+02	9.36284656e+06
4.89000000e+02	9.32653969e+06
4.90000000e+02	9.28388779e+06
4.91000000e+02	9.23479055e+06
4.92000000e+02	9.17916736e+06
4.93000000e+02	9.11695874e+06
4.94000000e+02	9.04812751e+06
4.95000000e+02	8.97265994e+06
4.96000000e+02	8.89056667e+06
4.97000000e+02	8.80188347e+06
4.98000000e+02	8.70667185e+06
4.99000000e+02	8.60501950e+06
5.00000000e+02	8.49704047e+06
5.01000000e+02	8.38287528e+06
5.02000000e+02	8.26269070e+06
5.03000000e+02	8.13667949e+06
5.04000000e+02	8.00505984e+06
5.05000000e+02	7.86807469e+06
5.06000000e+02	7.72599087e+06
5.07000000e+02	7.57909801e+06
5.08000000e+02	7.42770738e+06
5.09000000e+02	7.27215049e+06
5.10000000e+02	7.11277750e+06
5.11000000e+02	6.94995559e+06
5.12000000e+02	6.78406706e+06
5.13000000e+02	6.61550735e+06
5.14000000e+02	6.44468285e+06
5.15000000e+02	6.27200868e+06
5.16000000e+02	6.09790622e+06
5.17000000e+02	5.92280063e+06
5.18000000e+02	5.74711820e+06
5.19000000e+02	5.57128368e+06
5.20000000e+02	5.39571752e+06
5.21000000e+02	5.22083299e+06
5.22000000e+02	5.04703361e+06
5.23000000e+02	4.87471015e+06
5.24000000e+02	4.70423810e+06
5.25000000e+02	4.53597508e+06
5.26000000e+02	4.37025842e+06
5.27000000e+02	4.20740293e+06
5.28000000e+02	4.04769896e+06
5.29000000e+02	3.89141067e+06
5.30000000e+02	3.73877464e+06
5.31000000e+02	3.58999885e+06
5.32000000e+02	3.44526194e+06
5.33000000e+02	3.30471292e+06
5.34000000e+02	3.16847121e+06
5.35000000e+02	3.03662707e+06
5.36000000e+02	2.90924239e+06
5.37000000e+02	2.78635181e+06
5.38000000e+02	2.66796415e+06
5.39000000e+02	2.55406406e+06
5.40000000e+02	2.44461397e+06
5.41000000e+02	2.33955614e+06
5.42000000e+02	2.23881488e+06
5.43000000e+02	2.14229877e+06
5.44000000e+02	2.04990301e+06
5.45000000e+02	1.96151164e+06
5.46000000e+02	1.87699973e+06
5.47000000e+02	1.79623550e+06
5.48000000e+02	1.71908224e+06
5.49000000e+02	1.64540012e+06
5.50000000e+02	1.57504783e+06
5.51000000e+02	1.50788399e+06
5.52000000e+02	1.44376838e+06
5.53000000e+02	1.38256306e+06
5.54000000e+02	1.32413318e+06
5.55000000e+02	1.26834772e+06
5.56000000e+02	1.21508003e+06
5.57000000e+02	1.16420822e+06
5.58000000e+02	1.11561544e+06
5.59000000e+02	1.06919003e+06
5.60000000e+02	1.02482559e+06
5.61000000e+02	9.82420964e+05
5.62000000e+02	9.41880166e+05
5.63000000e+02	9.03112235e+05
5.64000000e+02	8.66031074e+05
5.65000000e+02	8.30555255e+05
5.66000000e+02	7.96607803e+05
5.67000000e+02	7.64115967e+05
5.68000000e+02	7.33010997e+05
5.69000000e+02	7.03227908e+05
5.70000000e+02	6.74705259e+05
5.71000000e+02	6.47384935e+05
5.72000000e+02	6.21211939e+05
5.73000000e+02	5.96134196e+05
5.74000000e+02	5.72102365e+05
5.75000000e+02	5.49069667e+05
5.76000000e+02	5.26991722e+05
5.77000000e+02	5.05826398e+05
5.78000000e+02	4.85533673e+05
5.79000000e+02	4.66075504e+05
5.80000000e+02	4.47415706e+05
5.81000000e+02	4.29519844e+05
5.82000000e+02	4.12355131e+05
5.83000000e+02	3.95890327e+05
5.84000000e+02	3.80095660e+05
5.85000000e+02	3.64942738e+05
5.86000000e+02	3.50404476e+05
5.87000000e+02	3.36455025e+05
5.88000000e+02	3.23069707e+05
5.89000000e+02	3.10224952e+05
5.90000000e+02	2.97898246e+05
5.91000000e+02	2.86068069e+05
5.92000000e+02	2.74713855e+05
5.93000000e+02	2.63815935e+05
5.94000000e+02	2.53355501e+05
5.95000000e+02	2.43314561e+05
5.96000000e+02	2.33675898e+05
5.97000000e+02	2.24423037e+05
5.98000000e+02	2.15540208e+05
5.99000000e+02	2.07012313e+05
6.00000000e+02	1.98824896e+05
6.01000000e+02	1.90964112e+05
6.02000000e+02	1.83416700e+05
6.03000000e+02	1.76169958e+05
6.04000000e+02	1.69211714e+05
6.05000000e+02	1.62530307e+05
6.06000000e+02	1.56114561e+05
6.07000000e+02	1.49953764e+05
6.08000000e+02	1.44037648e+05
6.09000000e+02	1.38356372e+05
6.10000000e+02	1.32900497e+05
6.11000000e+02	1.27660977e+05
6.12000000e+02	1.22629135e+05
6.13000000e+02	1.17796650e+05
6.14000000e+02	1.13155543e+05
6.15000000e+02	1.08698159e+05
6.16000000e+02	1.04417157e+05
6.17000000e+02	1.00305494e+05
6.18000000e+02	9.63564131e+04
6.19000000e+02	9.25634321e+04
6.20000000e+02	8.89203315e+04
6.21000000e+02	8.54211434e+04
6.22000000e+02	8.20601413e+04
6.23000000e+02	7.88318297e+04
6.24000000e+02	7.57309350e+04
6.25000000e+02	7.27523955e+04
6.26000000e+02	6.98913537e+04
6.27000000e+02	6.71431470e+04
6.28000000e+02	6.45032999e+04
6.29000000e+02	6.19675167e+04
6.30000000e+02	5.95316737e+04
6.31000000e+02	5.71918124e+04
6.32000000e+02	5.49441323e+04
6.33000000e+02	5.27849853e+04
6.34000000e+02	5.07108686e+04
6.35000000e+02	4.87184195e+04
6.36000000e+02	4.68044091e+04
6.37000000e+02	4.49657374e+04
6.38000000e+02	4.31994277e+04
6.39000000e+02	4.15026217e+04
6.40000000e+02	3.98725749e+04
6.41000000e+02	3.83066516e+04
6.42000000e+02	3.68023207e+04
6.43000000e+02	3.53571514e+04
6.44000000e+02	3.39688086e+04
6.45000000e+02	3.26350496e+04
6.46000000e+02	3.13537191e+04
6.47000000e+02	3.01227460e+04
6.48000000e+02	2.89401391e+04
6.49000000e+02	2.78039825e+04
6.50000000e+02	2.67124319e+04
6.51000000e+02	2.56637099e+04
6.52000000e+02	2.46561008e+04
6.53000000e+02	2.36879458e+04
6.54000000e+02	2.27576371e+04
6.55000000e+02	2.18636123e+04
6.56000000e+02	2.10043479e+04
6.57000000e+02	2.01783534e+04
6.58000000e+02	1.93841657e+04
6.59000000e+02	1.86203442e+04
6.60000000e+02	1.78854676e+04
6.61000000e+02	1.71781323e+04
6.62000000e+02	1.64969539e+04
6.63000000e+02	1.58405716e+04
6.64000000e+02	1.52076545e+04
6.65000000e+02	1.45969113e+04
6.66000000e+02	1.40071005e+04
6.67000000e+02	1.34370404e+04
6.68000000e+02	1.28856188e+04
6.69000000e+02	1.23517990e+04
6.70000000e+02	1.18346226e+04
6.71000000e+02	1.13332083e+04
6.72000000e+02	1.08467467e+04
6.73000000e+02	1.03744913e+04
6.74000000e+02	9.91574786e+03
6.75000000e+02	9.46986306e+03
6.76000000e+02	9.03621318e+03
6.77000000e+02	8.61419256e+03
6.78000000e+02	8.20320096e+03
6.79000000e+02	7.80263086e+03
6.80000000e+02	7.41185413e+03
6.81000000e+02	7.03020865e+03
6.82000000e+02	6.65698373e+03
6.83000000e+02	6.29140483e+03
6.84000000e+02	5.93261939e+03
6.85000000e+02	5.57968563e+03
6.86000000e+02	5.23156637e+03
6.87000000e+02	4.88712876e+03
6.88000000e+02	4.54514741e+03
6.89000000e+02	4.20430491e+03
6.90000000e+02	3.86318064e+03
6.91000000e+02	3.52022437e+03
6.92000000e+02	3.17372155e+03
6.93000000e+02	2.82175022e+03
6.94000000e+02	2.46211703e+03
6.95000000e+02	2.09233200e+03
6.96000000e+02	1.71008347e+03
6.97000000e+02	1.33223412e+03
6.98000000e+02	8.54896739e+02
6.99000000e+02	4.70024226e+02
7.00000000e+02	0.00000000e+00
