# Profil de Te au temps 1.200000000000016e-11 
# simu : /Volumes/MERCURE/JOBS/Zeq2_tanh_50mic_2p1e19_B0_20ps/GNU/Te@y-c.set
# col 0 : abscisse (um)
# col 1 : Te (keV)
5.00000000e-01	9.97309741e-01
1.50000000e+00	9.97308169e-01
2.50000000e+00	9.97305042e-01
3.50000000e+00	9.97300350e-01
4.50000000e+00	9.97294087e-01
5.50000000e+00	9.97286257e-01
6.50000000e+00	9.97276855e-01
7.50000000e+00	9.97265882e-01
8.50000000e+00	9.97253333e-01
9.50000000e+00	9.97239207e-01
1.05000000e+01	9.97223500e-01
1.15000000e+01	9.97206209e-01
1.25000000e+01	9.97187330e-01
1.35000000e+01	9.97166858e-01
1.45000000e+01	9.97144789e-01
1.55000000e+01	9.97121119e-01
1.65000000e+01	9.97095841e-01
1.75000000e+01	9.97068951e-01
1.85000000e+01	9.97040442e-01
1.95000000e+01	9.97010308e-01
2.05000000e+01	9.96978543e-01
2.15000000e+01	9.96945139e-01
2.25000000e+01	9.96910090e-01
2.35000000e+01	9.96873388e-01
2.45000000e+01	9.96835024e-01
2.55000000e+01	9.96794991e-01
2.65000000e+01	9.96753280e-01
2.75000000e+01	9.96709882e-01
2.85000000e+01	9.96664789e-01
2.95000000e+01	9.96617990e-01
3.05000000e+01	9.96569475e-01
3.15000000e+01	9.96519235e-01
3.25000000e+01	9.96467259e-01
3.35000000e+01	9.96413537e-01
3.45000000e+01	9.96358057e-01
3.55000000e+01	9.96300808e-01
3.65000000e+01	9.96241779e-01
3.75000000e+01	9.96180957e-01
3.85000000e+01	9.96118331e-01
3.95000000e+01	9.96053888e-01
4.05000000e+01	9.95987615e-01
4.15000000e+01	9.95919499e-01
4.25000000e+01	9.95849527e-01
4.35000000e+01	9.95777686e-01
4.45000000e+01	9.95703961e-01
4.55000000e+01	9.95628339e-01
4.65000000e+01	9.95550806e-01
4.75000000e+01	9.95471347e-01
4.85000000e+01	9.95389946e-01
4.95000000e+01	9.95306590e-01
5.05000000e+01	9.95221262e-01
5.15000000e+01	9.95133948e-01
5.25000000e+01	9.95044632e-01
5.35000000e+01	9.94953297e-01
5.45000000e+01	9.94859928e-01
5.55000000e+01	9.94764509e-01
5.65000000e+01	9.94667022e-01
5.75000000e+01	9.94567451e-01
5.85000000e+01	9.94465780e-01
5.95000000e+01	9.94361991e-01
6.05000000e+01	9.94256066e-01
6.15000000e+01	9.94147989e-01
6.25000000e+01	9.94037741e-01
6.35000000e+01	9.93925305e-01
6.45000000e+01	9.93810663e-01
6.55000000e+01	9.93693797e-01
6.65000000e+01	9.93574688e-01
6.75000000e+01	9.93453318e-01
6.85000000e+01	9.93329668e-01
6.95000000e+01	9.93203721e-01
7.05000000e+01	9.93075456e-01
7.15000000e+01	9.92944855e-01
7.25000000e+01	9.92811898e-01
7.35000000e+01	9.92676567e-01
7.45000000e+01	9.92538843e-01
7.55000000e+01	9.92398705e-01
7.65000000e+01	9.92256135e-01
7.75000000e+01	9.92111112e-01
7.85000000e+01	9.91963618e-01
7.95000000e+01	9.91813631e-01
8.05000000e+01	9.91661133e-01
8.15000000e+01	9.91506104e-01
8.25000000e+01	9.91348523e-01
8.35000000e+01	9.91188370e-01
8.45000000e+01	9.91025625e-01
8.55000000e+01	9.90860268e-01
8.65000000e+01	9.90692280e-01
8.75000000e+01	9.90521639e-01
8.85000000e+01	9.90348325e-01
8.95000000e+01	9.90172318e-01
9.05000000e+01	9.89993598e-01
9.15000000e+01	9.89812144e-01
9.25000000e+01	9.89627936e-01
9.35000000e+01	9.89440954e-01
9.45000000e+01	9.89251176e-01
9.55000000e+01	9.89058584e-01
9.65000000e+01	9.88863156e-01
9.75000000e+01	9.88664872e-01
9.85000000e+01	9.88463712e-01
9.95000000e+01	9.88259655e-01
1.00500000e+02	9.88052681e-01
1.01500000e+02	9.87842770e-01
1.02500000e+02	9.87629901e-01
1.03500000e+02	9.87414055e-01
1.04500000e+02	9.87195211e-01
1.05500000e+02	9.86973350e-01
1.06500000e+02	9.86748450e-01
1.07500000e+02	9.86520493e-01
1.08500000e+02	9.86289458e-01
1.09500000e+02	9.86055325e-01
1.10500000e+02	9.85818076e-01
1.11500000e+02	9.85577689e-01
1.12500000e+02	9.85334145e-01
1.13500000e+02	9.85087426e-01
1.14500000e+02	9.84837511e-01
1.15500000e+02	9.84584381e-01
1.16500000e+02	9.84328017e-01
1.17500000e+02	9.84068400e-01
1.18500000e+02	9.83805511e-01
1.19500000e+02	9.83539331e-01
1.20500000e+02	9.83269840e-01
1.21500000e+02	9.82997022e-01
1.22500000e+02	9.82720856e-01
1.23500000e+02	9.82441325e-01
1.24500000e+02	9.82158410e-01
1.25500000e+02	9.81872094e-01
1.26500000e+02	9.81582357e-01
1.27500000e+02	9.81289183e-01
1.28500000e+02	9.80992553e-01
1.29500000e+02	9.80692451e-01
1.30500000e+02	9.80388858e-01
1.31500000e+02	9.80081757e-01
1.32500000e+02	9.79771132e-01
1.33500000e+02	9.79456966e-01
1.34500000e+02	9.79139241e-01
1.35500000e+02	9.78817940e-01
1.36500000e+02	9.78493049e-01
1.37500000e+02	9.78164549e-01
1.38500000e+02	9.77832426e-01
1.39500000e+02	9.77496663e-01
1.40500000e+02	9.77157245e-01
1.41500000e+02	9.76814155e-01
1.42500000e+02	9.76467379e-01
1.43500000e+02	9.76116901e-01
1.44500000e+02	9.75762707e-01
1.45500000e+02	9.75404781e-01
1.46500000e+02	9.75043109e-01
1.47500000e+02	9.74677677e-01
1.48500000e+02	9.74308470e-01
1.49500000e+02	9.73935474e-01
1.50500000e+02	9.73558676e-01
1.51500000e+02	9.73178062e-01
1.52500000e+02	9.72793618e-01
1.53500000e+02	9.72405331e-01
1.54500000e+02	9.72013189e-01
1.55500000e+02	9.71617179e-01
1.56500000e+02	9.71217287e-01
1.57500000e+02	9.70813502e-01
1.58500000e+02	9.70405811e-01
1.59500000e+02	9.69994203e-01
1.60500000e+02	9.69578666e-01
1.61500000e+02	9.69159188e-01
1.62500000e+02	9.68735759e-01
1.63500000e+02	9.68308366e-01
1.64500000e+02	9.67877000e-01
1.65500000e+02	9.67441649e-01
1.66500000e+02	9.67002303e-01
1.67500000e+02	9.66558952e-01
1.68500000e+02	9.66111585e-01
1.69500000e+02	9.65660194e-01
1.70500000e+02	9.65204769e-01
1.71500000e+02	9.64745300e-01
1.72500000e+02	9.64281778e-01
1.73500000e+02	9.63814194e-01
1.74500000e+02	9.63342540e-01
1.75500000e+02	9.62866808e-01
1.76500000e+02	9.62386988e-01
1.77500000e+02	9.61903074e-01
1.78500000e+02	9.61415057e-01
1.79500000e+02	9.60922930e-01
1.80500000e+02	9.60426685e-01
1.81500000e+02	9.59926317e-01
1.82500000e+02	9.59421816e-01
1.83500000e+02	9.58913178e-01
1.84500000e+02	9.58400396e-01
1.85500000e+02	9.57883463e-01
1.86500000e+02	9.57362374e-01
1.87500000e+02	9.56837123e-01
1.88500000e+02	9.56307704e-01
1.89500000e+02	9.55774112e-01
1.90500000e+02	9.55236343e-01
1.91500000e+02	9.54694390e-01
1.92500000e+02	9.54148250e-01
1.93500000e+02	9.53597918e-01
1.94500000e+02	9.53043391e-01
1.95500000e+02	9.52484663e-01
1.96500000e+02	9.51921732e-01
1.97500000e+02	9.51354593e-01
1.98500000e+02	9.50783244e-01
1.99500000e+02	9.50207681e-01
2.00500000e+02	9.49627901e-01
2.01500000e+02	9.49043903e-01
2.02500000e+02	9.48455682e-01
2.03500000e+02	9.47863238e-01
2.04500000e+02	9.47266567e-01
2.05500000e+02	9.46665669e-01
2.06500000e+02	9.46060541e-01
2.07500000e+02	9.45451181e-01
2.08500000e+02	9.44837590e-01
2.09500000e+02	9.44219766e-01
2.10500000e+02	9.43597707e-01
2.11500000e+02	9.42971414e-01
2.12500000e+02	9.42340885e-01
2.13500000e+02	9.41706121e-01
2.14500000e+02	9.41067121e-01
2.15500000e+02	9.40423886e-01
2.16500000e+02	9.39776416e-01
2.17500000e+02	9.39124711e-01
2.18500000e+02	9.38468773e-01
2.19500000e+02	9.37808601e-01
2.20500000e+02	9.37144198e-01
2.21500000e+02	9.36475564e-01
2.22500000e+02	9.35802700e-01
2.23500000e+02	9.35125609e-01
2.24500000e+02	9.34444292e-01
2.25500000e+02	9.33758751e-01
2.26500000e+02	9.33068988e-01
2.27500000e+02	9.32375005e-01
2.28500000e+02	9.31676805e-01
2.29500000e+02	9.30974391e-01
2.30500000e+02	9.30267764e-01
2.31500000e+02	9.29556929e-01
2.32500000e+02	9.28841887e-01
2.33500000e+02	9.28122643e-01
2.34500000e+02	9.27399200e-01
2.35500000e+02	9.26671560e-01
2.36500000e+02	9.25939729e-01
2.37500000e+02	9.25203708e-01
2.38500000e+02	9.24463503e-01
2.39500000e+02	9.23719118e-01
2.40500000e+02	9.22970556e-01
2.41500000e+02	9.22217822e-01
2.42500000e+02	9.21460920e-01
2.43500000e+02	9.20699854e-01
2.44500000e+02	9.19934630e-01
2.45500000e+02	9.19165252e-01
2.46500000e+02	9.18391724e-01
2.47500000e+02	9.17614052e-01
2.48500000e+02	9.16832241e-01
2.49500000e+02	9.16046296e-01
2.50500000e+02	9.15256221e-01
2.51500000e+02	9.14462023e-01
2.52500000e+02	9.13663706e-01
2.53500000e+02	9.12861276e-01
2.54500000e+02	9.12054738e-01
2.55500000e+02	9.11244097e-01
2.56500000e+02	9.10429360e-01
2.57500000e+02	9.09610531e-01
2.58500000e+02	9.08787617e-01
2.59500000e+02	9.07960623e-01
2.60500000e+02	9.07129554e-01
2.61500000e+02	9.06294416e-01
2.62500000e+02	9.05455216e-01
2.63500000e+02	9.04611957e-01
2.64500000e+02	9.03764647e-01
2.65500000e+02	9.02913291e-01
2.66500000e+02	9.02057893e-01
2.67500000e+02	9.01198461e-01
2.68500000e+02	9.00334999e-01
2.69500000e+02	8.99467512e-01
2.70500000e+02	8.98596007e-01
2.71500000e+02	8.97720488e-01
2.72500000e+02	8.96840960e-01
2.73500000e+02	8.95957429e-01
2.74500000e+02	8.95069900e-01
2.75500000e+02	8.94178377e-01
2.76500000e+02	8.93282865e-01
2.77500000e+02	8.92383369e-01
2.78500000e+02	8.91479892e-01
2.79500000e+02	8.90572441e-01
2.80500000e+02	8.89661017e-01
2.81500000e+02	8.88745626e-01
2.82500000e+02	8.87826270e-01
2.83500000e+02	8.86902954e-01
2.84500000e+02	8.85975680e-01
2.85500000e+02	8.85044450e-01
2.86500000e+02	8.84109269e-01
2.87500000e+02	8.83170137e-01
2.88500000e+02	8.82227057e-01
2.89500000e+02	8.81280031e-01
2.90500000e+02	8.80329059e-01
2.91500000e+02	8.79374142e-01
2.92500000e+02	8.78415281e-01
2.93500000e+02	8.77452476e-01
2.94500000e+02	8.76485727e-01
2.95500000e+02	8.75515031e-01
2.96500000e+02	8.74540389e-01
2.97500000e+02	8.73561798e-01
2.98500000e+02	8.72579255e-01
2.99500000e+02	8.71592758e-01
3.00500000e+02	8.70602302e-01
3.01500000e+02	8.69607884e-01
3.02500000e+02	8.68609499e-01
3.03500000e+02	8.67607140e-01
3.04500000e+02	8.66600801e-01
3.05500000e+02	8.65590476e-01
3.06500000e+02	8.64576156e-01
3.07500000e+02	8.63557832e-01
3.08500000e+02	8.62535495e-01
3.09500000e+02	8.61509135e-01
3.10500000e+02	8.60478739e-01
3.11500000e+02	8.59444295e-01
3.12500000e+02	8.58405791e-01
3.13500000e+02	8.57363211e-01
3.14500000e+02	8.56316540e-01
3.15500000e+02	8.55265761e-01
3.16500000e+02	8.54210856e-01
3.17500000e+02	8.53151806e-01
3.18500000e+02	8.52088591e-01
3.19500000e+02	8.51021189e-01
3.20500000e+02	8.49949576e-01
3.21500000e+02	8.48873729e-01
3.22500000e+02	8.47793621e-01
3.23500000e+02	8.46709225e-01
3.24500000e+02	8.45620511e-01
3.25500000e+02	8.44527450e-01
3.26500000e+02	8.43430008e-01
3.27500000e+02	8.42328152e-01
3.28500000e+02	8.41221846e-01
3.29500000e+02	8.40111051e-01
3.30500000e+02	8.38995729e-01
3.31500000e+02	8.37875838e-01
3.32500000e+02	8.36751333e-01
3.33500000e+02	8.35622170e-01
3.34500000e+02	8.34488300e-01
3.35500000e+02	8.33349673e-01
3.36500000e+02	8.32206237e-01
3.37500000e+02	8.31057938e-01
3.38500000e+02	8.29904718e-01
3.39500000e+02	8.28746517e-01
3.40500000e+02	8.27583274e-01
3.41500000e+02	8.26414923e-01
3.42500000e+02	8.25241399e-01
3.43500000e+02	8.24062629e-01
3.44500000e+02	8.22878543e-01
3.45500000e+02	8.21689063e-01
3.46500000e+02	8.20494112e-01
3.47500000e+02	8.19293608e-01
3.48500000e+02	8.18087466e-01
3.49500000e+02	8.16875599e-01
3.50500000e+02	8.15657916e-01
3.51500000e+02	8.14434322e-01
3.52500000e+02	8.13204722e-01
3.53500000e+02	8.11969014e-01
3.54500000e+02	8.10727094e-01
3.55500000e+02	8.09478855e-01
3.56500000e+02	8.08224186e-01
3.57500000e+02	8.06962973e-01
3.58500000e+02	8.05695098e-01
3.59500000e+02	8.04420440e-01
3.60500000e+02	8.03138873e-01
3.61500000e+02	8.01850270e-01
3.62500000e+02	8.00554497e-01
3.63500000e+02	7.99251419e-01
3.64500000e+02	7.97940896e-01
3.65500000e+02	7.96622785e-01
3.66500000e+02	7.95296938e-01
3.67500000e+02	7.93963205e-01
3.68500000e+02	7.92621430e-01
3.69500000e+02	7.91271457e-01
3.70500000e+02	7.89913121e-01
3.71500000e+02	7.88546259e-01
3.72500000e+02	7.87170699e-01
3.73500000e+02	7.85786270e-01
3.74500000e+02	7.84392795e-01
3.75500000e+02	7.82990094e-01
3.76500000e+02	7.81577982e-01
3.77500000e+02	7.80156274e-01
3.78500000e+02	7.78724778e-01
3.79500000e+02	7.77283301e-01
3.80500000e+02	7.75831647e-01
3.81500000e+02	7.74369615e-01
3.82500000e+02	7.72897003e-01
3.83500000e+02	7.71413605e-01
3.84500000e+02	7.69919213e-01
3.85500000e+02	7.68413616e-01
3.86500000e+02	7.66896600e-01
3.87500000e+02	7.65367951e-01
3.88500000e+02	7.63827450e-01
3.89500000e+02	7.62274877e-01
3.90500000e+02	7.60710011e-01
3.91500000e+02	7.59132630e-01
3.92500000e+02	7.57542509e-01
3.93500000e+02	7.55939421e-01
3.94500000e+02	7.54323141e-01
3.95500000e+02	7.52693442e-01
3.96500000e+02	7.51050095e-01
3.97500000e+02	7.49392873e-01
3.98500000e+02	7.47721547e-01
3.99500000e+02	7.46035889e-01
4.00500000e+02	7.44335674e-01
4.01500000e+02	7.42620672e-01
4.02500000e+02	7.40890660e-01
4.03500000e+02	7.39145414e-01
4.04500000e+02	7.37384709e-01
4.05500000e+02	7.35608327e-01
4.06500000e+02	7.33816048e-01
4.07500000e+02	7.32007656e-01
4.08500000e+02	7.30182938e-01
4.09500000e+02	7.28341684e-01
4.10500000e+02	7.26483688e-01
4.11500000e+02	7.24608746e-01
4.12500000e+02	7.22716660e-01
4.13500000e+02	7.20807235e-01
4.14500000e+02	7.18880281e-01
4.15500000e+02	7.16935613e-01
4.16500000e+02	7.14973053e-01
4.17500000e+02	7.12992426e-01
4.18500000e+02	7.10993564e-01
4.19500000e+02	7.08976306e-01
4.20500000e+02	7.06940497e-01
4.21500000e+02	7.04885988e-01
4.22500000e+02	7.02812640e-01
4.23500000e+02	7.00720319e-01
4.24500000e+02	6.98608899e-01
4.25500000e+02	6.96478264e-01
4.26500000e+02	6.94328304e-01
4.27500000e+02	6.92158920e-01
4.28500000e+02	6.89970021e-01
4.29500000e+02	6.87761525e-01
4.30500000e+02	6.85533361e-01
4.31500000e+02	6.83285466e-01
4.32500000e+02	6.81017788e-01
4.33500000e+02	6.78730286e-01
4.34500000e+02	6.76422928e-01
4.35500000e+02	6.74095695e-01
4.36500000e+02	6.71748578e-01
4.37500000e+02	6.69381579e-01
4.38500000e+02	6.66994712e-01
4.39500000e+02	6.64588001e-01
4.40500000e+02	6.62161484e-01
4.41500000e+02	6.59715210e-01
4.42500000e+02	6.57249240e-01
4.43500000e+02	6.54763647e-01
4.44500000e+02	6.52258517e-01
4.45500000e+02	6.49733947e-01
4.46500000e+02	6.47190048e-01
4.47500000e+02	6.44626942e-01
4.48500000e+02	6.42044764e-01
4.49500000e+02	6.39443661e-01
4.50500000e+02	6.36823792e-01
4.51500000e+02	6.34185330e-01
4.52500000e+02	6.31528458e-01
4.53500000e+02	6.28853373e-01
4.54500000e+02	6.26160282e-01
4.55500000e+02	6.23449404e-01
4.56500000e+02	6.20720971e-01
4.57500000e+02	6.17975224e-01
4.58500000e+02	6.15212418e-01
4.59500000e+02	6.12432817e-01
4.60500000e+02	6.09636694e-01
4.61500000e+02	6.06824336e-01
4.62500000e+02	6.03996036e-01
4.63500000e+02	6.01152098e-01
4.64500000e+02	5.98292837e-01
4.65500000e+02	5.95418573e-01
4.66500000e+02	5.92529637e-01
4.67500000e+02	5.89626367e-01
4.68500000e+02	5.86709109e-01
4.69500000e+02	5.83778215e-01
4.70500000e+02	5.80834044e-01
4.71500000e+02	5.77876962e-01
4.72500000e+02	5.74907340e-01
4.73500000e+02	5.71925553e-01
4.74500000e+02	5.68931983e-01
4.75500000e+02	5.65927016e-01
4.76500000e+02	5.62911039e-01
4.77500000e+02	5.59884447e-01
4.78500000e+02	5.56847636e-01
4.79500000e+02	5.53801003e-01
4.80500000e+02	5.50744949e-01
4.81500000e+02	5.47679880e-01
4.82500000e+02	5.44606198e-01
4.83500000e+02	5.41524311e-01
4.84500000e+02	5.38434626e-01
4.85500000e+02	5.35337554e-01
4.86500000e+02	5.32233503e-01
4.87500000e+02	5.29122885e-01
4.88500000e+02	5.26006110e-01
4.89500000e+02	5.22883593e-01
4.90500000e+02	5.19755746e-01
4.91500000e+02	5.16622983e-01
4.92500000e+02	5.13485719e-01
4.93500000e+02	5.10344370e-01
4.94500000e+02	5.07199355e-01
4.95500000e+02	5.04051091e-01
4.96500000e+02	5.00900001e-01
4.97500000e+02	4.97746506e-01
4.98500000e+02	4.94591032e-01
4.99500000e+02	4.91434009e-01
5.00500000e+02	4.88275867e-01
5.01500000e+02	4.85117041e-01
5.02500000e+02	4.81957971e-01
5.03500000e+02	4.78799102e-01
5.04500000e+02	4.75640882e-01
5.05500000e+02	4.72483765e-01
5.06500000e+02	4.69328214e-01
5.07500000e+02	4.66174695e-01
5.08500000e+02	4.63023683e-01
5.09500000e+02	4.59875659e-01
5.10500000e+02	4.56731114e-01
5.11500000e+02	4.53590545e-01
5.12500000e+02	4.50454460e-01
5.13500000e+02	4.47323373e-01
5.14500000e+02	4.44197810e-01
5.15500000e+02	4.41078305e-01
5.16500000e+02	4.37965402e-01
5.17500000e+02	4.34859655e-01
5.18500000e+02	4.31761626e-01
5.19500000e+02	4.28671887e-01
5.20500000e+02	4.25591022e-01
5.21500000e+02	4.22519620e-01
5.22500000e+02	4.19458281e-01
5.23500000e+02	4.16407613e-01
5.24500000e+02	4.13368231e-01
5.25500000e+02	4.10340758e-01
5.26500000e+02	4.07325821e-01
5.27500000e+02	4.04324056e-01
5.28500000e+02	4.01336099e-01
5.29500000e+02	3.98362592e-01
5.30500000e+02	3.95404180e-01
5.31500000e+02	3.92461505e-01
5.32500000e+02	3.89535212e-01
5.33500000e+02	3.86625943e-01
5.34500000e+02	3.83734337e-01
5.35500000e+02	3.80861026e-01
5.36500000e+02	3.78006638e-01
5.37500000e+02	3.75171792e-01
5.38500000e+02	3.72357096e-01
5.39500000e+02	3.69563148e-01
5.40500000e+02	3.66790531e-01
5.41500000e+02	3.64039815e-01
5.42500000e+02	3.61311552e-01
5.43500000e+02	3.58606277e-01
5.44500000e+02	3.55924503e-01
5.45500000e+02	3.53266723e-01
5.46500000e+02	3.50633409e-01
5.47500000e+02	3.48025004e-01
5.48500000e+02	3.45441930e-01
5.49500000e+02	3.42884582e-01
5.50500000e+02	3.40353324e-01
5.51500000e+02	3.37848494e-01
5.52500000e+02	3.35370402e-01
5.53500000e+02	3.32919324e-01
5.54500000e+02	3.30495509e-01
5.55500000e+02	3.28099174e-01
5.56500000e+02	3.25730505e-01
5.57500000e+02	3.23389656e-01
5.58500000e+02	3.21076750e-01
5.59500000e+02	3.18791882e-01
5.60500000e+02	3.16535112e-01
5.61500000e+02	3.14306473e-01
5.62500000e+02	3.12105968e-01
5.63500000e+02	3.09933571e-01
5.64500000e+02	3.07789227e-01
5.65500000e+02	3.05672856e-01
5.66500000e+02	3.03584349e-01
5.67500000e+02	3.01523576e-01
5.68500000e+02	2.99490380e-01
5.69500000e+02	2.97484581e-01
5.70500000e+02	2.95505979e-01
5.71500000e+02	2.93554353e-01
5.72500000e+02	2.91629462e-01
5.73500000e+02	2.89731049e-01
5.74500000e+02	2.87858838e-01
5.75500000e+02	2.86012540e-01
5.76500000e+02	2.84191849e-01
5.77500000e+02	2.82396450e-01
5.78500000e+02	2.80626012e-01
5.79500000e+02	2.78880196e-01
5.80500000e+02	2.77158654e-01
5.81500000e+02	2.75461028e-01
5.82500000e+02	2.73786954e-01
5.83500000e+02	2.72136062e-01
5.84500000e+02	2.70507974e-01
5.85500000e+02	2.68902312e-01
5.86500000e+02	2.67318691e-01
5.87500000e+02	2.65756726e-01
5.88500000e+02	2.64216030e-01
5.89500000e+02	2.62696213e-01
5.90500000e+02	2.61196887e-01
5.91500000e+02	2.59717664e-01
5.92500000e+02	2.58258158e-01
5.93500000e+02	2.56817983e-01
5.94500000e+02	2.55396758e-01
5.95500000e+02	2.53994102e-01
5.96500000e+02	2.52609642e-01
5.97500000e+02	2.51243004e-01
5.98500000e+02	2.49893823e-01
5.99500000e+02	2.48561736e-01
6.00500000e+02	2.47246389e-01
6.01500000e+02	2.45947430e-01
6.02500000e+02	2.44664517e-01
6.03500000e+02	2.43397313e-01
6.04500000e+02	2.42145487e-01
6.05500000e+02	2.40908720e-01
6.06500000e+02	2.39686694e-01
6.07500000e+02	2.38479107e-01
6.08500000e+02	2.37285659e-01
6.09500000e+02	2.36106062e-01
6.10500000e+02	2.34940037e-01
6.11500000e+02	2.33787313e-01
6.12500000e+02	2.32647630e-01
6.13500000e+02	2.31520737e-01
6.14500000e+02	2.30406392e-01
6.15500000e+02	2.29304366e-01
6.16500000e+02	2.28214437e-01
6.17500000e+02	2.27136397e-01
6.18500000e+02	2.26070046e-01
6.19500000e+02	2.25015196e-01
6.20500000e+02	2.23971670e-01
6.21500000e+02	2.22939301e-01
6.22500000e+02	2.21917935e-01
6.23500000e+02	2.20907427e-01
6.24500000e+02	2.19907645e-01
6.25500000e+02	2.18918469e-01
6.26500000e+02	2.17939789e-01
6.27500000e+02	2.16971507e-01
6.28500000e+02	2.16013535e-01
6.29500000e+02	2.15065798e-01
6.30500000e+02	2.14128231e-01
6.31500000e+02	2.13200781e-01
6.32500000e+02	2.12283404e-01
6.33500000e+02	2.11376073e-01
6.34500000e+02	2.10478765e-01
6.35500000e+02	2.09591471e-01
6.36500000e+02	2.08714192e-01
6.37500000e+02	2.07846940e-01
6.38500000e+02	2.06989738e-01
6.39500000e+02	2.06142615e-01
6.40500000e+02	2.05305613e-01
6.41500000e+02	2.04478785e-01
6.42500000e+02	2.03662184e-01
6.43500000e+02	2.02855890e-01
6.44500000e+02	2.02059974e-01
6.45500000e+02	2.01274524e-01
6.46500000e+02	2.00499630e-01
6.47500000e+02	1.99735399e-01
6.48500000e+02	1.98981957e-01
6.49500000e+02	1.98239385e-01
6.50500000e+02	1.97507790e-01
6.51500000e+02	1.96787330e-01
6.52500000e+02	1.96078137e-01
6.53500000e+02	1.95380347e-01
6.54500000e+02	1.94694106e-01
6.55500000e+02	1.94019571e-01
6.56500000e+02	1.93356872e-01
6.57500000e+02	1.92706195e-01
6.58500000e+02	1.92067664e-01
6.59500000e+02	1.91441474e-01
6.60500000e+02	1.90827759e-01
6.61500000e+02	1.90226708e-01
6.62500000e+02	1.89638474e-01
6.63500000e+02	1.89063223e-01
6.64500000e+02	1.88501140e-01
6.65500000e+02	1.87952360e-01
6.66500000e+02	1.87417097e-01
6.67500000e+02	1.86895464e-01
6.68500000e+02	1.86387685e-01
6.69500000e+02	1.85893867e-01
6.70500000e+02	1.85414221e-01
6.71500000e+02	1.84948871e-01
6.72500000e+02	1.84497994e-01
6.73500000e+02	1.84061741e-01
6.74500000e+02	1.83640252e-01
6.75500000e+02	1.83233699e-01
6.76500000e+02	1.82842195e-01
6.77500000e+02	1.82465910e-01
6.78500000e+02	1.82104959e-01
6.79500000e+02	1.81759468e-01
6.80500000e+02	1.81429596e-01
6.81500000e+02	1.81115426e-01
6.82500000e+02	1.80817089e-01
6.83500000e+02	1.80534712e-01
6.84500000e+02	1.80268375e-01
6.85500000e+02	1.80018184e-01
6.86500000e+02	1.79784252e-01
6.87500000e+02	1.79566639e-01
6.88500000e+02	1.79365456e-01
6.89500000e+02	1.79180757e-01
6.90500000e+02	1.79012626e-01
6.91500000e+02	1.78861123e-01
6.92500000e+02	1.78726305e-01
6.93500000e+02	1.78608226e-01
6.94500000e+02	1.78506930e-01
6.95500000e+02	1.78422457e-01
6.96500000e+02	1.78354839e-01
6.97500000e+02	1.78304116e-01
6.98500000e+02	1.78270250e-01
6.99500000e+02	1.78253346e-01
