# x  rho Te j Ex q corrE ne Zbar
0.087519531 1 100.00123 -2.0555429e+10 -1.9473011e+15 1.7652112e+13 99 1.428e+29 1
0.087558594 1 100.00121 -9.8040926e+09 -1.9196359e+15 1.7416288e+13 99 1.428e+29 1
0.087597656 1 100.00119 -2.0187199e+09 -1.8924846e+15 1.718089e+13 99 1.428e+29 1
0.087636719 1 100.00117 3.2464808e+09 -1.8658217e+15 1.6946322e+13 99 1.428e+29 1
0.087675781 1 100.00116 6.4137772e+09 -1.8396227e+15 1.6712965e+13 99 1.428e+29 1
0.087714844 1 100.00114 7.8819137e+09 -1.8138644e+15 1.6481178e+13 99 1.428e+29 1
0.087753906 1 100.00113 8.0261111e+09 -1.7885246e+15 1.6251296e+13 99 1.428e+29 1
0.087792969 1 100.00111 7.1980665e+09 -1.7635824e+15 1.6023632e+13 99 1.428e+29 1
0.087832031 1 100.00109 5.7259538e+09 -1.7390179e+15 1.5798474e+13 99 1.428e+29 1
0.087871094 1 100.00108 3.9144233e+09 -1.7148125e+15 1.557609e+13 99 1.428e+29 1
0.087910156 1 100.00106 2.0446018e+09 -1.6909487e+15 1.5356722e+13 99 1.428e+29 1
0.087949219 1 100.00105 3.7409253e+08 -1.6674101e+15 1.5140591e+13 99 1.428e+29 1
0.087988281 1 100.00103 -8.6302471e+08 -1.6441815e+15 1.4927896e+13 99 1.428e+29 1
0.088027344 1 100.00102 -1.4561936e+09 -1.6212488e+15 1.4718809e+13 99 1.428e+29 1
0.088066406 1 100.00101 -1.2183814e+09 -1.5985992e+15 1.4513483e+13 99 1.428e+29 1
0.088105469 1 100.00099 13921186 -1.5762209e+15 1.4312047e+13 99 1.428e+29 1
0.088144531 1 100.00098 2.3807e+09 -1.5541033e+15 1.4114606e+13 99 1.428e+29 1
0.088183594 1 100.00096 5.9984173e+09 -1.5322369e+15 1.3921242e+13 99 1.428e+29 1
0.088222656 1 100.00095 1.0960012e+10 -1.5106135e+15 1.3732015e+13 99 1.428e+29 1
0.088261719 1 100.00094 1.7334899e+10 -1.489226e+15 1.3546963e+13 99 1.428e+29 1
0.093769531 1 100.00013 -2.1283675e+09 -2.0524353e+14 1.8605113e+12 99 1.428e+29 1
0.093808594 1 100.00013 -1.0165158e+09 -2.0232818e+14 1.835635e+12 99 1.428e+29 1
0.093847656 1 100.00013 -2.095852e+08 -1.994668e+14 1.8108115e+12 99 1.428e+29 1
0.093886719 1 100.00012 3.3770348e+08 -1.9665674e+14 1.7860816e+12 99 1.428e+29 1
0.093925781 1 100.00012 6.6833266e+08 -1.9389546e+14 1.7614839e+12 99 1.428e+29 1
0.093964844 1 100.00012 8.2298794e+08 -1.9118054e+14 1.7370548e+12 99 1.428e+29 1
0.094003906 1 100.00012 8.4005808e+08 -1.8850969e+14 1.7128285e+12 99 1.428e+29 1
0.094042969 1 100.00012 7.5563502e+08 -1.8588071e+14 1.6888368e+12 99 1.428e+29 1
0.094082031 1 100.00012 6.0351389e+08 -1.8329154e+14 1.6651096e+12 99 1.428e+29 1
0.094121094 1 100.00011 4.1519297e+08 -1.8074023e+14 1.6416741e+12 99 1.428e+29 1
0.094160156 1 100.00011 2.1987373e+08 -1.7822495e+14 1.6185558e+12 99 1.428e+29 1
0.094199219 1 100.00011 44460799 -1.7574397e+14 1.5957774e+12 99 1.428e+29 1
0.094238281 1 100.00011 -86437995 -1.7329569e+14 1.5733599e+12 99 1.428e+29 1
0.094277344 1 100.00011 -1.5051167e+08 -1.7087864e+14 1.5513217e+12 99 1.428e+29 1
0.094316406 1 100.00011 -1.2774605e+08 -1.6849144e+14 1.529679e+12 99 1.428e+29 1
0.094355469 1 100.0001 -423806.72 -1.6613284e+14 1.508446e+12 99 1.428e+29 1
0.094394531 1 100.0001 2.4687558e+08 -1.638017e+14 1.4876345e+12 99 1.428e+29 1
0.094433594 1 100.0001 6.2727579e+08 -1.6149702e+14 1.467254e+12 99 1.428e+29 1
0.094472656 1 100.0001 1.1516037e+09 -1.5921789e+14 1.4473119e+12 99 1.428e+29 1
0.094511719 1 100.0001 1.8283893e+09 -1.5696352e+14 1.4278133e+12 99 1.428e+29 1
0.090644531 1 100.0004 -6.5561366e+09 -6.321942e+14 5.7308131e+12 99 1.428e+29 1
0.090683594 1 100.00039 -3.1310681e+09 -6.232143e+14 5.6541883e+12 99 1.428e+29 1
0.090722656 1 100.00039 -6.4536549e+08 -6.1440064e+14 5.5777258e+12 99 1.428e+29 1
0.090761719 1 100.00038 1.040477e+09 -6.0574505e+14 5.5015514e+12 99 1.428e+29 1
0.090800781 1 100.00038 2.0588862e+09 -5.9723972e+14 5.4257843e+12 99 1.428e+29 1
0.090839844 1 100.00037 2.5352097e+09 -5.8887719e+14 5.3505364e+12 99 1.428e+29 1
0.090878906 1 100.00037 2.5877162e+09 -5.8065039e+14 5.2759131e+12 99 1.428e+29 1
0.090917969 1 100.00036 2.3275955e+09 -5.7255258e+14 5.2020127e+12 99 1.428e+29 1
0.090957031 1 100.00036 1.8589583e+09 -5.6457739e+14 5.1289267e+12 99 1.428e+29 1
0.090996094 1 100.00035 1.2788361e+09 -5.5671882e+14 5.0567397e+12 99 1.428e+29 1
0.091035156 1 100.00035 6.7718164e+08 -5.489712e+14 4.9855293e+12 99 1.428e+29 1
0.091074219 1 100.00034 1.3686858e+08 -5.4132925e+14 4.9153663e+12 99 1.428e+29 1
0.091113281 1 100.00034 -2.6630847e+08 -5.3378804e+14 4.8463148e+12 99 1.428e+29 1
0.091152344 1 100.00033 -4.636339e+08 -5.26343e+14 4.7784316e+12 99 1.428e+29 1
0.091191406 1 100.00033 -3.9347111e+08 -5.1898991e+14 4.711767e+12 99 1.428e+29 1
0.091230469 1 100.00032 -1262504.1 -5.1172492e+14 4.6463641e+12 99 1.428e+29 1
0.091269531 1 100.00032 7.6047048e+08 -5.0454453e+14 4.5822595e+12 99 1.428e+29 1
0.091308594 1 100.00031 1.9321274e+09 -4.9744562e+14 4.5194825e+12 99 1.428e+29 1
0.091347656 1 100.00031 3.5470288e+09 -4.904254e+14 4.4580557e+12 99 1.428e+29 1
0.091386719 1 100.0003 5.6314163e+09 -4.8348148e+14 4.3979949e+12 99 1.428e+29 1
0.096894531 1 100.00004 -6.9078221e+08 -6.6632822e+13 6.0401405e+11 99 1.428e+29 1
0.096933594 1 100.00004 -3.2997863e+08 -6.5686359e+13 5.9595646e+11 99 1.428e+29 1
0.096972656 1 100.00004 -68100844 -6.475741e+13 5.8790256e+11 99 1.428e+29 1
0.097011719 1 100.00004 1.0953477e+08 -6.3845116e+13 5.7987031e+11 99 1.428e+29 1
0.097050781 1 100.00004 2.1686804e+08 -6.2948656e+13 5.718762e+11 99 1.428e+29 1
0.097089844 1 100.00004 2.67095e+08 -6.2067247e+13 5.6393533e+11 99 1.428e+29 1
0.097128906 1 100.00004 2.7266791e+08 -6.1200144e+13 5.5606134e+11 99 1.428e+29 1
0.097167969 1 100.00004 2.4529522e+08 -6.0346636e+13 5.4826645e+11 99 1.428e+29 1
0.097207031 1 100.00004 1.9594161e+08 -5.9506055e+13 5.4056145e+11 99 1.428e+29 1
0.097246094 1 100.00004 1.3482796e+08 -5.8677766e+13 5.3295571e+11 99 1.428e+29 1
0.097285156 1 100.00004 71431368 -5.7861174e+13 5.2545715e+11 99 1.428e+29 1
0.097324219 1 100.00004 14485148 -5.7055722e+13 5.1807226e+11 99 1.428e+29 1
0.097363281 1 100.00004 -28021184 -5.6260888e+13 5.1080613e+11 99 1.428e+29 1
0.097402344 1 100.00003 -48841897 -5.5476189e+13 5.0366238e+11 99 1.428e+29 1
0.097441406 1 100.00003 -41475047 -5.4701182e+13 4.9664323e+11 99 1.428e+29 1
0.097480469 1 100.00003 -162479.6 -5.3935456e+13 4.8974945e+11 99 1.428e+29 1
0.097519531 1 100.00003 80110171 -5.3178644e+13 4.829804e+11 99 1.428e+29 1
0.097558594 1 100.00003 2.0361348e+08 -5.2430411e+13 4.7633398e+11 99 1.428e+29 1
0.097597656 1 100.00003 3.7387424e+08 -5.1690463e+13 4.6980668e+11 99 1.428e+29 1
0.097636719 1 100.00003 5.9367546e+08 -5.0958542e+13 4.6339357e+11 99 1.428e+29 1
0.089082031 1 100.0007 -1.1511242e+10 -1.1095348e+15 1.0057954e+13 99 1.428e+29 1
0.089121094 1 100.00069 -5.4973014e+09 -1.0937745e+15 9.9234746e+12 99 1.428e+29 1
0.089160156 1 100.00068 -1.1330008e+09 -1.078306e+15 9.7892786e+12 99 1.428e+29 1
0.089199219 1 100.00067 1.8267236e+09 -1.063115e+15 9.6555877e+12 99 1.428e+29 1
0.089238281 1 100.00066 3.6144872e+09 -1.0481876e+15 9.5226108e+12 99 1.428e+29 1
0.089277344 1 100.00065 4.4504576e+09 -1.033511e+15 9.3905451e+12 99 1.428e+29 1
0.089316406 1 100.00064 4.5423543e+09 -1.0190725e+15 9.2595752e+12 99 1.428e+29 1
0.089355469 1 100.00063 4.0854488e+09 -1.0048605e+15 9.129874e+12 99 1.428e+29 1
0.089394531 1 100.00062 3.2625645e+09 -9.9086359e+14 9.0016021e+12 99 1.428e+29 1
0.089433594 1 100.00062 2.2440768e+09 -9.7707139e+14 8.874908e+12 99 1.428e+29 1
0.089472656 1 100.00061 1.187913e+09 -9.6347392e+14 8.7499281e+12 99 1.428e+29 1
0.089511719 1 100.0006 2.3955263e+08 -9.500619e+14 8.6267868e+12 99 1.428e+29 1
0.089550781 1 100.00059 -4.6797312e+08 -9.3682668e+14 8.5055961e+12 99 1.428e+29 1
0.089589844 1 100.00058 -8.1408095e+08 -9.2376023e+14 8.3864563e+12 99 1.428e+29 1
0.089628906 1 100.00057 -6.9063559e+08 -9.1085515e+14 8.2694552e+12 99 1.428e+29 1
0.089667969 1 100.00057 -1949830.7 -8.981047e+14 8.1546687e+12 99 1.428e+29 1
0.089707031 1 100.00056 1.3352155e+09 -8.8550274e+14 8.0421605e+12 99 1.428e+29 1
0.089746094 1 100.00055 3.3916517e+09 -8.7304377e+14 7.9319823e+12 99 1.428e+29 1
0.089785156 1 100.00054 6.2257017e+09 -8.6072293e+14 7.8241736e+12 99 1.428e+29 1
0.089824219 1 100.00053 9.8832607e+09 -8.4853598e+14 7.7187618e+12 99 1.428e+29 1
0.095332031 1 100.00007 -1.2128576e+09 -1.1694426e+14 1.0600858e+12 99 1.428e+29 1
0.095371094 1 100.00007 -5.7929069e+08 -1.1528314e+14 1.045912e+12 99 1.428e+29 1
0.095410156 1 100.00007 -1.1947721e+08 -1.1365277e+14 1.0317682e+12 99 1.428e+29 1
0.095449219 1 100.00007 1.9238498e+08 -1.1205165e+14 1.0176775e+12 99 1.428e+29 1
0.095488281 1 100.00007 3.8078907e+08 -1.1047832e+14 1.0036621e+12 99 1.428e+29 1
0.095527344 1 100.00007 4.6891928e+08 -1.089314e+14 9.8974279e+11 99 1.428e+29 1
0.095566406 1 100.00007 4.7865085e+08 -1.074096e+14 9.7593899e+11 99 1.428e+29 1
0.095605469 1 100.00007 4.3055002e+08 -1.0591165e+14 9.6226894e+11 99 1.428e+29 1
0.095644531 1 100.00007 3.4387408e+08 -1.0443639e+14 9.4874956e+11 99 1.428e+29 1
0.095683594 1 100.00006 2.365713e+08 -1.0298269e+14 9.3539651e+11 99 1.428e+29 1
0.095722656 1 100.00006 1.25281e+08 -1.0154953e+14 9.2222415e+11 99 1.428e+29 1
0.095761719 1 100.00006 25333511 -1.0013591e+14 9.0924558e+11 99 1.428e+29 1
0.095800781 1 100.00006 -49249832 -9.874092e+13 8.964726e+11 99 1.428e+29 1
0.095839844 1 100.00006 -85756662 -9.7363724e+13 8.8391573e+11 99 1.428e+29 1
0.095878906 1 100.00006 -72783596 -9.6003537e+13 8.7158424e+11 99 1.428e+29 1
0.095917969 1 100.00006 -236232.92 -9.4659647e+13 8.5948607e+11 99 1.428e+29 1
0.095957031 1 100.00006 1.4067085e+08 -9.3331407e+13 8.4762791e+11 99 1.428e+29 1
0.095996094 1 100.00006 3.5741408e+08 -9.2018239e+13 8.3601518e+11 99 1.428e+29 1
0.096035156 1 100.00006 6.5616092e+08 -9.0719627e+13 8.2465199e+11 99 1.428e+29 1
0.096074219 1 100.00006 1.0417698e+09 -8.9435127e+13 8.1354118e+11 99 1.428e+29 1
0.092207031 1 100.00023 -3.7354635e+09 -3.6021353e+14 3.2653062e+12 99 1.428e+29 1
0.092246094 1 100.00022 -1.7839818e+09 -3.5509694e+14 3.221647e+12 99 1.428e+29 1
0.092285156 1 100.00022 -3.6771907e+08 -3.5007506e+14 3.1780802e+12 99 1.428e+29 1
0.092324219 1 100.00022 5.9281183e+08 -3.4514325e+14 3.1346777e+12 99 1.428e+29 1
0.092363281 1 100.00021 1.1730643e+09 -3.4029706e+14 3.0915072e+12 99 1.428e+29 1
0.092402344 1 100.00021 1.4444578e+09 -3.3553223e+14 3.0486326e+12 99 1.428e+29 1
0.092441406 1 100.00021 1.4743782e+09 -3.3084474e+14 3.0061138e+12 99 1.428e+29 1
0.092480469 1 100.00021 1.3261776e+09 -3.2623074e+14 2.9640069e+12 99 1.428e+29 1
0.092519531 1 100.0002 1.0591744e+09 -3.2168661e+14 2.9223641e+12 99 1.428e+29 1
0.092558594 1 100.0002 7.2865304e+08 -3.1720893e+14 2.8812335e+12 99 1.428e+29 1
0.092597656 1 100.0002 3.858644e+08 -3.1279447e+14 2.8406593e+12 99 1.428e+29 1
0.092636719 1 100.00019 78025527 -3.0844021e+14 2.800682e+12 99 1.428e+29 1
0.092675781 1 100.00019 -1.5168027e+08 -3.0414336e+14 2.7613378e+12 99 1.428e+29 1
0.092714844 1 100.00019 -2.6410344e+08 -2.999013e+14 2.7226594e+12 99 1.428e+29 1
0.092753906 1 100.00019 -2.2412819e+08 -2.9571163e+14 2.6846753e+12 99 1.428e+29 1
0.092792969 1 100.00018 -672458.66 -2.9157216e+14 2.6474101e+12 99 1.428e+29 1
0.092832031 1 100.00018 4.3331203e+08 -2.874809e+14 2.6108846e+12 99 1.428e+29 1
0.092871094 1 100.00018 1.1008398e+09 -2.8343606e+14 2.5751155e+12 99 1.428e+29 1
0.092910156 1 100.00018 2.0208917e+09 -2.7943606e+14 2.5401157e+12 99 1.428e+29 1
0.092949219 1 100.00017 3.2084147e+09 -2.7547953e+14 2.5058941e+12 99 1.428e+29 1
0.085957031 1 100.00215 3.1999919e+09 -3.4151797e+15 3.1021295e+13 99 1.428e+29 1
0.085996094 1 100.00212 6.3400863e+09 -3.367703e+15 3.0591292e+13 99 1.428e+29 1
0.086035156 1 100.00209 8.2331895e+09 -3.3208177e+15 3.0166088e+13 99 1.428e+29 1
0.086074219 1 100.00206 9.075563e+09 -3.2745345e+15 2.9745791e+13 99 1.428e+29 1
0.086113281 1 100.00203 9.060292e+09 -3.2288616e+15 2.9330511e+13 99 1.428e+29 1
0.086152344 1 100.002 8.3772847e+09 -3.1838039e+15 2.8920356e+13 99 1.428e+29 1
0.086191406 1 100.00198 7.213273e+09 -3.1393638e+15 2.8515431e+13 99 1.428e+29 1
0.086230469 1 100.00195 5.751812e+09 -3.0955409e+15 2.8115841e+13 99 1.428e+29 1
0.086269531 1 100.00192 4.1732803e+09 -3.0523318e+15 2.7721689e+13 99 1.428e+29 1
0.086308594 1 100.00189 2.6548799e+09 -3.0097304e+15 2.7333078e+13 99 1.428e+29 1
0.086347656 1 100.00187 1.3706361e+09 -2.9677277e+15 2.6950106e+13 99 1.428e+29 1
0.086386719 1 100.00184 4.9139761e+08 -2.9263121e+15 2.6572874e+13 99 1.428e+29 1
0.086425781 1 100.00182 1.8483653e+08 -2.885469e+15 2.6201479e+13 99 1.428e+29 1
0.086464844 1 100.00179 6.1544836e+08 -2.8451809e+15 2.5836017e+13 99 1.428e+29 1
0.086503906 1 100.00177 1.944552e+09 -2.8054278e+15 2.5476582e+13 99 1.428e+29 1
0.086542969 1 100.00174 4.3302897e+09 -2.7661865e+15 2.5123269e+13 99 1.428e+29 1
0.086582031 1 100.00172 7.9276271e+09 -2.7274313e+15 2.4776168e+13 99 1.428e+29 1
0.086621094 1 100.00169 1.2888353e+10 -2.6891335e+15 2.443537e+13 99 1.428e+29 1
0.086660156 1 100.00167 1.9361081e+10 -2.6512617e+15 2.4100964e+13 99 1.428e+29 1
0.086699219 1 100.00165 2.7491245e+10 -2.6137816e+15 2.3773038e+13 99 1.428e+29 1
0.098457031 1 100.00002 -3.9297945e+08 -3.796605e+13 3.4371588e+11 99 1.428e+29 1
0.098496094 1 100.00002 -1.901063e+08 -3.742755e+13 3.4094188e+11 99 1.428e+29 1
0.098535156 1 100.00002 -41641076 -3.6898467e+13 3.3685759e+11 99 1.428e+29 1
0.098574219 1 100.00002 60101016 -3.6378508e+13 3.3192977e+11 99 1.428e+29 1
0.098613281 1 100.00002 1.2248373e+08 -3.5867371e+13 3.2655559e+11 99 1.428e+29 1
0.098652344 1 100.00002 1.5254977e+08 -3.5364745e+13 3.2106264e+11 99 1.428e+29 1
0.098691406 1 100.00002 1.5702078e+08 -3.4870313e+13 3.1570894e+11 99 1.428e+29 1
0.098730469 1 100.00002 1.4229734e+08 -3.4383749e+13 3.1068293e+11 99 1.428e+29 1
0.098769531 1 100.00002 1.14459e+08 -3.3904719e+13 3.0610348e+11 99 1.428e+29 1
0.098808594 1 100.00002 79264230 -3.343288e+13 3.0201987e+11 99 1.428e+29 1
0.098847656 1 100.00002 42150466 -3.2967884e+13 2.984118e+11 99 1.428e+29 1
0.098886719 1 100.00002 8234080 -3.2509371e+13 2.9518941e+11 99 1.428e+29 1
0.098925781 1 100.00002 -17689608 -3.2056977e+13 2.9219325e+11 99 1.428e+29 1
0.098964844 1 100.00002 -31146331 -3.1610327e+13 2.8919429e+11 99 1.428e+29 1
0.099003906 1 100.00002 -27982877 -3.1169039e+13 2.8589394e+11 99 1.428e+29 1
0.099042969 1 100.00002 -4367088.2 -3.0732724e+13 2.8192401e+11 99 1.428e+29 1
0.099082031 1 100.00002 43212140 -3.0300984e+13 2.7684675e+11 99 1.428e+29 1
0.099121094 1 100.00002 1.1794486e+08 -2.9873413e+13 2.7015481e+11 99 1.428e+29 1
0.099160156 1 100.00002 2.2270006e+08 -2.9449596e+13 2.612713e+11 99 1.428e+29 1
0.099199219 1 100.00002 3.600257e+08 -2.9029114e+13 2.4954972e+11 99 1.428e+29 1
0.088300781 1 100.00092 1.703598e+10 -1.4684328e+15 1.3357733e+13 99 1.428e+29 1
0.088339844 1 100.00091 1.041549e+10 -1.4482141e+15 1.3164647e+13 99 1.428e+29 1
0.088378906 1 100.0009 5.5285001e+09 -1.4282046e+15 1.2975946e+13 99 1.428e+29 1
0.088417969 1 100.00089 2.1508856e+09 -1.4084101e+15 1.2791364e+13 99 1.428e+29 1
0.088457031 1 100.00087 63125122 -1.3888362e+15 1.2610636e+13 99 1.428e+29 1
0.088496094 1 100.00086 -9.4969647e+08 -1.3694888e+15 1.2433506e+13 99 1.428e+29 1
0.088535156 1 100.00085 -1.0978889e+09 -1.3503731e+15 1.2259721e+13 99 1.428e+29 1
0.088574219 1 100.00084 -5.8715612e+08 -1.3314947e+15 1.2089035e+13 99 1.428e+29 1
0.088613281 1 100.00083 3.8140324e+08 -1.3128587e+15 1.1921208e+13 99 1.428e+29 1
0.088652344 1 100.00081 1.6112963e+09 -1.2944703e+15 1.1756003e+13 99 1.428e+29 1
0.088691406 1 100.0008 2.9106357e+09 -1.2763344e+15 1.1593192e+13 99 1.428e+29 1
0.088730469 1 100.00079 4.0921397e+09 -1.2584561e+15 1.1432549e+13 99 1.428e+29 1
0.088769531 1 100.00078 4.9731321e+09 -1.2408401e+15 1.1273857e+13 99 1.428e+29 1
0.088808594 1 100.00077 5.3755423e+09 -1.2234909e+15 1.1116902e+13 99 1.428e+29 1
0.088847656 1 100.00076 5.1259051e+09 -1.2064132e+15 1.0961477e+13 99 1.428e+29 1
0.088886719 1 100.00075 4.0553613e+09 -1.1896114e+15 1.0807379e+13 99 1.428e+29 1
0.088925781 1 100.00074 1.9996568e+09 -1.1730897e+15 1.0654412e+13 99 1.428e+29 1
0.088964844 1 100.00073 -1.2008566e+09 -1.1568523e+15 1.0502385e+13 99 1.428e+29 1
0.089003906 1 100.00072 -5.7012217e+09 -1.1409033e+15 1.0351113e+13 99 1.428e+29 1
0.089042969 1 100.00071 -1.1651876e+10 -1.1252465e+15 1.0200416e+13 99 1.428e+29 1
0.094550781 1 100.0001 1.7995486e+09 -1.5477186e+14 1.4078722e+12 99 1.428e+29 1
0.094589844 1 100.0001 1.0994751e+09 -1.5264088e+14 1.3875194e+12 99 1.428e+29 1
0.094628906 1 100.00009 5.8294232e+08 -1.5053192e+14 1.3676298e+12 99 1.428e+29 1
0.094667969 1 100.00009 2.2614187e+08 -1.4844561e+14 1.3481748e+12 99 1.428e+29 1
0.094707031 1 100.00009 5770767.7 -1.4638254e+14 1.3291266e+12 99 1.428e+29 1
0.094746094 1 100.00009 -1.0096865e+08 -1.4434333e+14 1.3104578e+12 99 1.428e+29 1
0.094785156 1 100.00009 -1.1636869e+08 -1.4232854e+14 1.2921419e+12 99 1.428e+29 1
0.094824219 1 100.00009 -62216284 -1.4033875e+14 1.2741527e+12 99 1.428e+29 1
0.094863281 1 100.00009 40206958 -1.3837451e+14 1.2564648e+12 99 1.428e+29 1
0.094902344 1 100.00009 1.701248e+08 -1.3643638e+14 1.2390532e+12 99 1.428e+29 1
0.094941406 1 100.00008 3.0726634e+08 -1.3452487e+14 1.2218938e+12 99 1.428e+29 1
0.094980469 1 100.00008 4.3186604e+08 -1.326405e+14 1.2049629e+12 99 1.428e+29 1
0.095019531 1 100.00008 5.2466373e+08 -1.3078377e+14 1.1882373e+12 99 1.428e+29 1
0.095058594 1 100.00008 5.6690455e+08 -1.2895519e+14 1.1716948e+12 99 1.428e+29 1
0.095097656 1 100.00008 5.4033903e+08 -1.2715521e+14 1.1553133e+12 99 1.428e+29 1
0.095136719 1 100.00008 4.2722303e+08 -1.2538431e+14 1.1390717e+12 99 1.428e+29 1
0.095175781 1 100.00008 2.1031779e+08 -1.2364294e+14 1.1229494e+12 99 1.428e+29 1
0.095214844 1 100.00008 -1.2711014e+08 -1.2193153e+14 1.1069262e+12 99 1.428e+29 1
0.095253906 1 100.00008 -6.0128882e+08 -1.202505e+14 1.0909828e+12 99 1.428e+29 1
0.095292969 1 100.00007 -1.227941e+09 -1.1860028e+14 1.0751003e+12 99 1.428e+29 1
0.091425781 1 100.0003 5.5426049e+09 -4.7673069e+14 4.3365712e+12 99 1.428e+29 1
0.091464844 1 100.0003 3.3865429e+09 -4.7016681e+14 4.27388e+12 99 1.428e+29 1
0.091503906 1 100.00029 1.7957105e+09 -4.6367076e+14 4.2126153e+12 99 1.428e+29 1
0.091542969 1 100.00029 6.9679594e+08 -4.5724445e+14 4.1526893e+12 99 1.428e+29 1
0.091582031 1 100.00028 18041935 -4.5088977e+14 4.0940163e+12 99 1.428e+29 1
0.091621094 1 100.00028 -3.1075418e+08 -4.4460855e+14 4.036512e+12 99 1.428e+29 1
0.091660156 1 100.00028 -3.5824053e+08 -4.3840257e+14 3.9800945e+12 99 1.428e+29 1
0.091699219 1 100.00027 -1.9151066e+08 -4.322736e+14 3.9246833e+12 99 1.428e+29 1
0.091738281 1 100.00027 1.2389642e+08 -4.2622334e+14 3.8702001e+12 99 1.428e+29 1
0.091777344 1 100.00026 5.2399628e+08 -4.2025346e+14 3.8165682e+12 99 1.428e+29 1
0.091816406 1 100.00026 9.4635906e+08 -4.1436559e+14 3.763713e+12 99 1.428e+29 1
0.091855469 1 100.00026 1.3301094e+09 -4.0856134e+14 3.7115615e+12 99 1.428e+29 1
0.091894531 1 100.00025 1.6159266e+09 -4.0284223e+14 3.6600427e+12 99 1.428e+29 1
0.091933594 1 100.00025 1.7460445e+09 -3.9720979e+14 3.6090876e+12 99 1.428e+29 1
0.091972656 1 100.00025 1.6642514e+09 -3.9166548e+14 3.5586288e+12 99 1.428e+29 1
0.092011719 1 100.00024 1.3158902e+09 -3.8621073e+14 3.5086009e+12 99 1.428e+29 1
0.092050781 1 100.00024 6.4785849e+08 -3.8084692e+14 3.4589403e+12 99 1.428e+29 1
0.092089844 1 100.00024 -3.9139172e+08 -3.755754e+14 3.4095853e+12 99 1.428e+29 1
0.092128906 1 100.00023 -1.8518538e+09 -3.7039748e+14 3.3604762e+12 99 1.428e+29 1
0.092167969 1 100.00023 -3.7819666e+09 -3.6531443e+14 3.3115548e+12 99 1.428e+29 1
0.097675781 1 100.00003 5.8415129e+08 -5.0247059e+13 4.5702353e+11 99 1.428e+29 1
0.097714844 1 100.00003 3.5662321e+08 -4.9555309e+13 4.5060064e+11 99 1.428e+29 1
0.097753906 1 100.00003 1.8888022e+08 -4.8870652e+13 4.4419475e+11 99 1.428e+29 1
0.097792969 1 100.00003 73122283 -4.8193308e+13 4.3784301e+11 99 1.428e+29 1
0.097832031 1 100.00003 1724183.4 -4.7523493e+13 4.3157576e+11 99 1.428e+29 1
0.097871094 1 100.00003 -32764499 -4.6861414e+13 4.2541655e+11 99 1.428e+29 1
0.097910156 1 100.00003 -37619381 -4.620727e+13 4.1938216e+11 99 1.428e+29 1
0.097949219 1 100.00003 -19941274 -4.5561255e+13 4.1348254e+11 99 1.428e+29 1
0.097988281 1 100.00003 13343809 -4.4923552e+13 4.077209e+11 99 1.428e+29 1
0.098027344 1 100.00003 55484662 -4.4294342e+13 4.0209361e+11 99 1.428e+29 1
0.098066406 1 100.00003 99904879 -4.3673793e+13 3.9659029e+11 99 1.428e+29 1
0.098105469 1 100.00003 1.4020286e+08 -4.3062071e+13 3.9119375e+11 99 1.428e+29 1
0.098144531 1 100.00003 1.701518e+08 -4.2459331e+13 3.8588e+11 99 1.428e+29 1
0.098183594 1 100.00003 1.8369971e+08 -4.1865721e+13 3.8061828e+11 99 1.428e+29 1
0.098222656 1 100.00003 1.749694e+08 -4.1281385e+13 3.7537104e+11 99 1.428e+29 1
0.098261719 1 100.00003 1.3825846e+08 -4.0706455e+13 3.7009392e+11 99 1.428e+29 1
0.098300781 1 100.00003 68039323 -4.014106e+13 3.6473578e+11 99 1.428e+29 1
0.098339844 1 100.00002 -41040806 -3.9585318e+13 3.5923869e+11 99 1.428e+29 1
0.098378906 1 100.00002 -1.9415991e+08 -3.9039343e+13 3.5353794e+11 99 1.428e+29 1
0.098417969 1 100.00002 -3.9632116e+08 -3.850324e+13 3.47562e+11 99 1.428e+29 1
0.089863281 1 100.00053 9.7270791e+09 -8.3668801e+14 7.6109586e+12 99 1.428e+29 1
0.089902344 1 100.00052 5.9434299e+09 -8.2516804e+14 7.5009313e+12 99 1.428e+29 1
0.089941406 1 100.00051 3.1516441e+09 -8.1376712e+14 7.3934075e+12 99 1.428e+29 1
0.089980469 1 100.00051 1.2230904e+09 -8.0248861e+14 7.2882332e+12 99 1.428e+29 1
0.090019531 1 100.0005 31861920 -7.9133581e+14 7.1852578e+12 99 1.428e+29 1
0.090058594 1 100.00049 -5.4522373e+08 -7.8031193e+14 7.0843337e+12 99 1.428e+29 1
0.090097656 1 100.00048 -6.2862474e+08 -7.6942012e+14 6.9853168e+12 99 1.428e+29 1
0.090136719 1 100.00048 -3.3607493e+08 -7.5866344e+14 6.8880662e+12 99 1.428e+29 1
0.090175781 1 100.00047 2.1741624e+08 -7.4804491e+14 6.7924442e+12 99 1.428e+29 1
0.090214844 1 100.00046 9.1956364e+08 -7.3756746e+14 6.6983164e+12 99 1.428e+29 1
0.090253906 1 100.00046 1.6608065e+09 -7.2723395e+14 6.6055517e+12 99 1.428e+29 1
0.090292969 1 100.00045 2.3343084e+09 -7.1704717e+14 6.5140221e+12 99 1.428e+29 1
0.090332031 1 100.00045 2.8359571e+09 -7.0700983e+14 6.4236032e+12 99 1.428e+29 1
0.090371094 1 100.00044 3.0643651e+09 -6.971246e+14 6.3341734e+12 99 1.428e+29 1
0.090410156 1 100.00043 2.9208688e+09 -6.8739403e+14 6.2456147e+12 99 1.428e+29 1
0.090449219 1 100.00043 2.3095292e+09 -6.7782065e+14 6.1578123e+12 99 1.428e+29 1
0.090488281 1 100.00042 1.1371315e+09 -6.6840688e+14 6.0706545e+12 99 1.428e+29 1
0.090527344 1 100.00041 -6.8681453e+08 -6.5915509e+14 5.9840332e+12 99 1.428e+29 1
0.090566406 1 100.00041 -3.2500751e+09 -6.5006757e+14 5.8978432e+12 99 1.428e+29 1
0.090605469 1 100.0004 -6.6376917e+09 -6.4114654e+14 5.8119827e+12 99 1.428e+29 1
0.096113281 1 100.00006 1.0252994e+09 -8.8186358e+13 8.021801e+11 99 1.428e+29 1
0.096152344 1 100.00005 6.2637941e+08 -8.6972164e+13 7.905853e+11 99 1.428e+29 1
0.096191406 1 100.00005 3.3206522e+08 -8.5770515e+13 7.7925307e+11 99 1.428e+29 1
0.096230469 1 100.00005 1.2878153e+08 -8.4581768e+13 7.6816763e+11 99 1.428e+29 1
0.096269531 1 100.00005 3242464.8 -8.3406268e+13 7.5731349e+11 99 1.428e+29 1
0.096308594 1 100.00005 -57548478 -8.2244356e+13 7.4667541e+11 99 1.428e+29 1
0.096347656 1 100.00005 -66298401 -8.1096363e+13 7.3623846e+11 99 1.428e+29 1
0.096386719 1 100.00005 -35425016 -7.9962615e+13 7.2598796e+11 99 1.428e+29 1
0.096425781 1 100.00005 22943354 -7.8843427e+13 7.1590951e+11 99 1.428e+29 1
0.096464844 1 100.00005 96967778 -7.7739109e+13 7.0598898e+11 99 1.428e+29 1
0.096503906 1 100.00005 1.7509871e+08 -7.6649963e+13 6.9621253e+11 99 1.428e+29 1
0.096542969 1 100.00005 2.4607601e+08 -7.5576283e+13 6.8656658e+11 99 1.428e+29 1
0.096582031 1 100.00005 2.9892892e+08 -7.4518355e+13 6.7703783e+11 99 1.428e+29 1
0.096621094 1 100.00005 3.2297606e+08 -7.3476458e+13 6.6761325e+11 99 1.428e+29 1
0.096660156 1 100.00005 3.0782546e+08 -7.2450863e+13 6.582801e+11 99 1.428e+29 1
0.096699219 1 100.00004 2.4337453e+08 -7.1441834e+13 6.4902589e+11 99 1.428e+29 1
0.096738281 1 100.00004 1.1981007e+08 -7.0449628e+13 6.3983843e+11 99 1.428e+29 1
0.096777344 1 100.00004 -72391719 -6.9474492e+13 6.3070579e+11 99 1.428e+29 1
0.096816406 1 100.00004 -3.4246525e+08 -6.8516668e+13 6.2161632e+11 99 1.428e+29 1
0.096855469 1 100.00004 -6.9935556e+08 -6.7576389e+13 6.1255864e+11 99 1.428e+29 1
0.092988281 1 100.00017 3.1578036e+09 -2.7163305e+14 2.4708962e+12 99 1.428e+29 1
0.093027344 1 100.00017 1.9294282e+09 -2.6789306e+14 2.4351762e+12 99 1.428e+29 1
0.093066406 1 100.00017 1.0230804e+09 -2.6419171e+14 2.4002689e+12 99 1.428e+29 1
0.093105469 1 100.00016 3.9699355e+08 -2.6053011e+14 2.3661243e+12 99 1.428e+29 1
0.093144531 1 100.00016 10286354 -2.5690932e+14 2.3326936e+12 99 1.428e+29 1
0.093183594 1 100.00016 -1.7703716e+08 -2.5333038e+14 2.2999289e+12 99 1.428e+29 1
0.093222656 1 100.00016 -2.0408754e+08 -2.4979432e+14 2.2677834e+12 99 1.428e+29 1
0.093261719 1 100.00016 -1.0909001e+08 -2.4630214e+14 2.2362112e+12 99 1.428e+29 1
0.093300781 1 100.00015 70615606 -2.428548e+14 2.2051677e+12 99 1.428e+29 1
0.093339844 1 100.00015 2.9857485e+08 -2.3945326e+14 2.1746094e+12 99 1.428e+29 1
0.093378906 1 100.00015 5.3921863e+08 -2.3609846e+14 2.1444935e+12 99 1.428e+29 1
0.093417969 1 100.00015 7.5786322e+08 -2.3279129e+14 2.1147786e+12 99 1.428e+29 1
0.093457031 1 100.00014 9.2071026e+08 -2.2953264e+14 2.0854243e+12 99 1.428e+29 1
0.093496094 1 100.00014 9.9484678e+08 -2.2632337e+14 2.056391e+12 99 1.428e+29 1
0.093535156 1 100.00014 9.4824515e+08 -2.2316432e+14 2.0276406e+12 99 1.428e+29 1
0.093574219 1 100.00014 7.4976313e+08 -2.2005629e+14 1.9991357e+12 99 1.428e+29 1
0.093613281 1 100.00014 3.6914385e+08 -2.1700008e+14 1.9708401e+12 99 1.428e+29 1
0.093652344 1 100.00013 -2.229842e+08 -2.1399646e+14 1.9427187e+12 99 1.428e+29 1
0.093691406 1 100.00013 -1.0551072e+09 -2.1104617e+14 1.9147373e+12 99 1.428e+29 1
0.093730469 1 100.00013 -2.1548258e+09 -2.0814993e+14 1.8868629e+12 99 1.428e+29 1
0.086738281 1 100.00162 2.6428182e+10 -2.5772667e+15 2.3440365e+13 99 1.428e+29 1
0.086777344 1 100.0016 1.6743622e+10 -2.5417313e+15 2.3103461e+13 99 1.428e+29 1
0.086816406 1 100.00158 9.4048111e+09 -2.5065811e+15 2.2773541e+13 99 1.428e+29 1
0.086855469 1 100.00156 4.1729228e+09 -2.4718225e+15 2.2450293e+13 99 1.428e+29 1
0.086894531 1 100.00153 8.0069975e+08 -2.4374619e+15 2.2133397e+13 99 1.428e+29 1
0.086933594 1 100.00151 -9.6754667e+08 -2.4035058e+15 2.1822525e+13 99 1.428e+29 1
0.086972656 1 100.00149 -1.3959358e+09 -2.3699613e+15 2.1517342e+13 99 1.428e+29 1
0.087011719 1 100.00147 -7.5701789e+08 -2.3368354e+15 2.1217506e+13 99 1.428e+29 1
0.087050781 1 100.00145 6.6822583e+08 -2.3041355e+15 2.092267e+13 99 1.428e+29 1
0.087089844 1 100.00143 2.5903833e+09 -2.2718691e+15 2.0632476e+13 99 1.428e+29 1
0.087128906 1 100.00141 4.7116114e+09 -2.2400441e+15 2.0346562e+13 99 1.428e+29 1
0.087167969 1 100.00139 6.7256362e+09 -2.2086683e+15 2.0064557e+13 99 1.428e+29 1
0.087207031 1 100.00137 8.317753e+09 -2.17775e+15 1.9786082e+13 99 1.428e+29 1
0.087246094 1 100.00135 9.1648259e+09 -2.1472977e+15 1.9510754e+13 99 1.428e+29 1
0.087285156 1 100.00133 8.9352883e+09 -2.11732e+15 1.923818e+13 99 1.428e+29 1
0.087324219 1 100.00131 7.2891426e+09 -2.0878258e+15 1.8967962e+13 99 1.428e+29 1
0.087363281 1 100.0013 3.8779603e+09 -2.0588243e+15 1.8699691e+13 99 1.428e+29 1
0.087402344 1 100.00128 -1.655118e+09 -2.0303247e+15 1.8432955e+13 99 1.428e+29 1
0.087441406 1 100.00126 -9.6753827e+09 -2.0023365e+15 1.8167333e+13 99 1.428e+29 1
0.087480469 1 100.00124 -2.0556555e+10 -1.9748696e+15 1.7902397e+13 99 1.428e+29 1
0.099238281 1 100.00002 3.393672e+08 -2.8628049e+13 2.5604116e+11 99 1.428e+29 1
0.099277344 1 100.00002 1.8269982e+08 -2.824159e+13 2.7036821e+11 99 1.428e+29 1
0.099316406 1 100.00002 79613793 -2.7853619e+13 2.7171385e+11 99 1.428e+29 1
0.099355469 1 100.00002 18876582 -2.7466195e+13 2.6461832e+11 99 1.428e+29 1
0.099394531 1 100.00002 -9622396.3 -2.7081079e+13 2.5293733e+11 99 1.428e+29 1
0.099433594 1 100.00002 -14871752 -2.669974e+13 2.3984207e+11 99 1.428e+29 1
0.099472656 1 100.00002 -4738123.8 -2.632335e+13 2.2781915e+11 99 1.428e+29 1
0.099511719 1 100.00002 14033818 -2.5952788e+13 2.1867066e+11 99 1.428e+29 1
0.099550781 1 100.00002 35821375 -2.5588635e+13 2.1351417e+11 99 1.428e+29 1
0.099589844 1 100.00002 56123818 -2.5231179e+13 2.1278267e+11 99 1.428e+29 1
0.099628906 1 100.00002 71562388 -2.4880412e+13 2.1622464e+11 99 1.428e+29 1
0.099667969 1 100.00002 79880296 -2.4536032e+13 2.2290401e+11 99 1.428e+29 1
0.099707031 1 100.00002 79942724 -2.4197441e+13 2.3120017e+11 99 1.428e+29 1
0.099746094 1 100.00002 71736823 -2.3863745e+13 2.3880797e+11 99 1.428e+29 1
0.099785156 1 100.00001 56371714 -2.3533758e+13 2.4273773e+11 99 1.428e+29 1
0.099824219 1 100.00001 36078490 -2.3205995e+13 2.3931521e+11 99 1.428e+29 1
0.099863281 1 100.00001 14210213 -2.2878679e+13 2.2418164e+11 99 1.428e+29 1
0.099902344 1 100.00001 -4758085.6 -2.2549737e+13 1.9229372e+11 99 1.428e+29 1
0.099941406 1 100.00001 -15229403 -2.22168e+13 1.3792359e+11 99 1.428e+29 1
0.099980469 1 100.00001 -10484768 -2.1877204e+13 5.465888e+10 99 1.428e+29 1
