0.000000000000000000e+00 -0.000000000000000000e+00
5.000000000000000000e-01 6.285500724699360847e+09
1.000000000000000000e+00 1.257153757377532387e+10
1.500000000000000000e+00 1.885864585035461426e+10
2.000000000000000000e+00 2.514736006483428955e+10
2.500000000000000000e+00 3.143821339125931931e+10
3.000000000000000000e+00 3.773173708308956146e+10
3.500000000000000000e+00 4.402845979419579315e+10
4.000000000000000000e+00 5.032890756851531982e+10
4.500000000000000000e+00 5.663360284794784546e+10
5.000000000000000000e+00 6.294306440113910675e+10
5.500000000000000000e+00 6.925780656166998291e+10
6.000000000000000000e+00 7.557833892163786316e+10
6.500000000000000000e+00 8.190516603882594299e+10
7.000000000000000000e+00 8.823878626203720093e+10
7.500000000000000000e+00 9.457969194112341309e+10
8.000000000000000000e+00 1.009283688296564941e+11
8.500000000000000000e+00 1.072852952811762390e+11
9.000000000000000000e+00 1.136509419363982086e+11
9.500000000000000000e+00 1.200257718099551849e+11
1.000000000000000000e+01 1.264102384560967712e+11
1.050000000000000000e+01 1.328047869628759308e+11
1.100000000000000000e+01 1.392098526647651062e+11
1.150000000000000000e+01 1.456258606069266663e+11
1.200000000000000000e+01 1.520532256493795776e+11
1.250000000000000000e+01 1.584923513390953369e+11
1.300000000000000000e+01 1.649436299924026184e+11
1.350000000000000000e+01 1.714074416875286255e+11
1.400000000000000000e+01 1.778841541695551758e+11
1.450000000000000000e+01 1.843741224271557312e+11
1.500000000000000000e+01 1.908776876551371155e+11
1.550000000000000000e+01 1.973951775897136230e+11
1.600000000000000000e+01 2.039269054053640747e+11
1.650000000000000000e+01 2.104731696137829590e+11
1.700000000000000000e+01 2.170342530711273499e+11
1.750000000000000000e+01 2.236104235322460632e+11
1.800000000000000000e+01 2.302019319526015320e+11
1.850000000000000000e+01 2.368090127162781067e+11
1.900000000000000000e+01 2.434318834867551575e+11
1.950000000000000000e+01 2.500707436195164795e+11
2.000000000000000000e+01 2.567257753213439026e+11
2.050000000000000000e+01 2.633971412900652771e+11
2.100000000000000000e+01 2.700849858590535583e+11
2.150000000000000000e+01 2.767894339218020630e+11
2.200000000000000000e+01 2.835105903661224976e+11
2.250000000000000000e+01 2.902485396845769653e+11
2.300000000000000000e+01 2.970033459370822144e+11
2.350000000000000000e+01 3.037750515733855591e+11
2.400000000000000000e+01 3.105636778022814941e+11
2.450000000000000000e+01 3.173692235923026733e+11
2.500000000000000000e+01 3.241916654730003052e+11
2.550000000000000000e+01 3.310309569947496948e+11
2.600000000000000000e+01 3.378870288114196167e+11
2.650000000000000000e+01 3.447597873625720825e+11
2.700000000000000000e+01 3.516491149804730835e+11
2.750000000000000000e+01 3.585548701884766235e+11
2.800000000000000000e+01 3.654768857075936279e+11
2.850000000000000000e+01 3.724149696250614014e+11
2.900000000000000000e+01 3.793689040072036743e+11
2.950000000000000000e+01 3.863384452160526123e+11
3.000000000000000000e+01 3.933233230337899170e+11
3.050000000000000000e+01 4.003232405554903564e+11
3.100000000000000000e+01 4.073378736881157837e+11
3.150000000000000000e+01 4.143668714041741943e+11
3.200000000000000000e+01 4.214098543027904053e+11
3.250000000000000000e+01 4.284664154695794678e+11
3.300000000000000000e+01 4.355361193631976318e+11
3.350000000000000000e+01 4.426185021279511108e+11
3.400000000000000000e+01 4.497130706333806152e+11
3.450000000000000000e+01 4.568193027487246094e+11
3.500000000000000000e+01 4.639366471695769653e+11
3.550000000000000000e+01 4.710645224232037354e+11
3.600000000000000000e+01 4.782023176327602539e+11
3.650000000000000000e+01 4.853493914726720581e+11
3.700000000000000000e+01 4.925050726917807617e+11
3.750000000000000000e+01 4.996686591000145264e+11
3.800000000000000000e+01 5.068394181869604492e+11
3.850000000000000000e+01 5.140165866790472412e+11
3.900000000000000000e+01 5.211993700464820557e+11
3.950000000000000000e+01 5.283869429386339111e+11
4.000000000000000000e+01 5.355784489046856079e+11
4.050000000000000000e+01 5.427730002093639526e+11
4.100000000000000000e+01 5.499696775696384277e+11
4.150000000000000000e+01 5.571675308213531494e+11
4.200000000000000000e+01 5.643655780059204102e+11
4.250000000000000000e+01 5.715628061407463379e+11
4.300000000000000000e+01 5.787581706058254395e+11
4.350000000000000000e+01 5.859505957052333984e+11
4.400000000000000000e+01 5.931389743383391113e+11
4.450000000000000000e+01 6.003221683861591797e+11
4.500000000000000000e+01 6.074990084964577637e+11
4.550000000000000000e+01 6.146682945467175293e+11
4.600000000000000000e+01 6.218287955717652588e+11
4.650000000000000000e+01 6.289792500684509277e+11
4.700000000000000000e+01 6.361183659981846924e+11
4.750000000000000000e+01 6.432448214857047119e+11
4.800000000000000000e+01 6.503572643693580322e+11
4.850000000000000000e+01 6.574543132161789551e+11
4.900000000000000000e+01 6.645345570617934570e+11
4.950000000000000000e+01 6.715965559309226074e+11
5.000000000000000000e+01 6.786388416400046387e+11
5.050000000000000000e+01 6.856599173636943359e+11
5.100000000000000000e+01 6.926582585982218018e+11
5.150000000000000000e+01 6.996323136991409912e+11
5.200000000000000000e+01 7.065805039109101562e+11
5.250000000000000000e+01 7.135012243016075439e+11
5.300000000000000000e+01 7.203928440289702148e+11
5.350000000000000000e+01 7.272537071956802979e+11
5.400000000000000000e+01 7.340821329685158691e+11
5.450000000000000000e+01 7.408764167762189941e+11
5.500000000000000000e+01 7.476348304386311035e+11
5.550000000000000000e+01 7.543556234959118652e+11
5.600000000000000000e+01 7.610370231433226318e+11
5.650000000000000000e+01 7.676772356225212402e+11
5.700000000000000000e+01 7.742744467922541504e+11
5.750000000000000000e+01 7.808268227511865234e+11
5.800000000000000000e+01 7.873325111084439697e+11
5.850000000000000000e+01 7.937896413611195068e+11
5.900000000000000000e+01 8.001963260865010986e+11
5.950000000000000000e+01 8.065506620814881592e+11
6.000000000000000000e+01 8.128507308503326416e+11
6.050000000000000000e+01 8.190945998967298584e+11
6.100000000000000000e+01 8.252803236829914551e+11
6.150000000000000000e+01 8.314059448636177979e+11
6.200000000000000000e+01 8.374694948874561768e+11
6.250000000000000000e+01 8.434689957107960205e+11
6.300000000000000000e+01 8.494024606377136230e+11
6.350000000000000000e+01 8.552678955072187500e+11
6.400000000000000000e+01 8.610632996216719971e+11
6.450000000000000000e+01 8.667866675681403809e+11
6.500000000000000000e+01 8.724359901451418457e+11
6.550000000000000000e+01 8.780092555010958252e+11
6.600000000000000000e+01 8.835044506680787354e+11
6.650000000000000000e+01 8.889195627742983398e+11
6.700000000000000000e+01 8.942525802590205078e+11
6.750000000000000000e+01 8.995014947607071533e+11
6.800000000000000000e+01 9.046643016573647461e+11
6.850000000000000000e+01 9.097390024952681885e+11
6.900000000000000000e+01 9.147236054884227295e+11
6.950000000000000000e+01 9.196161273517993164e+11
7.000000000000000000e+01 9.244145951298472900e+11
7.050000000000000000e+01 9.291170469016258545e+11
7.100000000000000000e+01 9.337215340298607178e+11
7.150000000000000000e+01 9.382261221163795166e+11
7.200000000000000000e+01 9.426288927044072266e+11
7.250000000000000000e+01 9.469279452607290039e+11
7.300000000000000000e+01 9.511213976422773438e+11
7.350000000000000000e+01 9.552073888791079102e+11
7.400000000000000000e+01 9.591840797781127930e+11
7.450000000000000000e+01 9.630496550597502441e+11
7.500000000000000000e+01 9.668023246327348633e+11
7.550000000000000000e+01 9.704403252058503418e+11
7.600000000000000000e+01 9.739619219505046387e+11
7.650000000000000000e+01 9.773654101298139648e+11
7.700000000000000000e+01 9.806491160781904297e+11
7.750000000000000000e+01 9.838113997955277100e+11
7.800000000000000000e+01 9.868506554542319336e+11
7.850000000000000000e+01 9.897653137749687500e+11
7.900000000000000000e+01 9.925538427363361816e+11
7.950000000000000000e+01 9.952147499964008789e+11
8.000000000000000000e+01 9.977465836601561279e+11
8.050000000000000000e+01 1.000147934147882324e+12
8.100000000000000000e+01 1.002417435674994141e+12
8.150000000000000000e+01 1.004553767478183228e+12
8.200000000000000000e+01 1.006555655425486084e+12
8.250000000000000000e+01 1.008421873584547485e+12
8.300000000000000000e+01 1.010151245192464722e+12
8.350000000000000000e+01 1.011742644347651733e+12
8.400000000000000000e+01 1.013194997399281128e+12
8.450000000000000000e+01 1.014507284153872559e+12
8.500000000000000000e+01 1.015678538877312378e+12
8.550000000000000000e+01 1.016707851988478516e+12
8.600000000000000000e+01 1.017594371141311157e+12
8.650000000000000000e+01 1.018337302322681396e+12
8.700000000000000000e+01 1.018935910961039795e+12
8.750000000000000000e+01 1.019389523308039307e+12
8.800000000000000000e+01 1.019697527118309570e+12
8.850000000000000000e+01 1.019859372788978271e+12
8.900000000000000000e+01 1.019874574817552368e+12
8.950000000000000000e+01 1.019742711842426392e+12
9.000000000000000000e+01 1.019463428463966919e+12
9.050000000000000000e+01 1.019036435335844238e+12
9.100000000000000000e+01 1.018461510500892700e+12
9.150000000000000000e+01 1.017738499775475830e+12
9.200000000000000000e+01 1.016867317783562988e+12
9.250000000000000000e+01 1.015847948210999878e+12
9.300000000000000000e+01 1.014680444650768066e+12
9.350000000000000000e+01 1.013364931279943848e+12
9.400000000000000000e+01 1.011901602915161255e+12
9.450000000000000000e+01 1.010290725739761597e+12
9.500000000000000000e+01 1.008532637735273438e+12
9.550000000000000000e+01 1.006627748961826904e+12
9.600000000000000000e+01 1.004576541382128906e+12
9.650000000000000000e+01 1.002379569808710327e+12
9.700000000000000000e+01 1.000037461310366699e+12
9.750000000000000000e+01 9.975509161548358154e+11
9.800000000000000000e+01 9.949207067025357666e+11
9.850000000000000000e+01 9.921476784407238770e+11
9.900000000000000000e+01 9.892327492844700928e+11
9.950000000000000000e+01 9.861769096922424316e+11
1.000000000000000000e+02 9.829812221663758545e+11
1.005000000000000000e+02 9.796468213499377441e+11
1.010000000000000000e+02 9.761749131614432373e+11
1.015000000000000000e+02 9.725667753446271973e+11
1.020000000000000000e+02 9.688237559005186768e+11
1.025000000000000000e+02 9.649472730941157227e+11
1.030000000000000000e+02 9.609388152472376709e+11
1.035000000000000000e+02 9.567999396419866943e+11
1.040000000000000000e+02 9.525322716234891357e+11
1.045000000000000000e+02 9.481375046797337646e+11
1.050000000000000000e+02 9.436173988308109131e+11
1.055000000000000000e+02 9.389737801245976562e+11
1.060000000000000000e+02 9.342085399040369873e+11
1.065000000000000000e+02 9.293236336500614014e+11
1.070000000000000000e+02 9.243210797741563721e+11
1.075000000000000000e+02 9.192029590610955811e+11
1.080000000000000000e+02 9.139714130288077393e+11
1.085000000000000000e+02 9.086286433490891113e+11
1.090000000000000000e+02 9.031769101118864746e+11
1.095000000000000000e+02 8.976185306845898438e+11
1.100000000000000000e+02 8.919558789264285889e+11
1.105000000000000000e+02 8.861913832099259033e+11
1.110000000000000000e+02 8.803275251144007568e+11
1.115000000000000000e+02 8.743668386454244385e+11
1.120000000000000000e+02 8.683119081928742676e+11
1.125000000000000000e+02 8.621653668108859863e+11
1.130000000000000000e+02 8.559298956786020508e+11
1.135000000000000000e+02 8.496082214037310791e+11
1.140000000000000000e+02 8.432031153544405518e+11
1.145000000000000000e+02 8.367173913701274414e+11
1.150000000000000000e+02 8.301539046779992676e+11
1.155000000000000000e+02 8.235155497430063477e+11
1.160000000000000000e+02 8.168052587307066650e+11
1.165000000000000000e+02 8.100260000537547607e+11
1.170000000000000000e+02 8.031807763022800293e+11
1.175000000000000000e+02 7.962726224706102295e+11
1.180000000000000000e+02 7.893046044851779785e+11
1.185000000000000000e+02 7.822798173071110840e+11
1.190000000000000000e+02 7.752013826213765869e+11
1.195000000000000000e+02 7.680724481156542969e+11
1.200000000000000000e+02 7.608961843958803711e+11
1.205000000000000000e+02 7.536757843197890625e+11
1.210000000000000000e+02 7.464144600442415771e+11
1.215000000000000000e+02 7.391154420233657227e+11
1.220000000000000000e+02 7.317819772280612793e+11
1.225000000000000000e+02 7.244173261974079590e+11
1.230000000000000000e+02 7.170247626777214355e+11
1.235000000000000000e+02 7.096075706394436035e+11
1.240000000000000000e+02 7.021690430350118408e+11
1.245000000000000000e+02 6.947124798885117188e+11
1.250000000000000000e+02 6.872411861655694580e+11
1.255000000000000000e+02 6.797584705723808594e+11
1.260000000000000000e+02 6.722676428637321777e+11
1.265000000000000000e+02 6.647720131352851562e+11
1.270000000000000000e+02 6.572748890679179688e+11
1.275000000000000000e+02 6.497795750456932373e+11
1.280000000000000000e+02 6.422893694651193848e+11
1.285000000000000000e+02 6.348075639779079590e+11
1.290000000000000000e+02 6.273374410420689697e+11
1.295000000000000000e+02 6.198822729347185059e+11
1.300000000000000000e+02 6.124453193408070068e+11
1.305000000000000000e+02 6.050298262578853760e+11
1.310000000000000000e+02 5.976390243543652344e+11
1.315000000000000000e+02 5.902761271441153564e+11
1.320000000000000000e+02 5.829443297562464600e+11
1.325000000000000000e+02 5.756468069661602783e+11
1.330000000000000000e+02 5.683867122110711670e+11
1.335000000000000000e+02 5.611671757781170654e+11
1.340000000000000000e+02 5.539913037110266113e+11
1.345000000000000000e+02 5.468621758426027222e+11
1.350000000000000000e+02 5.397828450636417236e+11
1.355000000000000000e+02 5.327563354836401978e+11
1.360000000000000000e+02 5.257856419947904663e+11
1.365000000000000000e+02 5.188737272090253296e+11
1.370000000000000000e+02 5.120235226887335815e+11
1.375000000000000000e+02 5.052379255738840942e+11
1.380000000000000000e+02 4.985197987457742310e+11
1.385000000000000000e+02 4.918719691373463135e+11
1.390000000000000000e+02 4.852972269100428467e+11
1.395000000000000000e+02 4.787983243644093018e+11
1.400000000000000000e+02 4.723779744542231445e+11
1.405000000000000000e+02 4.660388509653075562e+11
1.410000000000000000e+02 4.597835862047976074e+11
1.415000000000000000e+02 4.536147711350958862e+11
1.420000000000000000e+02 4.475349540672290039e+11
1.425000000000000000e+02 4.415466399447358398e+11
1.430000000000000000e+02 4.356522894964828491e+11
1.435000000000000000e+02 4.298543187877997437e+11
1.440000000000000000e+02 4.241550979407994995e+11
1.445000000000000000e+02 4.185569512115474243e+11
1.450000000000000000e+02 4.130621557437595215e+11
1.455000000000000000e+02 4.076729413102416382e+11
1.460000000000000000e+02 4.023914896259501343e+11
1.465000000000000000e+02 3.972199339774284058e+11
1.470000000000000000e+02 3.921603588095837402e+11
1.475000000000000000e+02 3.872147985853275146e+11
1.480000000000000000e+02 3.823852387696983032e+11
1.485000000000000000e+02 3.776736138829745483e+11
1.490000000000000000e+02 3.730818084946629028e+11
1.495000000000000000e+02 3.686116560679004517e+11
1.500000000000000000e+02 3.642649389098898926e+11
1.505000000000000000e+02 3.600433885337191772e+11
1.510000000000000000e+02 3.559486842765603027e+11
1.515000000000000000e+02 3.519824545762078857e+11
1.520000000000000000e+02 3.481462754457263184e+11
1.525000000000000000e+02 3.444416715345948486e+11
1.530000000000000000e+02 3.408701151843121338e+11
1.535000000000000000e+02 3.374330271289880981e+11
1.540000000000000000e+02 3.341317758682027588e+11
1.545000000000000000e+02 3.309676784244064941e+11
1.550000000000000000e+02 3.279419991885862427e+11
1.555000000000000000e+02 3.250559516458190308e+11
1.560000000000000000e+02 3.223106970809878540e+11
1.565000000000000000e+02 3.197073453466343994e+11
1.570000000000000000e+02 3.172469550893755493e+11
1.575000000000000000e+02 3.149305335768585815e+11
1.580000000000000000e+02 3.127590375253417969e+11
1.585000000000000000e+02 3.107333724381912842e+11
1.590000000000000000e+02 3.088543939479031982e+11
1.595000000000000000e+02 3.071229070467215576e+11
1.600000000000000000e+02 3.055396671622632446e+11
1.605000000000000000e+02 3.041053804683730469e+11
1.610000000000000000e+02 3.028207032478665161e+11
1.615000000000000000e+02 3.016862441129169312e+11
1.620000000000000000e+02 3.007025622941328735e+11
1.625000000000000000e+02 2.998701697183016968e+11
1.630000000000000000e+02 2.991895305647615967e+11
1.635000000000000000e+02 2.986610620243764038e+11
1.640000000000000000e+02 2.982851346477828369e+11
1.645000000000000000e+02 2.980620728935588379e+11
1.650000000000000000e+02 2.979921556260883789e+11
1.655000000000000000e+02 2.980756167333050537e+11
1.660000000000000000e+02 2.983126452588217163e+11
1.665000000000000000e+02 2.987033865264157104e+11
1.670000000000000000e+02 2.992479422351378784e+11
1.675000000000000000e+02 2.999463712966058350e+11
1.680000000000000000e+02 3.007986903969558105e+11
1.685000000000000000e+02 3.018048740650369263e+11
1.690000000000000000e+02 3.029648562983934326e+11
1.695000000000000000e+02 3.042785304095266724e+11
1.700000000000000000e+02 3.057457495994190674e+11
1.705000000000000000e+02 3.073663282782235107e+11
1.710000000000000000e+02 3.091400419533488159e+11
1.715000000000000000e+02 3.110666281500004272e+11
1.720000000000000000e+02 3.131457875118616333e+11
1.725000000000000000e+02 3.153771836394614868e+11
1.730000000000000000e+02 3.177604445279554443e+11
1.735000000000000000e+02 3.202951628110036011e+11
1.740000000000000000e+02 3.229808964017293701e+11
1.745000000000000000e+02 3.258171696407546387e+11
1.750000000000000000e+02 3.288034734422615967e+11
1.755000000000000000e+02 3.319392664891011963e+11
1.760000000000000000e+02 3.352239754293389893e+11
1.765000000000000000e+02 3.386569961168137817e+11
1.770000000000000000e+02 3.422376939065518188e+11
1.775000000000000000e+02 3.459654045423559570e+11
1.780000000000000000e+02 3.498394350463031006e+11
1.785000000000000000e+02 3.538590639133248901e+11
1.790000000000000000e+02 3.580235426131274414e+11
1.795000000000000000e+02 3.623320954336199341e+11
1.800000000000000000e+02 3.667839212584665527e+11
1.805000000000000000e+02 3.713781928394183960e+11
1.810000000000000000e+02 3.761140594112761841e+11
1.815000000000000000e+02 3.809906456465203857e+11
1.820000000000000000e+02 3.860070532574353027e+11
1.825000000000000000e+02 3.911623618967114258e+11
1.830000000000000000e+02 3.964556295283619995e+11
1.835000000000000000e+02 4.018858929857180786e+11
1.840000000000000000e+02 4.074521691780974731e+11
1.845000000000000000e+02 4.131534554678052979e+11
1.850000000000000000e+02 4.189887307807952271e+11
1.855000000000000000e+02 4.249569557010941772e+11
1.860000000000000000e+02 4.310570737938151855e+11
1.865000000000000000e+02 4.372880120802376099e+11
1.870000000000000000e+02 4.436486819365146484e+11
1.875000000000000000e+02 4.501379792662239990e+11
1.880000000000000000e+02 4.567547862395478516e+11
1.885000000000000000e+02 4.634979706350655518e+11
1.890000000000000000e+02 4.703663881293851318e+11
1.895000000000000000e+02 4.773588814630474854e+11
1.900000000000000000e+02 4.844742825157839966e+11
1.905000000000000000e+02 4.917114117780399170e+11
1.910000000000000000e+02 4.990690801168890991e+11
1.915000000000000000e+02 5.065460889128999023e+11
1.920000000000000000e+02 5.141412307454332275e+11
1.925000000000000000e+02 5.218532902414530029e+11
1.930000000000000000e+02 5.296810448945782471e+11
1.935000000000000000e+02 5.376232652564866943e+11
1.940000000000000000e+02 5.456787163411017456e+11
1.945000000000000000e+02 5.538461576615902100e+11
1.950000000000000000e+02 5.621243441669990234e+11
1.955000000000000000e+02 5.705120271823656006e+11
1.960000000000000000e+02 5.790079544697698975e+11
1.965000000000000000e+02 5.876108713986708984e+11
1.970000000000000000e+02 5.963195213304060059e+11
1.975000000000000000e+02 6.051326464907484131e+11
1.980000000000000000e+02 6.140489887027008057e+11
1.985000000000000000e+02 6.230672894085540771e+11
1.990000000000000000e+02 6.321862909640715332e+11
1.995000000000000000e+02 6.414047371352312012e+11
2.000000000000000000e+02 6.507213735468331299e+11
2.005000000000000000e+02 6.601349486056064453e+11
2.010000000000000000e+02 6.696442135212081299e+11
2.015000000000000000e+02 6.792479238302952881e+11
2.020000000000000000e+02 6.889448393110559082e+11
2.025000000000000000e+02 6.987337246485089111e+11
2.030000000000000000e+02 7.086133503726730957e+11
2.035000000000000000e+02 7.185824933573276367e+11
2.040000000000000000e+02 7.286399370908278809e+11
2.045000000000000000e+02 7.387844725742208252e+11
2.050000000000000000e+02 7.490148989163919678e+11
2.055000000000000000e+02 7.593300237611049805e+11
2.060000000000000000e+02 7.697286637805394287e+11
2.065000000000000000e+02 7.802096456128559570e+11
2.070000000000000000e+02 7.907718058164957275e+11
2.075000000000000000e+02 8.014139922765129395e+11
2.080000000000000000e+02 8.121350635432048340e+11
2.085000000000000000e+02 8.229338907420019531e+11
2.090000000000000000e+02 8.338093569916147461e+11
2.095000000000000000e+02 8.447603584619235840e+11
2.100000000000000000e+02 8.557858048694263916e+11
2.105000000000000000e+02 8.668846196931472168e+11
2.110000000000000000e+02 8.780557411667653809e+11
2.115000000000000000e+02 8.892981221847531738e+11
2.120000000000000000e+02 9.006107311409888916e+11
2.125000000000000000e+02 9.119925526073352051e+11
2.130000000000000000e+02 9.234425870661348877e+11
2.135000000000000000e+02 9.349598523345012207e+11
2.140000000000000000e+02 9.465433831847884521e+11
2.145000000000000000e+02 9.581922321797618408e+11
2.150000000000000000e+02 9.699054701632576904e+11
2.155000000000000000e+02 9.816821866573845215e+11
2.160000000000000000e+02 9.935214898838818359e+11
2.165000000000000000e+02 1.005422507717172119e+12
2.170000000000000000e+02 1.017384387973940430e+12
2.175000000000000000e+02 1.029406298360187134e+12
2.180000000000000000e+02 1.041487427494233276e+12
2.185000000000000000e+02 1.053626984731588623e+12
2.190000000000000000e+02 1.065824201029115112e+12
2.195000000000000000e+02 1.078078328797247559e+12
2.200000000000000000e+02 1.090388642578796265e+12
2.205000000000000000e+02 1.102754439288767334e+12
2.210000000000000000e+02 1.115175038571572998e+12
2.215000000000000000e+02 1.127649782917016602e+12
2.220000000000000000e+02 1.140178038378301514e+12
2.225000000000000000e+02 1.152759194466118164e+12
2.230000000000000000e+02 1.165392664525284912e+12
2.235000000000000000e+02 1.178077886306552734e+12
2.240000000000000000e+02 1.190814321575364746e+12
2.245000000000000000e+02 1.203601457138849121e+12
2.250000000000000000e+02 1.216438804707233398e+12
2.255000000000000000e+02 1.229325900751593018e+12
2.260000000000000000e+02 1.242262307673098877e+12
2.265000000000000000e+02 1.255247612949510986e+12
2.270000000000000000e+02 1.268281430132291748e+12
2.275000000000000000e+02 1.281363398565870117e+12
2.280000000000000000e+02 1.294493183726648438e+12
2.285000000000000000e+02 1.307670477645790771e+12
2.290000000000000000e+02 1.320894998384745850e+12
2.295000000000000000e+02 1.334166490874618164e+12
2.300000000000000000e+02 1.347484726632479004e+12
2.305000000000000000e+02 1.360849504184866699e+12
2.310000000000000000e+02 1.374260648842593018e+12
2.315000000000000000e+02 1.387718012726952148e+12
2.320000000000000000e+02 1.401221475731265869e+12
2.325000000000000000e+02 1.414770944268233154e+12
2.330000000000000000e+02 1.428366352384301025e+12
2.335000000000000000e+02 1.442007661322559326e+12
2.340000000000000000e+02 1.455694859693039062e+12
2.345000000000000000e+02 1.469427963435302002e+12
2.350000000000000000e+02 1.483207016025426025e+12
2.355000000000000000e+02 1.497032088116090088e+12
2.360000000000000000e+02 1.510903277904521484e+12
2.365000000000000000e+02 1.524820710915326172e+12
2.370000000000000000e+02 1.538784540211381592e+12
2.375000000000000000e+02 1.552794945778301758e+12
2.380000000000000000e+02 1.566852135364512939e+12
2.385000000000000000e+02 1.580956343507034668e+12
2.390000000000000000e+02 1.595107832093885254e+12
2.395000000000000000e+02 1.609306890209235840e+12
2.400000000000000000e+02 1.623553833758086182e+12
2.405000000000000000e+02 1.637849005383174316e+12
2.410000000000000000e+02 1.652192775007780029e+12
2.415000000000000000e+02 1.666585538688054443e+12
2.420000000000000000e+02 1.681027719419115967e+12
2.425000000000000000e+02 1.695519766361572021e+12
2.430000000000000000e+02 1.710062155122138428e+12
2.435000000000000000e+02 1.724655387304703125e+12
2.440000000000000000e+02 1.739299990624319336e+12
2.445000000000000000e+02 1.753996518465385010e+12
2.450000000000000000e+02 1.768745549928292725e+12
2.455000000000000000e+02 1.783547689543360107e+12
2.460000000000000000e+02 1.798403566923188477e+12
2.465000000000000000e+02 1.813313837205253662e+12
2.470000000000000000e+02 1.828279179732200439e+12
2.475000000000000000e+02 1.843300299120579834e+12
2.480000000000000000e+02 1.858377924029210938e+12
2.485000000000000000e+02 1.873512807622329834e+12
2.490000000000000000e+02 1.888705726503941406e+12
2.495000000000000000e+02 1.903957481822977051e+12
2.500000000000000000e+02 1.919268897670309326e+12
2.505000000000000000e+02 1.934640821639904297e+12
2.510000000000000000e+02 1.950074124227926025e+12
2.515000000000000000e+02 1.965569698811851318e+12
2.520000000000000000e+02 1.981128461360122070e+12
2.525000000000000000e+02 1.996751349885830322e+12
2.530000000000000000e+02 2.012439324664626709e+12
2.535000000000000000e+02 2.028193367580069336e+12
2.540000000000000000e+02 2.044014481989302734e+12
2.545000000000000000e+02 2.059903692420033203e+12
2.550000000000000000e+02 2.075862044583093262e+12
2.555000000000000000e+02 2.091890604532953369e+12
2.560000000000000000e+02 2.107990458871888672e+12
2.565000000000000000e+02 2.124162714421407471e+12
2.570000000000000000e+02 2.140408497610127197e+12
2.575000000000000000e+02 2.156728954669249023e+12
2.580000000000000000e+02 2.173125250904043945e+12
2.585000000000000000e+02 2.189598570952096191e+12
2.590000000000000000e+02 2.206150117852990234e+12
2.595000000000000000e+02 2.222781113193474609e+12
2.600000000000000000e+02 2.239492797101874512e+12
2.605000000000000000e+02 2.256286427086090332e+12
2.610000000000000000e+02 2.273163278710935059e+12
2.615000000000000000e+02 2.290124644929639648e+12
2.620000000000000000e+02 2.307171835632022461e+12
2.625000000000000000e+02 2.324306177612718262e+12
2.630000000000000000e+02 2.341529014407042480e+12
2.635000000000000000e+02 2.358841705777967773e+12
2.640000000000000000e+02 2.376245627662372070e+12
2.645000000000000000e+02 2.393742172019467773e+12
2.650000000000000000e+02 2.411332745869374023e+12
2.655000000000000000e+02 2.429018772302336426e+12
2.660000000000000000e+02 2.446801689118482910e+12
2.665000000000000000e+02 2.464682949139519043e+12
2.670000000000000000e+02 2.482664019923672852e+12
2.675000000000000000e+02 2.500746383334008301e+12
2.680000000000000000e+02 2.518931535766748047e+12
2.685000000000000000e+02 2.537220987322771484e+12
2.690000000000000000e+02 2.555616262224334473e+12
2.695000000000000000e+02 2.574118898175071777e+12
2.700000000000000000e+02 2.592730446636888672e+12
2.705000000000000000e+02 2.611452471651166992e+12
2.710000000000000000e+02 2.630286551199685059e+12
2.715000000000000000e+02 2.649234275656958496e+12
2.720000000000000000e+02 2.668297248299019531e+12
2.725000000000000000e+02 2.687477084977385254e+12
2.730000000000000000e+02 2.706775414168441406e+12
2.735000000000000000e+02 2.726193876372180664e+12
2.740000000000000000e+02 2.745734124455609863e+12
2.745000000000000000e+02 2.765397823376359863e+12
2.750000000000000000e+02 2.785186649911872559e+12
2.755000000000000000e+02 2.805102292693197754e+12
2.760000000000000000e+02 2.825146452021676270e+12
2.765000000000000000e+02 2.845320839872332520e+12
2.770000000000000000e+02 2.865627179903930664e+12
2.775000000000000000e+02 2.886067206803105469e+12
2.780000000000000000e+02 2.906642667038278320e+12
2.785000000000000000e+02 2.927355318230270996e+12
2.790000000000000000e+02 2.948206929112987793e+12
2.795000000000000000e+02 2.969199279908521973e+12
2.800000000000000000e+02 2.990334161630270996e+12
2.805000000000000000e+02 3.011613376753442383e+12
2.810000000000000000e+02 3.033038738743415039e+12
2.815000000000000000e+02 3.054612071894459473e+12
2.820000000000000000e+02 3.076335211869183594e+12
2.825000000000000000e+02 3.098210005267799316e+12
2.830000000000000000e+02 3.120238309650644043e+12
2.835000000000000000e+02 3.142421993874699219e+12
2.840000000000000000e+02 3.164762937493386719e+12
2.845000000000000000e+02 3.187263031698145508e+12
2.850000000000000000e+02 3.209924178177318848e+12
2.855000000000000000e+02 3.232748290510707031e+12
2.860000000000000000e+02 3.255737292801866699e+12
2.865000000000000000e+02 3.278893120812660156e+12
2.870000000000000000e+02 3.302217721663463379e+12
2.875000000000000000e+02 3.325713053598415039e+12
2.880000000000000000e+02 3.349381086613069336e+12
2.885000000000000000e+02 3.373223801998752930e+12
2.890000000000000000e+02 3.397243192745962891e+12
2.895000000000000000e+02 3.421441263766134766e+12
2.900000000000000000e+02 3.445820031331783691e+12
2.905000000000000000e+02 3.470381524030413086e+12
2.910000000000000000e+02 3.495127782132919434e+12
2.915000000000000000e+02 3.520060858291785156e+12
2.920000000000000000e+02 3.545182817128308105e+12
2.925000000000000000e+02 3.570495735795100098e+12
2.930000000000000000e+02 3.596001703809052246e+12
2.935000000000000000e+02 3.621702823364497070e+12
2.940000000000000000e+02 3.647601209184759277e+12
2.945000000000000000e+02 3.673698989105948242e+12
2.950000000000000000e+02 3.699998303642110840e+12
2.955000000000000000e+02 3.726501306801907227e+12
2.960000000000000000e+02 3.753210165433830078e+12
2.965000000000000000e+02 3.780127060299429199e+12
2.970000000000000000e+02 3.807254185259913574e+12
2.975000000000000000e+02 3.834593748118858398e+12
2.980000000000000000e+02 3.862147970616641602e+12
2.985000000000000000e+02 3.889919088251962402e+12
2.990000000000000000e+02 3.917909350981560547e+12
2.995000000000000000e+02 3.946121022940181152e+12
3.000000000000000000e+02 3.974556382702772949e+12
3.005000000000000000e+02 4.003217723601995117e+12
3.010000000000000000e+02 4.032107353784893555e+12
3.015000000000000000e+02 4.061227596320318848e+12
3.020000000000000000e+02 4.090580789347220703e+12
3.025000000000000000e+02 4.120169286258764648e+12
3.030000000000000000e+02 4.149995456073453613e+12
3.035000000000000000e+02 4.180061683168556641e+12
3.040000000000000000e+02 4.210370367894724609e+12
3.045000000000000000e+02 4.240923926351524414e+12
3.050000000000000000e+02 4.271724790586616211e+12
3.055000000000000000e+02 4.302775409212474121e+12
3.060000000000000000e+02 4.334078246858410156e+12
3.065000000000000000e+02 4.365635784857344727e+12
3.070000000000000000e+02 4.397450520850155762e+12
3.075000000000000000e+02 4.429524969714856445e+12
3.080000000000000000e+02 4.461861663000848633e+12
3.085000000000000000e+02 4.494463149217334961e+12
3.090000000000000000e+02 4.527331994123545898e+12
3.095000000000000000e+02 4.560470781020585938e+12
3.100000000000000000e+02 4.593882110195716797e+12
3.105000000000000000e+02 4.627568599555362305e+12
3.110000000000000000e+02 4.661532885053466797e+12
3.115000000000000000e+02 4.695777619858048828e+12
3.120000000000000000e+02 4.730305475250883789e+12
3.125000000000000000e+02 4.765119140550926758e+12
3.130000000000000000e+02 4.800221322639792969e+12
3.135000000000000000e+02 4.835614747020479492e+12
3.140000000000000000e+02 4.871302156968871094e+12
3.145000000000000000e+02 4.907286314174944336e+12
3.150000000000000000e+02 4.943569998704713867e+12
3.155000000000000000e+02 4.980156008714040039e+12
3.160000000000000000e+02 5.017047160726663086e+12
3.165000000000000000e+02 5.054246289935589844e+12
3.170000000000000000e+02 5.091756249840941406e+12
3.175000000000000000e+02 5.129579912153151367e+12
3.180000000000000000e+02 5.167720167453993164e+12
3.185000000000000000e+02 5.206179924197087891e+12
3.190000000000000000e+02 5.244962109800818359e+12
3.195000000000000000e+02 5.284069669721135742e+12
3.200000000000000000e+02 5.323505567945291016e+12
3.205000000000000000e+02 5.363272786493268555e+12
3.210000000000000000e+02 5.403374325924311523e+12
3.215000000000000000e+02 5.443813204756311523e+12
3.220000000000000000e+02 5.484592459583166992e+12
3.225000000000000000e+02 5.525715144967661133e+12
3.230000000000000000e+02 5.567184333430661133e+12
3.235000000000000000e+02 5.609003114880238281e+12
3.240000000000000000e+02 5.651174597198862305e+12
3.245000000000000000e+02 5.693701905298474609e+12
3.250000000000000000e+02 5.736588181538993164e+12
3.255000000000000000e+02 5.779836585269157227e+12
3.260000000000000000e+02 5.823450292387308594e+12
3.265000000000000000e+02 5.867432495992742188e+12
3.270000000000000000e+02 5.911786404771224609e+12
3.275000000000000000e+02 5.956515244039065430e+12
3.280000000000000000e+02 6.001622254643078125e+12
3.285000000000000000e+02 6.047110692855695312e+12
3.290000000000000000e+02 6.092983830578616211e+12
3.295000000000000000e+02 6.139244953856598633e+12
3.300000000000000000e+02 6.185897363627372070e+12
3.305000000000000000e+02 6.232944374710017578e+12
3.310000000000000000e+02 6.280389315891190430e+12
3.315000000000000000e+02 6.328235528657394531e+12
3.320000000000000000e+02 6.376486367655707031e+12
3.325000000000000000e+02 6.425145199562914062e+12
3.330000000000000000e+02 6.474215403185923828e+12
3.335000000000000000e+02 6.523700367954195312e+12
3.340000000000000000e+02 6.573603494694566406e+12
3.345000000000000000e+02 6.623928193498064453e+12
3.350000000000000000e+02 6.674677884878125977e+12
3.355000000000000000e+02 6.725855997045576172e+12
3.360000000000000000e+02 6.777465967261116211e+12
3.365000000000000000e+02 6.829511239707475586e+12
3.370000000000000000e+02 6.881995265422913086e+12
3.375000000000000000e+02 6.934921501209370117e+12
3.380000000000000000e+02 6.988293409078283203e+12
3.385000000000000000e+02 7.042114455019741211e+12
3.390000000000000000e+02 7.096388108736958008e+12
3.395000000000000000e+02 7.151117842042718750e+12
3.400000000000000000e+02 7.206307128424708984e+12
3.405000000000000000e+02 7.261959441776732422e+12
3.410000000000000000e+02 7.318078255207283203e+12
3.415000000000000000e+02 7.374667040634425781e+12
3.420000000000000000e+02 7.431729266713366211e+12
3.425000000000000000e+02 7.489268398573184570e+12
3.430000000000000000e+02 7.547287895869913086e+12
3.435000000000000000e+02 7.605791212130787109e+12
3.440000000000000000e+02 7.664781792905682617e+12
3.445000000000000000e+02 7.724263074906726562e+12
3.450000000000000000e+02 7.784238484286034180e+12
3.455000000000000000e+02 7.844711435237764648e+12
3.460000000000000000e+02 7.905685328716925781e+12
3.465000000000000000e+02 7.967163550460892578e+12
3.470000000000000000e+02 8.029149469809431641e+12
3.475000000000000000e+02 8.091646437726957031e+12
3.480000000000000000e+02 8.154657785122656250e+12
3.485000000000000000e+02 8.218186821366307617e+12
3.490000000000000000e+02 8.282236832042171875e+12
3.495000000000000000e+02 8.346811077032595703e+12
3.500000000000000000e+02 8.411912789179066406e+12
3.505000000000000000e+02 8.477545171144304688e+12
3.510000000000000000e+02 8.543711394582354492e+12
3.515000000000000000e+02 8.610414596850331055e+12
3.520000000000000000e+02 8.677657879421901367e+12
3.525000000000000000e+02 8.745444305358657227e+12
3.530000000000000000e+02 8.813776897033474609e+12
3.535000000000000000e+02 8.882658633523871094e+12
3.540000000000000000e+02 8.952092448014238281e+12
3.545000000000000000e+02 9.022081225454923828e+12
3.550000000000000000e+02 9.092627799833609375e+12
3.555000000000000000e+02 9.163734951085480469e+12
3.560000000000000000e+02 9.235405402418208984e+12
3.565000000000000000e+02 9.307641817665818359e+12
3.570000000000000000e+02 9.380446797714871094e+12
3.575000000000000000e+02 9.453822877749833984e+12
3.580000000000000000e+02 9.527772524016435547e+12
3.585000000000000000e+02 9.602298130475357422e+12
3.590000000000000000e+02 9.677402015368205078e+12
3.595000000000000000e+02 9.753086417930214844e+12
3.600000000000000000e+02 9.829353494320275391e+12
3.605000000000000000e+02 9.906205314770564453e+12
3.610000000000000000e+02 9.983643859139550781e+12
3.615000000000000000e+02 1.006167101313384766e+13
3.620000000000000000e+02 1.014028856450493555e+13
3.625000000000000000e+02 1.021949819919539453e+13
3.630000000000000000e+02 1.029930149641739258e+13
3.635000000000000000e+02 1.037969992522254688e+13
3.640000000000000000e+02 1.046069483946543555e+13
3.645000000000000000e+02 1.054228747352938867e+13
3.650000000000000000e+02 1.062447893800865039e+13
3.655000000000000000e+02 1.070727021419749414e+13
3.660000000000000000e+02 1.079066215031181055e+13
3.665000000000000000e+02 1.087465545553291016e+13
3.670000000000000000e+02 1.095925069531685938e+13
3.675000000000000000e+02 1.104444828668420508e+13
3.680000000000000000e+02 1.113024849201117578e+13
3.685000000000000000e+02 1.121665141425202344e+13
3.690000000000000000e+02 1.130365699121020312e+13
3.695000000000000000e+02 1.139126498981226758e+13
3.700000000000000000e+02 1.147947500032454883e+13
3.705000000000000000e+02 1.156828643059530664e+13
3.710000000000000000e+02 1.165769849981970117e+13
3.715000000000000000e+02 1.174771023231372266e+13
3.720000000000000000e+02 1.183832045162043555e+13
3.725000000000000000e+02 1.192952777384070703e+13
3.730000000000000000e+02 1.202133060097560156e+13
3.735000000000000000e+02 1.211372711440942969e+13
3.740000000000000000e+02 1.220671526842078516e+13
3.745000000000000000e+02 1.230029278269975195e+13
3.750000000000000000e+02 1.239445713567516211e+13
3.755000000000000000e+02 1.248920555775065625e+13
3.760000000000000000e+02 1.258453502304091211e+13
3.765000000000000000e+02 1.268044224293285156e+13
3.770000000000000000e+02 1.277692365810420898e+13
3.775000000000000000e+02 1.287397543120261719e+13
3.780000000000000000e+02 1.297159343876347852e+13
3.785000000000000000e+02 1.306977326362046875e+13
3.790000000000000000e+02 1.316851018694557031e+13
3.795000000000000000e+02 1.326779918004971484e+13
3.800000000000000000e+02 1.336763489638012695e+13
3.805000000000000000e+02 1.346801166318230859e+13
3.810000000000000000e+02 1.356892347302112305e+13
3.815000000000000000e+02 1.367036397545383594e+13
3.820000000000000000e+02 1.377232646874675195e+13
3.825000000000000000e+02 1.387480389050741992e+13
3.830000000000000000e+02 1.397778880961573633e+13
3.835000000000000000e+02 1.408127341739757031e+13
3.840000000000000000e+02 1.418524951819481055e+13
3.845000000000000000e+02 1.428970852121395898e+13
3.850000000000000000e+02 1.439464143083764258e+13
3.855000000000000000e+02 1.450003883808138477e+13
3.860000000000000000e+02 1.460589091120406250e+13
3.865000000000000000e+02 1.471218738671739453e+13
3.870000000000000000e+02 1.481891756006813867e+13
3.875000000000000000e+02 1.492607027676703125e+13
3.880000000000000000e+02 1.503363392273621680e+13
3.885000000000000000e+02 1.514159641545767383e+13
3.890000000000000000e+02 1.524994519476017383e+13
3.895000000000000000e+02 1.535866721321263477e+13
3.900000000000000000e+02 1.546774892765406445e+13
3.905000000000000000e+02 1.557717628934614062e+13
3.910000000000000000e+02 1.568693473524696094e+13
3.915000000000000000e+02 1.579700917911075391e+13
3.920000000000000000e+02 1.590738400212420312e+13
3.925000000000000000e+02 1.601804304447573242e+13
3.930000000000000000e+02 1.612896959606214453e+13
3.935000000000000000e+02 1.624014638844347852e+13
3.940000000000000000e+02 1.635155558561447656e+13
3.945000000000000000e+02 1.646317877628372461e+13
3.950000000000000000e+02 1.657499696489239258e+13
3.955000000000000000e+02 1.668699056431225195e+13
3.960000000000000000e+02 1.679913938719630469e+13
3.965000000000000000e+02 1.691142263891697656e+13
3.970000000000000000e+02 1.702381890965412695e+13
3.975000000000000000e+02 1.713630616743123047e+13
3.980000000000000000e+02 1.724886175104816211e+13
3.985000000000000000e+02 1.736146236345373828e+13
3.990000000000000000e+02 1.747408406514556641e+13
3.995000000000000000e+02 1.758670226850916211e+13
4.000000000000000000e+02 1.769929173153778125e+13
4.005000000000000000e+02 1.781182655300804297e+13
4.010000000000000000e+02 1.792428016708327734e+13
4.015000000000000000e+02 1.803662533894692969e+13
4.020000000000000000e+02 1.814883416039804688e+13
4.025000000000000000e+02 1.826087804642988281e+13
4.030000000000000000e+02 1.837272773185957031e+13
4.035000000000000000e+02 1.848435326833962891e+13
4.040000000000000000e+02 1.859572402237589844e+13
4.045000000000000000e+02 1.870680867376696875e+13
4.050000000000000000e+02 1.881757521385715625e+13
4.055000000000000000e+02 1.892799094566132812e+13
4.060000000000000000e+02 1.903802248343255859e+13
4.065000000000000000e+02 1.914763575373140234e+13
4.070000000000000000e+02 1.925679599636146484e+13
4.075000000000000000e+02 1.936546776673212500e+13
4.080000000000000000e+02 1.947361493837525000e+13
4.085000000000000000e+02 1.958120070646854688e+13
4.090000000000000000e+02 1.968818759229898438e+13
4.095000000000000000e+02 1.979453744762522266e+13
4.100000000000000000e+02 1.990021146123498047e+13
4.105000000000000000e+02 2.000517016474453516e+13
4.110000000000000000e+02 2.010937344097781641e+13
4.115000000000000000e+02 2.021278053108875000e+13
4.120000000000000000e+02 2.031535004508806641e+13
4.125000000000000000e+02 2.041703997070480078e+13
4.130000000000000000e+02 2.051780768521225781e+13
4.135000000000000000e+02 2.061760996707008203e+13
4.140000000000000000e+02 2.071640300877788672e+13
4.145000000000000000e+02 2.081414243078440625e+13
4.150000000000000000e+02 2.091078329664564453e+13
4.155000000000000000e+02 2.100628012821862891e+13
4.160000000000000000e+02 2.110058692333960938e+13
4.165000000000000000e+02 2.119365717304028516e+13
4.170000000000000000e+02 2.128544388077467188e+13
4.175000000000000000e+02 2.137589958240977734e+13
4.180000000000000000e+02 2.146497636726607812e+13
4.185000000000000000e+02 2.155262589970014844e+13
4.190000000000000000e+02 2.163879944296215234e+13
4.195000000000000000e+02 2.172344788279138672e+13
4.200000000000000000e+02 2.180652175281019141e+13
4.205000000000000000e+02 2.188797126118941406e+13
4.210000000000000000e+02 2.196774631675987500e+13
4.215000000000000000e+02 2.204579655866213672e+13
4.220000000000000000e+02 2.212207138480783984e+13
4.225000000000000000e+02 2.219651998271261328e+13
4.230000000000000000e+02 2.226909136063942969e+13
4.235000000000000000e+02 2.233973437987486328e+13
4.240000000000000000e+02 2.240839778804085547e+13
4.245000000000000000e+02 2.247503025347053906e+13
4.250000000000000000e+02 2.253958039995539062e+13
4.255000000000000000e+02 2.260199684299997656e+13
4.260000000000000000e+02 2.266222822637433984e+13
4.265000000000000000e+02 2.272022326016578516e+13
4.270000000000000000e+02 2.277593075841627344e+13
4.275000000000000000e+02 2.282929967911149219e+13
4.280000000000000000e+02 2.288027916321645312e+13
4.285000000000000000e+02 2.292881857550900000e+13
4.290000000000000000e+02 2.297486754553710938e+13
4.295000000000000000e+02 2.301837600903897656e+13
4.300000000000000000e+02 2.305929425016946484e+13
4.305000000000000000e+02 2.309757294386814062e+13
4.310000000000000000e+02 2.313316319878449219e+13
4.315000000000000000e+02 2.316601660032666016e+13
4.320000000000000000e+02 2.319608525435431250e+13
4.325000000000000000e+02 2.322332183061715625e+13
4.330000000000000000e+02 2.324767960680722266e+13
4.335000000000000000e+02 2.326911251221719531e+13
4.340000000000000000e+02 2.328757517187292188e+13
4.345000000000000000e+02 2.330302295048547656e+13
4.350000000000000000e+02 2.331541199629004688e+13
4.355000000000000000e+02 2.332469928478002734e+13
4.360000000000000000e+02 2.333084266250744922e+13
4.365000000000000000e+02 2.333380089017569922e+13
4.370000000000000000e+02 2.333353368618303906e+13
4.375000000000000000e+02 2.333000176927960547e+13
4.380000000000000000e+02 2.332316690115033984e+13
4.385000000000000000e+02 2.331299192867156641e+13
4.390000000000000000e+02 2.329944082590339062e+13
4.395000000000000000e+02 2.328247873539709766e+13
4.400000000000000000e+02 2.326207200917319141e+13
4.405000000000000000e+02 2.323818824963318359e+13
4.410000000000000000e+02 2.321079634944001562e+13
4.415000000000000000e+02 2.317986653126829688e+13
4.420000000000000000e+02 2.314537038713973828e+13
4.425000000000000000e+02 2.310728091704666406e+13
4.430000000000000000e+02 2.306557256707847266e+13
4.435000000000000000e+02 2.302022126720364062e+13
4.440000000000000000e+02 2.297120446832487109e+13
4.445000000000000000e+02 2.291850117874962109e+13
4.450000000000000000e+02 2.286209200024765234e+13
4.455000000000000000e+02 2.280195916329437109e+13
4.460000000000000000e+02 2.273808656166998828e+13
4.465000000000000000e+02 2.267045978659925781e+13
4.470000000000000000e+02 2.259906615998174609e+13
4.475000000000000000e+02 2.252389476701739844e+13
4.480000000000000000e+02 2.244493648796676562e+13
4.485000000000000000e+02 2.236218402954269922e+13
4.490000000000000000e+02 2.227563195492816016e+13
4.495000000000000000e+02 2.218527671377723047e+13
4.500000000000000000e+02 2.209111667094193750e+13
4.505000000000000000e+02 2.199315213459402344e+13
4.510000000000000000e+02 2.189138538409570703e+13
4.515000000000000000e+02 2.178582069659879297e+13
4.520000000000000000e+02 2.167646437356132031e+13
4.525000000000000000e+02 2.156332476647051172e+13
4.530000000000000000e+02 2.144641230237471875e+13
4.535000000000000000e+02 2.132573950884194922e+13
4.540000000000000000e+02 2.120132103882641797e+13
4.545000000000000000e+02 2.107317369509251953e+13
4.550000000000000000e+02 2.094131645496941797e+13
4.555000000000000000e+02 2.080577049464354297e+13
4.560000000000000000e+02 2.066655921389717969e+13
4.565000000000000000e+02 2.052370826074453125e+13
4.570000000000000000e+02 2.037724555649878125e+13
4.575000000000000000e+02 2.022720132085692969e+13
4.580000000000000000e+02 2.007360809778121875e+13
4.585000000000000000e+02 1.991650078109741406e+13
4.590000000000000000e+02 1.975591664108932031e+13
4.595000000000000000e+02 1.959189535112856641e+13
4.600000000000000000e+02 1.942447901476446875e+13
4.605000000000000000e+02 1.925371219319592188e+13
4.610000000000000000e+02 1.907964193299075000e+13
4.615000000000000000e+02 1.890231779410578125e+13
4.620000000000000000e+02 1.872179187800120312e+13
4.625000000000000000e+02 1.853811885587549219e+13
4.630000000000000000e+02 1.835135599677084766e+13
4.635000000000000000e+02 1.816156319556033203e+13
4.640000000000000000e+02 1.796880300052097656e+13
4.645000000000000000e+02 1.777314064037394531e+13
4.650000000000000000e+02 1.757464405065744922e+13
4.655000000000000000e+02 1.737338389915260352e+13
4.660000000000000000e+02 1.716943360986756055e+13
4.665000000000000000e+02 1.696286938594722656e+13
4.670000000000000000e+02 1.675377023049462695e+13
4.675000000000000000e+02 1.654221796548664258e+13
4.680000000000000000e+02 1.632829724807741797e+13
4.685000000000000000e+02 1.611209558428588867e+13
4.690000000000000000e+02 1.589370333937115234e+13
4.695000000000000000e+02 1.567321374451842969e+13
4.700000000000000000e+02 1.545072289951669531e+13
4.705000000000000000e+02 1.522632977079022656e+13
4.710000000000000000e+02 1.500013618444341211e+13
4.715000000000000000e+02 1.477224681356907617e+13
4.720000000000000000e+02 1.454276915943096875e+13
4.725000000000000000e+02 1.431181352601994531e+13
4.730000000000000000e+02 1.407949298708321484e+13
4.735000000000000000e+02 1.384592334548813086e+13
4.740000000000000000e+02 1.361122308376457812e+13
4.745000000000000000e+02 1.337551330575221680e+13
4.750000000000000000e+02 1.313891766838818164e+13
4.755000000000000000e+02 1.290156230295405273e+13
4.760000000000000000e+02 1.266357572570933594e+13
4.765000000000000000e+02 1.242508873653539648e+13
4.770000000000000000e+02 1.218623430578026758e+13
4.775000000000000000e+02 1.194714744818894336e+13
4.780000000000000000e+02 1.170796508392586328e+13
4.785000000000000000e+02 1.146882588573174609e+13
4.790000000000000000e+02 1.122987011238944531e+13
4.795000000000000000e+02 1.099123942767012109e+13
4.800000000000000000e+02 1.075307670487158594e+13
4.805000000000000000e+02 1.051552581666663867e+13
4.810000000000000000e+02 1.027873141029758008e+13
4.815000000000000000e+02 1.004283866799474609e+13
4.820000000000000000e+02 9.807993053121486328e+12
4.825000000000000000e+02 9.574340042014570312e+12
4.830000000000000000e+02 9.342024842369890625e+12
4.835000000000000000e+02 9.111192098344525391e+12
4.840000000000000000e+02 8.881985583568373047e+12
4.845000000000000000e+02 8.654547882810376953e+12
4.850000000000000000e+02 8.429020063287056641e+12
4.855000000000000000e+02 8.205541337183695312e+12
4.860000000000000000e+02 7.984248716632925781e+12
4.865000000000000000e+02 7.765276662792303711e+12
4.870000000000000000e+02 7.548756730981195312e+12
4.875000000000000000e+02 7.334817213601486328e+12
4.880000000000000000e+02 7.123582783123505859e+12
4.885000000000000000e+02 6.915174137347596680e+12
4.890000000000000000e+02 6.709707649194221680e+12
4.895000000000000000e+02 6.507295023715423828e+12
4.900000000000000000e+02 6.308042964548875000e+12
4.905000000000000000e+02 6.112052852764984375e+12
4.910000000000000000e+02 5.919420440373077148e+12
4.915000000000000000e+02 5.730235561350934570e+12
4.920000000000000000e+02 5.544581862595108398e+12
4.925000000000000000e+02 5.362536557281140625e+12
4.930000000000000000e+02 5.184170203072866211e+12
4.935000000000000000e+02 5.009546507255728516e+12
4.940000000000000000e+02 4.838722160850993164e+12
4.945000000000000000e+02 4.671746703592467773e+12
4.950000000000000000e+02 4.508662421046155273e+12
4.955000000000000000e+02 4.349504275412977051e+12
4.960000000000000000e+02 4.194299870677098633e+12
4.965000000000000000e+02 4.043069452834961914e+12
4.970000000000000000e+02 3.895825945467662598e+12
4.975000000000000000e+02 3.752575020402957520e+12
4.980000000000000000e+02 3.613315203125267090e+12
4.985000000000000000e+02 3.478038012048931152e+12
4.990000000000000000e+02 3.346728130439983398e+12
4.995000000000000000e+02 3.219363609447089844e+12
5.000000000000000000e+02 3.095916100503331055e+12
5.005000000000000000e+02 2.976351114797153320e+12
5.010000000000000000e+02 2.860628307570589355e+12
5.015000000000000000e+02 2.748701784557782715e+12
5.020000000000000000e+02 2.640520427770928711e+12
5.025000000000000000e+02 2.536028237737524902e+12
5.030000000000000000e+02 2.435164689148415527e+12
5.035000000000000000e+02 2.337865096799837891e+12
5.040000000000000000e+02 2.244060988828185547e+12
5.045000000000000000e+02 2.153680484107901855e+12
5.050000000000000000e+02 2.066648670898670898e+12
5.055000000000000000e+02 1.982887983873327881e+12
5.060000000000000000e+02 1.902318576795877686e+12
5.065000000000000000e+02 1.824858688365127686e+12
5.070000000000000000e+02 1.750424998853584229e+12
5.075000000000000000e+02 1.678932975474155273e+12
5.080000000000000000e+02 1.610297204587191162e+12
5.085000000000000000e+02 1.544431709118197021e+12
5.090000000000000000e+02 1.481250249859832764e+12
5.095000000000000000e+02 1.420666609483440430e+12
5.100000000000000000e+02 1.362594858444936768e+12
5.105000000000000000e+02 1.306949602124132812e+12
5.110000000000000000e+02 1.253646208805018555e+12
5.115000000000000000e+02 1.202601018328634521e+12
5.120000000000000000e+02 1.153731531408009521e+12
5.125000000000000000e+02 1.106956579830739014e+12
5.130000000000000000e+02 1.062196477891264893e+12
5.135000000000000000e+02 1.019373155555031982e+12
5.140000000000000000e+02 9.784102739980692139e+11
5.145000000000000000e+02 9.392333242364627686e+11
5.150000000000000000e+02 9.017697096581630859e+11
5.155000000000000000e+02 8.659488133575368652e+11
5.160000000000000000e+02 8.317020511801785889e+11
5.165000000000000000e+02 7.989629114485456543e+11
5.170000000000000000e+02 7.676669823610223389e+11
5.175000000000000000e+02 7.377519680237427979e+11
5.180000000000000000e+02 7.091576941259025879e+11
5.185000000000000000e+02 6.818261041992198486e+11
5.190000000000000000e+02 6.557012474059040527e+11
5.195000000000000000e+02 6.307292587718839111e+11
5.200000000000000000e+02 6.068583327109522705e+11
5.205000000000000000e+02 5.840386906943448486e+11
5.210000000000000000e+02 5.622225438192534180e+11
5.215000000000000000e+02 5.413640510193794556e+11
5.220000000000000000e+02 5.214192736102390137e+11
5.225000000000000000e+02 5.023461267716099243e+11
5.230000000000000000e+02 4.841043285837247925e+11
5.235000000000000000e+02 4.666553471252979126e+11
5.240000000000000000e+02 4.499623461206987305e+11
5.245000000000000000e+02 4.339901295908541260e+11
5.250000000000000000e+02 4.187050858758473511e+11
5.255000000000000000e+02 4.040751314019408569e+11
5.260000000000000000e+02 3.900696544926750488e+11
5.265000000000000000e+02 3.766594594972272339e+11
5.270000000000000000e+02 3.638167114827655640e+11
5.275000000000000000e+02 3.515148816870357666e+11
5.280000000000000000e+02 3.397286939159492188e+11
5.285000000000000000e+02 3.284340720279272461e+11
5.290000000000000000e+02 3.176080886361174316e+11
5.295000000000000000e+02 3.072289151234420776e+11
5.300000000000000000e+02 2.972757730582690430e+11
5.305000000000000000e+02 2.877288870643801880e+11
5.310000000000000000e+02 2.785694392040343018e+11
5.315000000000000000e+02 2.697795248944064331e+11
5.320000000000000000e+02 2.613421103820671997e+11
5.325000000000000000e+02 2.532409917848442688e+11
5.330000000000000000e+02 2.454607556957333984e+11
5.335000000000000000e+02 2.379867413395689087e+11
5.340000000000000000e+02 2.308050042690812073e+11
5.345000000000000000e+02 2.239022815677024231e+11
5.350000000000000000e+02 2.172659585407804565e+11
5.355000000000000000e+02 2.108840368560971069e+11
5.360000000000000000e+02 2.047451040953015137e+11
5.365000000000000000e+02 1.988383046866686707e+11
5.370000000000000000e+02 1.931533121641509705e+11
5.375000000000000000e+02 1.876803027226138306e+11
5.380000000000000000e+02 1.824099300159800110e+11
5.385000000000000000e+02 1.773333011596474609e+11
5.390000000000000000e+02 1.724419538869896240e+11
5.395000000000000000e+02 1.677278348208388672e+11
5.400000000000000000e+02 1.631832788073561707e+11
5.405000000000000000e+02 1.588009892775564270e+11
5.410000000000000000e+02 1.545740195833921204e+11
5.415000000000000000e+02 1.504957552724971008e+11
5.420000000000000000e+02 1.465598972574830627e+11
5.425000000000000000e+02 1.427604458367569275e+11
5.430000000000000000e+02 1.390916855333639221e+11
5.435000000000000000e+02 1.355481707042638550e+11
5.440000000000000000e+02 1.321247118962192535e+11
5.445000000000000000e+02 1.288163628969053040e+11
5.450000000000000000e+02 1.256184084610677795e+11
5.455000000000000000e+02 1.225263526684259033e+11
5.460000000000000000e+02 1.195359078889797668e+11
5.465000000000000000e+02 1.166429843200046387e+11
5.470000000000000000e+02 1.138436800675470123e+11
5.475000000000000000e+02 1.111342717460939178e+11
5.480000000000000000e+02 1.085112055684316406e+11
5.485000000000000000e+02 1.059710888980443878e+11
5.490000000000000000e+02 1.035106822462033997e+11
5.495000000000000000e+02 1.011268916830644073e+11
5.500000000000000000e+02 9.881676164649299622e+10
5.505000000000000000e+02 9.657746812620747375e+10
5.510000000000000000e+02 9.440631220165434265e+10
5.515000000000000000e+02 9.230071391713487244e+10
5.520000000000000000e+02 9.025820647603887939e+10
5.525000000000000000e+02 8.827643073465005493e+10
5.530000000000000000e+02 8.635312998450903320e+10
5.535000000000000000e+02 8.448614500118208313e+10
5.540000000000000000e+02 8.267340935293817139e+10
5.545000000000000000e+02 8.091294494831649780e+10
5.550000000000000000e+02 7.920285781373869324e+10
5.555000000000000000e+02 7.754133409023959351e+10
5.560000000000000000e+02 7.592663623123223877e+10
5.565000000000000000e+02 7.435709939850099182e+10
5.570000000000000000e+02 7.283112804008845520e+10
5.575000000000000000e+02 7.134719264249995422e+10
5.580000000000000000e+02 6.990382664767330933e+10
5.585000000000000000e+02 6.849962352663028717e+10
5.590000000000000000e+02 6.713323399909266663e+10
5.595000000000000000e+02 6.580336339505728912e+10
5.600000000000000000e+02 6.450876914645240784e+10
5.605000000000000000e+02 6.324825840564875031e+10
5.610000000000000000e+02 6.202068578190967560e+10
5.615000000000000000e+02 6.082495118989144135e+10
5.620000000000000000e+02 5.965999780623524475e+10
5.625000000000000000e+02 5.852481012404216766e+10
5.630000000000000000e+02 5.741841210559214020e+10
5.635000000000000000e+02 5.633986542447506714e+10
5.640000000000000000e+02 5.528826779219047546e+10
5.645000000000000000e+02 5.426275136964850616e+10
5.650000000000000000e+02 5.326248125036054230e+10
5.655000000000000000e+02 5.228665402218281555e+10
5.660000000000000000e+02 5.133449639445007324e+10
5.665000000000000000e+02 5.040526389233061218e+10
5.670000000000000000e+02 4.949823961427162933e+10
5.675000000000000000e+02 4.861273304600032806e+10
5.680000000000000000e+02 4.774807893406134796e+10
5.685000000000000000e+02 4.690363621036598969e+10
5.690000000000000000e+02 4.607878696704528809e+10
5.695000000000000000e+02 4.527293548197995758e+10
5.700000000000000000e+02 4.448550728708656311e+10
5.705000000000000000e+02 4.371594828188265228e+10
5.710000000000000000e+02 4.296372388743521118e+10
5.715000000000000000e+02 4.222831823998958588e+10
5.720000000000000000e+02 4.150923342226459503e+10
5.725000000000000000e+02 4.080598872900867462e+10
5.730000000000000000e+02 4.011811996845768738e+10
5.735000000000000000e+02 3.944517879370642090e+10
5.740000000000000000e+02 3.878673206679542542e+10
5.745000000000000000e+02 3.814236125064910889e+10
5.750000000000000000e+02 3.751166183004646301e+10
5.755000000000000000e+02 3.689424275838072205e+10
5.760000000000000000e+02 3.628972592956302643e+10
5.765000000000000000e+02 3.569774567610742950e+10
5.770000000000000000e+02 3.511794828760976410e+10
5.775000000000000000e+02 3.454999155282363892e+10
5.780000000000000000e+02 3.399354432374671936e+10
5.785000000000000000e+02 3.344828609752161026e+10
5.790000000000000000e+02 3.291390662004449844e+10
5.795000000000000000e+02 3.239010550587517929e+10
5.800000000000000000e+02 3.187659187747637177e+10
5.805000000000000000e+02 3.137308402056366730e+10
5.810000000000000000e+02 3.087930905492466354e+10
5.815000000000000000e+02 3.039500262220215988e+10
5.820000000000000000e+02 2.991990858687960052e+10
5.825000000000000000e+02 2.945377875165468597e+10
5.830000000000000000e+02 2.899637258694007111e+10
5.835000000000000000e+02 2.854745697285499573e+10
5.840000000000000000e+02 2.810680595214389801e+10
5.845000000000000000e+02 2.767420049696861649e+10
5.850000000000000000e+02 2.724942828492616653e+10
5.855000000000000000e+02 2.683228348647788239e+10
5.860000000000000000e+02 2.642256656213399506e+10
5.865000000000000000e+02 2.602008406931478500e+10
5.870000000000000000e+02 2.562464847750421524e+10
5.875000000000000000e+02 2.523607799357944107e+10
5.880000000000000000e+02 2.485419639256010437e+10
5.885000000000000000e+02 2.447883285870066071e+10
5.890000000000000000e+02 2.410982183177862549e+10
5.895000000000000000e+02 2.374700286090508270e+10
5.900000000000000000e+02 2.339022046395133209e+10
5.905000000000000000e+02 2.303932399351126862e+10
5.910000000000000000e+02 2.269416750834664917e+10
5.915000000000000000e+02 2.235460964847434235e+10
5.920000000000000000e+02 2.202051351700483704e+10
5.925000000000000000e+02 2.169174656377646255e+10
5.930000000000000000e+02 2.136818047556259537e+10
5.935000000000000000e+02 2.104969106778612518e+10
5.940000000000000000e+02 2.073615817999748611e+10
5.945000000000000000e+02 2.042746557517136765e+10
5.950000000000000000e+02 2.012350084003451538e+10
5.955000000000000000e+02 1.982415528937090683e+10
5.960000000000000000e+02 1.952932387089155197e+10
5.965000000000000000e+02 1.923890507337975311e+10
5.970000000000000000e+02 1.895280083516411972e+10
5.975000000000000000e+02 1.867091645491134262e+10
5.980000000000000000e+02 1.839316050267603683e+10
5.985000000000000000e+02 1.811944473291801453e+10
5.990000000000000000e+02 1.784968399849106216e+10
5.995000000000000000e+02 1.758379616288520432e+10
6.000000000000000000e+02 1.732170201777643967e+10
6.005000000000000000e+02 1.706332519568128395e+10
6.010000000000000000e+02 1.680859208789945984e+10
6.015000000000000000e+02 1.655743175867116165e+10
6.020000000000000000e+02 1.630977586289032936e+10
6.025000000000000000e+02 1.606555856233274460e+10
6.030000000000000000e+02 1.582471644269798279e+10
6.035000000000000000e+02 1.558718843056781960e+10
6.040000000000000000e+02 1.535291571183460426e+10
6.045000000000000000e+02 1.512184164858075905e+10
6.050000000000000000e+02 1.489391169809285545e+10
6.055000000000000000e+02 1.466907333140846252e+10
6.060000000000000000e+02 1.444727595300362015e+10
6.065000000000000000e+02 1.422847081974223518e+10
6.070000000000000000e+02 1.401261096272588158e+10
6.075000000000000000e+02 1.379965110807766151e+10
6.080000000000000000e+02 1.358954759910779381e+10
6.085000000000000000e+02 1.338225831981814003e+10
6.090000000000000000e+02 1.317774261969398689e+10
6.095000000000000000e+02 1.297596123886191368e+10
6.100000000000000000e+02 1.277687623534155846e+10
6.105000000000000000e+02 1.258045091346218300e+10
6.110000000000000000e+02 1.238664975424204826e+10
6.115000000000000000e+02 1.219543834639913368e+10
6.120000000000000000e+02 1.200678332078290176e+10
6.125000000000000000e+02 1.182065228469856644e+10
6.130000000000000000e+02 1.163701376082570457e+10
6.135000000000000000e+02 1.145583712481581879e+10
6.140000000000000000e+02 1.127709254857905769e+10
6.145000000000000000e+02 1.110075094338105774e+10
6.150000000000000000e+02 1.092678390562594414e+10
6.155000000000000000e+02 1.075516366628259468e+10
6.160000000000000000e+02 1.058586304117620659e+10
6.165000000000000000e+02 1.041885538454092407e+10
6.170000000000000000e+02 1.025411454464288521e+10
6.175000000000000000e+02 1.009161482236253738e+10
6.180000000000000000e+02 9.931330931916582108e+09
6.185000000000000000e+02 9.773237964060525894e+09
6.190000000000000000e+02 9.617311351828077316e+09
6.195000000000000000e+02 9.463526838900770187e+09
6.200000000000000000e+02 9.311860450209348679e+09
6.205000000000000000e+02 9.162288465159671783e+09
6.210000000000000000e+02 9.014787392730558395e+09
6.215000000000000000e+02 8.869333949471090317e+09
6.220000000000000000e+02 8.725905039072649002e+09
6.225000000000000000e+02 8.584477734900218010e+09
6.230000000000000000e+02 8.445029263939680099e+09
6.235000000000000000e+02 8.307536992993313789e+09
6.240000000000000000e+02 8.171978416311717033e+09
6.245000000000000000e+02 8.038331146813042641e+09
6.250000000000000000e+02 7.906572905890872002e+09
6.255000000000000000e+02 7.776681518549916267e+09
6.260000000000000000e+02 7.648634906541255951e+09
6.265000000000000000e+02 7.522411086250119209e+09
6.270000000000000000e+02 7.397988164393138885e+09
6.275000000000000000e+02 7.275344339110941887e+09
6.280000000000000000e+02 7.154457897669804573e+09
6.285000000000000000e+02 7.035307218917699814e+09
6.290000000000000000e+02 6.917870774646835327e+09
6.295000000000000000e+02 6.802127132245634079e+09
6.300000000000000000e+02 6.688054958591193199e+09
6.305000000000000000e+02 6.575633023483258247e+09
6.310000000000000000e+02 6.464840204772644997e+09
6.315000000000000000e+02 6.355655493465357780e+09
6.320000000000000000e+02 6.248057999042200089e+09
6.325000000000000000e+02 6.142026955193502426e+09
6.330000000000000000e+02 6.037541726086466789e+09
6.335000000000000000e+02 5.934581812455132484e+09
6.340000000000000000e+02 5.833126857648053169e+09
6.345000000000000000e+02 5.733156654170248985e+09
6.350000000000000000e+02 5.634651149954547882e+09
6.355000000000000000e+02 5.537590454343838692e+09
6.360000000000000000e+02 5.441954844311038017e+09
6.365000000000000000e+02 5.347724770221339226e+09
6.370000000000000000e+02 5.254880861751675606e+09
6.375000000000000000e+02 5.163403933128794670e+09
6.380000000000000000e+02 5.073274987909457207e+09
6.385000000000000000e+02 4.984475224865771294e+09
6.390000000000000000e+02 4.896986041684003830e+09
6.395000000000000000e+02 4.810789038925867081e+09
6.400000000000000000e+02 4.725866024896824837e+09
6.405000000000000000e+02 4.642199018373414040e+09
6.410000000000000000e+02 4.559770251581048965e+09
6.415000000000000000e+02 4.478562173480173111e+09
6.420000000000000000e+02 4.398557451845917702e+09
6.425000000000000000e+02 4.319738974872295380e+09
6.430000000000000000e+02 4.242089853544588089e+09
6.435000000000000000e+02 4.165593422044821262e+09
6.440000000000000000e+02 4.090233238623484135e+09
6.445000000000000000e+02 4.015993087114983082e+09
6.450000000000000000e+02 3.942856975527757645e+09
6.455000000000000000e+02 3.870809136931778431e+09
6.460000000000000000e+02 3.799834028351201057e+09
6.465000000000000000e+02 3.729916330131642818e+09
6.470000000000000000e+02 3.661040944714776039e+09
6.475000000000000000e+02 3.593192994934076786e+09
6.480000000000000000e+02 3.526357822552999496e+09
6.485000000000000000e+02 3.460520986001776218e+09
6.490000000000000000e+02 3.395668258245320320e+09
6.495000000000000000e+02 3.331785624235789776e+09
6.500000000000000000e+02 3.268859278154121399e+09
6.505000000000000000e+02 3.206875620232313156e+09
6.510000000000000000e+02 3.145821254172112465e+09
6.515000000000000000e+02 3.085682983227672577e+09
6.520000000000000000e+02 3.026447807230920315e+09
6.525000000000000000e+02 2.968102918280177593e+09
6.530000000000000000e+02 2.910635697759313107e+09
6.535000000000000000e+02 2.854033711989868641e+09
6.540000000000000000e+02 2.798284707947094917e+09
6.545000000000000000e+02 2.743376609985904694e+09
6.550000000000000000e+02 2.689297514216066360e+09
6.555000000000000000e+02 2.636035686259787560e+09
6.560000000000000000e+02 2.583579554517450809e+09
6.565000000000000000e+02 2.531917707644202232e+09
6.570000000000000000e+02 2.481038889145192623e+09
6.575000000000000000e+02 2.430931992840662479e+09
6.580000000000000000e+02 2.381586058629122734e+09
6.585000000000000000e+02 2.332990268048748493e+09
6.590000000000000000e+02 2.285133938716754436e+09
6.595000000000000000e+02 2.238006521303571701e+09
6.600000000000000000e+02 2.191597593362126350e+09
6.605000000000000000e+02 2.145896855327987194e+09
6.610000000000000000e+02 2.100894126738845587e+09
6.615000000000000000e+02 2.056579339991996765e+09
6.620000000000000000e+02 2.012942537646130085e+09
6.625000000000000000e+02 1.969973866026549578e+09
6.630000000000000000e+02 1.927663572298605204e+09
6.635000000000000000e+02 1.886001999575779438e+09
6.640000000000000000e+02 1.844979581613468885e+09
6.645000000000000000e+02 1.804586839980928659e+09
6.650000000000000000e+02 1.764814378642542839e+09
6.655000000000000000e+02 1.725652880119880199e+09
6.660000000000000000e+02 1.687093101560581923e+09
6.665000000000000000e+02 1.649125870115331888e+09
6.670000000000000000e+02 1.611742079398633718e+09
6.675000000000000000e+02 1.574932685162986994e+09
6.680000000000000000e+02 1.538688701842327833e+09
6.685000000000000000e+02 1.503001198347019434e+09
6.690000000000000000e+02 1.467861294905053854e+09
6.695000000000000000e+02 1.433260158597974062e+09
6.700000000000000000e+02 1.399189000908972740e+09
6.705000000000000000e+02 1.365639073263417482e+09
6.710000000000000000e+02 1.332601664464297771e+09
6.715000000000000000e+02 1.300068097448318720e+09
6.720000000000000000e+02 1.268029724981386900e+09
6.725000000000000000e+02 1.236477928786097288e+09
6.730000000000000000e+02 1.205404114262304783e+09
6.735000000000000000e+02 1.174799709298461437e+09
6.740000000000000000e+02 1.144656161077121735e+09
6.745000000000000000e+02 1.114964932953022480e+09
6.750000000000000000e+02 1.085717502902667284e+09
6.755000000000000000e+02 1.056905360339489222e+09
6.760000000000000000e+02 1.028520003886139274e+09
6.765000000000000000e+02 1.000552939760844707e+09
6.770000000000000000e+02 9.729956789199314117e+08
6.775000000000000000e+02 9.458397359383546114e+08
6.780000000000000000e+02 9.190766261647028923e+08
6.785000000000000000e+02 8.926978647719616890e+08
6.790000000000000000e+02 8.666949647285003662e+08
6.795000000000000000e+02 8.410594352074699402e+08
6.800000000000000000e+02 8.157827804472348690e+08
6.805000000000000000e+02 7.908564977578287125e+08
6.810000000000000000e+02 7.662720772183011770e+08
6.815000000000000000e+02 7.420209996929607391e+08
6.820000000000000000e+02 7.180947359374908209e+08
6.825000000000000000e+02 6.944847462971947193e+08
6.830000000000000000e+02 6.711824788111268282e+08
6.835000000000000000e+02 6.481793694452253580e+08
6.840000000000000000e+02 6.254668404598447084e+08
6.845000000000000000e+02 6.030363008122197390e+08
6.850000000000000000e+02 5.808791447189991474e+08
6.855000000000000000e+02 5.589867520628358126e+08
6.860000000000000000e+02 5.373504871300283670e+08
6.865000000000000000e+02 5.159616996954577565e+08
6.870000000000000000e+02 4.948117231954602599e+08
6.875000000000000000e+02 4.738918759644010663e+08
6.880000000000000000e+02 4.531934608373906016e+08
6.885000000000000000e+02 4.327077645041771531e+08
6.890000000000000000e+02 4.124260588091231585e+08
6.895000000000000000e+02 3.923395999168077707e+08
6.900000000000000000e+02 3.724396289909259677e+08
6.905000000000000000e+02 3.527173726399202347e+08
6.910000000000000000e+02 3.331640429388432503e+08
6.915000000000000000e+02 3.137708377374912500e+08
6.920000000000000000e+02 2.945289416064643264e+08
6.925000000000000000e+02 2.754295261944979429e+08
6.930000000000000000e+02 2.564637500841822028e+08
6.935000000000000000e+02 2.376227608764533699e+08
6.940000000000000000e+02 2.188976937941743135e+08
6.945000000000000000e+02 2.002796743636429310e+08
6.950000000000000000e+02 1.817598176053228974e+08
6.955000000000000000e+02 1.633292298240250051e+08
6.960000000000000000e+02 1.449790086219527125e+08
6.965000000000000000e+02 1.267002437100318223e+08
6.970000000000000000e+02 1.084840184915438145e+08
6.975000000000000000e+02 9.032141001358889043e+07
6.980000000000000000e+02 7.220349012635308504e+07
6.985000000000000000e+02 5.412132635578876734e+07
6.990000000000000000e+02 3.606598282525075972e+07
6.995000000000000000e+02 1.802852087097877264e+07
7.000000000000000000e+02 -0.000000000000000000e+00
