2.500000000000000000e+00 2.672234101581962245e-04
5.000000000000000000e+00 5.344630687359638562e-04
7.500000000000000000e+00 8.017350733532164391e-04
1.000000000000000000e+01 1.069055471995085339e-03
1.250000000000000000e+01 1.336440089821420421e-03
1.500000000000000000e+01 1.603904515047994668e-03
1.750000000000000000e+01 1.871464040954292241e-03
2.000000000000000000e+01 2.139133545336025562e-03
2.250000000000000000e+01 2.406927519386664431e-03
2.500000000000000000e+01 2.674859940615596180e-03
2.750000000000000000e+01 2.942944212391789775e-03
3.000000000000000000e+01 3.211193217444033039e-03
3.250000000000000000e+01 3.479619080582528699e-03
3.500000000000000000e+01 3.748233286096208476e-03
3.750000000000000000e+01 4.017046527485274021e-03
4.000000000000000000e+01 4.286068663490152225e-03
4.250000000000000000e+01 4.555308768651492382e-03
4.500000000000000000e+01 4.824774936026029679e-03
4.750000000000000000e+01 5.094474350704117534e-03
5.000000000000000000e+01 5.364413214938613082e-03
5.250000000000000000e+01 5.634596676811783229e-03
5.500000000000000000e+01 5.905028863716298669e-03
5.750000000000000000e+01 6.175712823430747934e-03
6.000000000000000000e+01 6.446650413003939158e-03
6.250000000000000000e+01 6.717842455931141710e-03
6.500000000000000000e+01 6.989288493928240940e-03
6.750000000000000000e+01 7.260986976135249543e-03
7.000000000000000000e+01 7.532935117052759130e-03
7.250000000000000000e+01 7.805128917421875166e-03
7.500000000000000000e+01 8.077563151856490334e-03
7.750000000000000000e+01 8.350231400685626665e-03
8.000000000000000000e+01 8.623125970293809422e-03
8.250000000000000000e+01 8.896238006781439014e-03
8.500000000000000000e+01 9.169557389727538491e-03
8.750000000000000000e+01 9.443072817330111848e-03
9.000000000000000000e+01 9.716771807233438862e-03
9.250000000000000000e+01 9.990640668313875011e-03
9.500000000000000000e+01 1.026466464174537185e-02
9.750000000000000000e+01 1.053882773922532740e-02
1.000000000000000000e+02 1.081311301507591541e-02
1.025000000000000000e+02 1.108750235172041750e-02
1.050000000000000000e+02 1.136197671290047929e-02
1.075000000000000000e+02 1.163651605538480044e-02
1.100000000000000000e+02 1.191109940455825460e-02
1.125000000000000000e+02 1.218570498510308624e-02
1.150000000000000000e+02 1.246031014925145543e-02
1.175000000000000000e+02 1.273489152972556195e-02
1.200000000000000000e+02 1.300942509849984177e-02
1.225000000000000000e+02 1.328388617690443724e-02
1.250000000000000000e+02 1.355824964980774372e-02
1.275000000000000000e+02 1.383248977437428681e-02
1.300000000000000000e+02 1.410658058658001077e-02
1.325000000000000000e+02 1.438049575021386507e-02
1.350000000000000000e+02 1.465420877323900251e-02
1.375000000000000000e+02 1.492769301788473418e-02
1.400000000000000000e+02 1.520092182034325258e-02
1.425000000000000000e+02 1.547386863588901679e-02
1.450000000000000000e+02 1.574650711806430473e-02
1.475000000000000000e+02 1.601881111899763899e-02
1.500000000000000000e+02 1.629075503838494504e-02
1.525000000000000000e+02 1.656231359946409160e-02
1.550000000000000000e+02 1.683346231629412326e-02
1.575000000000000000e+02 1.710417731833240376e-02
1.600000000000000000e+02 1.737443563570414962e-02
1.625000000000000000e+02 1.764421528995860008e-02
1.650000000000000000e+02 1.791349529467910900e-02
1.675000000000000000e+02 1.818225602471249328e-02
1.700000000000000000e+02 1.845047901275477867e-02
1.725000000000000000e+02 1.871814736522135064e-02
1.750000000000000000e+02 1.898524574737549264e-02
1.775000000000000000e+02 1.925176048864229300e-02
1.800000000000000000e+02 1.951767973635700967e-02
1.825000000000000000e+02 1.978299363457402399e-02
1.850000000000000000e+02 2.004769436116153949e-02
1.875000000000000000e+02 2.031177632717453413e-02
1.900000000000000000e+02 2.057523616003361505e-02
1.925000000000000000e+02 2.083807302519258622e-02
1.950000000000000000e+02 2.110028857318804046e-02
1.975000000000000000e+02 2.136188717360281569e-02
2.000000000000000000e+02 2.162287592460886490e-02
2.025000000000000000e+02 2.188326481501653639e-02
2.050000000000000000e+02 2.214306688904856685e-02
2.075000000000000000e+02 2.240229823602877049e-02
2.100000000000000000e+02 2.266097821408171245e-02
2.125000000000000000e+02 2.291912943099150279e-02
2.150000000000000000e+02 2.317677790862290171e-02
2.175000000000000000e+02 2.343395319747797537e-02
2.200000000000000000e+02 2.369068839984219896e-02
2.225000000000000000e+02 2.394702030827633443e-02
2.250000000000000000e+02 2.420298943903001834e-02
2.275000000000000000e+02 2.445864009571740300e-02
2.300000000000000000e+02 2.471402056272456807e-02
2.325000000000000000e+02 2.496918294669039917e-02
2.350000000000000000e+02 2.522418347512828118e-02
2.375000000000000000e+02 2.547908239340004183e-02
2.400000000000000000e+02 2.573394398378641562e-02
2.425000000000000000e+02 2.598883681912495663e-02
2.450000000000000000e+02 2.624383351948683316e-02
2.475000000000000000e+02 2.649901103622889775e-02
2.500000000000000000e+02 2.675445048586709215e-02
2.525000000000000000e+02 2.701023720535740413e-02
2.550000000000000000e+02 2.726646092880065028e-02
2.575000000000000000e+02 2.752321556450232007e-02
2.600000000000000000e+02 2.778059928811555529e-02
2.625000000000000000e+02 2.803871466621405545e-02
2.650000000000000000e+02 2.829766832447426841e-02
2.675000000000000000e+02 2.855757131818266459e-02
2.700000000000000000e+02 2.881853883143279532e-02
2.725000000000000000e+02 2.908069022282371019e-02
2.750000000000000000e+02 2.934414905031682702e-02
2.775000000000000000e+02 2.960904294295137879e-02
2.800000000000000000e+02 2.987550360176271028e-02
2.825000000000000000e+02 3.014366684769210353e-02
2.850000000000000000e+02 3.041367226077552888e-02
2.875000000000000000e+02 3.068566353345851885e-02
2.900000000000000000e+02 3.095978807440583763e-02
2.925000000000000000e+02 3.123619706417021108e-02
2.950000000000000000e+02 3.151504548500673464e-02
2.975000000000000000e+02 3.179649180721082213e-02
3.000000000000000000e+02 3.208069812200205900e-02
3.025000000000000000e+02 3.236782998162247155e-02
3.050000000000000000e+02 3.265805623544865144e-02
3.075000000000000000e+02 3.295154914265743112e-02
3.100000000000000000e+02 3.324848405969412640e-02
3.125000000000000000e+02 3.354903944361718737e-02
3.150000000000000000e+02 3.385339687792142394e-02
3.175000000000000000e+02 3.416174065809308991e-02
3.200000000000000000e+02 3.447425809159536392e-02
3.225000000000000000e+02 3.479113910395861820e-02
3.250000000000000000e+02 3.511257625175977226e-02
3.275000000000000000e+02 3.543876462456058835e-02
3.300000000000000000e+02 3.576990172428658882e-02
3.325000000000000000e+02 3.610618746367272314e-02
3.350000000000000000e+02 3.644782389575503684e-02
3.375000000000000000e+02 3.679501522184863010e-02
3.400000000000000000e+02 3.714796779162505419e-02
3.425000000000000000e+02 3.750688983429271289e-02
3.450000000000000000e+02 3.787199145219798807e-02
3.475000000000000000e+02 3.824348463820888278e-02
3.500000000000000000e+02 3.862158297631213683e-02
3.525000000000000000e+02 3.900650176297463384e-02
3.550000000000000000e+02 3.939845785077976392e-02
3.575000000000000000e+02 3.979766952792569701e-02
3.600000000000000000e+02 4.020435661662067478e-02
3.625000000000000000e+02 4.061874020155421122e-02
3.650000000000000000e+02 4.104104279402730204e-02
3.675000000000000000e+02 4.147148807077623289e-02
3.700000000000000000e+02 4.191030092053413952e-02
3.725000000000000000e+02 4.235770756914149920e-02
3.750000000000000000e+02 4.281393518892908506e-02
3.775000000000000000e+02 4.327921219659901231e-02
3.800000000000000000e+02 4.375376810478957823e-02
3.825000000000000000e+02 4.423783344356301689e-02
3.850000000000000000e+02 4.473163993922217585e-02
3.875000000000000000e+02 4.523542028753175376e-02
3.900000000000000000e+02 4.574940827872242544e-02
3.925000000000000000e+02 4.627383890503777158e-02
3.950000000000000000e+02 4.680894817582589851e-02
3.975000000000000000e+02 4.735497325380559619e-02
4.000000000000000000e+02 4.791215257522323662e-02
4.025000000000000000e+02 4.848072566307926046e-02
4.050000000000000000e+02 4.906093344655714644e-02
4.075000000000000000e+02 4.965301810173268493e-02
4.100000000000000000e+02 5.025722318182756360e-02
4.125000000000000000e+02 5.087379379977206850e-02
4.150000000000000000e+02 5.150297650461705540e-02
4.175000000000000000e+02 5.214501959315740592e-02
4.200000000000000000e+02 5.280017296922988324e-02
4.225000000000000000e+02 5.346868838641748861e-02
4.250000000000000000e+02 5.415081960355301594e-02
4.275000000000000000e+02 5.484682236435466790e-02
4.300000000000000000e+02 5.555695453070697704e-02
4.325000000000000000e+02 5.628147636687329258e-02
4.350000000000000000e+02 5.702065047133997311e-02
4.375000000000000000e+02 5.777474211721870395e-02
4.400000000000000000e+02 5.854401913155329179e-02
4.425000000000000000e+02 5.932875238167864551e-02
4.450000000000000000e+02 6.012921565890078784e-02
4.475000000000000000e+02 6.094568598573277263e-02
4.500000000000000000e+02 6.177844373005180606e-02
4.525000000000000000e+02 6.262777286903072060e-02
4.550000000000000000e+02 6.349396097469332811e-02
4.575000000000000000e+02 6.437729966757448075e-02
4.600000000000000000e+02 6.527808461784315175e-02
4.625000000000000000e+02 6.619661576617374976e-02
4.650000000000000000e+02 6.713319760369816647e-02
4.675000000000000000e+02 6.808813931029746025e-02
4.700000000000000000e+02 6.906175496851781059e-02
4.725000000000000000e+02 7.005436382332803913e-02
4.750000000000000000e+02 7.106629048113408120e-02
4.775000000000000000e+02 7.209786509354981776e-02
4.800000000000000000e+02 7.314942358157978941e-02
4.825000000000000000e+02 7.422130798302813137e-02
4.850000000000000000e+02 7.531386652324767450e-02
4.875000000000000000e+02 7.642745394802685777e-02
4.900000000000000000e+02 7.756243170266599596e-02
4.925000000000000000e+02 7.871916827871708322e-02
4.950000000000000000e+02 7.989803932368490236e-02
4.975000000000000000e+02 8.109942792108688903e-02
5.000000000000000000e+02 8.232372495776764387e-02
5.025000000000000000e+02 8.357132923521434775e-02
5.050000000000000000e+02 8.484264766494946375e-02
5.075000000000000000e+02 8.613809583143727799e-02
5.100000000000000000e+02 8.745809781768874858e-02
5.125000000000000000e+02 8.880308691305592583e-02
5.150000000000000000e+02 9.017350542143545700e-02
5.175000000000000000e+02 9.156980529355324139e-02
5.200000000000000000e+02 9.299244824824796918e-02
5.225000000000000000e+02 9.444190591179790761e-02
5.250000000000000000e+02 9.591866033812855574e-02
5.275000000000000000e+02 9.742320408303507817e-02
5.300000000000000000e+02 9.895604053001902378e-02
5.325000000000000000e+02 1.005176842028229350e-01
5.350000000000000000e+02 1.021086610052140270e-01
5.375000000000000000e+02 1.037295083909681309e-01
5.400000000000000000e+02 1.053807759189546306e-01
5.425000000000000000e+02 1.070630252205044541e-01
5.450000000000000000e+02 1.087768304599751046e-01
5.475000000000000000e+02 1.105227785872705815e-01
5.500000000000000000e+02 1.123014695367837157e-01
5.525000000000000000e+02 1.141135167390796012e-01
5.550000000000000000e+02 1.159595470499887176e-01
5.575000000000000000e+02 1.178402013840710860e-01
5.600000000000000000e+02 1.197561348249188279e-01
5.625000000000000000e+02 1.217080169536343404e-01
5.650000000000000000e+02 1.236965321784349175e-01
5.675000000000000000e+02 1.257223799716548629e-01
5.700000000000000000e+02 1.277862752400367174e-01
5.725000000000000000e+02 1.298889485903718943e-01
5.750000000000000000e+02 1.320311466871370298e-01
5.775000000000000000e+02 1.342136323842337275e-01
5.800000000000000000e+02 1.364371853896619302e-01
5.825000000000000000e+02 1.387026021567240031e-01
5.850000000000000000e+02 1.410106966299299880e-01
5.875000000000000000e+02 1.433623001521674156e-01
5.900000000000000000e+02 1.457582621211881146e-01
5.925000000000000000e+02 1.481994501761709493e-01
5.950000000000000000e+02 1.506867505272062591e-01
5.975000000000000000e+02 1.532210683392889183e-01
6.000000000000000000e+02 1.558033280343125992e-01
6.025000000000000000e+02 1.584344736635140971e-01
6.050000000000000000e+02 1.611154692506950592e-01
6.075000000000000000e+02 1.638472991808051227e-01
6.100000000000000000e+02 1.666309683785854590e-01
6.125000000000000000e+02 1.694675030210462674e-01
6.150000000000000000e+02 1.723579505315089300e-01
6.175000000000000000e+02 1.753033801842805994e-01
6.200000000000000000e+02 1.783048834042918196e-01
6.225000000000000000e+02 1.813635740741539604e-01
6.250000000000000000e+02 1.844805891747728077e-01
6.275000000000000000e+02 1.876570887540186805e-01
6.300000000000000000e+02 1.908942567272259305e-01
6.325000000000000000e+02 1.941933010321135467e-01
6.350000000000000000e+02 1.975554540973301909e-01
6.375000000000000000e+02 2.009819732609990361e-01
6.400000000000000000e+02 2.044741411927893382e-01
6.425000000000000000e+02 2.080332661361091462e-01
6.450000000000000000e+02 2.116606826681950992e-01
6.475000000000000000e+02 2.153577517665854479e-01
6.500000000000000000e+02 2.191258614326105358e-01
6.525000000000000000e+02 2.229664270689963035e-01
6.550000000000000000e+02 2.268808918545609787e-01
6.575000000000000000e+02 2.308707273761110845e-01
6.600000000000000000e+02 2.349374337209255981e-01
6.625000000000000000e+02 2.390825402701700075e-01
6.650000000000000000e+02 2.433076059277670955e-01
6.675000000000000000e+02 2.476142196338389223e-01
6.700000000000000000e+02 2.520040008075128957e-01
6.725000000000000000e+02 2.564785997964680320e-01
6.750000000000000000e+02 2.610396983098992041e-01
6.775000000000000000e+02 2.656890099245021730e-01
6.800000000000000000e+02 2.704282805059676775e-01
6.825000000000000000e+02 2.752592885442631254e-01
6.850000000000000000e+02 2.801838459429160655e-01
6.875000000000000000e+02 2.852037980349938495e-01
6.900000000000000000e+02 2.903210244951859309e-01
6.925000000000000000e+02 2.955374393398297328e-01
6.950000000000000000e+02 3.008549917802490481e-01
6.975000000000000000e+02 3.062756664390886563e-01
7.000000000000000000e+02 3.118014838900441399e-01
7.025000000000000000e+02 3.174345010926914457e-01
7.050000000000000000e+02 3.231768118476227580e-01
7.075000000000000000e+02 3.290305472262768371e-01
7.100000000000000000e+02 3.349978760531516775e-01
7.125000000000000000e+02 3.410810053234953898e-01
7.150000000000000000e+02 3.472821805376817839e-01
7.175000000000000000e+02 3.536036864005969726e-01
7.200000000000000000e+02 3.600478469378790569e-01
7.225000000000000000e+02 3.666170260557018445e-01
7.250000000000000000e+02 3.733136280880537949e-01
7.275000000000000000e+02 3.801400978617239801e-01
7.300000000000000000e+02 3.870989214187188221e-01
7.325000000000000000e+02 3.941926262568354877e-01
7.350000000000000000e+02 4.014237817097289218e-01
7.375000000000000000e+02 4.087949993482382638e-01
7.400000000000000000e+02 4.163089333045155160e-01
7.425000000000000000e+02 4.239682806553722871e-01
7.450000000000000000e+02 4.317757817620603289e-01
7.475000000000000000e+02 4.397342204679113853e-01
7.500000000000000000e+02 4.478464246072102473e-01
7.525000000000000000e+02 4.561152661771022965e-01
7.550000000000000000e+02 4.645436615136830372e-01
7.575000000000000000e+02 4.731345718408058176e-01
7.600000000000000000e+02 4.818910031708958375e-01
7.625000000000000000e+02 4.908160067621590295e-01
7.650000000000000000e+02 4.999126792566015443e-01
7.675000000000000000e+02 5.091841628158062516e-01
7.700000000000000000e+02 5.186336453308481031e-01
7.725000000000000000e+02 5.282643605399651721e-01
7.750000000000000000e+02 5.380795881536779568e-01
7.775000000000000000e+02 5.480826539207038772e-01
7.800000000000000000e+02 5.582769297083171045e-01
7.825000000000000000e+02 5.686658335408797393e-01
7.850000000000000000e+02 5.792528296258031562e-01
7.875000000000000000e+02 5.900414281683573625e-01
7.900000000000000000e+02 6.010351856700280049e-01
7.925000000000000000e+02 6.122377043955109510e-01
7.950000000000000000e+02 6.236526327177642770e-01
7.975000000000000000e+02 6.352836644716109982e-01
8.000000000000000000e+02 6.471345392429150856e-01
8.025000000000000000e+02 6.592090417758262877e-01
8.050000000000000000e+02 6.715110019227337190e-01
8.075000000000000000e+02 6.840442942491313794e-01
8.100000000000000000e+02 6.968128376965829762e-01
8.125000000000000000e+02 7.098205952017357934e-01
8.150000000000000000e+02 7.230715732836744403e-01
8.175000000000000000e+02 7.365698215689800987e-01
8.200000000000000000e+02 7.503194321094467378e-01
8.225000000000000000e+02 7.643245391527786481e-01
8.250000000000000000e+02 7.785893181584416789e-01
8.275000000000000000e+02 7.931179852939920227e-01
8.300000000000000000e+02 8.079147968053685958e-01
8.325000000000000000e+02 8.229840479603657277e-01
8.350000000000000000e+02 8.383300724806669324e-01
8.375000000000000000e+02 8.539572415317074894e-01
8.400000000000000000e+02 8.698699627697862313e-01
8.425000000000000000e+02 8.860726793561063408e-01
8.450000000000000000e+02 9.025698688767074263e-01
8.475000000000000000e+02 9.193660422200129467e-01
8.500000000000000000e+02 9.364657423434699091e-01
8.525000000000000000e+02 9.538735430620463029e-01
8.550000000000000000e+02 9.715940476782225499e-01
8.575000000000000000e+02 9.896318876234078132e-01
8.600000000000000000e+02 1.007991720879584552e+00
8.625000000000000000e+02 1.026678230648329304e+00
8.650000000000000000e+02 1.045696123486971274e+00
8.675000000000000000e+02 1.065050127820057702e+00
8.700000000000000000e+02 1.084744992091890348e+00
8.725000000000000000e+02 1.104785482915310313e+00
8.750000000000000000e+02 1.125176383204868458e+00
8.775000000000000000e+02 1.145922490118291837e+00
8.800000000000000000e+02 1.167028613085638433e+00
8.825000000000000000e+02 1.188499571446779646e+00
8.850000000000000000e+02 1.210340192471725196e+00
8.875000000000000000e+02 1.232555308806747352e+00
8.900000000000000000e+02 1.255149756241777270e+00
8.925000000000000000e+02 1.278128370969022543e+00
8.950000000000000000e+02 1.301495987326639847e+00
8.975000000000000000e+02 1.325257434738353224e+00
9.000000000000000000e+02 1.349417535302109838e+00
9.025000000000000000e+02 1.373981100630075503e+00
9.050000000000000000e+02 1.398952929072089235e+00
9.075000000000000000e+02 1.424337802649532581e+00
9.100000000000000000e+02 1.450140483686291892e+00
9.125000000000000000e+02 1.476365711971189043e+00
9.150000000000000000e+02 1.503018200908555091e+00
9.175000000000000000e+02 1.530102634531020023e+00
9.200000000000000000e+02 1.557623663591344743e+00
9.225000000000000000e+02 1.585585902201154251e+00
9.250000000000000000e+02 1.613993923691590116e+00
9.275000000000000000e+02 1.642852257165224428e+00
9.300000000000000000e+02 1.672165383212710132e+00
9.325000000000000000e+02 1.701937729932919918e+00
9.350000000000000000e+02 1.732173668652098319e+00
9.375000000000000000e+02 1.762877509686117783e+00
9.400000000000000000e+02 1.794053497897313720e+00
9.425000000000000000e+02 1.825705807872373132e+00
9.450000000000000000e+02 1.857838539723511317e+00
9.475000000000000000e+02 1.890455713638733881e+00
9.500000000000000000e+02 1.923561265499682982e+00
9.525000000000000000e+02 1.957159041359584295e+00
9.550000000000000000e+02 1.991252792424301754e+00
9.575000000000000000e+02 2.025846169642353978e+00
9.600000000000000000e+02 2.060942718013996089e+00
9.625000000000000000e+02 2.096545871070944589e+00
9.650000000000000000e+02 2.132658944900270193e+00
9.675000000000000000e+02 2.169285132142959149e+00
9.700000000000000000e+02 2.206427495741856593e+00
9.725000000000000000e+02 2.244088962537910348e+00
9.750000000000000000e+02 2.282272316614286645e+00
9.775000000000000000e+02 2.320980192552190235e+00
9.800000000000000000e+02 2.360215068348196166e+00
9.825000000000000000e+02 2.399979257982071790e+00
9.850000000000000000e+02 2.440274904070248940e+00
9.875000000000000000e+02 2.481103969967170197e+00
9.900000000000000000e+02 2.522468231671844308e+00
9.925000000000000000e+02 2.564369269444590760e+00
9.950000000000000000e+02 2.606808459033910008e+00
9.975000000000000000e+02 2.649786962659485212e+00
1.000000000000000000e+03 2.693305719752964844e+00
1.002500000000000000e+03 2.737365436686543863e+00
1.005000000000000000e+03 2.781966576860904095e+00
1.007500000000000000e+03 2.827109350078023553e+00
1.010000000000000000e+03 2.872793701086030715e+00
1.012500000000000000e+03 2.919019298006074958e+00
1.015000000000000000e+03 2.965785520042978796e+00
1.017500000000000000e+03 3.013091444617645998e+00
1.020000000000000000e+03 3.060935833830802810e+00
1.022500000000000000e+03 3.109317120278777491e+00
1.025000000000000000e+03 3.158233392049787369e+00
1.027500000000000000e+03 3.207682377028774567e+00
1.030000000000000000e+03 3.257661426199705890e+00
1.032500000000000000e+03 3.308167496170199229e+00
1.035000000000000000e+03 3.359197130597340930e+00
1.037500000000000000e+03 3.410746440580009864e+00
1.040000000000000000e+03 3.462811083964234093e+00
1.042500000000000000e+03 3.515386243345524964e+00
1.045000000000000000e+03 3.568466602778236130e+00
1.047500000000000000e+03 3.622046323129344270e+00
1.050000000000000000e+03 3.676119015880063845e+00
1.052500000000000000e+03 3.730677715349853596e+00
1.055000000000000000e+03 3.785714849174266483e+00
1.057500000000000000e+03 3.841222206958623708e+00
1.060000000000000000e+03 3.897190907032807683e+00
1.062500000000000000e+03 3.953611361020057835e+00
1.065000000000000000e+03 4.010473236264838981e+00
1.067500000000000000e+03 4.067765415827553355e+00
1.070000000000000000e+03 4.125475956090846275e+00
1.072500000000000000e+03 4.183592041558852337e+00
1.075000000000000000e+03 4.242099936894367929e+00
1.077500000000000000e+03 4.300984935997019143e+00
1.080000000000000000e+03 4.360231307870090944e+00
1.082500000000000000e+03 4.419822239123181618e+00
1.085000000000000000e+03 4.479739773041470308e+00
1.087500000000000000e+03 4.539964744834285248e+00
1.090000000000000000e+03 4.600476713064240997e+00
1.092500000000000000e+03 4.661253887022389186e+00
1.095000000000000000e+03 4.722273049618436858e+00
1.097500000000000000e+03 4.783509476086786449e+00
1.100000000000000000e+03 4.844936847876193831e+00
1.102500000000000000e+03 4.906527161771501611e+00
1.105000000000000000e+03 4.968250633879613076e+00
1.107500000000000000e+03 5.030075598684536686e+00
1.110000000000000000e+03 5.091968402700350005e+00
1.112500000000000000e+03 5.153893292599556197e+00
1.115000000000000000e+03 5.215812298086124343e+00
1.117500000000000000e+03 5.277685108937459013e+00
1.120000000000000000e+03 5.339468946606494626e+00
1.122500000000000000e+03 5.401118430351963262e+00
1.125000000000000000e+03 5.462585437585143922e+00
1.127500000000000000e+03 5.523818959306866283e+00
1.130000000000000000e+03 5.584764950001170014e+00
1.132500000000000000e+03 5.645366173217671424e+00
1.135000000000000000e+03 5.705562042464825012e+00
1.137500000000000000e+03 5.765288458405150251e+00
1.140000000000000000e+03 5.824477643132033755e+00
1.142500000000000000e+03 5.883057971939725128e+00
1.145000000000000000e+03 5.940953804085872925e+00
1.147500000000000000e+03 5.998085313560578058e+00
1.150000000000000000e+03 6.054368321441851108e+00
1.152500000000000000e+03 6.109714131405061366e+00
1.155000000000000000e+03 6.164029370760391480e+00
1.157500000000000000e+03 6.217215839051995374e+00
1.160000000000000000e+03 6.269170367158092283e+00
1.162500000000000000e+03 6.319784689897206320e+00
1.165000000000000000e+03 6.368945335748499303e+00
1.167500000000000000e+03 6.416533537642309604e+00
1.170000000000000000e+03 6.462425169287346449e+00
1.172500000000000000e+03 6.506490712158299772e+00
1.175000000000000000e+03 6.548595258407684305e+00
1.177500000000000000e+03 6.588598556132906126e+00
1.180000000000000000e+03 6.626355103251148293e+00
1.182500000000000000e+03 6.661714297474339297e+00
1.185000000000000000e+03 6.694520649800478118e+00
1.187500000000000000e+03 6.724614069745197931e+00
1.190000000000000000e+03 6.751830230864606541e+00
1.192500000000000000e+03 6.776001025259532184e+00
1.195000000000000000e+03 6.796955116011743847e+00
1.197500000000000000e+03 6.814518596422767693e+00
1.200000000000000000e+03 6.828515764606192917e+00
1.202500000000000000e+03 6.838770021554397616e+00
1.205000000000000000e+03 6.845104899652699082e+00
1.207500000000000000e+03 6.847345227647640087e+00
1.210000000000000000e+03 6.845318436331478296e+00
1.212500000000000000e+03 6.838856006524797415e+00
1.215000000000000000e+03 6.827795059184399662e+00
1.217500000000000000e+03 6.811980083026373478e+00
1.220000000000000000e+03 6.791264792235635284e+00
1.222500000000000000e+03 6.765514101689331206e+00
1.225000000000000000e+03 6.734606202578810930e+00
1.227500000000000000e+03 6.698434715798025962e+00
1.230000000000000000e+03 6.656910894741725926e+00
1.232500000000000000e+03 6.609965843377731964e+00
1.235000000000000000e+03 6.557552709479947950e+00
1.237500000000000000e+03 6.499648807530990169e+00
1.240000000000000000e+03 6.436257620702268589e+00
1.242500000000000000e+03 6.367410627620803787e+00
1.245000000000000000e+03 6.293168896330046280e+00
1.247500000000000000e+03 6.213624387706731866e+00
1.250000000000000000e+03 6.128900910499764265e+00
1.252500000000000000e+03 6.039154674262596778e+00
1.255000000000000000e+03 5.944574391272112734e+00
1.257500000000000000e+03 5.845380887516120616e+00
1.260000000000000000e+03 5.741826192912374616e+00
1.262500000000000000e+03 5.634192094314557586e+00
1.265000000000000000e+03 5.522788149728463658e+00
1.267500000000000000e+03 5.407949178474077634e+00
1.270000000000000000e+03 5.290032259354878974e+00
1.272500000000000000e+03 5.169413285418296589e+00
1.275000000000000000e+03 5.046483140896182995e+00
1.277500000000000000e+03 4.921643578954111753e+00
1.280000000000000000e+03 4.795302891945381063e+00
1.282500000000000000e+03 4.667871472769627772e+00
1.285000000000000000e+03 4.539757371815355214e+00
1.287500000000000000e+03 4.411361952999694580e+00
1.290000000000000000e+03 4.283075749517592179e+00
1.292500000000000000e+03 4.155274611446026611e+00
1.295000000000000000e+03 4.028316226196548833e+00
1.297500000000000000e+03 3.902537078350329480e+00
1.300000000000000000e+03 3.778249899130514677e+00
1.302500000000000000e+03 3.655741638149814232e+00
1.305000000000000000e+03 3.535271972131627471e+00
1.307500000000000000e+03 3.417072348554510697e+00
1.310000000000000000e+03 3.301345545637729195e+00
1.312500000000000000e+03 3.188265717175387426e+00
1.315000000000000000e+03 3.077978878630715620e+00
1.317500000000000000e+03 2.970603783207422133e+00
1.320000000000000000e+03 2.866233129847854944e+00
1.322500000000000000e+03 2.764935043172987772e+00
1.325000000000000000e+03 2.666754764235048203e+00
1.327500000000000000e+03 2.571716492648199903e+00
1.330000000000000000e+03 2.479825324922856566e+00
1.332500000000000000e+03 2.391069237576635143e+00
1.335000000000000000e+03 2.305421070679179785e+00
1.337500000000000000e+03 2.222840473097675407e+00
1.340000000000000000e+03 2.143275777788923087e+00
1.342500000000000000e+03 2.066665781997059081e+00
1.345000000000000000e+03 1.992941413412755658e+00
1.347500000000000000e+03 1.922027269340264910e+00
1.350000000000000000e+03 1.853843020573054501e+00
1.352500000000000000e+03 1.788304677043917490e+00
1.355000000000000000e+03 1.725325714848665593e+00
1.357500000000000000e+03 1.664818068486629832e+00
1.360000000000000000e+03 1.606692993530127955e+00
1.362500000000000000e+03 1.550861807600512510e+00
1.365000000000000000e+03 1.497236517825401680e+00
1.367500000000000000e+03 1.445730344544629675e+00
1.370000000000000000e+03 1.396258150837681677e+00
1.372500000000000000e+03 1.348736787734048814e+00
1.375000000000000000e+03 1.303085364702536220e+00
1.377500000000000000e+03 1.259225454594609994e+00
1.380000000000000000e+03 1.217081241786819756e+00
1.382500000000000000e+03 1.176579621329419734e+00
1.385000000000000000e+03 1.137650256936401982e+00
1.387500000000000000e+03 1.100225603805350394e+00
1.390000000000000000e+03 1.064240902906282482e+00
1.392500000000000000e+03 1.029634151444181800e+00
1.395000000000000000e+03 9.963460546384332872e-01
1.397500000000000000e+03 9.643199623453063696e-01
1.400000000000000000e+03 9.335017943971287702e-01
1.402500000000000000e+03 9.038399573873596715e-01
1.405000000000000000e+03 8.752852554799374074e-01
1.407500000000000000e+03 8.477907973256993968e-01
1.410000000000000000e+03 8.213119007901752422e-01
1.412500000000000000e+03 7.958059970466351274e-01
1.415000000000000000e+03 7.712325348375497214e-01
1.417500000000000000e+03 7.475528863871886420e-01
1.420000000000000000e+03 7.247302550439063129e-01
1.422500000000000000e+03 7.027295856516841965e-01
1.425000000000000000e+03 6.815174779096824231e-01
1.427500000000000000e+03 6.610621028035185143e-01
1.430000000000000000e+03 6.413331227779605070e-01
1.432500000000000000e+03 6.223016151560234466e-01
1.435000000000000000e+03 6.039399993162078983e-01
1.437500000000000000e+03 5.862219673702941947e-01
1.440000000000000000e+03 5.691224183969293415e-01
1.442500000000000000e+03 5.526173960624259918e-01
1.445000000000000000e+03 5.366840296002061139e-01
1.447500000000000000e+03 5.213004780310427355e-01
1.450000000000000000e+03 5.064458772787722163e-01
1.452500000000000000e+03 4.921002905018459495e-01
1.455000000000000000e+03 4.782446608935703170e-01
1.457500000000000000e+03 4.648607673650447247e-01
1.460000000000000000e+03 4.519311824391093468e-01
1.462500000000000000e+03 4.394392328311909068e-01
1.465000000000000000e+03 4.273689618655825417e-01
1.467500000000000000e+03 4.157050941938560951e-01
1.470000000000000000e+03 4.044330023264302021e-01
1.472500000000000000e+03 3.935386750175015047e-01
1.475000000000000000e+03 3.830086873020407401e-01
1.477500000000000000e+03 3.728301720974473987e-01
1.480000000000000000e+03 3.629907933707859913e-01
1.482500000000000000e+03 3.534787204235581015e-01
1.485000000000000000e+03 3.442826037960260432e-01
1.487500000000000000e+03 3.353915520346841816e-01
1.490000000000000000e+03 3.267951097871395483e-01
1.492500000000000000e+03 3.184832367029868938e-01
1.495000000000000000e+03 3.104462875697172053e-01
1.497500000000000000e+03 3.026749930546640543e-01
1.500000000000000000e+03 2.951604414491882378e-01
1.502500000000000000e+03 2.878940611434034902e-01
1.505000000000000000e+03 2.808676037303970419e-01
1.507500000000000000e+03 2.740731279731107306e-01
1.510000000000000000e+03 2.675029841757825544e-01
1.512500000000000000e+03 2.611497993553067443e-01
1.515000000000000000e+03 2.550064627269109652e-01
1.517500000000000000e+03 2.490661120121382410e-01
1.520000000000000000e+03 2.433221199670812518e-01
1.522500000000000000e+03 2.377680815201005105e-01
1.525000000000000000e+03 2.323978013974067613e-01
1.527500000000000000e+03 2.272052819643138322e-01
1.530000000000000000e+03 2.221847118386902076e-01
1.532500000000000000e+03 2.173304545141548916e-01
1.535000000000000000e+03 2.126370377237272735e-01
1.537500000000000000e+03 2.080991428567898760e-01
1.540000000000000000e+03 2.037115951395583324e-01
1.542500000000000000e+03 1.994693538137448652e-01
1.545000000000000000e+03 1.953675029600157875e-01
1.547500000000000000e+03 1.914012425792937788e-01
1.550000000000000000e+03 1.875658800832429030e-01
1.552500000000000000e+03 1.838568221874267716e-01
1.555000000000000000e+03 1.802695671388885590e-01
1.557500000000000000e+03 1.767996974715522751e-01
1.560000000000000000e+03 1.734428729253681412e-01
1.562500000000000000e+03 1.701948240965373560e-01
1.565000000000000000e+03 1.670513462247015524e-01
1.567500000000000000e+03 1.640082936073878062e-01
1.570000000000000000e+03 1.610615742727666277e-01
1.572500000000000000e+03 1.582071453325378241e-01
1.575000000000000000e+03 1.554410085636669658e-01
1.577500000000000000e+03 1.527592065900298668e-01
1.580000000000000000e+03 1.501578194959281576e-01
1.582500000000000000e+03 1.476329619248010205e-01
1.585000000000000000e+03 1.451807806525981515e-01
1.587500000000000000e+03 1.427974526435296654e-01
1.590000000000000000e+03 1.404791836746791256e-01
1.592500000000000000e+03 1.382222072422681358e-01
1.595000000000000000e+03 1.360227843053137542e-01
1.597500000000000000e+03 1.338772031277670471e-01
1.600000000000000000e+03 1.317817799136749013e-01
1.602500000000000000e+03 1.297328597842616060e-01
1.605000000000000000e+03 1.277268181441209849e-01
1.607500000000000000e+03 1.257600627658854997e-01
1.610000000000000000e+03 1.238290360081289593e-01
1.612500000000000000e+03 1.219302176778218616e-01
1.615000000000000000e+03 1.200601282013929183e-01
1.617500000000000000e+03 1.182153322179954197e-01
1.620000000000000000e+03 1.163924425100262977e-01
1.622500000000000000e+03 1.145881242657358634e-01
1.625000000000000000e+03 1.127990997321347694e-01
1.627500000000000000e+03 1.110221529066182378e-01
1.630000000000000000e+03 1.092541348000931334e-01
1.632500000000000000e+03 1.074919685938463682e-01
1.635000000000000000e+03 1.057326551751073679e-01
1.637500000000000000e+03 1.039732785796149417e-01
1.640000000000000000e+03 1.022110117842444793e-01
1.642500000000000000e+03 1.004431222849606342e-01
1.645000000000000000e+03 9.866697780487099223e-02
1.647500000000000000e+03 9.688005192564290435e-02
1.650000000000000000e+03 9.507992961661951292e-02
1.652500000000000000e+03 9.326431264265594434e-02
1.655000000000000000e+03 9.143102479865783394e-02
1.657500000000000000e+03 8.957801697578580968e-02
1.660000000000000000e+03 8.770337185590552920e-02
1.662500000000000000e+03 8.580530857719827209e-02
1.665000000000000000e+03 8.388218685405983421e-02
1.667500000000000000e+03 8.193251100898943373e-02
1.670000000000000000e+03 7.995493344235513056e-02
1.672500000000000000e+03 7.794825810216793327e-02
1.675000000000000000e+03 7.591144328341685454e-02
1.677500000000000000e+03 7.384360433277462055e-02
1.680000000000000000e+03 7.174401590194756650e-02
1.682500000000000000e+03 6.961211385989600486e-02
1.685000000000000000e+03 6.744749676315245357e-02
1.687500000000000000e+03 6.524992673238429186e-02
1.690000000000000000e+03 6.301932959307876558e-02
1.692500000000000000e+03 6.075579354495630469e-02
1.695000000000000000e+03 5.845956621744526766e-02
1.697500000000000000e+03 5.613104835473668036e-02
1.700000000000000000e+03 5.377078301995569937e-02
1.702500000000000000e+03 5.137943788704301545e-02
1.705000000000000000e+03 4.895777726367538801e-02
1.707500000000000000e+03 4.650662058173837127e-02
1.710000000000000000e+03 4.402678226594279598e-02
1.712500000000000000e+03 4.151898927827006591e-02
1.715000000000000000e+03 3.898377309340887720e-02
1.717500000000000000e+03 3.642133736535116406e-02
1.720000000000000000e+03 3.383140850503520147e-02
1.722500000000000000e+03 3.121308784349504512e-02
1.725000000000000000e+03 2.856473788789958695e-02
1.727500000000000000e+03 2.588395078540025804e-02
1.730000000000000000e+03 2.316765988793840006e-02
1.732500000000000000e+03 2.041245489825773557e-02
1.735000000000000000e+03 1.761514060931050965e-02
1.737500000000000000e+03 1.477352752804735915e-02
1.740000000000000000e+03 1.188736413443209836e-02
1.742500000000000000e+03 8.959228531299935974e-03
1.745000000000000000e+03 5.995132019877348270e-03
1.747500000000000000e+03 3.004587867815721597e-03
