-5.000000000000000000e+00 9.999999631567529912e-01
5.000000000000000000e+00 9.999999631567529912e-01
1.500000000000000000e+01 9.999999630586169364e-01
2.500000000000000000e+01 9.999999628630679149e-01
3.500000000000000000e+01 9.999999625713990037e-01
4.500000000000000000e+01 9.999999621852988518e-01
5.500000000000000000e+01 9.999999617066069879e-01
6.500000000000000000e+01 9.999999611371319652e-01
7.500000000000000000e+01 9.999999604785090312e-01
8.500000000000000000e+01 9.999999597321058697e-01
9.500000000000000000e+01 9.999999588989729737e-01
1.050000000000000000e+02 9.999999579798388716e-01
1.150000000000000000e+02 9.999999569750759321e-01
1.250000000000000000e+02 9.999999558847469938e-01
1.350000000000000000e+02 9.999999547085909324e-01
1.450000000000000000e+02 9.999999534460588535e-01
1.550000000000000000e+02 9.999999520963198663e-01
1.650000000000000000e+02 9.999999506582879505e-01
1.750000000000000000e+02 9.999999491306188482e-01
1.850000000000000000e+02 9.999999475117289371e-01
1.950000000000000000e+02 9.999999457998089980e-01
2.050000000000000000e+02 9.999999439928249911e-01
2.150000000000000000e+02 9.999999420885269386e-01
2.250000000000000000e+02 9.999999400844489239e-01
2.350000000000000000e+02 9.999999379779089814e-01
2.450000000000000000e+02 9.999999357660209753e-01
2.550000000000000000e+02 9.999999334456919353e-01
2.650000000000000000e+02 9.999999310136099551e-01
2.750000000000000000e+02 9.999999284662529631e-01
2.850000000000000000e+02 9.999999257998859470e-01
2.950000000000000000e+02 9.999999230105579562e-01
3.050000000000000000e+02 9.999999200940928867e-01
3.150000000000000000e+02 9.999999170460869280e-01
3.250000000000000000e+02 9.999999138619168892e-01
3.350000000000000000e+02 9.999999105367050056e-01
3.450000000000000000e+02 9.999999070653449174e-01
3.550000000000000000e+02 9.999999034424729150e-01
3.650000000000000000e+02 9.999998996624729353e-01
3.750000000000000000e+02 9.999998957194650151e-01
3.850000000000000000e+02 9.999998916072929678e-01
3.950000000000000000e+02 9.999998873195189431e-01
4.050000000000000000e+02 9.999998828494168768e-01
4.150000000000000000e+02 9.999998781899579470e-01
4.250000000000000000e+02 9.999998733337979173e-01
4.350000000000000000e+02 9.999998682732750277e-01
4.450000000000000000e+02 9.999998630003938960e-01
4.550000000000000000e+02 9.999998575068119733e-01
4.650000000000000000e+02 9.999998517838200041e-01
4.750000000000000000e+02 9.999998458223429143e-01
4.850000000000000000e+02 9.999998396129189393e-01
4.950000000000000000e+02 9.999998331456809719e-01
5.050000000000000000e+02 9.999998264103509005e-01
5.150000000000000000e+02 9.999998193962099657e-01
5.250000000000000000e+02 9.999998120920888800e-01
5.350000000000000000e+02 9.999998044863629421e-01
5.450000000000000000e+02 9.999997965669058519e-01
5.550000000000000000e+02 9.999997883211000360e-01
5.650000000000000000e+02 9.999997797357899065e-01
5.750000000000000000e+02 9.999997707972809735e-01
5.850000000000000000e+02 9.999997614913109789e-01
5.950000000000000000e+02 9.999997518030330212e-01
6.050000000000000000e+02 9.999997417169699254e-01
6.150000000000000000e+02 9.999997312170240127e-01
6.250000000000000000e+02 9.999997202864249202e-01
6.350000000000000000e+02 9.999997089077129475e-01
6.450000000000000000e+02 9.999996970627109683e-01
6.550000000000000000e+02 9.999996847324978955e-01
6.650000000000000000e+02 9.999996718973700460e-01
6.750000000000000000e+02 9.999996585368189361e-01
6.850000000000000000e+02 9.999996446294909802e-01
6.950000000000000000e+02 9.999996301531619558e-01
7.050000000000000000e+02 9.999996150846959253e-01
7.150000000000000000e+02 9.999995993999999389e-01
7.250000000000000000e+02 9.999995830740060487e-01
7.350000000000000000e+02 9.999995660806169084e-01
7.450000000000000000e+02 9.999995483926590323e-01
7.550000000000000000e+02 9.999995299818569272e-01
7.650000000000000000e+02 9.999995108187690329e-01
7.750000000000000000e+02 9.999994908727498633e-01
7.850000000000000000e+02 9.999994701119039320e-01
7.950000000000000000e+02 9.999994485030270219e-01
8.050000000000000000e+02 9.999994260115558919e-01
8.150000000000000000e+02 9.999994026015179838e-01
8.250000000000000000e+02 9.999993782354609229e-01
8.350000000000000000e+02 9.999993528744089977e-01
8.450000000000000000e+02 9.999993264777899959e-01
8.550000000000000000e+02 9.999992990033699236e-01
8.650000000000000000e+02 9.999992704071989369e-01
8.750000000000000000e+02 9.999992406435238568e-01
8.850000000000000000e+02 9.999992096647259965e-01
8.950000000000000000e+02 9.999991774212388940e-01
9.050000000000000000e+02 9.999991438614810324e-01
9.150000000000000000e+02 9.999991089317549209e-01
9.250000000000000000e+02 9.999990725761829236e-01
9.350000000000000000e+02 9.999990347366009003e-01
9.450000000000000000e+02 9.999989953524779374e-01
9.550000000000000000e+02 9.999989543607959996e-01
9.650000000000000000e+02 9.999989116959898672e-01
9.750000000000000000e+02 9.999988672898069142e-01
9.850000000000000000e+02 9.999988210712159598e-01
9.950000000000000000e+02 9.999987729662879188e-01
1.005000000000000000e+03 9.999987228980758980e-01
1.015000000000000000e+03 9.999986707864949587e-01
1.025000000000000000e+03 9.999986165481989930e-01
1.035000000000000000e+03 9.999985600964400589e-01
1.045000000000000000e+03 9.999985013409269374e-01
1.055000000000000000e+03 9.999984401876940154e-01
1.065000000000000000e+03 9.999983765389409696e-01
1.075000000000000000e+03 9.999983102928778900e-01
1.085000000000000000e+03 9.999982413435629658e-01
1.095000000000000000e+03 9.999981695807309556e-01
1.105000000000000000e+03 9.999980948896289856e-01
1.115000000000000000e+03 9.999980171508150439e-01
1.125000000000000000e+03 9.999979362399779026e-01
1.135000000000000000e+03 9.999978520277430505e-01
1.145000000000000000e+03 9.999977643794548676e-01
1.155000000000000000e+03 9.999976731549689024e-01
1.165000000000000000e+03 9.999975782084219444e-01
1.175000000000000000e+03 9.999974793880169743e-01
1.185000000000000000e+03 9.999973765357469402e-01
1.195000000000000000e+03 9.999972694871789303e-01
1.205000000000000000e+03 9.999971580711779495e-01
1.215000000000000000e+03 9.999970421096189277e-01
1.225000000000000000e+03 9.999969214171289256e-01
1.235000000000000000e+03 9.999967958007749402e-01
1.245000000000000000e+03 9.999966650597609252e-01
1.255000000000000000e+03 9.999965289851069361e-01
1.265000000000000000e+03 9.999963873593159525e-01
1.275000000000000000e+03 9.999962399560319293e-01
1.285000000000000000e+03 9.999960865396739784e-01
1.295000000000000000e+03 9.999959268650608912e-01
1.305000000000000000e+03 9.999957606770248919e-01
1.315000000000000000e+03 9.999955877099999668e-01
1.325000000000000000e+03 9.999954076876109710e-01
1.335000000000000000e+03 9.999952203222209901e-01
1.345000000000000000e+03 9.999950253144779255e-01
1.355000000000000000e+03 9.999948223528378755e-01
1.365000000000000000e+03 9.999946111130759707e-01
1.375000000000000000e+03 9.999943912577669014e-01
1.385000000000000000e+03 9.999941624357369108e-01
1.395000000000000000e+03 9.999939242815290008e-01
1.405000000000000000e+03 9.999936764148119606e-01
1.415000000000000000e+03 9.999934184397629711e-01
1.425000000000000000e+03 9.999931499444609795e-01
1.435000000000000000e+03 9.999928705002268936e-01
1.445000000000000000e+03 9.999925796609340223e-01
1.455000000000000000e+03 9.999922769623079688e-01
1.465000000000000000e+03 9.999919619211928845e-01
1.475000000000000000e+03 9.999916340347859700e-01
1.485000000000000000e+03 9.999912927798270124e-01
1.495000000000000000e+03 9.999909376118009119e-01
1.505000000000000000e+03 9.999905679640439526e-01
1.515000000000000000e+03 9.999901832468580665e-01
1.525000000000000000e+03 9.999897828465900140e-01
1.535000000000000000e+03 9.999893661246479493e-01
1.545000000000000000e+03 9.999889324165049942e-01
1.555000000000000000e+03 9.999884810306278737e-01
1.565000000000000000e+03 9.999880112474128779e-01
1.575000000000000000e+03 9.999875223180418882e-01
1.585000000000000000e+03 9.999870134632888874e-01
1.595000000000000000e+03 9.999864838723169225e-01
1.605000000000000000e+03 9.999859327013759236e-01
1.615000000000000000e+03 9.999853590724978591e-01
1.625000000000000000e+03 9.999847620720959673e-01
1.635000000000000000e+03 9.999841407495598800e-01
1.645000000000000000e+03 9.999834941157268453e-01
1.655000000000000000e+03 9.999828211413509527e-01
1.665000000000000000e+03 9.999821207554949742e-01
1.675000000000000000e+03 9.999813918438389404e-01
1.685000000000000000e+03 9.999806332469429737e-01
1.695000000000000000e+03 9.999798437584349609e-01
1.705000000000000000e+03 9.999790221231329435e-01
1.715000000000000000e+03 9.999781670350679219e-01
1.725000000000000000e+03 9.999772771354649148e-01
1.735000000000000000e+03 9.999763510106279840e-01
1.745000000000000000e+03 9.999753871897200108e-01
1.755000000000000000e+03 9.999743841425009494e-01
1.765000000000000000e+03 9.999733402769369617e-01
1.775000000000000000e+03 9.999722539367369434e-01
1.785000000000000000e+03 9.999711233987910175e-01
1.795000000000000000e+03 9.999699468704970062e-01
1.805000000000000000e+03 9.999687224869918678e-01
1.815000000000000000e+03 9.999674483082839904e-01
1.825000000000000000e+03 9.999661223162489287e-01
1.835000000000000000e+03 9.999647424115349903e-01
1.845000000000000000e+03 9.999633064103370383e-01
1.855000000000000000e+03 9.999618120410369571e-01
1.865000000000000000e+03 9.999602569407329833e-01
1.875000000000000000e+03 9.999586386516239322e-01
1.885000000000000000e+03 9.999569546172509815e-01
1.895000000000000000e+03 9.999552021786088929e-01
1.905000000000000000e+03 9.999533785700969180e-01
1.915000000000000000e+03 9.999514809153029482e-01
1.925000000000000000e+03 9.999495062226779751e-01
1.935000000000000000e+03 9.999474513809699650e-01
1.945000000000000000e+03 9.999453131545439355e-01
1.955000000000000000e+03 9.999430881785129621e-01
1.965000000000000000e+03 9.999407729536649025e-01
1.975000000000000000e+03 9.999383638412099318e-01
1.985000000000000000e+03 9.999358570573289029e-01
1.995000000000000000e+03 9.999332486675429621e-01
2.005000000000000000e+03 9.999305345808239265e-01
2.015000000000000000e+03 9.999277105435170343e-01
2.025000000000000000e+03 9.999247721330339900e-01
2.035000000000000000e+03 9.999217147513139725e-01
2.045000000000000000e+03 9.999185336180309580e-01
2.055000000000000000e+03 9.999152237635590135e-01
2.065000000000000000e+03 9.999117800216820173e-01
2.075000000000000000e+03 9.999081970220310422e-01
2.085000000000000000e+03 9.999044691822449593e-01
2.095000000000000000e+03 9.999005906998469362e-01
2.105000000000000000e+03 9.998965555438289465e-01
2.115000000000000000e+03 9.998923574459279706e-01
2.125000000000000000e+03 9.998879898915868925e-01
2.135000000000000000e+03 9.998834461105919891e-01
2.145000000000000000e+03 9.998787190673938952e-01
2.155000000000000000e+03 9.998738014510198946e-01
2.165000000000000000e+03 9.998686856647229781e-01
2.175000000000000000e+03 9.998633638151699365e-01
2.185000000000000000e+03 9.998578277013089322e-01
2.195000000000000000e+03 9.998520688028249559e-01
2.205000000000000000e+03 9.998460782681819481e-01
2.215000000000000000e+03 9.998398469022479196e-01
2.225000000000000000e+03 9.998333651535089572e-01
2.235000000000000000e+03 9.998266231008059446e-01
2.245000000000000000e+03 9.998196104396309680e-01
2.255000000000000000e+03 9.998123164679459940e-01
2.265000000000000000e+03 9.998047300715129371e-01
2.275000000000000000e+03 9.997968397087169112e-01
2.285000000000000000e+03 9.997886333948549087e-01
2.295000000000000000e+03 9.997800986859359806e-01
2.305000000000000000e+03 9.997712226618480358e-01
2.315000000000000000e+03 9.997619919090300344e-01
2.325000000000000000e+03 9.997523925025050273e-01
2.335000000000000000e+03 9.997424099873248871e-01
2.345000000000000000e+03 9.997320293593919827e-01
2.355000000000000000e+03 9.997212350456070595e-01
2.365000000000000000e+03 9.997100108833709697e-01
2.375000000000000000e+03 9.996983400993929569e-01
2.385000000000000000e+03 9.996862052877779625e-01
2.395000000000000000e+03 9.996735883873829609e-01
2.405000000000000000e+03 9.996604706584049094e-01
2.415000000000000000e+03 9.996468326581919861e-01
2.425000000000000000e+03 9.996326542162409234e-01
2.435000000000000000e+03 9.996179144083469081e-01
2.445000000000000000e+03 9.996025915298879516e-01
2.455000000000000000e+03 9.995866630682189724e-01
2.465000000000000000e+03 9.995701056741268520e-01
2.475000000000000000e+03 9.995528951323320310e-01
2.485000000000000000e+03 9.995350063309889066e-01
2.495000000000000000e+03 9.995164132301579407e-01
2.505000000000000000e+03 9.994970888291969668e-01
2.515000000000000000e+03 9.994770051330780225e-01
2.525000000000000000e+03 9.994561331175209062e-01
2.535000000000000000e+03 9.994344426929610004e-01
2.545000000000000000e+03 9.994119026672789730e-01
2.555000000000000000e+03 9.993884807072339616e-01
2.565000000000000000e+03 9.993641432985989059e-01
2.575000000000000000e+03 9.993388557048779042e-01
2.585000000000000000e+03 9.993125819246309050e-01
2.595000000000000000e+03 9.992852846472809469e-01
2.605000000000000000e+03 9.992569252073939534e-01
2.615000000000000000e+03 9.992274635373299407e-01
2.625000000000000000e+03 9.991968581182619769e-01
2.635000000000000000e+03 9.991650659294158965e-01
2.645000000000000000e+03 9.991320423955318830e-01
2.655000000000000000e+03 9.990977413324469980e-01
2.665000000000000000e+03 9.990621148907159466e-01
2.675000000000000000e+03 9.990251134972170100e-01
2.685000000000000000e+03 9.989866857946470002e-01
2.695000000000000000e+03 9.989467785788039844e-01
2.705000000000000000e+03 9.989053367336190314e-01
2.715000000000000000e+03 9.988623031637939853e-01
2.725000000000000000e+03 9.988176187249979687e-01
2.735000000000000000e+03 9.987712221514799538e-01
2.745000000000000000e+03 9.987230499810599849e-01
2.755000000000000000e+03 9.986730364773239721e-01
2.765000000000000000e+03 9.986211135489748703e-01
2.775000000000000000e+03 9.985672106662319969e-01
2.785000000000000000e+03 9.985112547740969680e-01
2.795000000000000000e+03 9.984531702024959099e-01
2.805000000000000000e+03 9.983928785730599165e-01
2.815000000000000000e+03 9.983302987025189923e-01
2.825000000000000000e+03 9.982653465025348449e-01
2.835000000000000000e+03 9.981979348758870385e-01
2.845000000000000000e+03 9.981279736088819465e-01
2.855000000000000000e+03 9.980553692598450599e-01
2.865000000000000000e+03 9.979800250436190456e-01
2.875000000000000000e+03 9.979018407118830369e-01
2.885000000000000000e+03 9.978207124292339802e-01
2.895000000000000000e+03 9.977365326448649485e-01
2.905000000000000000e+03 9.976491899597429436e-01
2.915000000000000000e+03 9.975585689891609542e-01
2.925000000000000000e+03 9.974645502205259362e-01
2.935000000000000000e+03 9.973670098663259820e-01
2.945000000000000000e+03 9.972658197120929380e-01
2.955000000000000000e+03 9.971608469593049584e-01
2.965000000000000000e+03 9.970519540630888855e-01
2.975000000000000000e+03 9.969389985646619490e-01
2.985000000000000000e+03 9.968218329183660131e-01
2.995000000000000000e+03 9.967003043132369733e-01
3.005000000000000000e+03 9.965742544890450194e-01
3.015000000000000000e+03 9.964435195466400108e-01
3.025000000000000000e+03 9.963079297526460376e-01
3.035000000000000000e+03 9.961673093383439648e-01
3.045000000000000000e+03 9.960214762927288579e-01
3.055000000000000000e+03 9.958702421496778978e-01
3.065000000000000000e+03 9.957134117691929243e-01
3.075000000000000000e+03 9.955507831126799712e-01
3.085000000000000000e+03 9.953821470122189430e-01
3.095000000000000000e+03 9.952072869338429717e-01
3.105000000000000000e+03 9.950259787347839335e-01
3.115000000000000000e+03 9.948379904147039987e-01
3.125000000000000000e+03 9.946430818609139912e-01
3.135000000000000000e+03 9.944410045876079796e-01
3.145000000000000000e+03 9.942315014691059938e-01
3.155000000000000000e+03 9.940143064672140039e-01
3.165000000000000000e+03 9.937891443526738477e-01
3.175000000000000000e+03 9.935557304208089135e-01
3.185000000000000000e+03 9.933137702013989934e-01
3.195000000000000000e+03 9.930629591629229758e-01
3.205000000000000000e+03 9.928029824111789248e-01
3.215000000000000000e+03 9.925335143824439710e-01
3.225000000000000000e+03 9.922542185312669405e-01
3.235000000000000000e+03 9.919647470129939748e-01
3.245000000000000000e+03 9.916647403612199874e-01
3.255000000000000000e+03 9.913538271602428953e-01
3.265000000000000000e+03 9.910316237127479999e-01
3.275000000000000000e+03 9.906977337028349817e-01
3.285000000000000000e+03 9.903517478546579600e-01
3.295000000000000000e+03 9.899932435868099567e-01
3.305000000000000000e+03 9.896217846626969017e-01
3.315000000000000000e+03 9.892369208372009393e-01
3.325000000000000000e+03 9.888381874997940191e-01
3.335000000000000000e+03 9.884251053144839094e-01
3.345000000000000000e+03 9.879971798568389918e-01
3.355000000000000000e+03 9.875539012484428891e-01
3.365000000000000000e+03 9.870947437891649523e-01
3.375000000000000000e+03 9.866191655875830024e-01
3.385000000000000000e+03 9.861266081900369462e-01
3.395000000000000000e+03 9.856164962087399228e-01
3.405000000000000000e+03 9.850882369494449176e-01
3.415000000000000000e+03 9.845412200392049673e-01
3.425000000000000000e+03 9.839748170548350270e-01
3.435000000000000000e+03 9.833883811526280549e-01
3.445000000000000000e+03 9.827812467000840435e-01
3.455000000000000000e+03 9.821527289103300085e-01
3.465000000000000000e+03 9.815021234800169747e-01
3.475000000000000000e+03 9.808287062315730331e-01
3.485000000000000000e+03 9.801317327606609009e-01
3.495000000000000000e+03 9.794104380898739359e-01
3.505000000000000000e+03 9.786640363296630341e-01
3.515000000000000000e+03 9.778917203476409359e-01
3.525000000000000000e+03 9.770926614474388927e-01
3.535000000000000000e+03 9.762660090583770156e-01
3.545000000000000000e+03 9.754108904373479660e-01
3.555000000000000000e+03 9.745264103842499193e-01
3.565000000000000000e+03 9.736116509726280288e-01
3.575000000000000000e+03 9.726656712969868890e-01
3.585000000000000000e+03 9.716875072386239598e-01
3.595000000000000000e+03 9.706761712516559504e-01
3.605000000000000000e+03 9.696306521712150239e-01
3.615000000000000000e+03 9.685499150457749229e-01
3.625000000000000000e+03 9.674329009956900149e-01
3.635000000000000000e+03 9.662785271001419485e-01
3.645000000000000000e+03 9.650856863147909692e-01
3.655000000000000000e+03 9.638532474224938973e-01
3.665000000000000000e+03 9.625800550196069727e-01
3.675000000000000000e+03 9.612649295404439576e-01
3.685000000000000000e+03 9.599066673225359336e-01
3.695000000000000000e+03 9.585040407155789310e-01
3.705000000000000000e+03 9.570557982368309569e-01
3.715000000000000000e+03 9.555606647759820049e-01
3.725000000000000000e+03 9.540173418525930149e-01
3.735000000000000000e+03 9.524245079291968619e-01
3.745000000000000000e+03 9.507808187833229896e-01
3.755000000000000000e+03 9.490849079417910117e-01
3.765000000000000000e+03 9.473353871806140525e-01
3.775000000000000000e+03 9.455308470940529952e-01
3.785000000000000000e+03 9.436698577362929719e-01
3.795000000000000000e+03 9.417509693393759651e-01
3.805000000000000000e+03 9.397727131110809040e-01
3.815000000000000000e+03 9.377336021163480417e-01
3.825000000000000000e+03 9.356321322461369494e-01
3.835000000000000000e+03 9.334667832773909657e-01
3.845000000000000000e+03 9.312360200279459210e-01
3.855000000000000000e+03 9.289382936102430488e-01
3.865000000000000000e+03 9.265720427876158460e-01
3.875000000000000000e+03 9.241356954369870369e-01
3.885000000000000000e+03 9.216276701218139022e-01
3.895000000000000000e+03 9.190463777790389699e-01
3.905000000000000000e+03 9.163902235237260108e-01
3.915000000000000000e+03 9.136576085751538789e-01
3.925000000000000000e+03 9.108469323078959290e-01
3.935000000000000000e+03 9.079565944314209602e-01
3.945000000000000000e+03 9.049849973016299565e-01
3.955000000000000000e+03 9.019305483676349766e-01
3.965000000000000000e+03 8.987916627568439676e-01
3.975000000000000000e+03 8.955667660014600129e-01
3.985000000000000000e+03 8.922542969090548892e-01
3.995000000000000000e+03 8.888527105799098882e-01
4.005000000000000000e+03 8.853604815734039679e-01
4.015000000000000000e+03 8.817761072256090626e-01
4.025000000000000000e+03 8.780981111198309375e-01
4.035000000000000000e+03 8.743250467116779889e-01
4.045000000000000000e+03 8.704555011097140360e-01
4.055000000000000000e+03 8.664880990125629623e-01
4.065000000000000000e+03 8.624215068027150100e-01
4.075000000000000000e+03 8.582544367970369459e-01
4.085000000000000000e+03 8.539856516533559372e-01
4.095000000000000000e+03 8.496139689319769372e-01
4.105000000000000000e+03 8.451382658104710233e-01
4.115000000000000000e+03 8.405574839493809014e-01
4.125000000000000000e+03 8.358706345058338760e-01
4.135000000000000000e+03 8.310768032913450343e-01
4.145000000000000000e+03 8.261751560691870111e-01
4.155000000000000000e+03 8.211649439860230215e-01
4.165000000000000000e+03 8.160455091313589815e-01
4.175000000000000000e+03 8.108162902175460873e-01
4.185000000000000000e+03 8.054768283718469757e-01
4.195000000000000000e+03 8.000267730309960079e-01
4.205000000000000000e+03 7.944658879273499563e-01
4.215000000000000000e+03 7.887940571544449497e-01
4.225000000000000000e+03 7.830112912982339912e-01
4.235000000000000000e+03 7.771177336187550244e-01
4.245000000000000000e+03 7.711136662652670060e-01
4.255000000000000000e+03 7.649995165061400648e-01
4.265000000000000000e+03 7.587758629527360243e-01
4.275000000000000000e+03 7.524434417546219667e-01
4.285000000000000000e+03 7.460031527410559971e-01
4.295000000000000000e+03 7.394560654815839351e-01
4.305000000000000000e+03 7.328034252359160172e-01
4.315000000000000000e+03 7.260466587608069844e-01
4.325000000000000000e+03 7.191873799388429633e-01
4.335000000000000000e+03 7.122273951912719836e-01
4.345000000000000000e+03 7.051687086340229227e-01
4.355000000000000000e+03 6.980135269330259851e-01
4.365000000000000000e+03 6.907642638119340095e-01
4.375000000000000000e+03 6.834235441620479801e-01
4.385000000000000000e+03 6.759942077012940365e-01
4.395000000000000000e+03 6.684793121258939541e-01
4.405000000000000000e+03 6.608821356954480697e-01
4.415000000000000000e+03 6.532061791892159741e-01
4.425000000000000000e+03 6.454551671688989467e-01
4.435000000000000000e+03 6.376330484808330201e-01
4.445000000000000000e+03 6.297439959286200706e-01
4.455000000000000000e+03 6.217924050458699670e-01
4.465000000000000000e+03 6.137828918978849302e-01
4.475000000000000000e+03 6.057202898411609970e-01
4.485000000000000000e+03 5.976096451703069024e-01
4.495000000000000000e+03 5.894562115839570016e-01
4.505000000000000000e+03 5.812654434041549800e-01
4.515000000000000000e+03 5.730429874880159646e-01
4.525000000000000000e+03 5.647946737762499225e-01
4.535000000000000000e+03 5.565265044304349429e-01
4.545000000000000000e+03 5.482446415199430101e-01
4.555000000000000000e+03 5.399553932303160497e-01
4.565000000000000000e+03 5.316651985775519007e-01
4.575000000000000000e+03 5.233806106275389336e-01
4.585000000000000000e+03 5.151082782363989310e-01
4.595000000000000000e+03 5.068549263461189502e-01
4.605000000000000000e+03 4.986273348900779889e-01
4.615000000000000000e+03 4.904323163851079803e-01
4.625000000000000000e+03 4.822766923100069714e-01
4.635000000000000000e+03 4.741672683948329747e-01
4.645000000000000000e+03 4.661108089703009383e-01
4.655000000000000000e+03 4.581140105518619610e-01
4.665000000000000000e+03 4.501834748577149825e-01
4.675000000000000000e+03 4.423256814838019690e-01
4.685000000000000000e+03 4.345469604806759811e-01
4.695000000000000000e+03 4.268534650965810084e-01
4.705000000000000000e+03 4.192511449670849877e-01
4.715000000000000000e+03 4.117457200437359965e-01
4.725000000000000000e+03 4.043426555611769890e-01
4.735000000000000000e+03 3.970471383439680424e-01
4.745000000000000000e+03 3.898640547498989917e-01
4.755000000000000000e+03 3.827979705356369666e-01
4.765000000000000000e+03 3.758531129129910053e-01
4.775000000000000000e+03 3.690333550395840101e-01
4.785000000000000000e+03 3.623422031568390156e-01
4.795000000000000000e+03 3.557827865510009846e-01
4.805000000000000000e+03 3.493578504705479593e-01
4.815000000000000000e+03 3.430697520861899497e-01
4.825000000000000000e+03 3.369204595296629856e-01
4.835000000000000000e+03 3.309115539951299478e-01
4.845000000000000000e+03 3.250442348345249921e-01
4.855000000000000000e+03 3.193193275266629771e-01
4.865000000000000000e+03 3.137372943512309886e-01
4.875000000000000000e+03 3.082982475541740097e-01
4.885000000000000000e+03 3.030019647521849935e-01
4.895000000000000000e+03 2.978479062917748221e-01
4.905000000000000000e+03 2.928352342539047859e-01
4.915000000000000000e+03 2.879628327790916820e-01
4.925000000000000000e+03 2.832293293800935974e-01
4.935000000000000000e+03 2.786331169102133631e-01
4.945000000000000000e+03 2.741723758641128605e-01
4.955000000000000000e+03 2.698450967042921866e-01
4.965000000000000000e+03 2.656491019291185030e-01
4.975000000000000000e+03 2.615820676262142208e-01
4.985000000000000000e+03 2.576415442870199635e-01
4.995000000000000000e+03 2.538249766929695506e-01
5.005000000000000000e+03 2.501297227196897510e-01
5.015000000000000000e+03 2.465530709416313970e-01
5.025000000000000000e+03 2.430922569546090095e-01
5.035000000000000000e+03 2.397444783665909906e-01
5.045000000000000000e+03 2.365069084372529717e-01
5.055000000000000000e+03 2.333767083734999970e-01
5.065000000000000000e+03 2.303510383111340987e-01
5.075000000000000000e+03 2.274270670318427889e-01
5.085000000000000000e+03 2.246019804796610952e-01
5.095000000000000000e+03 2.218729891523273934e-01
5.105000000000000000e+03 2.192373344505668953e-01
5.115000000000000000e+03 2.166922940727749880e-01
5.125000000000000000e+03 2.142351865442330972e-01
5.135000000000000000e+03 2.118633749692859780e-01
5.145000000000000000e+03 2.095742700922308133e-01
5.155000000000000000e+03 2.073653327486445208e-01
5.165000000000000000e+03 2.052340757835797724e-01
5.175000000000000000e+03 2.031780655072170094e-01
5.185000000000000000e+03 2.011949227521648009e-01
5.195000000000000000e+03 1.992823235901192147e-01
5.205000000000000000e+03 1.974379997591945990e-01
5.215000000000000000e+03 1.956597388469468735e-01
5.225000000000000000e+03 1.939453842683159790e-01
5.235000000000000000e+03 1.922928350722380164e-01
5.245000000000000000e+03 1.907000456056950066e-01
5.255000000000000000e+03 1.891650250595613147e-01
5.265000000000000000e+03 1.876858369166447826e-01
5.275000000000000000e+03 1.862605983188373171e-01
5.285000000000000000e+03 1.848874793674124828e-01
5.295000000000000000e+03 1.835647023678873002e-01
5.305000000000000000e+03 1.822905410288447881e-01
5.315000000000000000e+03 1.810633196222984909e-01
5.325000000000000000e+03 1.798814121117972009e-01
5.335000000000000000e+03 1.787432412533711823e-01
5.345000000000000000e+03 1.776472776734525916e-01
5.355000000000000000e+03 1.765920389273294977e-01
5.365000000000000000e+03 1.755760885410992955e-01
5.375000000000000000e+03 1.745980350398040060e-01
5.385000000000000000e+03 1.736565309641187049e-01
5.395000000000000000e+03 1.727502718778522739e-01
5.405000000000000000e+03 1.718779953684071993e-01
5.415000000000000000e+03 1.710384800422082852e-01
5.425000000000000000e+03 1.702305445171518050e-01
5.435000000000000000e+03 1.694530464141303094e-01
5.445000000000000000e+03 1.687048813495553856e-01
5.455000000000000000e+03 1.679849819308691927e-01
5.465000000000000000e+03 1.672923167568956815e-01
5.475000000000000000e+03 1.666258894249169897e-01
5.485000000000000000e+03 1.659847375462527030e-01
5.495000000000000000e+03 1.653679317719816966e-01
5.505000000000000000e+03 1.647745748303759972e-01
5.515000000000000000e+03 1.642038005775089959e-01
5.525000000000000000e+03 1.636547730623220120e-01
5.535000000000000000e+03 1.631266856073434746e-01
5.545000000000000000e+03 1.626187599060618105e-01
5.555000000000000000e+03 1.621302451378617004e-01
5.565000000000000000e+03 1.616604171012341884e-01
5.575000000000000000e+03 1.612085773658717969e-01
5.585000000000000000e+03 1.607740524441405028e-01
5.595000000000000000e+03 1.603561929822377718e-01
5.605000000000000000e+03 1.599543729712880891e-01
5.615000000000000000e+03 1.595679889785263927e-01
5.625000000000000000e+03 1.591964593986047727e-01
5.635000000000000000e+03 1.588392237249914851e-01
5.645000000000000000e+03 1.584957418413230901e-01
5.655000000000000000e+03 1.581654933325385703e-01
5.665000000000000000e+03 1.578479768156490215e-01
5.675000000000000000e+03 1.575427092898493975e-01
5.685000000000000000e+03 1.572492255056423816e-01
5.695000000000000000e+03 1.569670773526898877e-01
5.705000000000000000e+03 1.566958332660350894e-01
5.715000000000000000e+03 1.564350776503448948e-01
5.725000000000000000e+03 1.561844103218069935e-01
5.735000000000000000e+03 1.559434459672982831e-01
5.745000000000000000e+03 1.557118136204111714e-01
5.755000000000000000e+03 1.554891561540110989e-01
5.765000000000000000e+03 1.552751297888720905e-01
5.775000000000000000e+03 1.550694036180290947e-01
5.785000000000000000e+03 1.548716591464532888e-01
5.795000000000000000e+03 1.546815898456685989e-01
5.805000000000000000e+03 1.544989007229296829e-01
5.815000000000000000e+03 1.543233079045329137e-01
5.825000000000000000e+03 1.541545382329559954e-01
5.835000000000000000e+03 1.539923288774276977e-01
5.845000000000000000e+03 1.538364269575646925e-01
5.855000000000000000e+03 1.536865891796594941e-01
5.865000000000000000e+03 1.535425814853405013e-01
5.875000000000000000e+03 1.534041787121963873e-01
5.885000000000000000e+03 1.532711642660558871e-01
5.895000000000000000e+03 1.531433298045722924e-01
5.905000000000000000e+03 1.530204749317818080e-01
5.915000000000000000e+03 1.529024069032838828e-01
5.925000000000000000e+03 1.527889403417460046e-01
5.935000000000000000e+03 1.526798969624000857e-01
5.945000000000000000e+03 1.525751053082327890e-01
5.955000000000000000e+03 1.524744004945922937e-01
5.965000000000000000e+03 1.523776239628946982e-01
5.975000000000000000e+03 1.522846232430866975e-01
5.985000000000000000e+03 1.521952517246606962e-01
5.995000000000000000e+03 1.521093684359159925e-01
6.005000000000000000e+03 1.520268378311832036e-01
6.015000000000000000e+03 1.519475295857876940e-01
6.025000000000000000e+03 1.518713183984790049e-01
6.035000000000000000e+03 1.517980838010264122e-01
6.045000000000000000e+03 1.517277099748298996e-01
6.055000000000000000e+03 1.516600855742117893e-01
6.065000000000000000e+03 1.515951035562558002e-01
6.075000000000000000e+03 1.515326610169061838e-01
6.085000000000000000e+03 1.514726590331063882e-01
6.095000000000000000e+03 1.514150025108141062e-01
6.105000000000000000e+03 1.513596000386783769e-01
6.115000000000000000e+03 1.513063637471573908e-01
6.125000000000000000e+03 1.512552091728582015e-01
6.135000000000000000e+03 1.512060551279837683e-01
6.145000000000000000e+03 1.511588235746751108e-01
6.155000000000000000e+03 1.511134395040424905e-01
6.165000000000000000e+03 1.510698308197733764e-01
6.175000000000000000e+03 1.510279282261065004e-01
6.185000000000000000e+03 1.509876651200469100e-01
6.195000000000000000e+03 1.509489774876404955e-01
6.205000000000000000e+03 1.509118038041726839e-01
6.215000000000000000e+03 1.508760849381464986e-01
6.225000000000000000e+03 1.508417640589209130e-01
6.235000000000000000e+03 1.508087865478358880e-01
6.245000000000000000e+03 1.507770999127499845e-01
6.255000000000000000e+03 1.507466537058078093e-01
6.265000000000000000e+03 1.507173994443399001e-01
6.275000000000000000e+03 1.506892905348194700e-01
6.285000000000000000e+03 1.506622821996947692e-01
6.295000000000000000e+03 1.506363314070131854e-01
6.305000000000000000e+03 1.506113968027431027e-01
6.315000000000000000e+03 1.505874386457278780e-01
6.325000000000000000e+03 1.505644187450993765e-01
6.335000000000000000e+03 1.505423004000914777e-01
6.345000000000000000e+03 1.505210483421699219e-01
6.355000000000000000e+03 1.505006286794169090e-01
6.365000000000000000e+03 1.504810088430329762e-01
6.375000000000000000e+03 1.504621575358854046e-01
6.385000000000000000e+03 1.504440446830595801e-01
6.395000000000000000e+03 1.504266413843400041e-01
6.405000000000000000e+03 1.504099198684958894e-01
6.415000000000000000e+03 1.503938534493153012e-01
6.425000000000000000e+03 1.503784164833519843e-01
6.435000000000000000e+03 1.503635843293320007e-01
6.445000000000000000e+03 1.503493333091276696e-01
6.455000000000000000e+03 1.503356406702075210e-01
6.465000000000000000e+03 1.503224845495788053e-01
6.475000000000000000e+03 1.503098439390906094e-01
6.485000000000000000e+03 1.502976986520935809e-01
6.495000000000000000e+03 1.502860292913947848e-01
6.505000000000000000e+03 1.502748172184814046e-01
6.515000000000000000e+03 1.502640445239195044e-01
6.525000000000000000e+03 1.502536939989125853e-01
6.535000000000000000e+03 1.502437491079184895e-01
6.545000000000000000e+03 1.502341939623827727e-01
6.555000000000000000e+03 1.502250132954990047e-01
6.565000000000000000e+03 1.502161924378968005e-01
6.575000000000000000e+03 1.502077172943024064e-01
6.585000000000000000e+03 1.501995743211086975e-01
6.595000000000000000e+03 1.501917505048424861e-01
6.605000000000000000e+03 1.501842333414452890e-01
6.615000000000000000e+03 1.501770108163637818e-01
6.625000000000000000e+03 1.501700713854230707e-01
6.635000000000000000e+03 1.501634039564334056e-01
6.645000000000000000e+03 1.501569978714980824e-01
6.655000000000000000e+03 1.501508428900532877e-01
6.665000000000000000e+03 1.501449291725369950e-01
6.675000000000000000e+03 1.501392472647141152e-01
6.685000000000000000e+03 1.501337880826134064e-01
6.695000000000000000e+03 1.501285428980324854e-01
6.705000000000000000e+03 1.501235033246246797e-01
6.715000000000000000e+03 1.501186613045009943e-01
6.725000000000000000e+03 1.501140090953945738e-01
6.735000000000000000e+03 1.501095392583062793e-01
6.745000000000000000e+03 1.501052446456257183e-01
6.755000000000000000e+03 1.501011183897113799e-01
6.765000000000000000e+03 1.500971538918911830e-01
6.775000000000000000e+03 1.500933448118952074e-01
6.785000000000000000e+03 1.500896850576687036e-01
6.795000000000000000e+03 1.500861687754566076e-01
6.805000000000000000e+03 1.500827903401553975e-01
6.815000000000000000e+03 1.500795443457285105e-01
6.825000000000000000e+03 1.500764255953269122e-01
6.835000000000000000e+03 1.500734290904091051e-01
6.845000000000000000e+03 1.500705500171828910e-01
6.855000000000000000e+03 1.500677837265149972e-01
6.865000000000000000e+03 1.500651256979987913e-01
6.875000000000000000e+03 1.500625714649423958e-01
6.885000000000000000e+03 1.500601164410438892e-01
6.895000000000000000e+03 1.500577554952292891e-01
6.905000000000000000e+03 1.500554818739772145e-01
6.915000000000000000e+03 1.500532844398602128e-01
6.925000000000000000e+03 1.500511406811515791e-01
6.935000000000000000e+03 1.500489997735169889e-01
6.945000000000000000e+03 1.500467452755182840e-01
6.955000000000000000e+03 1.500441280617672013e-01
6.965000000000000000e+03 1.500406994126453897e-01
6.975000000000000000e+03 1.500359268521732903e-01
6.985000000000000000e+03 1.500299322226299192e-01
6.995000000000000000e+03 1.500249415837709988e-01
7.005000000000000000e+03 1.500249415837709988e-01
