# Simulation 4milan_5e20_Z2 
#
#temps 1.200000000000016e-11 s 
#position suivant x    442 (micron) 
#
#col 0 : vitesse (cm/s) 
#col 1 : f0 x v**2 (a. u.) 
#col 2 : m_e x f1 x v**5 / 2 (a. u.) 
#
24861416.497778	15235273.535248	-0.000001
74584249.493334	136830588.291615	-0.012496
124307082.488890	378496215.773587	-1.233274
174029915.484445	737206015.409901	-25.273773
223752748.480001	1208480011.485503	-240.019127
273475581.475557	1786454254.606899	-1441.082096
323198414.471113	2463971910.322043	-6376.018717
372921247.466669	3232693834.255046	-22677.567851
422644080.462225	4083226523.237735	-68444.540078
472366913.457781	5005265009.865420	-181722.269299
522089746.453336	5987748000.989560	-435237.293870
571812579.448892	7019022355.492221	-957688.300999
621535412.444448	8087013852.214290	-1962654.380305
671258245.440004	9179401137.844061	-3785735.827082
720981078.435560	10283789724.544449	-6929894.971740
770703911.431116	11387882986.637671	-12118139.000047
820426744.426672	12479647227.636232	-20351728.212349
870149577.422228	13547468082.074345	-32971065.175522
919872410.417783	14580295762.173576	-51715400.922206
969595243.413339	15567776953.126762	-78776571.234010
1019318076.408895	16500371494.152678	-116841239.367579
1069040909.404451	17369452346.354259	-169115657.235186
1118763742.400007	18167387733.161293	-239326839.358162
1168486575.395563	18887604734.798714	-331694328.949018
1218209408.391119	19524634014.890175	-450867455.470939
1267932241.386675	20074135745.329144	-601824142.306819
1317655074.382231	20532907165.835026	-789728896.081092
1367377907.377786	20898872558.862587	-1019749540.131345
1417100740.373342	21171056731.423210	-1296834460.428408
1466823573.368898	21349543366.737495	-1625454506.535943
1516546406.364454	21435419835.631596	-2009316109.805037
1566269239.360010	21430710236.651611	-2451054513.603088
1615992072.355566	21338298562.989731	-2951918123.217184
1665714905.351122	21161843972.732300	-3511456751.677912
1715437738.346678	20905690167.386940	-4127227854.309416
1765160571.342233	20574770864.060417	-4794535625.261521
1814883404.337789	20174513282.161671	-5506218018.621047
1864606237.333345	19710741460.240265	-6252496328.993086
1914329070.328901	19189581078.437626	-7020900958.022451
1964051903.324457	18617367284.421425	-7796285323.362492
2013774736.320013	18000556844.762623	-8560937894.368892
2063497569.315569	17345645699.170670	-9294799657.308939
2113220402.311125	16659092802.992670	-9975791507.160772
2162943235.306680	15947250896.696775	-10580252855.482265
2212666068.302236	15216304621.174252	-11083489302.011801
2262388901.297792	14472216179.151489	-11460423548.678020
2312111734.293348	13720678539.362957	-11686339797.789520
2361834567.288904	12967075996.192541	-11737707628.059731
2411557400.284460	12216451738.509466	-11593066713.474144
2461280233.280015	11473481952.440809	-11233948670.753599
2511003066.275571	10742455888.531736	-10645806741.779409
2560725899.271127	10027261268.339739	-9818917948.647837
2610448732.266683	9331374392.446812	-8749215943.756676
2660171565.262239	8657854343.215725	-7439006396.311623
2709894398.257795	8009340751.390713	-5897511163.068902
2759617231.253351	7388054712.823870	-4141183919.498981
2809340064.248907	6795802592.988917	-2193740107.493110
2859062897.244462	6233982630.160130	-85850042.265423
2908785730.240018	5703594425.159292	2145542219.518910
2958508563.235574	5205251563.023178	4458288871.008176
3008231396.231130	4739197723.062396	6806480246.657823
3057954229.226686	4305326672.085288	9142203550.164219
3107677062.222242	3903206479.844902	11417523262.521523
3157399895.217798	3532108136.081348	13586552352.538044
3207122728.213354	3191038490.957539	15607459114.810743
3256845561.208910	2878777109.834467	17444247708.791840
3306568394.204465	2593916270.762516	19068164761.331505
3356291227.200021	2334902991.382010	20458619342.304928
3406014060.195577	2100081705.292576	21603554669.863358
3455736893.191133	1887736061.576811	22499269085.319756
3505459726.186689	1696128321.666730	23149741537.005028
3555182559.182245	1523534977.975247	23565563906.808079
3604905392.177801	1368277497.421471	23762612409.637108
3654628225.173357	1228747460.244621	23760599995.154026
3704351058.168912	1103425769.045847	23581642602.783600
3754073891.164468	990895996.733877	23248947793.196732
3803796724.160024	889852276.607942	22785701756.416977
3853519557.155580	799102393.616184	22214195750.206173
3903242390.151136	717566891.769603	21555200957.913479
3952965223.146692	644275077.043380	20827575714.876987
4002688056.142248	578358778.937236	20048072171.052734
4052410889.137804	519044657.837144	19231300874.450142
4102133722.133359	465645731.217734	18389810082.352959
4151856555.128915	417552659.940985	17534239942.939625
4201579388.124471	374225202.804666	16673518018.160355
4251302221.120027	335184124.823888	15815070191.640900
4301025054.115582	300003739.444494	14965028530.279083
4350747887.111138	268305180.030326	14128424299.525354
4400470720.106694	239750431.484192	13309359691.843472
4450193553.102250	214037107.055744	12511155798.709423
4499916386.097806	190893925.146659	11736477069.768139
4549639219.093362	170076823.266105	10987434166.910364
4599362052.088918	151365637.931618	10265667976.894747
4649084885.084474	134561277.605605	9572417844.210333
4698807718.080029	119483318.521570	8908577010.236607
4748530551.075585	105967958.652599	8274737963.703992
4798253384.071141	93866271.921327	7671230005.738709
4847976217.066697	83042712.087372	7098150929.743101
4897699050.062253	73373823.039170	6555394309.233793
4947421883.057809	64747119.019832	6042673528.838334
4997144716.053365	57060104.517647	5559543403.640362
5046867549.048921	50219408.965314	5105419967.166128
5096590382.044477	44140016.089236	4679598837.633444
5146313215.040032	38744571.706813	4281272411.377814
5196036048.035588	33962757.061897	3909546027.532956
5245758881.031144	29730717.502822	3563453189.027237
5295481714.026700	25990538.481696	3241969851.231903
5345204547.022256	22689762.629701	2944027787.350600
5394927380.017812	19780942.997498	2668527011.418125
5444650213.013368	17221228.677326	2414347231.792287
5494373046.008924	14971979.779672	2180358330.353517
5544095879.004479	12998409.403865	1965429846.374005
5593818712.000035	11269250.668853	1768439477.350377
5643541544.995591	9756447.209165	1588280597.310495
5693264377.991147	8434865.769325	1423868824.684153
5742987210.986703	7282029.688812	1274147666.205000
5792710043.982259	6277872.189033	1138093280.262385
5842432876.977815	5404508.412202	1014718405.415794
5892155709.973371	4646025.248776	903075505.904905
5941878542.968926	3988287.971555	802259201.115828
5991601375.964482	3418762.757706	711408021.726988
6041324208.960038	2926354.147087	629705567.539996
6091047041.955594	2501256.544658	556381118.257947
6140769874.951150	2134818.858969	490709764.197681
6190492707.946706	1819421.403536	432012112.729518
6240215540.942262	1548364.194122	379653618.751068
6289938373.937818	1315765.832092	333043607.602756
6339661206.933373	1116472.148962	291634025.097549
6389384039.928929	945973.869508	254917974.923573
6439106872.924485	800332.551743	222428070.395269
6488829705.920041	676114.104998	193734660.636250
6538552538.915597	570329.250749	168443951.325279
6588275371.911153	480380.294976	146196057.933352
6637998204.906709	404013.646834	126663025.564084
6687721037.902265	339277.549025	109546827.451477
6737443870.897820	284484.513128	94577384.524779
6787166703.893376	238178.023130	81510602.801719
6836889536.888932	199103.056014	70126467.142602
6886612369.884488	166180.054876	60227182.733102
6936335202.880044	138481.981142	51635396.998319
6986058035.875600	115214.131296	44192492.411059
7035780868.871156	95696.409980	37756969.891407
7085503701.866712	79347.803750	32202915.231020
7135226534.862267	65672.781819	27418567.064378
7184949367.857823	54249.426897	23304991.927049
7234672200.853379	44719.047230	19774875.759482
7284395033.848935	36777.109879	16751456.741876
7334117866.844491	30165.321284	14167617.616756
7383840699.840047	24664.758198	11965101.001379
7433563532.835603	20090.025475	10093751.749910
7483286365.831159	16284.439132	8510589.306908
7533009198.826715	13116.238207	7178397.288839
7582732031.822270	10475.651200	6063389.028678
7632454864.817826	8272.477928	5131214.161700
7682177697.813382	6433.709433	4340229.599435
7731900530.808938	4901.059296	3632035.859237
7781623363.804494	3629.044251	2926639.965812
7831346196.800050	2584.829874	2145931.266440
7881069029.795606	1749.699467	1291030.583406
7930791862.791162	1118.528620	521731.466871
