# Profil de FluxX au temps 1.200000000000016e-11 
# simu : /Volumes/MERCURE/JOBS/tanh_50mic_Zeq2_5e19_B0/GNU/FluxX@y-c.set
# col 0 : abscisse (um)
# col 1 : FluxX (W/cm2)
0.000000	0.000000
1.000000	2298310641.739175
2.000000	4597275952.557190
3.000000	6897839468.787722
4.000000	9200429366.585306
5.000000	11505875062.935139
6.000000	13814895810.550430
7.000000	16128210934.569059
8.000000	18446531395.944008
9.000000	20770570269.434338
10.000000	23101041828.010498
11.000000	25438655696.718521
12.000000	27784121606.760838
13.000000	30138149495.729725
14.000000	32501444762.773312
15.000000	34874712122.330269
16.000000	37258657622.754967
17.000000	39653980307.437088
18.000000	42061381754.770798
19.000000	44481556413.224464
20.000000	46915202624.015732
21.000000	49363009991.347641
22.000000	51825668733.419022
23.000000	54303866970.679558
24.000000	56798287675.851982
25.000000	59309610048.590599
26.000000	61838514681.962662
27.000000	64385674740.284554
28.000000	66951761081.685165
29.000000	69537439713.978882
30.000000	72143376652.475189
31.000000	74770230602.139725
32.000000	77418657392.231735
33.000000	80089308198.477615
34.000000	82782831695.698578
35.000000	85499871153.027664
36.000000	88241065030.414764
37.000000	91007047312.456375
38.000000	93798447008.202042
39.000000	96615890436.080276
40.000000	99459996497.248383
41.000000	102331379551.437302
42.000000	105230649159.969299
43.000000	108158408792.760986
44.000000	111115258334.502991
45.000000	114101789924.261185
46.000000	117118591144.075790
47.000000	120166243280.089600
48.000000	123245320773.434113
49.000000	126356394419.654709
50.000000	129500026991.209076
51.000000	132676774990.057999
52.000000	135887188676.946609
53.000000	139131811903.442596
54.000000	142411180667.216888
55.000000	145725826545.480194
56.000000	149076272293.136414
57.000000	152463033925.640686
58.000000	155886620250.203094
59.000000	159347533143.526184
60.000000	162846266313.396881
61.000000	166383306735.017792
62.000000	169959133988.813904
63.000000	173574219037.299988
64.000000	177229025144.578796
65.000000	180924008009.983185
66.000000	184659614912.443176
67.000000	188436284607.241272
68.000000	192254448105.317688
69.000000	196114528334.787201
70.000000	200016938746.360687
71.000000	203962084768.931885
72.000000	207950363298.126984
73.000000	211982162392.205383
74.000000	216057860897.862488
75.000000	220177828896.316101
76.000000	224342426931.536591
77.000000	228552007418.014587
78.000000	232806912349.587494
79.000000	237107474858.491180
80.000000	241454018568.167450
81.000000	245846857191.675293
82.000000	250286295227.633087
83.000000	254772627316.682068
84.000000	259306138164.710297
85.000000	263887102583.268402
86.000000	268515785719.532471
87.000000	273192442888.967865
88.000000	277917318535.918152
89.000000	282690647824.228088
90.000000	287512655064.832092
91.000000	292383554412.151794
92.000000	297303549837.137085
93.000000	302272834806.137817
94.000000	307291592291.478455
95.000000	312359994530.871704
96.000000	317478203673.558472
97.000000	322646370812.679321
98.000000	327864636446.369446
99.000000	333133130135.993164
100.000000	338451971459.981201
101.000000	343821268485.129944
102.000000	349241118114.263062
103.000000	354711608192.753296
104.000000	360232815846.818726
105.000000	365804803873.644653
106.000000	371427625706.080200
107.000000	377101323904.014648
108.000000	382825930032.659485
109.000000	388601464539.957764
110.000000	394427937030.398315
111.000000	400305345858.485046
112.000000	406233678329.031433
113.000000	412212910652.835876
114.000000	418243007943.547913
115.000000	424323924142.157166
116.000000	430455602255.623413
117.000000	436637974115.117859
118.000000	442870960455.289246
119.000000	449154470951.589355
120.000000	455488404223.310242
121.000000	461872647791.502197
122.000000	468307078282.780151
123.000000	474791561301.685120
124.000000	481325951444.540405
125.000000	487910092936.841797
126.000000	494543822362.555603
127.000000	501226961257.994446
128.000000	507959319744.529785
129.000000	514740697213.833618
130.000000	521570882675.788757
131.000000	528449654187.265381
132.000000	535376779134.001648
133.000000	542352014279.751160
134.000000	549375105804.234131
135.000000	556445789359.249634
136.000000	563563790125.139893
137.000000	570728822873.450928
138.000000	577940591831.658203
139.000000	585198791343.226196
140.000000	592503105406.890869
141.000000	599853207762.181885
142.000000	607248762121.328247
143.000000	614689422200.095093
144.000000	622174831529.560059
145.000000	629704624379.949463
146.000000	637278424966.555908
147.000000	644895847768.078003
148.000000	652556497635.639893
149.000000	660259969826.291870
150.000000	668005850811.032959
151.000000	675793717203.781860
152.000000	683623136376.186890
153.000000	691493667534.222656
154.000000	699404868900.841431
155.000000	707356282852.887817
156.000000	715347438549.148926
157.000000	723377856909.596191
158.000000	731447050243.220093
159.000000	739554522552.759155
160.000000	747699769730.601929
161.000000	755882279695.994751
162.000000	764101532490.426270
163.000000	772357000361.697510
164.000000	780648147844.013062
165.000000	788974431840.552979
166.000000	797335301716.289795
167.000000	805730199397.711304
168.000000	814158559482.062744
169.000000	822619809352.858765
170.000000	831113369303.166504
171.000000	839638652661.693970
172.000000	848195065924.647949
173.000000	856782008890.284180
174.000000	865398874796.171387
175.000000	874045050458.556274
176.000000	882719916415.199341
177.000000	891422847066.315063
178.000000	900153210821.661011
179.000000	908910370246.738159
180.000000	917693682209.990356
181.000000	926502498033.042358
182.000000	935336163640.183105
183.000000	944194019711.357544
184.000000	953075401834.067505
185.000000	961979640659.230835
186.000000	970906062054.700562
187.000000	979853987262.791382
188.000000	988822733058.322754
189.000000	997811611905.452148
190.000000	1006819932118.993896
191.000000	1015846998024.526978
192.000000	1024892110119.505859
193.000000	1033954565236.505981
194.000000	1043033656705.304932
195.000000	1052128674518.614990
196.000000	1061238905495.314941
197.000000	1070363633448.422974
198.000000	1079502139349.582031
199.000000	1088653701497.954102
200.000000	1097817595686.602905
201.000000	1106993095373.359863
202.000000	1116179471847.865967
203.000000	1125375994404.068848
204.000000	1134581930508.393066
205.000000	1143796545973.162842
206.000000	1153019105126.929932
207.000000	1162248870987.329834
208.000000	1171485105434.547852
209.000000	1180727069383.208984
210.000000	1189974022958.548828
211.000000	1199225225668.322754
212.000000	1208479936579.862793
213.000000	1217737414493.793945
214.000000	1226996918120.793945
215.000000	1236257706256.923096
216.000000	1245519037961.088867
217.000000	1254780172730.625000
218.000000	1264040370680.143066
219.000000	1273298892718.587891
220.000000	1282555000726.339844
221.000000	1291807957735.914062
222.000000	1301057028108.218994
223.000000	1310301477713.792969
224.000000	1319540574109.988037
225.000000	1328773586722.472900
226.000000	1337999787025.929932
227.000000	1347218448721.248047
228.000000	1356428847919.973877
229.000000	1365630263323.016846
230.000000	1374821976402.274902
231.000000	1384003271583.427979
232.000000	1393173436426.678955
233.000000	1402331761809.263916
234.000000	1411477542108.482910
235.000000	1420610075383.670898
236.000000	1429728663560.739990
237.000000	1438832612614.391846
238.000000	1447921232751.720947
239.000000	1456993838597.386963
240.000000	1466049749377.033936
241.000000	1475088289102.668945
242.000000	1484108786756.903809
243.000000	1493110576477.729980
244.000000	1502092997745.178955
245.000000	1511055395566.189941
246.000000	1519997120661.469971
247.000000	1528917529650.137939
248.000000	1537815985237.822998
249.000000	1546691856401.915039
250.000000	1555544518579.781006
251.000000	1564373353854.470947
252.000000	1573177751143.079834
253.000000	1581957106383.583008
254.000000	1590710822721.642822
255.000000	1599438310699.456055
256.000000	1608138988441.796875
257.000000	1616812281844.189941
258.000000	1625457624760.319824
259.000000	1634074459189.118896
260.000000	1642662235461.583008
261.000000	1651220412429.205811
262.000000	1659748457647.035889
263.000000	1668245847563.471924
264.000000	1676712067703.315918
265.000000	1685146612853.775879
266.000000	1693548987249.428955
267.000000	1701918704753.576904
268.000000	1710255289042.576904
269.000000	1718558273787.276123
270.000000	1726827202831.899902
271.000000	1735061630374.192871
272.000000	1743261121142.591064
273.000000	1751425250571.091797
274.000000	1759553604974.000977
275.000000	1767645781716.818848
276.000000	1775701389386.636719
277.000000	1783720047957.750000
278.000000	1791701388956.651855
279.000000	1799645055622.600098
280.000000	1807550703065.647949
281.000000	1815417998420.707764
282.000000	1823246620998.498779
283.000000	1831036262431.055908
284.000000	1838786626812.883789
285.000000	1846497430839.601074
286.000000	1854168403937.962646
287.000000	1861799288392.458984
288.000000	1869389839466.052734
289.000000	1876939825513.227051
290.000000	1884449028087.463867
291.000000	1891917242040.934814
292.000000	1899344275617.279053
293.000000	1906729950534.408936
294.000000	1914074102061.486816
295.000000	1921376579085.336914
296.000000	1928637244166.184082
297.000000	1935855973587.302734
298.000000	1943032657388.166992
299.000000	1950167199392.941895
300.000000	1957259517221.801025
301.000000	1964309542293.772949
302.000000	1971317219815.670166
303.000000	1978282508757.968750
304.000000	1985205381815.885742
305.000000	1992085825357.934814
306.000000	1998923839357.994141
307.000000	2005719437312.026855
308.000000	2012472646140.458008
309.000000	2019183506071.492920
310.000000	2025852070509.520752
311.000000	2032478405884.420898
312.000000	2039062591483.124756
313.000000	2045604719263.132812
314.000000	2052104893645.133789
315.000000	2058563231287.848877
316.000000	2064979860841.525879
317.000000	2071354922681.776855
318.000000	2077688568621.718994
319.000000	2083980961601.281982
320.000000	2090232275358.837158
321.000000	2096442694075.510986
322.000000	2102612412001.358887
323.000000	2108741633056.878906
324.000000	2114830570410.599854
325.000000	2120879446036.035156
326.000000	2126888490243.214111
327.000000	2132857941187.833008
328.000000	2138788044355.552002
329.000000	2144679052025.232178
330.000000	2150531222706.010742
331.000000	2156344820552.602783
332.000000	2162120114756.061035
333.000000	2167857378913.089844
334.000000	2173556890370.859619
335.000000	2179218929549.381836
336.000000	2184843779243.019775
337.000000	2190431723898.166748
338.000000	2195983048871.199951
339.000000	2201498039664.107910
340.000000	2206976981142.834961
341.000000	2212420156731.189941
342.000000	2217827847591.672852
343.000000	2223200331782.286621
344.000000	2228537883402.079590
345.000000	2233840771715.191895
346.000000	2239109260263.850586
347.000000	2244343605963.327148
348.000000	2249544058187.208008
349.000000	2254710857837.819824
350.000000	2259844236407.912109
351.000000	2264944415030.606934
352.000000	2270011603523.963867
353.000000	2275045999424.984863
354.000000	2280047787022.311035
355.000000	2285017136380.203125
356.000000	2289954202363.815918
357.000000	2294859123661.678223
358.000000	2299732021807.628906
359.000000	2304573000206.845215
360.000000	2309382143162.594727
361.000000	2314159514910.803711
362.000000	2318905158660.002930
363.000000	2323619095639.142578
364.000000	2328301324154.835938
365.000000	2332951818662.353027
366.000000	2337570528846.431152
367.000000	2342157378718.208008
368.000000	2346712265728.128906
369.000000	2351235059895.522949
370.000000	2355725602958.104004
371.000000	2360183707540.520020
372.000000	2364609156345.526855
373.000000	2369001701367.823730
374.000000	2373361063131.374023
375.000000	2377686929954.093750
376.000000	2381978957237.879883
377.000000	2386236766784.442871
378.000000	2390459946145.560059
379.000000	2394648047997.400879
380.000000	2398800589547.703613
381.000000	2402917051975.942871
382.000000	2406996879904.815918
383.000000	2411039480904.196777
384.000000	2415044225030.393066
385.000000	2419010444400.258789
386.000000	2422937432800.686035
387.000000	2426824445332.819824
388.000000	2430670698093.710938
389.000000	2434475367895.747070
390.000000	2438237592022.976074
391.000000	2441956468026.222168
392.000000	2445631053555.797852
393.000000	2449260366235.298828
394.000000	2452843383572.659668
395.000000	2456379042913.952637
396.000000	2459866241434.482910
397.000000	2463303836176.075195
398.000000	2466690644119.943848
399.000000	2470025442306.836914
400.000000	2473306967996.833008
401.000000	2476533918875.028809
402.000000	2479704953298.293945
403.000000	2482818690588.106934
404.000000	2485873711369.911621
405.000000	2488868557955.160156
406.000000	2491801734773.957031
407.000000	2494671708851.159668
408.000000	2497476910334.313965
409.000000	2500215733067.185059
410.000000	2502886535214.634766
411.000000	2505487639939.887695
412.000000	2508017336127.787598
413.000000	2510473879167.212891
414.000000	2512855491779.315918
415.000000	2515160364904.719727
416.000000	2517386658642.411133
417.000000	2519532503245.462891
418.000000	2521596000169.916016
419.000000	2523575223183.060059
420.000000	2525468219526.662109
421.000000	2527273011137.546875
422.000000	2528987595926.951172
423.000000	2530609949116.959961
424.000000	2532138024634.983887
425.000000	2533569756566.960938
426.000000	2534903060667.706055
427.000000	2536135835929.678711
428.000000	2537265966209.699707
429.000000	2538291321910.595703
430.000000	2539209761719.429199
431.000000	2540019134403.404297
432.000000	2540717280656.155762
433.000000	2541302034998.649902
434.000000	2541771227730.989746
435.000000	2542122686933.863770
436.000000	2542354240517.806641
437.000000	2542463718317.987793
438.000000	2542448954230.618652
439.000000	2542307788393.589844
440.000000	2542038069401.881836
441.000000	2541637656560.062012
442.000000	2541104422166.398926
443.000000	2540436253825.488770
444.000000	2539631056788.475586
445.000000	2538686756312.197754
446.000000	2537601300039.779785
447.000000	2536372660393.734863
448.000000	2534998836983.049805
449.000000	2533477859014.750977
450.000000	2531807787709.253906
451.000000	2529986718716.335938
452.000000	2528012784527.418945
453.000000	2525884156876.657715
454.000000	2523599049134.471680
455.000000	2521155718682.821777
456.000000	2518552469274.197754
457.000000	2515787653367.316895
458.000000	2512859674439.942871
459.000000	2509766989273.780762
460.000000	2506508110210.874023
461.000000	2503081607378.495117
462.000000	2499486110880.735840
463.000000	2495720312957.646973
464.000000	2491782970108.990723
465.000000	2487672905183.458008
466.000000	2483389009433.613770
467.000000	2478930244535.987793
468.000000	2474295644580.024902
469.000000	2469484318025.222168
470.000000	2464495449629.193848
471.000000	2459328302351.840820
472.000000	2453982219232.239746
473.000000	2448456625249.749023
474.000000	2442751029168.612793
475.000000	2436865025369.633789
476.000000	2430798295675.898926
477.000000	2424550611175.641602
478.000000	2418121834047.589844
479.000000	2411511919393.958008
480.000000	2404720917083.792969
481.000000	2397748973615.092773
482.000000	2390596333994.437012
483.000000	2383263343644.104004
484.000000	2375750450335.401855
485.000000	2368058206151.575195
486.000000	2360187269485.389648
487.000000	2352138407067.890137
488.000000	2343912496028.528809
489.000000	2335510525989.955078
490.000000	2326933601186.960938
491.000000	2318182942610.475098
492.000000	2309259890169.344727
493.000000	2300165904861.235840
494.000000	2290902570938.803711
495.000000	2281471598068.623047
496.000000	2271874823458.431641
497.000000	2262114213941.979980
498.000000	2252191868000.872070
499.000000	2242110017704.506836
500.000000	2231871030539.914062
501.000000	2221477411113.429688
502.000000	2210931802689.246094
503.000000	2200236988540.475586
504.000000	2189395893079.025879
505.000000	2178411582731.637939
506.000000	2167287266530.815918
507.000000	2156026296377.248779
508.000000	2144632166950.144775
509.000000	2133108515215.702637
510.000000	2121459119507.505127
511.000000	2109687898138.344971
512.000000	2097798907511.771973
513.000000	2085796339696.458008
514.000000	2073684519437.074707
515.000000	2061467900573.149902
516.000000	2049151061839.582764
517.000000	2036738702030.607178
518.000000	2024235634511.464844
519.000000	2011646781063.239990
520.000000	1998977165063.996826
521.000000	1986231903996.860840
522.000000	1973416201300.604004
523.000000	1960535337573.672852
524.000000	1947594661154.299072
525.000000	1934599578106.022949
526.000000	1921555541643.533936
527.000000	1908468041046.148926
528.000000	1895342590104.835938
529.000000	1882184715163.203857
530.000000	1868999942813.354736
531.000000	1855793787318.432129
532.000000	1842571737830.169922
533.000000	1829339245484.304932
534.000000	1816101710453.948975
535.000000	1802864469038.987061
536.000000	1789632780881.824951
537.000000	1776411816391.911865
538.000000	1763206644457.645996
539.000000	1750022220535.550781
540.000000	1736863375186.964111
541.000000	1723734803139.649902
542.000000	1710641052943.199951
543.000000	1697586517278.577881
544.000000	1684575423977.815918
545.000000	1671611827801.538818
546.000000	1658699603018.636719
547.000000	1645842436816.809814
548.000000	1633043823569.785889
549.000000	1620307059979.459961
550.000000	1607635241094.232910
551.000000	1595031257205.941895
552.000000	1582497791606.926758
553.000000	1570037319196.516846
554.000000	1557652105905.155029
555.000000	1545344208911.414062
556.000000	1533115477624.419922
557.000000	1520967555392.310059
558.000000	1508901881892.489014
559.000000	1496919696158.184082
560.000000	1485022040182.004883
561.000000	1473209763042.366943
562.000000	1461483525504.382812
563.000000	1449843805038.091064
564.000000	1438290901200.316895
565.000000	1426824941320.177979
566.000000	1415445886431.200928
567.000000	1404153537412.064941
568.000000	1392947541291.976807
569.000000	1381827397679.352051
570.000000	1370792465268.033936
571.000000	1359841968367.319092
572.000000	1348975003411.454834
573.000000	1338190545418.854004
574.000000	1327487454373.708008
575.000000	1316864481492.156006
576.000000	1306320275339.474854
577.000000	1295853387775.408936
578.000000	1285462279726.958984
579.000000	1275145326795.323975
580.000000	1264900824688.969971
581.000000	1254726994466.172852
582.000000	1244621987559.700928
583.000000	1234583890566.779785
584.000000	1224610729769.666992
585.000000	1214700475392.391846
586.000000	1204851045650.210938
587.000000	1195060310708.729980
588.000000	1185326096569.127930
589.000000	1175646188703.016846
590.000000	1166018335169.207764
591.000000	1156440249195.896973
592.000000	1146909611580.804932
593.000000	1137424073349.531006
594.000000	1127981258793.074951
595.000000	1118578768611.072021
596.000000	1109214182753.389893
597.000000	1099885062638.343018
598.000000	1090588952589.618896
599.000000	1081323380811.697876
600.000000	1072085860731.901855
601.000000	1062873893421.520996
602.000000	1053684970782.171875
603.000000	1044516578401.741943
604.000000	1035366197320.305054
605.000000	1026231304847.272949
606.000000	1017109375272.317871
607.000000	1007997881651.682861
608.000000	998894299067.562378
609.000000	989796107694.130371
610.000000	980700793857.984497
611.000000	971605850544.596558
612.000000	962508780199.396729
613.000000	953407099188.250610
614.000000	944298341020.054932
615.000000	935180057677.977173
616.000000	926049820658.558105
617.000000	916905223488.233887
618.000000	907743884897.456909
619.000000	898563450251.217773
620.000000	889361595066.567871
621.000000	880136032616.407471
622.000000	870884514477.520874
623.000000	861604826177.822876
624.000000	852294794677.348511
625.000000	842952298454.292480
626.000000	833575266974.411133
627.000000	824161678439.835693
628.000000	814709566510.109375
629.000000	805217029537.759521
630.000000	795682223631.013794
631.000000	786103368962.865112
632.000000	776478747551.177490
633.000000	766806707544.844604
634.000000	757085704574.317139
635.000000	747314228108.215210
636.000000	737490860165.177002
637.000000	727614288797.975464
638.000000	717683251470.752563
639.000000	707696574878.090088
640.000000	697653217741.962769
641.000000	687552128196.691895
642.000000	677392494573.497681
643.000000	667173406302.532837
644.000000	656894328029.035034
645.000000	646554384469.279663
646.000000	636153807178.038696
647.000000	625690785002.247437
648.000000	615165779955.646484
649.000000	604578511725.464722
650.000000	593929109782.467407
651.000000	583216957852.252075
652.000000	572442860507.662842
653.000000	561606159290.575928
654.000000	550707829270.083130
655.000000	539747642300.241577
656.000000	528726241734.300537
657.000000	517644305244.308655
658.000000	506501780880.453613
659.000000	495300355432.131348
660.000000	484039546047.376892
661.000000	472721411182.381348
662.000000	461345845128.560608
663.000000	449914354529.980835
664.000000	438427979535.431458
665.000000	426887236883.342957
666.000000	415294208265.265930
667.000000	403649032162.467468
668.000000	391953939148.187500
669.000000	380209619602.677795
670.000000	368417536621.454163
671.000000	356579429097.011414
672.000000	344695944826.763977
673.000000	332769575851.604370
674.000000	320800697836.431519
675.000000	308791805792.211060
676.000000	296743553079.747131
677.000000	284658354850.207153
678.000000	272536801688.489502
679.000000	260381620248.938599
680.000000	248193228134.668488
681.000000	235973882170.591675
682.000000	223725264754.750580
683.000000	211448425354.715576
684.000000	199145304190.177002
685.000000	186817725216.874603
686.000000	174466674082.951813
687.000000	162094337935.471680
688.000000	149701775435.596100
689.000000	137291020724.423080
690.000000	124863278053.276901
691.000000	112420311996.192001
692.000000	99963647610.049728
693.000000	87494755825.767105
694.000000	75015222185.829544
695.000000	62526583890.282471
696.000000	50030357499.523804
697.000000	37528070709.970093
698.000000	25021231462.273315
699.000000	12511369077.277378
700.000000	0.000000
