# x  rho Te j Ex q corrE ne Zbar
0.021881836 1 690.96273 -3.3409333e+17 -1.8182823e+20 7.8396212e+19 4.059 5e+20 4
0.021895508 1 690.18267 -3.3414981e+17 -1.8222931e+20 7.8421252e+19 4.059 5e+20 4
0.02190918 1 689.40088 -3.3419898e+17 -1.8263121e+20 7.8445968e+19 4.059 5e+20 4
0.021922852 1 688.61735 -3.3424082e+17 -1.8303394e+20 7.8470358e+19 4.059 5e+20 4
0.021936523 1 687.83209 -3.3427531e+17 -1.834375e+20 7.849442e+19 4.059 5e+20 4
0.021950195 1 687.04509 -3.3430241e+17 -1.8384189e+20 7.8518151e+19 4.059 5e+20 4
0.021963867 1 686.25636 -3.343221e+17 -1.8424713e+20 7.8541551e+19 4.059 5e+20 4
0.021977539 1 685.46589 -3.3433434e+17 -1.8465321e+20 7.8564616e+19 4.059 5e+20 4
0.021991211 1 684.67369 -3.3433911e+17 -1.8506015e+20 7.8587345e+19 4.059 5e+20 4
0.022004883 1 683.87975 -3.3433638e+17 -1.8546795e+20 7.8609736e+19 4.059 5e+20 4
0.022018555 1 683.08407 -3.3432612e+17 -1.8587663e+20 7.8631788e+19 4.059 5e+20 4
0.022032227 1 682.28665 -3.3430828e+17 -1.8628618e+20 7.8653497e+19 4.059 5e+20 4
0.022045898 1 681.4875 -3.3428286e+17 -1.8669662e+20 7.8674862e+19 4.059 5e+20 4
0.02205957 1 680.6866 -3.342498e+17 -1.8710795e+20 7.8695881e+19 4.059 5e+20 4
0.022073242 1 679.88397 -3.3420909e+17 -1.8752019e+20 7.8716552e+19 4.059 5e+20 4
0.022086914 1 679.07959 -3.3416068e+17 -1.8793334e+20 7.8736872e+19 4.059 5e+20 4
0.022100586 1 678.27348 -3.3410455e+17 -1.8834742e+20 7.8756841e+19 4.059 5e+20 4
0.022114258 1 677.46562 -3.3404066e+17 -1.8876243e+20 7.8776455e+19 4.059 5e+20 4
0.02212793 1 676.65602 -3.3396898e+17 -1.8917838e+20 7.8795713e+19 4.059 5e+20 4
0.022141602 1 675.84468 -3.3388948e+17 -1.8959528e+20 7.8814613e+19 4.059 5e+20 4
0.024069336 1 544.55591 -2.3500696e+17 -2.5635858e+20 7.6774316e+19 3.861 5e+20 4
0.024083008 1 543.51518 -2.3364992e+17 -2.5687183e+20 7.671794e+19 3.861 5e+20 4
0.02409668 1 542.47318 -2.3228382e+17 -2.5738536e+20 7.666085e+19 3.861 5e+20 4
0.024110352 1 541.42989 -2.3090869e+17 -2.5789912e+20 7.6603044e+19 3.861 5e+20 4
0.024124023 1 540.38535 -2.2952459e+17 -2.5841305e+20 7.6544519e+19 3.861 5e+20 4
0.024137695 1 539.33954 -2.2813154e+17 -2.5892711e+20 7.6485272e+19 3.861 5e+20 4
0.024151367 1 538.29248 -2.2672959e+17 -2.5944124e+20 7.6425301e+19 3.861 5e+20 4
0.024165039 1 537.24419 -2.2531878e+17 -2.599554e+20 7.6364603e+19 3.861 5e+20 4
0.024178711 1 536.19467 -2.2389912e+17 -2.6046957e+20 7.6303177e+19 3.861 5e+20 4
0.024192383 1 535.14392 -2.2247066e+17 -2.6098371e+20 7.6241019e+19 3.861 5e+20 4
0.024206055 1 534.09197 -2.2103341e+17 -2.614978e+20 7.6178127e+19 3.861 5e+20 4
0.024219727 1 533.03882 -2.195874e+17 -2.6201182e+20 7.6114499e+19 3.861 5e+20 4
0.024233398 1 531.98447 -2.1813266e+17 -2.6252577e+20 7.6050132e+19 3.861 5e+20 4
0.02424707 1 530.92895 -2.1666919e+17 -2.6303963e+20 7.5985024e+19 3.861 5e+20 4
0.024260742 1 529.87225 -2.1519701e+17 -2.635534e+20 7.5919173e+19 3.861 5e+20 4
0.024274414 1 528.81438 -2.1371615e+17 -2.640671e+20 7.5852576e+19 3.861 5e+20 4
0.024288086 1 527.75537 -2.1222659e+17 -2.6458073e+20 7.5785232e+19 3.861 5e+20 4
0.024301758 1 526.69521 -2.1072836e+17 -2.6509431e+20 7.5717138e+19 3.861 5e+20 4
0.02431543 1 525.63391 -2.0922146e+17 -2.6560786e+20 7.5648291e+19 3.861 5e+20 4
0.024329102 1 524.5715 -2.0770589e+17 -2.6612141e+20 7.5578691e+19 3.861 5e+20 4
0.022975586 1 623.07015 -3.1331101e+17 -2.1666369e+20 7.9201679e+19 3.9918755 5e+20 4
0.022989258 1 622.15173 -3.1270141e+17 -2.1713327e+20 7.9193956e+19 3.9563656 5e+20 4
0.02300293 1 621.23162 -3.1208272e+17 -2.1760369e+20 7.9185729e+19 3.9271205 5e+20 4
0.023016602 1 620.30984 -3.114549e+17 -2.1807496e+20 7.9176993e+19 3.9035892 5e+20 4
0.023030273 1 619.38637 -3.1081794e+17 -2.185471e+20 7.9167748e+19 3.8852208 5e+20 4
0.023043945 1 618.46122 -3.1017183e+17 -2.1902011e+20 7.915799e+19 3.8714644 5e+20 4
0.023057617 1 617.53439 -3.0951654e+17 -2.1949399e+20 7.9147717e+19 3.8617688 5e+20 4
0.023071289 1 616.6059 -3.0885206e+17 -2.1996874e+20 7.9136925e+19 3.8555833 5e+20 4
0.023084961 1 615.67573 -3.0817836e+17 -2.2044436e+20 7.9125614e+19 3.8523567 5e+20 4
0.023098633 1 614.74389 -3.0749544e+17 -2.2092083e+20 7.911378e+19 3.8515381 5e+20 4
0.023112305 1 613.81039 -3.0680326e+17 -2.2139814e+20 7.910142e+19 3.8525766 5e+20 4
0.023125977 1 612.87522 -3.0610183e+17 -2.2187627e+20 7.9088533e+19 3.8549211 5e+20 4
0.023139648 1 611.9384 -3.0539111e+17 -2.2235519e+20 7.9075115e+19 3.8580207 5e+20 4
0.02315332 1 610.99992 -3.0467109e+17 -2.2283488e+20 7.9061164e+19 3.8613245 5e+20 4
0.023166992 1 610.05978 -3.0394176e+17 -2.2331531e+20 7.9046677e+19 3.8642813 5e+20 4
0.023180664 1 609.11799 -3.0320309e+17 -2.2379644e+20 7.9031652e+19 3.8663404 5e+20 4
0.023194336 1 608.17455 -3.0245508e+17 -2.2427823e+20 7.9016086e+19 3.8669506 5e+20 4
0.023208008 1 607.22946 -3.016977e+17 -2.2476063e+20 7.8999977e+19 3.865561 5e+20 4
0.02322168 1 606.28273 -3.0093095e+17 -2.252436e+20 7.8983322e+19 3.8616207 5e+20 4
0.023235352 1 605.33435 -3.0015479e+17 -2.2572708e+20 7.8966119e+19 3.8545786 5e+20 4
0.025163086 1 458.14709 -1.0123165e+17 -2.9586039e+20 6.982912e+19 3.96 5e+20 4
0.025176758 1 457.04142 -9.9302504e+16 -2.9629928e+20 6.9709277e+19 3.96 5e+20 4
0.02519043 1 455.93558 -9.7369451e+16 -2.9673586e+20 6.958859e+19 3.96 5e+20 4
0.025204102 1 454.82958 -9.5432682e+16 -2.9717002e+20 6.9467058e+19 3.96 5e+20 4
0.025217773 1 453.72344 -9.3492382e+16 -2.9760167e+20 6.9344683e+19 3.96 5e+20 4
0.025231445 1 452.61719 -9.1548723e+16 -2.9803074e+20 6.9221465e+19 3.96 5e+20 4
0.025245117 1 451.51085 -8.9601867e+16 -2.9845717e+20 6.9097404e+19 3.96 5e+20 4
0.025258789 1 450.40443 -8.7651965e+16 -2.988809e+20 6.8972499e+19 3.96 5e+20 4
0.025272461 1 449.29797 -8.5699156e+16 -2.993019e+20 6.8846753e+19 3.96 5e+20 4
0.025286133 1 448.19147 -8.3743567e+16 -2.9972015e+20 6.8720164e+19 3.96 5e+20 4
0.025299805 1 447.08497 -8.1785314e+16 -3.0013564e+20 6.8592734e+19 3.96 5e+20 4
0.025313477 1 445.97848 -7.9824504e+16 -3.0054837e+20 6.8464463e+19 3.96 5e+20 4
0.025327148 1 444.87202 -7.7861229e+16 -3.0095838e+20 6.8335352e+19 3.96 5e+20 4
0.02534082 1 443.76562 -7.5895572e+16 -3.0136568e+20 6.8205401e+19 3.96 5e+20 4
0.025354492 1 442.6593 -7.3927603e+16 -3.0177033e+20 6.8074612e+19 3.96 5e+20 4
0.025368164 1 441.55308 -7.1957382e+16 -3.0217238e+20 6.7942985e+19 3.96 5e+20 4
0.025381836 1 440.44698 -6.9984958e+16 -3.0257192e+20 6.7810521e+19 3.96 5e+20 4
0.025395508 1 439.34102 -6.8010367e+16 -3.0296902e+20 6.767722e+19 3.96 5e+20 4
0.02540918 1 438.23522 -6.6033634e+16 -3.0336379e+20 6.7543084e+19 3.96 5e+20 4
0.025422852 1 437.12961 -6.4054775e+16 -3.0375635e+20 6.7408115e+19 3.96 5e+20 4
0.022428711 1 658.40413 -3.3037227e+17 -1.9854974e+20 7.9124893e+19 3.96 5e+20 4
0.022442383 1 657.55447 -3.3011441e+17 -1.9898499e+20 7.913536e+19 3.96 5e+20 4
0.022456055 1 656.70307 -3.298482e+17 -1.9942127e+20 7.9145419e+19 3.96 5e+20 4
0.022469727 1 655.84993 -3.2957362e+17 -1.9985858e+20 7.9155066e+19 3.96 5e+20 4
0.022483398 1 654.99506 -3.2929065e+17 -2.0029689e+20 7.91643e+19 3.96 5e+20 4
0.02249707 1 654.13845 -3.2899927e+17 -2.0073618e+20 7.9173119e+19 3.96 5e+20 4
0.022510742 1 653.2801 -3.2869945e+17 -2.0117645e+20 7.9181519e+19 3.96 5e+20 4
0.022524414 1 652.42002 -3.2839116e+17 -2.0161767e+20 7.91895e+19 3.96 5e+20 4
0.022538086 1 651.5582 -3.2807438e+17 -2.0205983e+20 7.9197057e+19 3.96 5e+20 4
0.022551758 1 650.69465 -3.2774908e+17 -2.0250291e+20 7.920419e+19 3.96 5e+20 4
0.02256543 1 649.82937 -3.2741523e+17 -2.029469e+20 7.9210895e+19 3.96 5e+20 4
0.022579102 1 648.96235 -3.2707281e+17 -2.033918e+20 7.9217171e+19 3.96 5e+20 4
0.022592773 1 648.0936 -3.2672178e+17 -2.0383757e+20 7.9223016e+19 3.96 5e+20 4
0.022606445 1 647.22312 -3.2636211e+17 -2.0428421e+20 7.9228426e+19 3.96 5e+20 4
0.022620117 1 646.35091 -3.2599376e+17 -2.0473171e+20 7.92334e+19 3.96 5e+20 4
0.022633789 1 645.47697 -3.2561671e+17 -2.0518005e+20 7.9237935e+19 3.96 5e+20 4
0.022647461 1 644.6013 -3.2523092e+17 -2.0562923e+20 7.9242029e+19 3.96 5e+20 4
0.022661133 1 643.7239 -3.2483636e+17 -2.0607922e+20 7.924568e+19 3.96 5e+20 4
0.022674805 1 642.84477 -3.2443298e+17 -2.0653002e+20 7.9248886e+19 3.96 5e+20 4
0.022688477 1 641.96392 -3.2402075e+17 -2.0698162e+20 7.9251645e+19 3.96 5e+20 4
0.024616211 1 502.0218 -1.739823e+17 -2.7679454e+20 7.3938853e+19 3.861 5e+20 4
0.024629883 1 500.93765 -1.7229002e+17 -2.7729519e+20 7.3852105e+19 3.861 5e+20 4
0.024643555 1 499.85265 -1.705902e+17 -2.7779533e+20 7.3764555e+19 3.861 5e+20 4
0.024657227 1 498.76682 -1.6888296e+17 -2.7829482e+20 7.3676202e+19 3.861 5e+20 4
0.024670898 1 497.68017 -1.6716841e+17 -2.7879354e+20 7.3587044e+19 3.861 5e+20 4
0.02468457 1 496.59272 -1.6544666e+17 -2.7929139e+20 7.3497079e+19 3.861 5e+20 4
0.024698242 1 495.50448 -1.637178e+17 -2.7978828e+20 7.3406304e+19 3.861 5e+20 4
0.024711914 1 494.41546 -1.6198194e+17 -2.8028414e+20 7.3314719e+19 3.861 5e+20 4
0.024725586 1 493.32569 -1.6023916e+17 -2.8077891e+20 7.3222321e+19 3.861 5e+20 4
0.024739258 1 492.23518 -1.5848953e+17 -2.8127255e+20 7.3129108e+19 3.861 5e+20 4
0.02475293 1 491.14393 -1.5673313e+17 -2.8176504e+20 7.303508e+19 3.861 5e+20 4
0.024766602 1 490.05198 -1.5497002e+17 -2.8225637e+20 7.2940235e+19 3.861 5e+20 4
0.024780273 1 488.95932 -1.5320027e+17 -2.8274655e+20 7.2844572e+19 3.861 5e+20 4
0.024793945 1 487.86598 -1.5142392e+17 -2.8323559e+20 7.2748088e+19 3.861 5e+20 4
0.024807617 1 486.77198 -1.4964101e+17 -2.8372355e+20 7.2650784e+19 3.861 5e+20 4
0.024821289 1 485.67731 -1.478516e+17 -2.8421048e+20 7.2552657e+19 3.861 5e+20 4
0.024834961 1 484.58202 -1.460557e+17 -2.8469644e+20 7.2453707e+19 3.861 5e+20 4
0.024848633 1 483.48609 -1.4425335e+17 -2.8518153e+20 7.2353932e+19 3.861 5e+20 4
0.024862305 1 482.38956 -1.4244455e+17 -2.8566584e+20 7.2253332e+19 3.861 5e+20 4
0.024875977 1 481.29244 -1.4062933e+17 -2.8614951e+20 7.2151907e+19 3.861 5e+20 4
0.023522461 1 585.04632 -2.8168189e+17 -2.3605253e+20 7.8473455e+19 3.861 5e+20 4
0.023536133 1 584.06283 -2.8069815e+17 -2.3655055e+20 7.8443515e+19 3.861 5e+20 4
0.023549805 1 583.07779 -2.7970507e+17 -2.3704932e+20 7.8412966e+19 3.861 5e+20 4
0.023563477 1 582.09121 -2.7870262e+17 -2.3754879e+20 7.8381805e+19 3.861 5e+20 4
0.023577148 1 581.1031 -2.7769078e+17 -2.3804897e+20 7.8350028e+19 3.861 5e+20 4
0.02359082 1 580.11345 -2.7666954e+17 -2.3854982e+20 7.8317634e+19 3.861 5e+20 4
0.023604492 1 579.12227 -2.7563887e+17 -2.3905133e+20 7.8284619e+19 3.861 5e+20 4
0.023618164 1 578.12957 -2.7459875e+17 -2.3955346e+20 7.8250982e+19 3.861 5e+20 4
0.023631836 1 577.13536 -2.7354919e+17 -2.400562e+20 7.821672e+19 3.861 5e+20 4
0.023645508 1 576.13964 -2.7249017e+17 -2.4055953e+20 7.8181829e+19 3.861 5e+20 4
0.02365918 1 575.14241 -2.7142168e+17 -2.410634e+20 7.8146308e+19 3.861 5e+20 4
0.023672852 1 574.14368 -2.7034372e+17 -2.4156779e+20 7.8110153e+19 3.861 5e+20 4
0.023686523 1 573.14346 -2.692563e+17 -2.4207267e+20 7.8073363e+19 3.861 5e+20 4
0.023700195 1 572.14174 -2.6815942e+17 -2.42578e+20 7.8035934e+19 3.861 5e+20 4
0.023713867 1 571.13855 -2.6705308e+17 -2.4308375e+20 7.7997863e+19 3.861 5e+20 4
0.023727539 1 570.13388 -2.659373e+17 -2.4358989e+20 7.7959149e+19 3.861 5e+20 4
0.023741211 1 569.12773 -2.6481208e+17 -2.4409637e+20 7.7919789e+19 3.861 5e+20 4
0.023754883 1 568.12012 -2.6367745e+17 -2.4460315e+20 7.7879779e+19 3.861 5e+20 4
0.023768555 1 567.11104 -2.6253342e+17 -2.4511019e+20 7.7839118e+19 3.861 5e+20 4
0.023782227 1 566.10051 -2.6138001e+17 -2.4561745e+20 7.7797802e+19 3.861 5e+20 4
0.025709961 1 413.99731 -2.2373336e+16 -3.1104145e+20 6.4383724e+19 4.059 5e+20 4
0.025723633 1 412.9019 -2.0395907e+16 -3.1134237e+20 6.4230827e+19 4.059 5e+20 4
0.025737305 1 411.80724 -1.8418868e+16 -3.1163774e+20 6.4077147e+19 4.059 5e+20 4
0.025750977 1 410.71336 -1.6443154e+16 -3.1192763e+20 6.3922685e+19 4.059 5e+20 4
0.025764648 1 409.62027 -1.4469582e+16 -3.122121e+20 6.3767443e+19 4.059 5e+20 4
0.02577832 1 408.52802 -1.2498846e+16 -3.1249124e+20 6.3611422e+19 4.059 5e+20 4
0.025791992 1 407.43661 -1.0531524e+16 -3.1276515e+20 6.3454626e+19 4.059 5e+20 4
0.025805664 1 406.34609 -8.5680745e+15 -3.1303396e+20 6.3297056e+19 4.059 5e+20 4
0.025819336 1 405.25648 -6.6088348e+15 -3.132978e+20 6.3138715e+19 4.059 5e+20 4
0.025833008 1 404.1678 -4.6540241e+15 -3.1355685e+20 6.2979608e+19 4.059 5e+20 4
0.02584668 1 403.08009 -2.7037423e+15 -3.1381127e+20 6.2819738e+19 4.059 5e+20 4
0.025860352 1 401.99337 -7.5796969e+14 -3.1406127e+20 6.265911e+19 4.059 5e+20 4
0.025874023 1 400.90766 1.1834327e+15 -3.1430707e+20 6.2497728e+19 4.059 5e+20 4
0.025887695 1 399.823 3.1207232e+15 -3.1454889e+20 6.2335597e+19 4.059 5e+20 4
0.025901367 1 398.73941 5.0542792e+15 -3.14787e+20 6.2172723e+19 4.059 5e+20 4
0.025915039 1 397.65692 6.9845978e+15 -3.1502166e+20 6.2009112e+19 4.059 5e+20 4
0.025928711 1 396.57555 8.9122951e+15 -3.1525318e+20 6.184477e+19 4.059 5e+20 4
0.025942383 1 395.49534 1.0838107e+16 -3.1548185e+20 6.1679704e+19 4.059 5e+20 4
0.025956055 1 394.4163 1.2762887e+16 -3.1570801e+20 6.151392e+19 4.059 5e+20 4
0.025969727 1 393.33848 1.4687611e+16 -3.15932e+20 6.1347427e+19 4.059 5e+20 4
0.022155273 1 675.03162 -3.3380217e+17 -1.9001292e+20 7.8833152e+19 4.0908755 5e+20 4
0.022168945 1 674.21679 -3.33707e+17 -1.9043121e+20 7.8851328e+19 4.0553656 5e+20 4
0.022182617 1 673.40021 -3.3360389e+17 -1.9085036e+20 7.886914e+19 4.0261205 5e+20 4
0.022196289 1 672.5819 -3.3349287e+17 -1.9127038e+20 7.8886584e+19 4.0025892 5e+20 4
0.022209961 1 671.76185 -3.3337391e+17 -1.9169128e+20 7.890366e+19 3.9842208 5e+20 4
0.022223633 1 670.94005 -3.3324701e+17 -1.9211305e+20 7.8920364e+19 3.9704644 5e+20 4
0.022237305 1 670.11652 -3.3311217e+17 -1.9253572e+20 7.8936694e+19 3.9607688 5e+20 4
0.022250977 1 669.29124 -3.3296935e+17 -1.9295929e+20 7.8952649e+19 3.9545833 5e+20 4
0.022264648 1 668.46422 -3.3281855e+17 -1.9338376e+20 7.8968225e+19 3.9513567 5e+20 4
0.02227832 1 667.63546 -3.3265974e+17 -1.9380914e+20 7.8983422e+19 3.9505381 5e+20 4
0.022291992 1 666.80496 -3.3249288e+17 -1.9423544e+20 7.8998237e+19 3.9515766 5e+20 4
0.022305664 1 665.97272 -3.3231794e+17 -1.9466267e+20 7.9012667e+19 3.9539211 5e+20 4
0.022319336 1 665.13873 -3.3213489e+17 -1.9509083e+20 7.902671e+19 3.9570207 5e+20 4
0.022333008 1 664.303 -3.3194367e+17 -1.9551993e+20 7.9040365e+19 3.9603245 5e+20 4
0.02234668 1 663.46553 -3.3174424e+17 -1.9594998e+20 7.9053629e+19 3.9632813 5e+20 4
0.022360352 1 662.62632 -3.3153656e+17 -1.9638099e+20 7.9066501e+19 3.9653404 5e+20 4
0.022374023 1 661.78536 -3.3132055e+17 -1.9681295e+20 7.9078977e+19 3.9659506 5e+20 4
0.022387695 1 660.94266 -3.3109616e+17 -1.9724589e+20 7.9091057e+19 3.964561 5e+20 4
0.022401367 1 660.09822 -3.3086332e+17 -1.976798e+20 7.9102738e+19 3.9606207 5e+20 4
0.022415039 1 659.25203 -3.3062197e+17 -1.9811469e+20 7.9114018e+19 3.9535786 5e+20 4
0.024342773 1 523.50799 -2.0618171e+17 -2.6663443e+20 7.5508334e+19 3.861 5e+20 4
0.024356445 1 522.44336 -2.0464894e+17 -2.6714657e+20 7.5437219e+19 3.861 5e+20 4
0.024370117 1 521.37765 -2.0310761e+17 -2.6765828e+20 7.5365342e+19 3.861 5e+20 4
0.024383789 1 520.31086 -2.0155784e+17 -2.6816958e+20 7.5292701e+19 3.861 5e+20 4
0.024397461 1 519.243 -1.9999973e+17 -2.6868046e+20 7.5219294e+19 3.861 5e+20 4
0.024411133 1 518.17408 -1.9843336e+17 -2.6919094e+20 7.5145119e+19 3.861 5e+20 4
0.024424805 1 517.10412 -1.9685883e+17 -2.69701e+20 7.5070172e+19 3.861 5e+20 4
0.024438477 1 516.03313 -1.9527619e+17 -2.7021066e+20 7.4994453e+19 3.861 5e+20 4
0.024452148 1 514.96113 -1.9368553e+17 -2.7071991e+20 7.4917959e+19 3.861 5e+20 4
0.02446582 1 513.88811 -1.9208688e+17 -2.7122875e+20 7.4840687e+19 3.861 5e+20 4
0.024479492 1 512.81409 -1.9048031e+17 -2.7173716e+20 7.4762636e+19 3.861 5e+20 4
0.024493164 1 511.7391 -1.8886584e+17 -2.7224515e+20 7.4683804e+19 3.861 5e+20 4
0.024506836 1 510.66313 -1.872435e+17 -2.7275271e+20 7.4604189e+19 3.861 5e+20 4
0.024520508 1 509.5862 -1.8561331e+17 -2.7325981e+20 7.4523788e+19 3.861 5e+20 4
0.02453418 1 508.50832 -1.8397529e+17 -2.7376646e+20 7.4442601e+19 3.861 5e+20 4
0.024547852 1 507.4295 -1.8232942e+17 -2.7427263e+20 7.4360625e+19 3.861 5e+20 4
0.024561523 1 506.34976 -1.8067571e+17 -2.7477831e+20 7.4277859e+19 3.861 5e+20 4
0.024575195 1 505.2691 -1.7901413e+17 -2.7528348e+20 7.41943e+19 3.861 5e+20 4
0.024588867 1 504.18754 -1.7734466e+17 -2.7578813e+20 7.4109948e+19 3.861 5e+20 4
0.024602539 1 503.10509 -1.7566726e+17 -2.7629223e+20 7.40248e+19 3.861 5e+20 4
0.023249023 1 604.38437 -2.993695e+17 -2.2621172e+20 7.8948364e+19 3.861 5e+20 4
0.023262695 1 603.43273 -2.9857497e+17 -2.2669764e+20 7.8930055e+19 3.861 5e+20 4
0.023276367 1 602.47946 -2.9777092e+17 -2.2718416e+20 7.8911189e+19 3.861 5e+20 4
0.023290039 1 601.52456 -2.9695738e+17 -2.2767131e+20 7.8891764e+19 3.861 5e+20 4
0.023303711 1 600.56804 -2.9613436e+17 -2.2815908e+20 7.8871778e+19 3.861 5e+20 4
0.023317383 1 599.60991 -2.9530189e+17 -2.2864749e+20 7.8851228e+19 3.861 5e+20 4
0.023331055 1 598.65016 -2.9445998e+17 -2.2913654e+20 7.883011e+19 3.861 5e+20 4
0.023344727 1 597.6888 -2.9360864e+17 -2.2962624e+20 7.8808423e+19 3.861 5e+20 4
0.023358398 1 596.72583 -2.9274788e+17 -2.3011659e+20 7.8786164e+19 3.861 5e+20 4
0.02337207 1 595.76126 -2.9187769e+17 -2.3060759e+20 7.876333e+19 3.861 5e+20 4
0.023385742 1 594.79509 -2.9099808e+17 -2.3109926e+20 7.8739918e+19 3.861 5e+20 4
0.023399414 1 593.82733 -2.9010905e+17 -2.315916e+20 7.8715926e+19 3.861 5e+20 4
0.023413086 1 592.85797 -2.8921059e+17 -2.320846e+20 7.8691352e+19 3.861 5e+20 4
0.023426758 1 591.88703 -2.883027e+17 -2.3257828e+20 7.8666192e+19 3.861 5e+20 4
0.02344043 1 590.9145 -2.8738536e+17 -2.3307264e+20 7.8640443e+19 3.861 5e+20 4
0.023454102 1 589.9404 -2.8645856e+17 -2.3356768e+20 7.8614104e+19 3.861 5e+20 4
0.023467773 1 588.96471 -2.8552227e+17 -2.340634e+20 7.8587172e+19 3.861 5e+20 4
0.023481445 1 587.98746 -2.8457648e+17 -2.345598e+20 7.8559643e+19 3.861 5e+20 4
0.023495117 1 587.00863 -2.8362117e+17 -2.3505688e+20 7.8531516e+19 3.861 5e+20 4
0.023508789 1 586.02824 -2.826563e+17 -2.3555465e+20 7.8502787e+19 3.861 5e+20 4
0.025436523 1 436.02422 -6.2073405e+16 -3.0414279e+20 6.7272313e+19 3.96 5e+20 4
0.025450195 1 434.91907 -6.0090015e+16 -3.0452225e+20 6.713568e+19 3.96 5e+20 4
0.025463867 1 433.81418 -5.8105354e+16 -3.048984e+20 6.6998218e+19 3.96 5e+20 4
0.025477539 1 432.70957 -5.6119655e+16 -3.052712e+20 6.6859927e+19 3.96 5e+20 4
0.025491211 1 431.60525 -5.4133135e+16 -3.0564059e+20 6.6720807e+19 3.96 5e+20 4
0.025504883 1 430.50126 -5.2146005e+16 -3.0600652e+20 6.6580862e+19 3.96 5e+20 4
0.025518555 1 429.39763 -5.015846e+16 -3.0636894e+20 6.6440091e+19 3.96 5e+20 4
0.025532227 1 428.29437 -4.8170687e+16 -3.067278e+20 6.6298496e+19 3.96 5e+20 4
0.025545898 1 427.19151 -4.6182859e+16 -3.0708304e+20 6.615608e+19 3.96 5e+20 4
0.02555957 1 426.08907 -4.419514e+16 -3.074346e+20 6.6012843e+19 3.96 5e+20 4
0.025573242 1 424.98709 -4.2207679e+16 -3.0778243e+20 6.5868788e+19 3.96 5e+20 4
0.025586914 1 423.88557 -4.0220619e+16 -3.0812648e+20 6.5723916e+19 3.96 5e+20 4
0.025600586 1 422.78456 -3.8234086e+16 -3.0846667e+20 6.557823e+19 3.96 5e+20 4
0.025614258 1 421.68406 -3.6248199e+16 -3.0880295e+20 6.5431732e+19 3.96 5e+20 4
0.02562793 1 420.58412 -3.4263062e+16 -3.0913525e+20 6.5284424e+19 3.96 5e+20 4
0.025641602 1 419.48474 -3.227877e+16 -3.0946351e+20 6.5136309e+19 3.96 5e+20 4
0.025655273 1 418.38597 -3.0295407e+16 -3.0978767e+20 6.498739e+19 3.96 5e+20 4
0.025668945 1 417.28781 -2.8313043e+16 -3.1010765e+20 6.4837669e+19 3.96 5e+20 4
0.025682617 1 416.1903 -2.6331739e+16 -3.104234e+20 6.4687149e+19 3.96 5e+20 4
0.025696289 1 415.09345 -2.4351543e+16 -3.1073483e+20 6.4535834e+19 3.96 5e+20 4
0.022702148 1 641.08136 -3.2359995e+17 -2.0743419e+20 7.9253951e+19 3.96 5e+20 4
0.02271582 1 640.19707 -3.2317053e+17 -2.0788771e+20 7.9255802e+19 3.96 5e+20 4
0.022729492 1 639.31105 -3.2273218e+17 -2.0834202e+20 7.9257198e+19 3.96 5e+20 4
0.022743164 1 638.42331 -3.2228492e+17 -2.0879712e+20 7.9258138e+19 3.96 5e+20 4
0.022756836 1 637.53385 -3.2182877e+17 -2.0925304e+20 7.9258617e+19 3.96 5e+20 4
0.022770508 1 636.64268 -3.2136372e+17 -2.0970976e+20 7.9258633e+19 3.96 5e+20 4
0.02278418 1 635.74979 -3.2088978e+17 -2.1016732e+20 7.9258184e+19 3.96 5e+20 4
0.022797852 1 634.85518 -3.2040695e+17 -2.106257e+20 7.9257268e+19 3.96 5e+20 4
0.022811523 1 633.95887 -3.1991521e+17 -2.1108493e+20 7.9255881e+19 3.96 5e+20 4
0.022825195 1 633.06084 -3.1941457e+17 -2.1154501e+20 7.9254022e+19 3.96 5e+20 4
0.022838867 1 632.16111 -3.1890499e+17 -2.1200595e+20 7.9251687e+19 3.96 5e+20 4
0.022852539 1 631.25967 -3.1838647e+17 -2.1246775e+20 7.9248875e+19 3.96 5e+20 4
0.022866211 1 630.35652 -3.1785896e+17 -2.1293043e+20 7.9245582e+19 3.96 5e+20 4
0.022879883 1 629.45167 -3.1732244e+17 -2.13394e+20 7.9241808e+19 3.96 5e+20 4
0.022893555 1 628.54511 -3.1677687e+17 -2.1385845e+20 7.9237548e+19 3.96 5e+20 4
0.022907227 1 627.63686 -3.1622221e+17 -2.1432381e+20 7.9232802e+19 3.96 5e+20 4
0.022920898 1 626.7269 -3.1565842e+17 -2.1479006e+20 7.9227565e+19 3.96 5e+20 4
0.02293457 1 625.81525 -3.1508544e+17 -2.1525724e+20 7.9221838e+19 3.96 5e+20 4
0.022948242 1 624.9019 -3.1450321e+17 -2.1572533e+20 7.9215616e+19 3.96 5e+20 4
0.022961914 1 623.98686 -3.1391168e+17 -2.1619435e+20 7.9208898e+19 3.96 5e+20 4
0.024889648 1 480.19474 -1.3880757e+17 -2.8663061e+20 7.2049653e+19 3.861 5e+20 4
0.02490332 1 479.0965 -1.3697945e+17 -2.8710837e+20 7.1946569e+19 3.861 5e+20 4
0.024916992 1 477.99772 -1.3514525e+17 -2.8758455e+20 7.1842655e+19 3.861 5e+20 4
0.024930664 1 476.89841 -1.3330515e+17 -2.8805914e+20 7.1737909e+19 3.861 5e+20 4
0.024944336 1 475.79859 -1.314593e+17 -2.885321e+20 7.163233e+19 3.861 5e+20 4
0.024958008 1 474.69828 -1.2960784e+17 -2.8900344e+20 7.1525917e+19 3.861 5e+20 4
0.02497168 1 473.5975 -1.2775092e+17 -2.8947311e+20 7.1418669e+19 3.861 5e+20 4
0.024985352 1 472.49626 -1.2588866e+17 -2.8994111e+20 7.1310585e+19 3.861 5e+20 4
0.024999023 1 471.39459 -1.2402117e+17 -2.904074e+20 7.1201664e+19 3.861 5e+20 4
0.025012695 1 470.2925 -1.2214856e+17 -2.9087197e+20 7.1091905e+19 3.861 5e+20 4
0.025026367 1 469.19001 -1.2027093e+17 -2.913348e+20 7.0981307e+19 3.861 5e+20 4
0.025040039 1 468.08714 -1.1838835e+17 -2.9179586e+20 7.0869871e+19 3.861 5e+20 4
0.025053711 1 466.9839 -1.165009e+17 -2.9225513e+20 7.0757595e+19 3.861 5e+20 4
0.025067383 1 465.88032 -1.1460865e+17 -2.9271259e+20 7.0644478e+19 3.861 5e+20 4
0.025081055 1 464.77641 -1.1271165e+17 -2.9316821e+20 7.0530521e+19 3.861 5e+20 4
0.025094727 1 463.67219 -1.1080995e+17 -2.9362196e+20 7.0415724e+19 3.861 5e+20 4
0.025108398 1 462.56767 -1.0890357e+17 -2.9407382e+20 7.0300085e+19 3.861 5e+20 4
0.02512207 1 461.46289 -1.0699254e+17 -2.9452378e+20 7.0183605e+19 3.861 5e+20 4
0.025135742 1 460.35785 -1.0507688e+17 -2.9497179e+20 7.0066284e+19 3.861 5e+20 4
0.025149414 1 459.25257 -1.0315658e+17 -2.9541783e+20 6.9948122e+19 3.861 5e+20 4
0.023795898 1 565.08855 -2.6021738e+17 -2.4612561e+20 7.7755828e+19 3.861 5e+20 4
0.02380957 1 564.07514 -2.5904543e+17 -2.4663475e+20 7.7713194e+19 3.861 5e+20 4
0.023823242 1 563.0603 -2.5786402e+17 -2.4714419e+20 7.7669897e+19 3.861 5e+20 4
0.023836914 1 562.04403 -2.5667318e+17 -2.4765391e+20 7.7625936e+19 3.861 5e+20 4
0.023850586 1 561.02633 -2.5547292e+17 -2.481639e+20 7.7581307e+19 3.861 5e+20 4
0.023864258 1 560.00722 -2.5426327e+17 -2.4867417e+20 7.7536007e+19 3.861 5e+20 4
0.02387793 1 558.98671 -2.5304426e+17 -2.4918469e+20 7.7490035e+19 3.861 5e+20 4
0.023891602 1 557.9648 -2.518159e+17 -2.4969548e+20 7.7443388e+19 3.861 5e+20 4
0.023905273 1 556.94149 -2.5057823e+17 -2.5020652e+20 7.7396062e+19 3.861 5e+20 4
0.023918945 1 555.9168 -2.4933126e+17 -2.5071781e+20 7.7348056e+19 3.861 5e+20 4
0.023932617 1 554.89073 -2.4807501e+17 -2.5122936e+20 7.7299367e+19 3.861 5e+20 4
0.023946289 1 553.86329 -2.4680951e+17 -2.5174116e+20 7.7249991e+19 3.861 5e+20 4
0.023959961 1 552.83449 -2.4553477e+17 -2.5225321e+20 7.7199928e+19 3.861 5e+20 4
0.023973633 1 551.80434 -2.4425083e+17 -2.5276552e+20 7.7149173e+19 3.861 5e+20 4
0.023987305 1 550.77283 -2.4295769e+17 -2.5327809e+20 7.7097724e+19 3.861 5e+20 4
0.024000977 1 549.73998 -2.4165538e+17 -2.5379092e+20 7.7045579e+19 3.861 5e+20 4
0.024014648 1 548.7058 -2.4034393e+17 -2.5430402e+20 7.6992735e+19 3.861 5e+20 4
0.02402832 1 547.6703 -2.3902334e+17 -2.548174e+20 7.6939189e+19 3.861 5e+20 4
0.024041992 1 546.63347 -2.3769364e+17 -2.5533106e+20 7.6884939e+19 3.861 5e+20 4
0.024055664 1 545.59533 -2.3635486e+17 -2.5584501e+20 7.6829982e+19 3.861 5e+20 4
0.025983398 1 392.26188 1.6614558e+16 -3.1613417e+20 6.1180233e+19 4.0271245 5e+20 4
0.02599707 1 391.18656 1.8539325e+16 -3.1631256e+20 6.1012334e+19 4.0626344 5e+20 4
0.026010742 1 390.11254 2.0458325e+16 -3.1648643e+20 6.0843728e+19 4.0918795 5e+20 4
0.026024414 1 389.03983 2.2370759e+16 -3.1665571e+20 6.0674419e+19 4.1154108 5e+20 4
0.026038086 1 387.96846 2.4275934e+16 -3.1682033e+20 6.0504412e+19 4.1337792 5e+20 4
0.026051758 1 386.89848 2.617326e+16 -3.1698022e+20 6.0333712e+19 4.1475356 5e+20 4
0.02606543 1 385.8299 2.8062251e+16 -3.1713529e+20 6.0162323e+19 4.1572312 5e+20 4
0.026079102 1 384.76275 2.9942525e+16 -3.1728548e+20 5.9990251e+19 4.1634167 5e+20 4
0.026092773 1 383.69706 3.1813807e+16 -3.174307e+20 5.9817502e+19 4.1666433 5e+20 4
0.026106445 1 382.63286 3.3675922e+16 -3.1757089e+20 5.964408e+19 4.1674619 5e+20 4
0.026120117 1 381.57019 3.5528802e+16 -3.1770596e+20 5.9469992e+19 4.1664234 5e+20 4
0.026133789 1 380.50905 3.7372482e+16 -3.1783583e+20 5.9295246e+19 4.1640789 5e+20 4
0.026147461 1 379.4495 3.9207103e+16 -3.1796042e+20 5.9119846e+19 4.1609793 5e+20 4
0.026161133 1 378.39155 4.1032907e+16 -3.1807965e+20 5.8943801e+19 4.1576755 5e+20 4
0.026174805 1 377.33523 4.2850244e+16 -3.1819344e+20 5.8767118e+19 4.1547187 5e+20 4
0.026188477 1 376.28058 4.4659565e+16 -3.183017e+20 5.8589805e+19 4.1526596 5e+20 4
0.026202148 1 375.22761 4.6461427e+16 -3.1840436e+20 5.8411869e+19 4.1520494 5e+20 4
0.02621582 1 374.17637 4.825649e+16 -3.1850131e+20 5.8233319e+19 4.153439 5e+20 4
0.026229492 1 373.12687 5.0045521e+16 -3.1859248e+20 5.8054163e+19 4.1573793 5e+20 4
0.026243164 1 372.07915 5.1829387e+16 -3.1867778e+20 5.7874411e+19 4.1644214 5e+20 4
