# x  rho Te j Ex q corrE ne Zbar
0.0087568359 1 961.76443 4.1213346e+16 -2.3491882e+19 2.4397399e+19 9.542297 5e+20 4
0.0087705078 1 961.70673 4.1227216e+16 -2.3545012e+19 2.4443247e+19 9.4997449 5e+20 4
0.0087841797 1 961.64888 4.1240766e+16 -2.3598218e+19 2.4489131e+19 9.4665595 5e+20 4
0.0087978516 1 961.59086 4.1253995e+16 -2.3651503e+19 2.4535051e+19 9.4416386 5e+20 4
0.0088115234 1 961.53269 4.1266901e+16 -2.3704868e+19 2.4581006e+19 9.4238805 5e+20 4
0.0088251953 1 961.47436 4.1279485e+16 -2.3758315e+19 2.4626997e+19 9.412183 5e+20 4
0.0088388672 1 961.41588 4.1291745e+16 -2.3811842e+19 2.4673024e+19 9.4054444 5e+20 4
0.0088525391 1 961.35723 4.130368e+16 -2.3865453e+19 2.4719088e+19 9.4025625 5e+20 4
0.0088662109 1 961.29843 4.1315288e+16 -2.3919146e+19 2.4765187e+19 9.4024356 5e+20 4
0.0088798828 1 961.23946 4.1326569e+16 -2.3972921e+19 2.4811322e+19 9.4039615 5e+20 4
0.0088935547 1 961.18034 4.1337521e+16 -2.4026778e+19 2.4857493e+19 9.4060385 5e+20 4
0.0089072266 1 961.12106 4.1348143e+16 -2.4080717e+19 2.49037e+19 9.4075644 5e+20 4
0.0089208984 1 961.06161 4.1358433e+16 -2.4134737e+19 2.4949944e+19 9.4074375 5e+20 4
0.0089345703 1 961.00201 4.1368388e+16 -2.4188836e+19 2.4996223e+19 9.4045556 5e+20 4
0.0089482422 1 960.94224 4.1378008e+16 -2.4243014e+19 2.5042539e+19 9.397817 5e+20 4
0.0089619141 1 960.88231 4.138729e+16 -2.4297267e+19 2.5088892e+19 9.3861195 5e+20 4
0.0089755859 1 960.82222 4.1396233e+16 -2.4351596e+19 2.513528e+19 9.3683614 5e+20 4
0.0089892578 1 960.76197 4.1404834e+16 -2.4405997e+19 2.5181705e+19 9.3434405 5e+20 4
0.0090029297 1 960.70155 4.1413091e+16 -2.4460467e+19 2.5228167e+19 9.3102551 5e+20 4
0.0090166016 1 960.64097 4.1421001e+16 -2.4515005e+19 2.5274665e+19 9.267703 5e+20 4
0.010944336 1 950.24947 3.8298902e+16 -3.3261468e+19 3.221596e+19 8.0025856 5e+20 4
0.010958008 1 950.16094 3.8240128e+16 -3.3331804e+19 3.2268041e+19 8.0206399 5e+20 4
0.01097168 1 950.07217 3.8180727e+16 -3.3402285e+19 3.2320165e+19 8.0315152 5e+20 4
0.010985352 1 949.98317 3.8120697e+16 -3.347291e+19 3.2372329e+19 8.036056 5e+20 4
0.010999023 1 949.89393 3.8060037e+16 -3.3543677e+19 3.2424536e+19 8.0351071 5e+20 4
0.011012695 1 949.80445 3.7998744e+16 -3.3614584e+19 3.2476784e+19 8.0295129 5e+20 4
0.011026367 1 949.71474 3.7936817e+16 -3.368563e+19 3.2529074e+19 8.0201181 5e+20 4
0.011040039 1 949.62478 3.7874253e+16 -3.3756813e+19 3.2581405e+19 8.0077673 5e+20 4
0.011053711 1 949.53459 3.7811051e+16 -3.3828132e+19 3.2633778e+19 7.993305 5e+20 4
0.011067383 1 949.44415 3.7747208e+16 -3.3899583e+19 3.2686193e+19 7.9775758 5e+20 4
0.011081055 1 949.35347 3.7682721e+16 -3.3971167e+19 3.2738649e+19 7.9614242 5e+20 4
0.011094727 1 949.26255 3.7617589e+16 -3.4042881e+19 3.2791147e+19 7.945695 5e+20 4
0.011108398 1 949.17139 3.7551809e+16 -3.4114723e+19 3.2843687e+19 7.9312327 5e+20 4
0.01112207 1 949.07999 3.7485379e+16 -3.4186692e+19 3.2896269e+19 7.9188819 5e+20 4
0.011135742 1 948.98834 3.7418294e+16 -3.4258785e+19 3.2948893e+19 7.9094871 5e+20 4
0.011149414 1 948.89644 3.7350554e+16 -3.4331003e+19 3.3001558e+19 7.9038929 5e+20 4
0.011163086 1 948.8043 3.7282155e+16 -3.4403342e+19 3.3054265e+19 7.902944 5e+20 4
0.011176758 1 948.71192 3.7213094e+16 -3.44758e+19 3.3107015e+19 7.9074848 5e+20 4
0.01119043 1 948.61929 3.7143369e+16 -3.4548378e+19 3.3159806e+19 7.9183601 5e+20 4
0.011204102 1 948.52641 3.7072975e+16 -3.4621071e+19 3.3212638e+19 7.9364144 5e+20 4
0.0098505859 1 956.62001 4.1192392e+16 -2.803254e+19 2.8181795e+19 8.6955856 5e+20 4
0.0098642578 1 956.54847 4.1175958e+16 -2.8093287e+19 2.8230641e+19 8.7136399 5e+20 4
0.0098779297 1 956.47674 4.1159067e+16 -2.8154167e+19 2.8279525e+19 8.7245152 5e+20 4
0.0098916016 1 956.40482 4.1141722e+16 -2.8215176e+19 2.8328449e+19 8.729056 5e+20 4
0.0099052734 1 956.3327 4.1123921e+16 -2.8276307e+19 2.8377412e+19 8.7281071 5e+20 4
0.0099189453 1 956.2604 4.1105666e+16 -2.8337558e+19 2.8426414e+19 8.7225129 5e+20 4
0.0099326172 1 956.18789 4.1086956e+16 -2.8398925e+19 2.8475455e+19 8.7131181 5e+20 4
0.0099462891 1 956.11519 4.1067791e+16 -2.8460404e+19 2.8524536e+19 8.7007673 5e+20 4
0.0099599609 1 956.0423 4.1048169e+16 -2.8521993e+19 2.8573656e+19 8.686305 5e+20 4
0.0099736328 1 955.96922 4.1028091e+16 -2.858369e+19 2.8622816e+19 8.6705758 5e+20 4
0.0099873047 1 955.89593 4.1007554e+16 -2.8645495e+19 2.8672015e+19 8.6544242 5e+20 4
0.010000977 1 955.82245 4.0986557e+16 -2.8707407e+19 2.8721254e+19 8.638695 5e+20 4
0.010014648 1 955.74878 4.0965098e+16 -2.8769425e+19 2.8770532e+19 8.6242327 5e+20 4
0.01002832 1 955.67491 4.0943174e+16 -2.8831551e+19 2.8819849e+19 8.6118819 5e+20 4
0.010041992 1 955.60084 4.0920783e+16 -2.8893786e+19 2.8869206e+19 8.6024871 5e+20 4
0.010055664 1 955.52658 4.0897921e+16 -2.8956132e+19 2.8918603e+19 8.5968929 5e+20 4
0.010069336 1 955.45212 4.0874585e+16 -2.9018591e+19 2.896804e+19 8.595944 5e+20 4
0.010083008 1 955.37746 4.0850772e+16 -2.9081167e+19 2.9017516e+19 8.6004848 5e+20 4
0.01009668 1 955.3026 4.0826478e+16 -2.9143863e+19 2.9067032e+19 8.6113601 5e+20 4
0.010110352 1 955.22754 4.0801698e+16 -2.9206684e+19 2.9116588e+19 8.6294144 5e+20 4
0.012038086 1 942.36502 3.1397103e+16 -3.9336578e+19 3.6515096e+19 7.4085856 5e+20 4
0.012051758 1 942.25539 3.1279362e+16 -3.9418776e+19 3.6570544e+19 7.4266399 5e+20 4
0.01206543 1 942.14547 3.1160764e+16 -3.9501108e+19 3.6626034e+19 7.4375152 5e+20 4
0.012079102 1 942.03525 3.1041306e+16 -3.9583581e+19 3.6681567e+19 7.442056 5e+20 4
0.012092773 1 941.92473 3.0920982e+16 -3.9666197e+19 3.6737142e+19 7.4411071 5e+20 4
0.012106445 1 941.81392 3.0799787e+16 -3.9748961e+19 3.6792759e+19 7.4355129 5e+20 4
0.012120117 1 941.70281 3.0677717e+16 -3.9831875e+19 3.6848419e+19 7.4261181 5e+20 4
0.012133789 1 941.59141 3.0554767e+16 -3.9914942e+19 3.690412e+19 7.4137673 5e+20 4
0.012147461 1 941.4797 3.0430934e+16 -3.9998164e+19 3.6959864e+19 7.399305 5e+20 4
0.012161133 1 941.36769 3.0306212e+16 -4.0081543e+19 3.701565e+19 7.3835758 5e+20 4
0.012174805 1 941.25538 3.0180598e+16 -4.016508e+19 3.7071478e+19 7.3674242 5e+20 4
0.012188477 1 941.14277 3.0054087e+16 -4.0248776e+19 3.7127349e+19 7.351695 5e+20 4
0.012202148 1 941.02986 2.9926676e+16 -4.0332631e+19 3.7183261e+19 7.3372327 5e+20 4
0.01221582 1 940.91664 2.9798359e+16 -4.0416645e+19 3.7239216e+19 7.3248819 5e+20 4
0.012229492 1 940.80311 2.9669134e+16 -4.0500817e+19 3.7295213e+19 7.3154871 5e+20 4
0.012243164 1 940.68928 2.9538996e+16 -4.0585148e+19 3.7351252e+19 7.3098929 5e+20 4
0.012256836 1 940.57515 2.9407941e+16 -4.0669634e+19 3.7407333e+19 7.308944 5e+20 4
0.012270508 1 940.4607 2.9275967e+16 -4.0754274e+19 3.7463456e+19 7.3134848 5e+20 4
0.01228418 1 940.34595 2.9143068e+16 -4.0839066e+19 3.7519621e+19 7.3243601 5e+20 4
0.012297852 1 940.23088 2.9009243e+16 -4.0924007e+19 3.7575828e+19 7.3424144 5e+20 4
0.0093037109 1 959.33034 4.1504829e+16 -2.5684498e+19 2.625963e+19 9.146297 5e+20 4
0.0093173828 1 959.26607 4.1504786e+16 -2.5741365e+19 2.6306943e+19 9.1037449 5e+20 4
0.0093310547 1 959.20162 4.1504362e+16 -2.5798306e+19 2.6354292e+19 9.0705595 5e+20 4
0.0093447266 1 959.13699 4.1503557e+16 -2.5855322e+19 2.6401679e+19 9.0456386 5e+20 4
0.0093583984 1 959.0722 4.1502371e+16 -2.5912414e+19 2.6449104e+19 9.0278805 5e+20 4
0.0093720703 1 959.00723 4.1500803e+16 -2.5969585e+19 2.6496566e+19 9.016183 5e+20 4
0.0093857422 1 958.94208 4.1498853e+16 -2.6026836e+19 2.6544067e+19 9.0094444 5e+20 4
0.0093994141 1 958.87676 4.1496519e+16 -2.608417e+19 2.6591604e+19 9.0065625 5e+20 4
0.0094130859 1 958.81126 4.1493802e+16 -2.6141588e+19 2.663918e+19 9.0064356 5e+20 4
0.0094267578 1 958.74559 4.1490699e+16 -2.6199094e+19 2.6686793e+19 9.0079615 5e+20 4
0.0094404297 1 958.67974 4.1487209e+16 -2.6256689e+19 2.6734445e+19 9.0100385 5e+20 4
0.0094541016 1 958.61371 4.1483329e+16 -2.6314377e+19 2.6782134e+19 9.0115644 5e+20 4
0.0094677734 1 958.5475 4.1479058e+16 -2.6372161e+19 2.6829861e+19 9.0114375 5e+20 4
0.0094814453 1 958.48112 4.1474394e+16 -2.6430044e+19 2.6877626e+19 9.0085556 5e+20 4
0.0094951172 1 958.41456 4.1469333e+16 -2.6488029e+19 2.692543e+19 9.001817 5e+20 4
0.0095087891 1 958.34783 4.1463872e+16 -2.654612e+19 2.6973271e+19 8.9901195 5e+20 4
0.0095224609 1 958.28091 4.1458009e+16 -2.6604321e+19 2.702115e+19 8.9723614 5e+20 4
0.0095361328 1 958.21382 4.1451739e+16 -2.6662637e+19 2.7069068e+19 8.9474405 5e+20 4
0.0095498047 1 958.14654 4.1445059e+16 -2.672107e+19 2.7117024e+19 8.9142551 5e+20 4
0.0095634766 1 958.07909 4.1437966e+16 -2.6779626e+19 2.7165017e+19 8.871703 5e+20 4
0.011491211 1 946.51765 3.5434966e+16 -3.618215e+19 3.4331829e+19 7.7055856 5e+20 4
0.011504883 1 946.41915 3.5349119e+16 -3.6258126e+19 3.4385587e+19 7.7236399 5e+20 4
0.011518555 1 946.3204 3.5262539e+16 -3.6334238e+19 3.4439387e+19 7.7345152 5e+20 4
0.011532227 1 946.22138 3.5175222e+16 -3.6410486e+19 3.4493229e+19 7.739056 5e+20 4
0.011545898 1 946.12209 3.5087167e+16 -3.6486874e+19 3.4547114e+19 7.7381071 5e+20 4
0.01155957 1 946.02254 3.4998368e+16 -3.6563401e+19 3.460104e+19 7.7325129 5e+20 4
0.011573242 1 945.92272 3.4908824e+16 -3.6640068e+19 3.4655009e+19 7.7231181 5e+20 4
0.011586914 1 945.82264 3.481853e+16 -3.6716877e+19 3.470902e+19 7.7107673 5e+20 4
0.011600586 1 945.72229 3.4727484e+16 -3.6793829e+19 3.4763073e+19 7.696305 5e+20 4
0.011614258 1 945.62167 3.4635683e+16 -3.6870924e+19 3.4817169e+19 7.6805758 5e+20 4
0.01162793 1 945.52078 3.4543122e+16 -3.6948165e+19 3.4871306e+19 7.6644242 5e+20 4
0.011641602 1 945.41962 3.4449798e+16 -3.702555e+19 3.4925486e+19 7.648695 5e+20 4
0.011655273 1 945.31819 3.4355709e+16 -3.7103083e+19 3.4979709e+19 7.6342327 5e+20 4
0.011668945 1 945.21648 3.426085e+16 -3.7180763e+19 3.5033973e+19 7.6218819 5e+20 4
0.011682617 1 945.11451 3.4165219e+16 -3.7258591e+19 3.508828e+19 7.6124871 5e+20 4
0.011696289 1 945.01226 3.4068811e+16 -3.7336568e+19 3.5142629e+19 7.6068929 5e+20 4
0.011709961 1 944.90974 3.3971624e+16 -3.7414696e+19 3.519702e+19 7.605944 5e+20 4
0.011723633 1 944.80695 3.3873654e+16 -3.7492975e+19 3.5251454e+19 7.6104848 5e+20 4
0.011737305 1 944.70387 3.3774897e+16 -3.7571405e+19 3.5305929e+19 7.6213601 5e+20 4
0.011750977 1 944.60053 3.367535e+16 -3.7649988e+19 3.5360448e+19 7.6394144 5e+20 4
0.010397461 1 953.60419 4.0167063e+16 -3.0551725e+19 3.0166504e+19 8.4304612 5e+20 4
0.010411133 1 953.5246 4.0131223e+16 -3.0617065e+19 3.0216944e+19 8.4130055 5e+20 4
0.010424805 1 953.4448 4.0094851e+16 -3.0682533e+19 3.0267423e+19 8.3946356 5e+20 4
0.010438477 1 953.36479 4.0057946e+16 -3.0748125e+19 3.0317943e+19 8.3756452 5e+20 4
0.010452148 1 953.28456 4.0020508e+16 -3.081384e+19 3.0368504e+19 8.3563279 5e+20 4
0.01046582 1 953.20412 3.9982535e+16 -3.0879676e+19 3.0419106e+19 8.3369773 5e+20 4
0.010479492 1 953.12347 3.9944025e+16 -3.0945633e+19 3.0469748e+19 8.317887 5e+20 4
0.010493164 1 953.04259 3.9904979e+16 -3.1011708e+19 3.052043e+19 8.2993506 5e+20 4
0.010506836 1 952.96151 3.9865392e+16 -3.1077902e+19 3.0571154e+19 8.2816616 5e+20 4
0.010520508 1 952.88021 3.9825264e+16 -3.1144213e+19 3.0621918e+19 8.2651139 5e+20 4
0.01053418 1 952.79869 3.9784593e+16 -3.1210642e+19 3.0672723e+19 8.2500008 5e+20 4
0.010547852 1 952.71695 3.9743376e+16 -3.1277187e+19 3.0723569e+19 8.2366162 5e+20 4
0.010561523 1 952.635 3.970161e+16 -3.1343851e+19 3.0774455e+19 8.2252535 5e+20 4
0.010575195 1 952.55282 3.9659293e+16 -3.1410632e+19 3.0825383e+19 8.2162063 5e+20 4
0.010588867 1 952.47043 3.9616422e+16 -3.1477532e+19 3.0876351e+19 8.2097684 5e+20 4
0.010602539 1 952.38782 3.9572993e+16 -3.1544552e+19 3.092736e+19 8.2062333 5e+20 4
0.010616211 1 952.30499 3.9529003e+16 -3.1611693e+19 3.097841e+19 8.2058945 5e+20 4
0.010629883 1 952.22194 3.948445e+16 -3.1678956e+19 3.1029501e+19 8.2090458 5e+20 4
0.010643555 1 952.13867 3.9439328e+16 -3.1746343e+19 3.1080633e+19 8.2159808 5e+20 4
0.010657227 1 952.05518 3.9393634e+16 -3.1813856e+19 3.1131806e+19 8.226993 5e+20 4
0.012584961 1 937.74148 2.5978438e+16 -4.2750016e+19 3.8765872e+19 7.1115856 5e+20 4
0.012598633 1 937.61937 2.5823282e+16 -4.2839037e+19 3.8823e+19 7.1296399 5e+20 4
0.012612305 1 937.49694 2.5667115e+16 -4.2928212e+19 3.8880171e+19 7.1405152 5e+20 4
0.012625977 1 937.37418 2.5509934e+16 -4.3017544e+19 3.8937382e+19 7.145056 5e+20 4
0.012639648 1 937.25108 2.5351733e+16 -4.3107038e+19 3.8994636e+19 7.1441071 5e+20 4
0.01265332 1 937.12765 2.519251e+16 -4.3196695e+19 3.9051931e+19 7.1385129 5e+20 4
0.012666992 1 937.00389 2.503226e+16 -4.3286518e+19 3.9109267e+19 7.1291181 5e+20 4
0.012680664 1 936.87979 2.4870978e+16 -4.3376511e+19 3.9166645e+19 7.1167673 5e+20 4
0.012694336 1 936.75535 2.4708661e+16 -4.3466676e+19 3.9224065e+19 7.102305 5e+20 4
0.012708008 1 936.63057 2.4545305e+16 -4.3557015e+19 3.9281526e+19 7.0865758 5e+20 4
0.01272168 1 936.50546 2.4380906e+16 -4.3647531e+19 3.9339028e+19 7.0704242 5e+20 4
0.012735352 1 936.38001 2.4215459e+16 -4.3738226e+19 3.9396572e+19 7.054695 5e+20 4
0.012749023 1 936.25422 2.4048962e+16 -4.3829102e+19 3.9454157e+19 7.0402327 5e+20 4
0.012762695 1 936.12808 2.388141e+16 -4.3920161e+19 3.9511783e+19 7.0278819 5e+20 4
0.012776367 1 936.0016 2.3712799e+16 -4.4011405e+19 3.9569451e+19 7.0184871 5e+20 4
0.012790039 1 935.87478 2.3543125e+16 -4.4102836e+19 3.962716e+19 7.0128929 5e+20 4
0.012803711 1 935.74761 2.3372385e+16 -4.4194455e+19 3.968491e+19 7.011944 5e+20 4
0.012817383 1 935.6201 2.3200574e+16 -4.4286264e+19 3.9742702e+19 7.0164848 5e+20 4
0.012831055 1 935.49224 2.302769e+16 -4.4378264e+19 3.9800535e+19 7.0273601 5e+20 4
0.012844727 1 935.36404 2.2853728e+16 -4.4470456e+19 3.9858408e+19 7.0454144 5e+20 4
0.0090302734 1 960.58023 4.1428563e+16 -2.456974e+19 2.5321199e+19 9.344297 5e+20 4
0.0090439453 1 960.51932 4.1435768e+16 -2.4624687e+19 2.536777e+19 9.3017449 5e+20 4
0.0090576172 1 960.45825 4.1442618e+16 -2.4679716e+19 2.5414378e+19 9.2685595 5e+20 4
0.0090712891 1 960.39702 4.1449114e+16 -2.4734826e+19 2.5461022e+19 9.2436386 5e+20 4
0.0090849609 1 960.33562 4.1455257e+16 -2.4790019e+19 2.5507703e+19 9.2258805 5e+20 4
0.0090986328 1 960.27405 4.1461047e+16 -2.4845295e+19 2.5554421e+19 9.214183 5e+20 4
0.0091123047 1 960.21231 4.1466485e+16 -2.4900652e+19 2.5601176e+19 9.2074444 5e+20 4
0.0091259766 1 960.15041 4.147157e+16 -2.4956093e+19 2.5647967e+19 9.2045625 5e+20 4
0.0091396484 1 960.08834 4.1476301e+16 -2.5011615e+19 2.5694795e+19 9.2044356 5e+20 4
0.0091533203 1 960.02611 4.1480679e+16 -2.5067221e+19 2.5741661e+19 9.2059615 5e+20 4
0.0091669922 1 959.9637 4.1484701e+16 -2.5122909e+19 2.5788563e+19 9.2080385 5e+20 4
0.0091806641 1 959.90113 4.1488366e+16 -2.517868e+19 2.5835502e+19 9.2095644 5e+20 4
0.0091943359 1 959.83839 4.1491672e+16 -2.5234534e+19 2.5882479e+19 9.2094375 5e+20 4
0.0092080078 1 959.77548 4.1494616e+16 -2.5290471e+19 2.5929492e+19 9.2065556 5e+20 4
0.0092216797 1 959.7124 4.1497195e+16 -2.5346491e+19 2.5976543e+19 9.199817 5e+20 4
0.0092353516 1 959.64915 4.1499407e+16 -2.5402594e+19 2.6023631e+19 9.1881195 5e+20 4
0.0092490234 1 959.58573 4.1501248e+16 -2.5458781e+19 2.6070756e+19 9.1703614 5e+20 4
0.0092626953 1 959.52214 4.1502713e+16 -2.5515051e+19 2.6117919e+19 9.1454405 5e+20 4
0.0092763672 1 959.45839 4.1503799e+16 -2.5571404e+19 2.6165119e+19 9.1122551 5e+20 4
0.0092900391 1 959.39446 4.1504501e+16 -2.5627842e+19 2.6212356e+19 9.069703 5e+20 4
0.011217773 1 948.43328 3.7001908e+16 -3.4693967e+19 3.3265513e+19 7.958297 5e+20 4
0.011231445 1 948.33991 3.693016e+16 -3.4767079e+19 3.331843e+19 7.9157449 5e+20 4
0.011245117 1 948.24629 3.6857734e+16 -3.4840326e+19 3.3371388e+19 7.8825595 5e+20 4
0.011258789 1 948.15241 3.6784625e+16 -3.4913709e+19 3.3424389e+19 7.8576386 5e+20 4
0.011272461 1 948.05829 3.6710833e+16 -3.4987227e+19 3.3477431e+19 7.8398805 5e+20 4
0.011286133 1 947.96391 3.6636355e+16 -3.506088e+19 3.3530516e+19 7.828183 5e+20 4
0.011299805 1 947.86929 3.6561188e+16 -3.513467e+19 3.3583642e+19 7.8214444 5e+20 4
0.011313477 1 947.77441 3.6485331e+16 -3.5208595e+19 3.3636811e+19 7.8185625 5e+20 4
0.011327148 1 947.67927 3.640878e+16 -3.5282656e+19 3.3690021e+19 7.8184356 5e+20 4
0.01134082 1 947.58388 3.6331532e+16 -3.5356854e+19 3.3743274e+19 7.8199615 5e+20 4
0.011354492 1 947.48824 3.6253585e+16 -3.5431189e+19 3.3796568e+19 7.8220385 5e+20 4
0.011368164 1 947.39234 3.6174937e+16 -3.550566e+19 3.3849905e+19 7.8235644 5e+20 4
0.011381836 1 947.29619 3.6095583e+16 -3.5580268e+19 3.3903284e+19 7.8234375 5e+20 4
0.011395508 1 947.19978 3.6015521e+16 -3.5655013e+19 3.3956704e+19 7.8205556 5e+20 4
0.01140918 1 947.10311 3.5934747e+16 -3.5729896e+19 3.4010167e+19 7.813817 5e+20 4
0.011422852 1 947.00618 3.5853258e+16 -3.5804916e+19 3.4063672e+19 7.8021195 5e+20 4
0.011436523 1 946.909 3.5771051e+16 -3.5880074e+19 3.4117219e+19 7.7843614 5e+20 4
0.011450195 1 946.81155 3.5688122e+16 -3.5955369e+19 3.4170809e+19 7.7594405 5e+20 4
0.011463867 1 946.71384 3.5604467e+16 -3.6030803e+19 3.422444e+19 7.7262551 5e+20 4
0.011477539 1 946.61588 3.5520083e+16 -3.6106375e+19 3.4278113e+19 7.683703 5e+20 4
0.010124023 1 955.15229 4.0776427e+16 -2.9269602e+19 2.9166183e+19 8.4975856 5e+20 4
0.010137695 1 955.07682 4.0750676e+16 -2.9332608e+19 2.9215818e+19 8.5156399 5e+20 4
0.010151367 1 955.00116 4.0724446e+16 -2.9395729e+19 2.9265494e+19 8.5265152 5e+20 4
0.010165039 1 954.92529 4.0697734e+16 -2.9458965e+19 2.9315209e+19 8.531056 5e+20 4
0.010178711 1 954.84922 4.0670536e+16 -2.9522316e+19 2.9364964e+19 8.5301071 5e+20 4
0.010192383 1 954.77295 4.0642849e+16 -2.9585782e+19 2.9414759e+19 8.5245129 5e+20 4
0.010206055 1 954.69648 4.061467e+16 -2.9649364e+19 2.9464594e+19 8.5151181 5e+20 4
0.010219727 1 954.6198 4.0585995e+16 -2.9713062e+19 2.9514469e+19 8.5027673 5e+20 4
0.010233398 1 954.54292 4.0556823e+16 -2.9776875e+19 2.9564384e+19 8.488305 5e+20 4
0.01024707 1 954.46583 4.0527149e+16 -2.9840805e+19 2.961434e+19 8.4725758 5e+20 4
0.010260742 1 954.38854 4.0496972e+16 -2.9904851e+19 2.9664335e+19 8.4564242 5e+20 4
0.010274414 1 954.31104 4.0466289e+16 -2.9969013e+19 2.9714371e+19 8.440695 5e+20 4
0.010288086 1 954.23334 4.0435098e+16 -3.0033291e+19 2.9764446e+19 8.4262327 5e+20 4
0.010301758 1 954.15543 4.0403396e+16 -3.0097686e+19 2.9814563e+19 8.4138819 5e+20 4
0.01031543 1 954.07731 4.0371183e+16 -3.0162197e+19 2.9864719e+19 8.4044871 5e+20 4
0.010329102 1 953.99898 4.0338455e+16 -3.0226826e+19 2.9914915e+19 8.3988929 5e+20 4
0.010342773 1 953.92044 4.0305212e+16 -3.0291571e+19 2.9965152e+19 8.397944 5e+20 4
0.010356445 1 953.8417 4.0271453e+16 -3.0356434e+19 3.001543e+19 8.4024848 5e+20 4
0.010370117 1 953.76274 4.0237175e+16 -3.0421413e+19 3.0065748e+19 8.4133601 5e+20 4
0.010383789 1 953.68357 4.0202377e+16 -3.048651e+19 3.0116106e+19 8.4314144 5e+20 4
0.012311523 1 940.11551 2.8874489e+16 -4.1009219e+19 3.7632078e+19 7.364297 5e+20 4
0.012325195 1 939.99982 2.8738799e+16 -4.1094715e+19 3.7688369e+19 7.3217449 5e+20 4
0.012338867 1 939.88383 2.8602165e+16 -4.1180371e+19 3.7744703e+19 7.2885595 5e+20 4
0.012352539 1 939.76752 2.8464586e+16 -4.1266187e+19 3.7801078e+19 7.2636386 5e+20 4
0.012366211 1 939.6509 2.8326062e+16 -4.1352165e+19 3.7857495e+19 7.2458805 5e+20 4
0.012379883 1 939.53396 2.818659e+16 -4.1438303e+19 3.7913955e+19 7.234183 5e+20 4
0.012393555 1 939.41671 2.8046169e+16 -4.1524603e+19 3.7970456e+19 7.2274444 5e+20 4
0.012407227 1 939.29914 2.7904796e+16 -4.1611064e+19 3.8026999e+19 7.2245625 5e+20 4
0.012420898 1 939.18125 2.7762468e+16 -4.1697687e+19 3.8083585e+19 7.2244356 5e+20 4
0.01243457 1 939.06304 2.7619182e+16 -4.1784472e+19 3.8140212e+19 7.2259615 5e+20 4
0.012448242 1 938.94451 2.7474934e+16 -4.1871419e+19 3.8196881e+19 7.2280385 5e+20 4
0.012461914 1 938.82566 2.732972e+16 -4.1958529e+19 3.8253592e+19 7.2295644 5e+20 4
0.012475586 1 938.70649 2.7183535e+16 -4.2045802e+19 3.8310345e+19 7.2294375 5e+20 4
0.012489258 1 938.587 2.7036374e+16 -4.2133237e+19 3.8367139e+19 7.2265556 5e+20 4
0.01250293 1 938.46719 2.6888233e+16 -4.2220836e+19 3.8423976e+19 7.219817 5e+20 4
0.012516602 1 938.34705 2.6739104e+16 -4.2308599e+19 3.8480854e+19 7.2081195 5e+20 4
0.012530273 1 938.22659 2.6588983e+16 -4.2396526e+19 3.8537774e+19 7.1903614 5e+20 4
0.012543945 1 938.10581 2.6437862e+16 -4.2484616e+19 3.8594736e+19 7.1654405 5e+20 4
0.012557617 1 937.98469 2.6285734e+16 -4.2572871e+19 3.865174e+19 7.1322551 5e+20 4
0.012571289 1 937.86325 2.6132592e+16 -4.2661291e+19 3.8708785e+19 7.089703 5e+20 4
0.0095771484 1 958.01145 4.1430464e+16 -2.6838266e+19 2.721305e+19 8.948297 5e+20 4
0.0095908203 1 957.94363 4.1422562e+16 -2.6896976e+19 2.726112e+19 8.9057449 5e+20 4
0.0096044922 1 957.87563 4.1414252e+16 -2.6955792e+19 2.7309229e+19 8.8725595 5e+20 4
0.0096181641 1 957.80745 4.1405532e+16 -2.7014712e+19 2.7357377e+19 8.8476386 5e+20 4
0.0096318359 1 957.73908 4.1396397e+16 -2.7073738e+19 2.7405562e+19 8.8298805 5e+20 4
0.0096455078 1 957.67053 4.1386846e+16 -2.713287e+19 2.7453787e+19 8.818183 5e+20 4
0.0096591797 1 957.6018 4.1376876e+16 -2.7192107e+19 2.7502049e+19 8.8114444 5e+20 4
0.0096728516 1 957.53289 4.1366484e+16 -2.725145e+19 2.7550351e+19 8.8085625 5e+20 4
0.0096865234 1 957.46379 4.1355669e+16 -2.73109e+19 2.7598691e+19 8.8084356 5e+20 4
0.0097001953 1 957.3945 4.1344428e+16 -2.7370455e+19 2.7647069e+19 8.8099615 5e+20 4
0.0097138672 1 957.32503 4.133276e+16 -2.7430116e+19 2.7695486e+19 8.8120385 5e+20 4
0.0097275391 1 957.25538 4.1320664e+16 -2.7489884e+19 2.7743942e+19 8.8135644 5e+20 4
0.0097412109 1 957.18554 4.1308138e+16 -2.7549758e+19 2.7792437e+19 8.8134375 5e+20 4
0.0097548828 1 957.11551 4.1295182e+16 -2.7609739e+19 2.7840971e+19 8.8105556 5e+20 4
0.0097685547 1 957.04529 4.1281794e+16 -2.7669826e+19 2.7889543e+19 8.803817 5e+20 4
0.0097822266 1 956.97488 4.1267974e+16 -2.773002e+19 2.7938154e+19 8.7921195 5e+20 4
0.0097958984 1 956.90429 4.1253723e+16 -2.7790321e+19 2.7986804e+19 8.7743614 5e+20 4
0.0098095703 1 956.8335 4.1239039e+16 -2.7850729e+19 2.8035494e+19 8.7494405 5e+20 4
0.0098232422 1 956.76253 4.1223922e+16 -2.7911245e+19 2.8084222e+19 8.7162551 5e+20 4
0.0098369141 1 956.69136 4.1208374e+16 -2.7971867e+19 2.8132989e+19 8.673703 5e+20 4
0.011764648 1 944.4969 3.3575007e+16 -3.7728761e+19 3.5415008e+19 7.5304214 5e+20 4
0.01177832 1 944.393 3.3473868e+16 -3.7807721e+19 3.5469611e+19 7.5233793 5e+20 4
0.011791992 1 944.28882 3.3371934e+16 -3.7886829e+19 3.5524256e+19 7.519439 5e+20 4
0.011805664 1 944.18436 3.32692e+16 -3.7966087e+19 3.5578943e+19 7.5180494 5e+20 4
0.011819336 1 944.07961 3.3165665e+16 -3.8045493e+19 3.5633672e+19 7.5186596 5e+20 4
0.011833008 1 943.97459 3.3061325e+16 -3.8125049e+19 3.5688444e+19 7.5207187 5e+20 4
0.01184668 1 943.86929 3.2956178e+16 -3.8204754e+19 3.5743258e+19 7.5236755 5e+20 4
0.011860352 1 943.7637 3.285022e+16 -3.828461e+19 3.5798115e+19 7.5269793 5e+20 4
0.011874023 1 943.65783 3.2743446e+16 -3.8364615e+19 3.5853013e+19 7.5300789 5e+20 4
0.011887695 1 943.55168 3.2635855e+16 -3.844477e+19 3.5907954e+19 7.5324234 5e+20 4
0.011901367 1 943.44524 3.2527441e+16 -3.8525076e+19 3.5962938e+19 7.5334619 5e+20 4
0.011915039 1 943.33852 3.2418201e+16 -3.8605533e+19 3.6017963e+19 7.5326433 5e+20 4
0.011928711 1 943.23151 3.230813e+16 -3.868614e+19 3.6073031e+19 7.5294167 5e+20 4
0.011942383 1 943.12421 3.2197224e+16 -3.8766899e+19 3.6128141e+19 7.5232312 5e+20 4
0.011956055 1 943.01662 3.2085479e+16 -3.8847809e+19 3.6183294e+19 7.5135356 5e+20 4
0.011969727 1 942.90875 3.1972889e+16 -3.892887e+19 3.6238488e+19 7.4997792 5e+20 4
0.011983398 1 942.80059 3.1859451e+16 -3.9010084e+19 3.6293725e+19 7.4814108 5e+20 4
0.01199707 1 942.69213 3.1745158e+16 -3.9091449e+19 3.6349005e+19 7.4578795 5e+20 4
0.012010742 1 942.58339 3.1630006e+16 -3.9172967e+19 3.6404326e+19 7.4286344 5e+20 4
0.012024414 1 942.47435 3.1513989e+16 -3.9254637e+19 3.645969e+19 7.3931245 5e+20 4
0.010670898 1 951.97146 3.9347368e+16 -3.1881515e+19 3.118302e+19 8.255297 5e+20 4
0.01068457 1 951.88752 3.9300533e+16 -3.1949316e+19 3.1234276e+19 8.2127449 5e+20 4
0.010698242 1 951.80335 3.9253126e+16 -3.2017242e+19 3.1285572e+19 8.1795595 5e+20 4
0.010711914 1 951.71897 3.9205143e+16 -3.2085294e+19 3.1336909e+19 8.1546386 5e+20 4
0.010725586 1 951.63435 3.9156581e+16 -3.215347e+19 3.1388288e+19 8.1368805 5e+20 4
0.010739258 1 951.54951 3.9107439e+16 -3.2221773e+19 3.1439707e+19 8.125183 5e+20 4
0.01075293 1 951.46445 3.9057713e+16 -3.22902e+19 3.1491168e+19 8.1184444 5e+20 4
0.010766602 1 951.37916 3.9007401e+16 -3.2358754e+19 3.154267e+19 8.1155625 5e+20 4
0.010780273 1 951.29364 3.89565e+16 -3.2427434e+19 3.1594214e+19 8.1154356 5e+20 4
0.010793945 1 951.2079 3.8905008e+16 -3.2496239e+19 3.1645798e+19 8.1169615 5e+20 4
0.010807617 1 951.12192 3.8852922e+16 -3.2565171e+19 3.1697424e+19 8.1190385 5e+20 4
0.010821289 1 951.03572 3.8800239e+16 -3.263423e+19 3.1749091e+19 8.1205644 5e+20 4
0.010834961 1 950.94928 3.8746958e+16 -3.2703415e+19 3.18008e+19 8.1204375 5e+20 4
0.010848633 1 950.86262 3.8693077e+16 -3.2772727e+19 3.185255e+19 8.1175556 5e+20 4
0.010862305 1 950.77572 3.8638592e+16 -3.2842165e+19 3.1904341e+19 8.110817 5e+20 4
0.010875977 1 950.6886 3.8583502e+16 -3.2911731e+19 3.1956174e+19 8.0991195 5e+20 4
0.010889648 1 950.60124 3.8527805e+16 -3.2981424e+19 3.2008048e+19 8.0813614 5e+20 4
0.01090332 1 950.51365 3.8471499e+16 -3.3051245e+19 3.2059964e+19 8.0564405 5e+20 4
0.010916992 1 950.42582 3.8414581e+16 -3.3121193e+19 3.2111921e+19 8.0232551 5e+20 4
0.010930664 1 950.33776 3.835705e+16 -3.3191269e+19 3.216392e+19 7.980703 5e+20 4
0.012858398 1 935.23549 2.2678676e+16 -4.4562839e+19 3.9916323e+19 7.0608755 5e+20 4
0.01287207 1 935.10659 2.2502532e+16 -4.4655411e+19 3.9974279e+19 7.0253656 5e+20 4
0.012885742 1 934.97733 2.2325299e+16 -4.4748171e+19 4.0032276e+19 6.9961205 5e+20 4
0.012899414 1 934.84772 2.2146973e+16 -4.4841121e+19 4.0090314e+19 6.9725892 5e+20 4
0.012913086 1 934.71777 2.1967548e+16 -4.4934259e+19 4.0148393e+19 6.9542208 5e+20 4
0.012926758 1 934.58745 2.178702e+16 -4.5027587e+19 4.0206513e+19 6.9404644 5e+20 4
0.01294043 1 934.45679 2.1605384e+16 -4.5121105e+19 4.0264674e+19 6.9307688 5e+20 4
0.012954102 1 934.32576 2.1422636e+16 -4.5214814e+19 4.0322876e+19 6.9245833 5e+20 4
0.012967773 1 934.19439 2.123877e+16 -4.5308712e+19 4.0381119e+19 6.9213567 5e+20 4
0.012981445 1 934.06265 2.1053782e+16 -4.5402802e+19 4.0439402e+19 6.9205381 5e+20 4
0.012995117 1 933.93055 2.0867668e+16 -4.5497083e+19 4.0497726e+19 6.9215766 5e+20 4
0.013008789 1 933.7981 2.0680422e+16 -4.5591555e+19 4.0556091e+19 6.9239211 5e+20 4
0.013022461 1 933.66528 2.0492042e+16 -4.5686218e+19 4.0614496e+19 6.9270207 5e+20 4
0.013036133 1 933.5321 2.0302522e+16 -4.5781074e+19 4.0672942e+19 6.9303245 5e+20 4
0.013049805 1 933.39856 2.0111857e+16 -4.5876122e+19 4.0731429e+19 6.9332813 5e+20 4
0.013063477 1 933.26466 1.9920045e+16 -4.5971363e+19 4.0789956e+19 6.9353404 5e+20 4
0.013077148 1 933.13038 1.9727081e+16 -4.6066796e+19 4.0848524e+19 6.9359506 5e+20 4
0.01309082 1 932.99575 1.953296e+16 -4.6162423e+19 4.0907132e+19 6.934561 5e+20 4
0.013104492 1 932.86074 1.9337678e+16 -4.6258243e+19 4.096578e+19 6.9306207 5e+20 4
0.013118164 1 932.72537 1.9141232e+16 -4.6354256e+19 4.1024469e+19 6.9235786 5e+20 4
