-1.551969266478802467e+02 1.865533580934159883e-03
-1.548512764771722914e+02 3.731186257156514450e-03
-1.545056263064643076e+02 5.597077144037118819e-03
-1.541599761357563523e+02 7.463325366279368635e-03
-1.538143259650483685e+02 9.330050010401505500e-03
-1.534686757943404132e+02 1.119737023069008325e-02
-1.531230256236324294e+02 1.306540513530504884e-02
-1.527773754529244457e+02 1.493427388743479890e-02
-1.524317252822164619e+02 1.680409563258657840e-02
-1.520860751115084781e+02 1.867498955524457549e-02
-1.517404249408005228e+02 2.054707483423589762e-02
-1.513947747700925390e+02 2.242047068705938645e-02
-1.510491245993845837e+02 2.429529634501209276e-02
-1.507034744286765999e+02 2.617167105432146798e-02
-1.503578242579686446e+02 2.804971409948239097e-02
-1.500121740872606608e+02 2.992954478251999215e-02
-1.496665239165526771e+02 3.181128243572319686e-02
-1.493208737458447217e+02 3.369504641789560634e-02
-1.489752235751367095e+02 3.558095612880017578e-02
-1.486295734044287542e+02 3.746913099066849495e-02
-1.482839232337207704e+02 3.935969046626935919e-02
-1.479382730630128151e+02 4.125275406482061674e-02
-1.475926228923048313e+02 4.314844130402896438e-02
-1.472469727215968760e+02 4.504687178363563776e-02
-1.469013225508888922e+02 4.694816511068213016e-02
-1.465556723801809085e+02 4.885244095095624822e-02
-1.462100222094729247e+02 5.075981900887235887e-02
-1.458643720387649694e+02 5.267041905065870944e-02
-1.455187218680569856e+02 5.458436087289349897e-02
-1.451730716973490019e+02 5.650176431859236376e-02
-1.448274215266410465e+02 5.842274930346694206e-02
-1.444817713559330628e+02 6.034743578058335972e-02
-1.441361211852251074e+02 6.227594375639524532e-02
-1.437904710145171236e+02 6.420839329807336016e-02
-1.434448208438091683e+02 6.614490451704889418e-02
-1.430991706731011845e+02 6.808559760850262099e-02
-1.427535205023932008e+02 7.003059279587786623e-02
-1.424078703316852454e+02 7.198001038515972061e-02
-1.420622201609772617e+02 7.393397072212738730e-02
-1.417165699902692779e+02 7.589259424597394332e-02
-1.413709198195613226e+02 7.785600142305723614e-02
-1.410252696488533388e+02 7.982431281625729236e-02
-1.406796194781453551e+02 8.179764902692138184e-02
-1.403339693074373713e+02 8.377613074290445050e-02
-1.399883191367293875e+02 8.575987870630315257e-02
-1.396426689660214322e+02 8.774901373350382783e-02
-1.392970187953134484e+02 8.974365670803050032e-02
-1.389513686246054647e+02 9.174392857990465444e-02
-1.386057184538975093e+02 9.374995037665012632e-02
-1.382600682831895256e+02 9.576184318284061692e-02
-1.379144181124815702e+02 9.777972817195183797e-02
-1.375687679417735865e+02 9.980372657192987385e-02
-1.372231177710656311e+02 1.018339596876114694e-01
-1.368774676003576474e+02 1.038705489115240854e-01
-1.365318174296496920e+02 1.059136156759813430e-01
-1.361861672589417083e+02 1.079632815196434198e-01
-1.358405170882337245e+02 1.100196680348052847e-01
-1.354948669175257407e+02 1.120828968870957870e-01
-1.351492167468177854e+02 1.141530898289626894e-01
-1.348035665761098016e+02 1.162303686692457150e-01
-1.344579164054018179e+02 1.183148552928986741e-01
-1.341122662346938625e+02 1.204066716718887875e-01
-1.337666160639858788e+02 1.225059398276606842e-01
-1.334209658932779234e+02 1.246127818711603163e-01
-1.330753157225699397e+02 1.267273199722408761e-01
-1.327296655518619843e+02 1.288496763872414574e-01
-1.323840153811540006e+02 1.309799734267385052e-01
-1.320383652104460168e+02 1.331183334757194414e-01
-1.316927150397380331e+02 1.352648789954525310e-01
-1.313470648690300493e+02 1.374197324995896641e-01
-1.310014146983220940e+02 1.395830165906043474e-01
-1.306557645276141102e+02 1.417548539167085009e-01
-1.303101143569061549e+02 1.439353672041026599e-01
-1.299644641861981711e+02 1.461246792260568472e-01
-1.296188140154901873e+02 1.483229128427988042e-01
-1.292731638447822320e+02 1.505301909540612826e-01
-1.289275136740742482e+02 1.527466365351107802e-01
-1.285818635033662645e+02 1.549723725947224073e-01
-1.282362133326582807e+02 1.572075222365852953e-01
-1.278905631619503254e+02 1.594522085782841825e-01
-1.275449129912423416e+02 1.617065548140179110e-01
-1.271992628205343863e+02 1.639706841868743270e-01
-1.268536126498264025e+02 1.662447199770146211e-01
-1.265079624791184472e+02 1.685287855143758340e-01
-1.261623123084104634e+02 1.708230041886420747e-01
-1.258166621377024796e+02 1.731274994040020165e-01
-1.254710119669945101e+02 1.754423946325856798e-01
-1.251253617962865405e+02 1.777678133518329484e-01
-1.247797116255785710e+02 1.801038790950532653e-01
-1.244340614548705872e+02 1.824507154275323284e-01
-1.240884112841626319e+02 1.848084459267324009e-01
-1.237427611134546481e+02 1.871771941977981302e-01
-1.233971109427466644e+02 1.895570838753479204e-01
-1.230514607720386806e+02 1.919482386173430033e-01
-1.227058106013307253e+02 1.943507820711002643e-01
-1.223601604306227415e+02 1.967648379207457277e-01
-1.220145102599147577e+02 1.991905298463119423e-01
-1.216688600892067882e+02 2.016279815276907361e-01
-1.213232099184988186e+02 2.040773166471650801e-01
-1.209775597477908491e+02 2.065386588879993823e-01
-1.206319095770828653e+02 2.090121319186292737e-01
-1.202862594063749100e+02 2.114978593868571399e-01
-1.199406092356669262e+02 2.139959649335805847e-01
-1.195949590649589567e+02 2.165065721822768408e-01
-1.192493088942509729e+02 2.190298046990935832e-01
-1.189036587235430034e+02 2.215657860526977219e-01
-1.185580085528350338e+02 2.241146397603744345e-01
-1.182123583821270500e+02 2.266764892793438624e-01
-1.178667082114190947e+02 2.292514580476528452e-01
-1.175210580407111109e+02 2.318396694314462936e-01
-1.171754078700031414e+02 2.344412467358657493e-01
-1.168297576992951718e+02 2.370563132127544437e-01
-1.164841075285872023e+02 2.396849920256219346e-01
-1.161384573578792185e+02 2.423274062776821502e-01
-1.157928071871712632e+02 2.449836789785033164e-01
-1.154471570164632794e+02 2.476539330334103228e-01
-1.151015068457552957e+02 2.503382912854297815e-01
-1.147558566750473119e+02 2.530368764405420690e-01
-1.144102065043393281e+02 2.557498111023522314e-01
-1.140645563336313728e+02 2.584772177674430349e-01
-1.137189061629233890e+02 2.612192187885760686e-01
-1.133732559922154195e+02 2.639759364069904080e-01
-1.130276058215074499e+02 2.667474926903219412e-01
-1.126819556507994804e+02 2.695340095957430293e-01
-1.123363054800914966e+02 2.723356088978115541e-01
-1.119906553093835129e+02 2.751524122141741913e-01
-1.116450051386755575e+02 2.779845409736991790e-01
-1.112993549679675738e+02 2.808321164607907594e-01
-1.109537047972596042e+02 2.836952597240862128e-01
-1.106080546265516347e+02 2.865740916504989078e-01
-1.102624044558436651e+02 2.894687328781461733e-01
-1.099167542851356814e+02 2.923793038642092945e-01
-1.095711041144277260e+02 2.953059248178069307e-01
-1.092254539437197423e+02 2.982487157106716857e-01
-1.088798037730117585e+02 3.012077962776664175e-01
-1.085341536023037889e+02 3.041832859737987893e-01
-1.081885034315958194e+02 3.071753040222791609e-01
-1.078428532608878498e+02 3.101839693225553196e-01
-1.074972030901798661e+02 3.132094005178321372e-01
-1.071515529194719107e+02 3.162517159401261879e-01
-1.068059027487639270e+02 3.193110336052669695e-01
-1.064602525780559432e+02 3.223874712191444614e-01
-1.061146024073479595e+02 3.254811461300174957e-01
-1.057689522366400041e+02 3.285921753646502408e-01
-1.054233020659320204e+02 3.317206755779070204e-01
-1.050776518952240366e+02 3.348667630486745761e-01
-1.047320017245160813e+02 3.380305536876952455e-01
-1.043863515538080975e+02 3.412121629954839586e-01
-1.040407013831001279e+02 3.444117060788412510e-01
-1.036950512123921442e+02 3.476292976070246565e-01
-1.033494010416841888e+02 3.508650518164688759e-01
-1.030037508709762051e+02 3.541190825072310089e-01
-1.026581007002682355e+02 3.573915030022660200e-01
-1.023124505295602660e+02 3.606824261555521827e-01
-1.019668003588522822e+02 3.639919643219802770e-01
-1.016211501881443127e+02 3.673202293726477996e-01
-1.012755000174363289e+02 3.706673326218690723e-01
-1.009298498467283736e+02 3.740333848751297707e-01
-1.005841996760203898e+02 3.774184963952545435e-01
-1.002385495053124203e+02 3.808227768356409748e-01
-9.989289933460445070e+01 3.842463353262395853e-01
-9.954724916389648115e+01 3.876892803471561622e-01
-9.920159899318849739e+01 3.911517198006802531e-01
-9.885594882248054205e+01 3.946337609292915882e-01
-9.851029865177255829e+01 3.981355103645267679e-01
-9.816464848106457453e+01 4.016570740335496104e-01
-9.781899831035659076e+01 4.051985572110238798e-01
-9.747334813964860700e+01 4.087600644566435903e-01
-9.712769796894065166e+01 4.123416996276498825e-01
-9.678204779823266790e+01 4.159435658235578481e-01
-9.643639762752469835e+01 4.195657654181415008e-01
-9.609074745681672880e+01 4.232083999998231816e-01
-9.574509728610875925e+01 4.268715703560936880e-01
-9.539944711540077549e+01 4.305553764957321672e-01
-9.505379694469279173e+01 4.342599175631347563e-01
-9.470814677398483639e+01 4.379852918783044280e-01
-9.436249660327685262e+01 4.417315968907706281e-01
-9.401684643256889728e+01 4.454989291484922620e-01
-9.367119626186091352e+01 4.492873843035988801e-01
-9.332554609115294397e+01 4.530970570741556513e-01
-9.297989592044496021e+01 4.569280412354452259e-01
-9.263424574973700487e+01 4.607804295745088208e-01
-9.228859557902902111e+01 4.646543139029136182e-01
-9.194294540832105156e+01 4.685497850065723502e-01
-9.159729523761308201e+01 4.724669326440463779e-01
-9.125164506690509825e+01 4.764058455032544326e-01
-9.090599489619712870e+01 4.803666112094168161e-01
-9.056034472548914493e+01 4.843493162567635291e-01
-9.021469455478118959e+01 4.883540460367493674e-01
-8.986904438407320583e+01 4.923808847785050014e-01
-8.952339421336522207e+01 4.964299155381675099e-01
-8.917774404265723831e+01 5.005012201684080342e-01
-8.883209387194928297e+01 5.045948793114756192e-01
-8.848644370124129921e+01 5.087109723502065695e-01
-8.814079353053331545e+01 5.128495774070371827e-01
-8.779514335982536011e+01 5.170107712913483144e-01
-8.744949318911737635e+01 5.211946295083793590e-01
-8.710384301840940680e+01 5.254012261961250596e-01
-8.675819284770142303e+01 5.296306341403443918e-01
-8.641254267699346769e+01 5.338829247073249018e-01
-8.606689250628548393e+01 5.381581678466332841e-01
-8.572124233557752859e+01 5.424564320471827461e-01
-8.537559216486954483e+01 5.467777843306708130e-01
-8.502994199416156107e+01 5.511222901958925391e-01
-8.468429182345359152e+01 5.554900136102163266e-01
-8.433864165274562197e+01 5.598810169865960917e-01
-8.399299148203765242e+01 5.642953611402763414e-01
-8.364734131132966866e+01 5.687331052454769331e-01
-8.330169114062171332e+01 5.731943068818642351e-01
-8.295604096991372955e+01 5.776790218929792609e-01
-8.261039079920576000e+01 5.821873044534752184e-01
-8.226474062849777624e+01 5.867192069747095839e-01
-8.191909045778982090e+01 5.912747801235239686e-01
-8.157344028708182293e+01 5.958540727699039863e-01
-8.122779011637385338e+01 6.004571319421790898e-01
-8.088213994566588383e+01 6.050840028123859460e-01
-8.053648977495790007e+01 6.097347286850546277e-01
-8.019083960424994473e+01 6.144093509265781128e-01
-7.984518943354196097e+01 6.191079089529166746e-01
-7.949953926283399142e+01 6.238304402139017713e-01
-7.915388909212600765e+01 6.285769801284791791e-01
-7.880823892141803810e+01 6.333475620703066244e-01
-7.846258875071005434e+01 6.381422173505705286e-01
-7.811693858000208479e+01 6.429609751609391965e-01
-7.777128840929411524e+01 6.478038625380838633e-01
-7.742563823858614569e+01 6.526709043509134611e-01
-7.707998806787817614e+01 6.575621232711009734e-01
-7.673433789717020659e+01 6.624775397009082800e-01
-7.638868772646222283e+01 6.674171717837736884e-01
-7.604303755575423907e+01 6.723810353455039746e-01
-7.569738738504626951e+01 6.773691438683833166e-01
-7.535173721433829996e+01 6.823815084462637737e-01
-7.500608704363033041e+01 6.874181377800868686e-01
-7.466043687292236086e+01 6.924790380874971119e-01
-7.431478670221437710e+01 6.975642131345241026e-01
-7.396913653150640755e+01 7.026736641537814076e-01
-7.362348636079843800e+01 7.078073898079569881e-01
-7.327783619009045424e+01 7.129653862022482524e-01
-7.293218601938248469e+01 7.181476467895534510e-01
-7.258653584867450093e+01 7.233541623744796922e-01
-7.224088567796653138e+01 7.285849210473949178e-01
-7.189523550725856182e+01 7.338399081847097882e-01
-7.154958533655059227e+01 7.391191063817608153e-01
-7.120393516584262272e+01 7.444224954187309562e-01
-7.085828499513463896e+01 7.497500522604471085e-01
-7.051263482442666941e+01 7.551017509511034342e-01
-7.016698465371868565e+01 7.604775626540870581e-01
-6.982133448301071610e+01 7.658774555603629075e-01
-6.947568431230273234e+01 7.713013948729799951e-01
-6.913003414159476279e+01 7.767493427675431494e-01
-6.878438397088679324e+01 7.822212583661261043e-01
-6.843873380017882369e+01 7.877170976654670476e-01
-6.809308362947085413e+01 7.932368135415266419e-01
-6.774743345876287037e+01 7.987803556850957554e-01
-6.740178328805490082e+01 8.043476705889188727e-01
-6.705613311734693127e+01 8.099387014615375691e-01
-6.671048294663896172e+01 8.155533882707616256e-01
-6.636483277593099217e+01 8.211916676026143058e-01
-6.601918260522300841e+01 8.268534727432718112e-01
-6.567353243451502465e+01 8.325387335128147104e-01
-6.532788226380705510e+01 8.382473763609722406e-01
-6.498223209309908555e+01 8.439793242031156106e-01
-6.463658192239111600e+01 8.497344964908809528e-01
-6.429093175168313223e+01 8.555128090972726751e-01
-6.394528158097516268e+01 8.613141743328376343e-01
-6.359963141026719313e+01 8.671385008672861661e-01
-6.325398123955922358e+01 8.729856937356794688e-01
-6.290833106885123982e+01 8.788556542507145464e-01
-6.256268089814327027e+01 8.847482800288125615e-01
-6.221703072743529361e+01 8.906634648998216219e-01
-6.187138055672732406e+01 8.966010988932922032e-01
-6.152573038601934030e+01 9.025610682122224837e-01
-6.118008021531137075e+01 9.085432551874684792e-01
-6.083443004460339409e+01 9.145475382315861879e-01
-6.048877987389542454e+01 9.205737918319094604e-01
-6.014312970318745499e+01 9.266218864996529359e-01
-5.979747953247947834e+01 9.326916887332635797e-01
-5.945182936177150168e+01 9.387830609851777197e-01
-5.910617919106352502e+01 9.448958616470338745e-01
-5.876052902035555547e+01 9.510299450015050615e-01
-5.841487884964758592e+01 9.571851611786267311e-01
-5.806922867893960927e+01 9.633613561574820849e-01
-5.772357850823163972e+01 9.695583717119801159e-01
-5.737792833752365596e+01 9.757760453814888768e-01
-5.703227816681568640e+01 9.820142104324705024e-01
-5.668662799610770975e+01 9.882726958793118799e-01
-5.634097782539974020e+01 9.945513263767002954e-01
-5.599532765469175644e+01 1.000849922257432523e+00
-5.564967748398378689e+01 1.007168299484147544e+00
-5.530402731327581733e+01 1.013506269594301346e+00
-5.495837714256784068e+01 1.019863639735410832e+00
-5.461272697185987113e+01 1.026240212584144773e+00
-5.426707680115189447e+01 1.032635786349765272e+00
-5.392142663044392492e+01 1.039050154748300869e+00
-5.357577645973595537e+01 1.045483106966795805e+00
-5.323012628902797161e+01 1.051934427683107520e+00
-5.288447611832000206e+01 1.058403896971910507e+00
-5.253882594761201830e+01 1.064891290373979560e+00
-5.219317577690404875e+01 1.071396378812240924e+00
-5.184752560619607209e+01 1.077918928601503623e+00
-5.150187543548810254e+01 1.084458701426777028e+00
-5.115622526478013299e+01 1.091015454340365176e+00
-5.081057509407215633e+01 1.097588939742362601e+00
-5.046492492336418678e+01 1.104178905353976559e+00
-5.011927475265621013e+01 1.110785094239032045e+00
-4.977362458194824058e+01 1.117407244754378581e+00
-4.942797441124027102e+01 1.124045090596848651e+00
-4.908232424053228726e+01 1.130698360739717856e+00
-4.873667406982430350e+01 1.137366779472059219e+00
-4.839102389911633395e+01 1.144050066375011498e+00
-4.804537372840836440e+01 1.150747936323956555e+00
-4.769972355770038774e+01 1.157460099504910911e+00
-4.735407338699241819e+01 1.164186261394534849e+00
-4.700842321628444864e+01 1.170926122766108080e+00
-4.666277304557647199e+01 1.177679379739470900e+00
-4.631712287486850244e+01 1.184445723729683042e+00
-4.597147270416052578e+01 1.191224841488940811e+00
-4.562582253345254912e+01 1.198016415131138546e+00
-4.528017236274457247e+01 1.204820122115691783e+00
-4.493452219203660292e+01 1.211635635302529268e+00
-4.458887202132861916e+01 1.218462622934596951e+00
-4.424322185062064960e+01 1.225300748692431219e+00
-4.389757167991268005e+01 1.232149671698498095e+00
-4.355192150920470340e+01 1.239009046552063342e+00
-4.320627133849673385e+01 1.245878523367772273e+00
-4.286062116778876430e+01 1.252757747789579046e+00
-4.251497099708078053e+01 1.259646361064653997e+00
-4.216932082637281098e+01 1.266544000028410277e+00
-4.182367065566483433e+01 1.273450297182546764e+00
-4.147802048495686478e+01 1.280364880738747102e+00
-4.113237031424888812e+01 1.287287374668944384e+00
-4.078672014354091147e+01 1.294217398721003276e+00
-4.044106997283294191e+01 1.301154568534521161e+00
-4.009541980212497236e+01 1.308098495645399595e+00
-3.974976963141699571e+01 1.315048787579627287e+00
-3.940411946070901905e+01 1.322005047896848806e+00
-3.905846929000104240e+01 1.328966876280382126e+00
-3.871281911929307284e+01 1.335933868596992591e+00
-3.836716894858510329e+01 1.342905616982967398e+00
-3.802151877787711953e+01 1.349881709901553428e+00
-3.767586860716914998e+01 1.356861732254436737e+00
-3.733021843646118043e+01 1.363845265467291012e+00
-3.698456826575320378e+01 1.370831887585472142e+00
-3.663891809504522712e+01 1.377821173345687766e+00
-3.629326792433725046e+01 1.384812694285616486e+00
-3.594761775362928091e+01 1.391806018880437534e+00
-3.560196758292131136e+01 1.398800712646182109e+00
-3.525631741221333471e+01 1.405796338215397734e+00
-3.491066724150535805e+01 1.412792455484874088e+00
-3.456501707079738139e+01 1.419788621755660563e+00
-3.421936690008941184e+01 1.426784391877802038e+00
-3.387371672938143519e+01 1.433779318294665206e+00
-3.352806655867346564e+01 1.440772951288955550e+00
-3.318241638796549609e+01 1.447764839080735833e+00
-3.283676621725751232e+01 1.454754527995727686e+00
-3.249111604654954277e+01 1.461741562587960175e+00
-3.214546587584156612e+01 1.468725485838317857e+00
-3.179981570513359657e+01 1.475705839321826307e+00
-3.145416553442561991e+01 1.482682163362436301e+00
-3.110851536371764681e+01 1.489653997214848147e+00
-3.076286519300967015e+01 1.496620879251268299e+00
-3.041721502230169705e+01 1.503582347179935441e+00
-3.007156485159372750e+01 1.510537938219006060e+00
-2.972591468088575084e+01 1.517487189282662019e+00
-2.938026451017777774e+01 1.524429637225751977e+00
-2.903461433946980463e+01 1.531364819018392165e+00
-2.868896416876182798e+01 1.538292272026925867e+00
-2.834331399805385487e+01 1.545211534227195926e+00
-2.799766382734587822e+01 1.552122144400045034e+00
-2.765201365663790867e+01 1.559023642348279948e+00
-2.730636348592993556e+01 1.565915569237575466e+00
-2.696071331522196246e+01 1.572797467838020102e+00
-2.661506314451398580e+01 1.579668882742410574e+00
-2.626941297380600915e+01 1.586529360590228421e+00
-2.592376280309803604e+01 1.593378450414145275e+00
-2.557811263239006649e+01 1.600215703954330992e+00
-2.523246246168209339e+01 1.607040675857464240e+00
-2.488681229097412029e+01 1.613852923991718979e+00
-2.454116212026614363e+01 1.620652009789885994e+00
-2.419551194955816698e+01 1.627437498541689509e+00
-2.384986177885019387e+01 1.634208959694105845e+00
-2.350421160814222432e+01 1.640965967136600367e+00
-2.315856143743425122e+01 1.647708099530334591e+00
-2.281291126672627456e+01 1.654434940762971484e+00
-2.246726109601830146e+01 1.661146080202221098e+00
-2.212161092531032480e+01 1.667841112936978565e+00
-2.177596075460235170e+01 1.674519640281053379e+00
-2.143031058389438215e+01 1.681181270099497249e+00
-2.108466041318640549e+01 1.687825617008843482e+00
-2.073901024247843239e+01 1.694452303004753801e+00
-2.039336007177045573e+01 1.701060957789620520e+00
-2.004770990106248618e+01 1.707651218872347165e+00
-1.970205973035450953e+01 1.714222732052863796e+00
-1.935640955964653642e+01 1.720775152135223696e+00
-1.901075938893855977e+01 1.727308143184511646e+00
-1.866510921823059022e+01 1.733821378542148128e+00
-1.831945904752261356e+01 1.740314541290195693e+00
-1.797380887681464046e+01 1.746787325100383148e+00
-1.762815870610666735e+01 1.753239434666238550e+00
-1.728250853539869070e+01 1.759670585711243795e+00
-1.693685836469071759e+01 1.766080505159556058e+00
-1.659120819398274804e+01 1.772468931740623255e+00
-1.624555802327477139e+01 1.778835616865871216e+00
-1.589990785256679828e+01 1.785180325222000652e+00
-1.555425768185882340e+01 1.791502834347113104e+00
-1.520860751115084852e+01 1.797802934738649050e+00
-1.486295734044287542e+01 1.804080431042434540e+00
-1.451730716973490232e+01 1.810335142873034764e+00
-1.417165699902692744e+01 1.816566904681654382e+00
-1.382600682831895433e+01 1.822775565645860851e+00
-1.348035665761098123e+01 1.828960990407257015e+00
-1.313470648690300457e+01 1.835123059890842567e+00
-1.278905631619503325e+01 1.841261671279267098e+00
-1.244340614548706014e+01 1.847376738491478987e+00
-1.209775597477908349e+01 1.853468192938356518e+00
-1.175210580407111216e+01 1.859535982972867929e+00
-1.140645563336313728e+01 1.865580074100936736e+00
-1.106080546265516240e+01 1.871600451101906204e+00
-1.071515529194719107e+01 1.877597117993941689e+00
-1.036950512123921619e+01 1.883570095888212892e+00
-1.002385495053124309e+01 1.889519424341387088e+00
-9.678204779823268211e+00 1.895445164269421889e+00
-9.332554609115295108e+00 1.901347396802445688e+00
-8.986904438407320228e+00 1.907226221123331067e+00
-8.641254267699345348e+00 1.913081756097813058e+00
-8.295604096991374021e+00 1.918914142795909772e+00
-7.949953926283399142e+00 1.924723543744112586e+00
-7.604303755575424262e+00 1.930510139889906496e+00
-7.258653584867451158e+00 1.936274132039088380e+00
-6.913003414159477167e+00 1.942015746074577942e+00
-6.567353243451502287e+00 1.947735230589372035e+00
-6.221703072743530072e+00 1.953432849496565815e+00
-5.876052902035556080e+00 1.959108886801060212e+00
-5.530402731327581201e+00 1.964763656226870658e+00
-5.184752560619608097e+00 1.970397494426490592e+00
-4.839102389911634106e+00 1.976010750037614949e+00
-4.493452219203660114e+00 1.981603792171354073e+00
-4.147802048495687011e+00 1.987177021685574863e+00
-3.802151877787712131e+00 1.992730861494027783e+00
-3.456501707079738583e+00 1.998265746435868628e+00
-3.110851536371765036e+00 2.003782133564960155e+00
-2.765201365663790600e+00 2.009280508517308661e+00
-2.419551194955817053e+00 2.014761374870855271e+00
-2.073901024247843505e+00 2.020225253159892986e+00
-1.728250853539869292e+00 2.025672689710400487e+00
-1.382600682831895300e+00 2.031104250472469452e+00
-1.036950512123921753e+00 2.036520515597989078e+00
-6.913003414159476501e-01 2.041922090567427794e+00
-3.456501707079738250e-01 2.047309604332256949e+00
0.000000000000000000e+00 2.052683695782812290e+00
3.456501707079738250e-01 2.058045022372709809e+00
6.913003414159476501e-01 2.063394271804158020e+00
1.036950512123921753e+00 2.068732145857066662e+00
1.382600682831895300e+00 2.074059348450647100e+00
1.728250853539869292e+00 2.079376607375494235e+00
2.073901024247843505e+00 2.084684688131765107e+00
2.419551194955817053e+00 2.089984364589679178e+00
2.765201365663790600e+00 2.095276398394881667e+00
3.110851536371765036e+00 2.100561572888582695e+00
3.456501707079738583e+00 2.105840718727360894e+00
3.802151877787712131e+00 2.111114676149298930e+00
4.147802048495687011e+00 2.116384264764882950e+00
4.493452219203660114e+00 2.121650320814442381e+00
4.839102389911634106e+00 2.126913725841636627e+00
5.184752560619608097e+00 2.132175368175092345e+00
5.530402731327581201e+00 2.137436115356429411e+00
5.876052902035556080e+00 2.142696850167550515e+00
6.221703072743530072e+00 2.147958498494742852e+00
6.567353243451502287e+00 2.153221997691664669e+00
6.913003414159477167e+00 2.158488259060877379e+00
7.258653584867451158e+00 2.163758185613688045e+00
7.604303755575424262e+00 2.169032721622130122e+00
7.949953926283399142e+00 2.174312850256298280e+00
8.295604096991374021e+00 2.179599532577244592e+00
8.641254267699345348e+00 2.184893695194280117e+00
8.986904438407320228e+00 2.190196290462319340e+00
9.332554609115295108e+00 2.195508309550183501e+00
9.678204779823268211e+00 2.200830729243178130e+00
1.002385495053124309e+01 2.206164508424430792e+00
1.036950512123921619e+01 2.211510629643812731e+00
1.071515529194719107e+01 2.216870081736094455e+00
1.106080546265516240e+01 2.222243819290963707e+00
1.140645563336313728e+01 2.227632795201301086e+00
1.175210580407111216e+01 2.233038006029669287e+00
1.209775597477908349e+01 2.238460449729621882e+00
1.244340614548706014e+01 2.243901065311481702e+00
1.278905631619503325e+01 2.249360767896886326e+00
1.313470648690300457e+01 2.254840514929785211e+00
1.348035665761098123e+01 2.260341278020865818e+00
1.382600682831895433e+01 2.265863972018347994e+00
1.417165699902692744e+01 2.271409468160021206e+00
1.451730716973490232e+01 2.276978653171953138e+00
1.486295734044287542e+01 2.282572418412686321e+00
1.520860751115084852e+01 2.288191604397289414e+00
1.555425768185882340e+01 2.293836996076891399e+00
1.589990785256679828e+01 2.299509357745838756e+00
1.624555802327477139e+01 2.305209439560182982e+00
1.659120819398274804e+01 2.310937948437540523e+00
1.693685836469071759e+01 2.316695520382930251e+00
1.728250853539869070e+01 2.322482717105612160e+00
1.762815870610666735e+01 2.328300041608864390e+00
1.797380887681464046e+01 2.334147941924554104e+00
1.831945904752261356e+01 2.340026784184566555e+00
1.866510921823059022e+01 2.345936820744642937e+00
1.901075938893855977e+01 2.351878183687238444e+00
1.935640955964653642e+01 2.357850888789504218e+00
1.970205973035450953e+01 2.363854821379405724e+00
2.004770990106248618e+01 2.369889707780624910e+00
2.039336007177045573e+01 2.375955091932338892e+00
2.073901024247843239e+01 2.382050318012228995e+00
2.108466041318640549e+01 2.388174508304934385e+00
2.143031058389438215e+01 2.394326534801587858e+00
2.177596075460235170e+01 2.400504989458031702e+00
2.212161092531032480e+01 2.406708152252027499e+00
2.246726109601830146e+01 2.412933952828133055e+00
2.281291126672627456e+01 2.419179927308085176e+00
2.315856143743425122e+01 2.425443174373166588e+00
2.350421160814222432e+01 2.431720308693037680e+00
2.384986177885019387e+01 2.438007405486453560e+00
2.419551194955816698e+01 2.444299936283339303e+00
2.454116212026614363e+01 2.450592701352873881e+00
2.488681229097412029e+01 2.456879758902061894e+00
2.523246246168209339e+01 2.463154345250806898e+00
2.557811263239006649e+01 2.469408784148793057e+00
2.592376280309803604e+01 2.475634388516756879e+00
2.626941297380600915e+01 2.481821355234655968e+00
2.661506314451398580e+01 2.487958650431281615e+00
2.696071331522196246e+01 2.494033883946703334e+00
2.730636348592993556e+01 2.500033172861525710e+00
2.765201365663790867e+01 2.505940994160300583e+00
2.799766382734587822e+01 2.511740026890221245e+00
2.834331399805385487e+01 2.517410983540508962e+00
2.868896416876182798e+01 2.522932430301963347e+00
2.903461433946980463e+01 2.528280596925986945e+00
2.938026451017777774e+01 2.533429177314469705e+00
2.972591468088575084e+01 2.538349121662430097e+00
3.007156485159372750e+01 2.543008422443973959e+00
3.041721502230169705e+01 2.547371898049246131e+00
3.076286519300967015e+01 2.551400976857433278e+00
3.110851536371764681e+01 2.555053485204907826e+00
3.145416553442561991e+01 2.558283445834789394e+00
3.179981570513359657e+01 2.561040894685874481e+00
3.214546587584156612e+01 2.563271723491018061e+00
3.249111604654954277e+01 2.564917556998469017e+00
3.283676621725751232e+01 2.565915676510600818e+00
3.318241638796549609e+01 2.566199002535570983e+00
3.352806655867346564e+01 2.565696149259150793e+00
3.387371672938143519e+01 2.564331564427900556e+00
3.421936690008941184e+01 2.562025769215277471e+00
3.456501707079738139e+01 2.558695712239897890e+00
3.491066724150535805e+01 2.554255250079717321e+00
3.525631741221333471e+01 2.548615764475558709e+00
3.560196758292131136e+01 2.541686923846306012e+00
3.594761775362928091e+01 2.533377592561930847e+00
3.629326792433725046e+01 2.523596886104620296e+00
3.663891809504522712e+01 2.512255364397643742e+00
3.698456826575320378e+01 2.499266349213932870e+00
3.733021843646118043e+01 2.484547344814239445e+00
3.767586860716914998e+01 2.468021534238475923e+00
3.802151877787711953e+01 2.449619317513795025e+00
3.836716894858510329e+01 2.429279853129642675e+00
3.871281911929307284e+01 2.406952559912855172e+00
3.905846929000104240e+01 2.382598534783645139e+00
3.940411946070901905e+01 2.356191841407119902e+00
3.974976963141699571e+01 2.327720626821610850e+00
4.009541980212497236e+01 2.297188027012197153e+00
4.044106997283294191e+01 2.264612828256528321e+00
4.078672014354091147e+01 2.230029858525849562e+00
4.113237031424888812e+01 2.193490091739819903e+00
4.147802048495686478e+01 2.155060457176119382e+00
4.182367065566483433e+01 2.114823355912262670e+00
4.216932082637281098e+01 2.072875895641888455e+00
4.251497099708078053e+01 2.029328863860451637e+00
4.286062116778876430e+01 1.984305467101911580e+00
4.320627133849673385e+01 1.937939870170994672e+00
4.355192150920470340e+01 1.890375573989623970e+00
4.389757167991268005e+01 1.841763673705349991e+00
4.424322185062064960e+01 1.792261039963350067e+00
4.458887202132861916e+01 1.742028466009597487e+00
4.493452219203660292e+01 1.691228821564344287e+00
4.528017236274457247e+01 1.640025251415349272e+00
4.562582253345254912e+01 1.588579452791091473e+00
4.597147270416052578e+01 1.537050060878218494e+00
4.631712287486850244e+01 1.485591166769803628e+00
4.666277304557647199e+01 1.434350986789877380e+00
4.700842321628444864e+01 1.383470696808935640e+00
4.735407338699241819e+01 1.333083440064096070e+00
4.769972355770038774e+01 1.283313512172488791e+00
4.804537372840836440e+01 1.234275722730463043e+00
4.839102389911633395e+01 1.186074929051521565e+00
4.873667406982430350e+01 1.138805734401207470e+00
4.908232424053228726e+01 1.092552340431534486e+00
4.942797441124027102e+01 1.047388541484484348e+00
4.977362458194824058e+01 1.003377846924246031e+00
5.011927475265621013e+01 9.605737167225484319e-01
5.046492492336418678e+01 9.190198949882445456e-01
5.081057509407215633e+01 8.787508260811861538e-01
5.115622526478013299e+01 8.397921382093824771e-01
5.150187543548810254e+01 8.021611799791543707e-01
5.184752560619607209e+01 7.658675961902606799e-01
5.219317577690404875e+01 7.309139301574613112e-01
5.253882594761201830e+01 6.972962409624862135e-01
5.288447611832000206e+01 6.650047252641189122e-01
5.323012628902797161e+01 6.340243345516348716e-01
5.357577645973595537e+01 6.043353799784723090e-01
5.392142663044392492e+01 5.759141181886020533e-01
5.426707680115189447e+01 5.487333127113988018e-01
5.461272697185987113e+01 5.227627666622994829e-01
5.495837714256784068e+01 4.979698235137577922e-01
5.530402731327581733e+01 4.743198336691441530e-01
5.564967748398378689e+01 4.517765854244831791e-01
5.599532765469175644e+01 4.303026996555384120e-01
5.634097782539974020e+01 4.098599882231227509e-01
5.668662799610770975e+01 3.904097766343205822e-01
5.703227816681568640e+01 3.719131919590448199e-01
5.737792833752365596e+01 3.543314173612910345e-01
5.772357850823163972e+01 3.376259148924531939e-01
5.806922867893960927e+01 3.217586183993439430e-01
5.841487884964758592e+01 3.066920985466513594e-01
5.876052902035555547e+01 2.923897020324076057e-01
5.910617919106352502e+01 2.788156671212324578e-01
5.945182936177150168e+01 2.659352176015220004e-01
5.979747953247947834e+01 2.537146372478001899e-01
6.014312970318745499e+01 2.421213267889390230e-01
6.048877987389542454e+01 2.311238453094419942e-01
6.083443004460339409e+01 2.206919378922569119e-01
6.118008021531137075e+01 2.107965512155417220e-01
6.152573038601934030e+01 2.014098386774562377e-01
6.187138055672732406e+01 1.925051565135402210e-01
6.221703072743529361e+01 1.840570522395593711e-01
6.256268089814327027e+01 1.760412466308985679e-01
6.290833106885123982e+01 1.684346103358582147e-01
6.325398123955922358e+01 1.612151360982248260e-01
6.359963141026719313e+01 1.543619074679975223e-01
6.394528158097516268e+01 1.478550647660632489e-01
6.429093175168313223e+01 1.416757689874831583e-01
6.463658192239111600e+01 1.358061642289833670e-01
6.498223209309908555e+01 1.302293391601484773e-01
6.532788226380705510e+01 1.249292879746738694e-01
6.567353243451502465e+01 1.198908711990803178e-01
6.601918260522300841e+01 1.150997766785993998e-01
6.636483277593099217e+01 1.105424810031728072e-01
6.671048294663896172e+01 1.062062115952834562e-01
6.705613311734693127e+01 1.020789096365616877e-01
6.740178328805490082e+01 9.814919397832629067e-02
6.774743345876287037e+01 9.440632614380616017e-02
6.809308362947085413e+01 9.084017651100975699e-02
6.843873380017882369e+01 8.744119173357985109e-02
6.878438397088679324e+01 8.420036344142522999e-02
6.913003414159476279e+01 8.110919824564506719e-02
6.947568431230273234e+01 7.815968905669608280e-02
6.982133448301071610e+01 7.534428771147003157e-02
7.016698465371868565e+01 7.265587889830318891e-02
7.051263482442666941e+01 7.008775535859668171e-02
7.085828499513463896e+01 6.763359433603967352e-02
7.120393516584262272e+01 6.528743524089364314e-02
7.154958533655059227e+01 6.304365849434838409e-02
7.189523550725856182e+01 6.089696550959973476e-02
7.224088567796653138e+01 5.884235976935985740e-02
7.258653584867450093e+01 5.687512895607808872e-02
7.293218601938248469e+01 5.499082808995005983e-02
7.327783619009045424e+01 5.318526362963759552e-02
7.362348636079843800e+01 5.145447849094968162e-02
7.396913653150640755e+01 4.979473794151373367e-02
7.431478670221437710e+01 4.820251632284500848e-02
7.466043687292236086e+01 4.667448456447398364e-02
7.500608704363033041e+01 4.520749844234629028e-02
7.535173721433829996e+01 4.379858754554230571e-02
7.569738738504626951e+01 4.244494491091962973e-02
7.604303755575423907e+01 4.114391729080899007e-02
7.638868772646222283e+01 3.989299601387318039e-02
7.673433789717020659e+01 3.868980841152418887e-02
7.707998806787817614e+01 3.753210977015103422e-02
7.742563823858614569e+01 3.641777578510464047e-02
7.777128840929411524e+01 3.534479548117903935e-02
7.811693858000208479e+01 3.431126457616964776e-02
7.846258875071005434e+01 3.331537925686077484e-02
7.880823892141803810e+01 3.235543034600275175e-02
7.915388909212600765e+01 3.142979783355651785e-02
7.949953926283399142e+01 3.053694575018755727e-02
7.984518943354196097e+01 2.967541736318730222e-02
8.019083960424994473e+01 2.884383067163640707e-02
8.053648977495790007e+01 2.804087418518742825e-02
8.088213994566588383e+01 2.726530296425000791e-02
8.122779011637385338e+01 2.651593490907380030e-02
8.157344028708182293e+01 2.579164727781886254e-02
8.191909045778982090e+01 2.509137342136306958e-02
8.226474062849777624e+01 2.441409972005382373e-02
8.261039079920576000e+01 2.375886271198434166e-02
8.295604096991372955e+01 2.312474640680014376e-02
8.330169114062171332e+01 2.251087979892824747e-02
8.364734131132966866e+01 2.191643463133833777e-02
8.399299148203765242e+01 2.134062356442080824e-02
8.433864165274562197e+01 2.078269904723054062e-02
8.468429182345359152e+01 2.024195326434912595e-02
8.502994199416156107e+01 1.971771914005913950e-02
8.537559216486954483e+01 1.920937093193287454e-02
8.572124233557752859e+01 1.871632070990676688e-02
8.606689250628548393e+01 1.823800654155022932e-02
8.641254267699346769e+01 1.777387334249617978e-02
8.675819284770142303e+01 1.732335682311517480e-02
8.710384301840940680e+01 1.688588432526743482e-02
8.744949318911737635e+01 1.646089551538371457e-02
8.779514335982536011e+01 1.604786972846832666e-02
8.814079353053331545e+01 1.564634212212949113e-02
8.848644370124129921e+01 1.525590125414355916e-02
8.883209387194928297e+01 1.487617411656004182e-02
8.917774404265723831e+01 1.450680962629975236e-02
8.952339421336522207e+01 1.414746777789803803e-02
8.986904438407320583e+01 1.379781555290856589e-02
9.021469455478118959e+01 1.345752714504740849e-02
9.056034472548914493e+01 1.312628568347355175e-02
9.090599489619712870e+01 1.280378477511628400e-02
9.125164506690509825e+01 1.248972932463823619e-02
9.159729523761308201e+01 1.218383570390013312e-02
9.194294540832105156e+01 1.188583151652278236e-02
9.228859557902902111e+01 1.159545516028638243e-02
9.263424574973700487e+01 1.131245531469709208e-02
9.297989592044496021e+01 1.103659041584447581e-02
9.332554609115294397e+01 1.076762814297666480e-02
9.367119626186091352e+01 1.050534493052608133e-02
9.401684643256889728e+01 1.024952550503707531e-02
9.436249660327685262e+01 9.999962451638279987e-03
9.470814677398483639e+01 9.756455804474961288e-03
9.505379694469279173e+01 9.518812664605844076e-03
9.539944711540077549e+01 9.286846842164320562e-03
9.574509728610875925e+01 9.060378521764694826e-03
9.609074745681672880e+01 8.839233950529145137e-03
9.643639762752469835e+01 8.623245146349187845e-03
9.678204779823266790e+01 8.412249627408694558e-03
9.712769796894065166e+01 8.206090158966648090e-03
9.747334813964860700e+01 8.004614518057116476e-03
9.781899831035659076e+01 7.807675274543623978e-03
9.816464848106457453e+01 7.615129587228039627e-03
9.851029865177255829e+01 7.426839013001096911e-03
9.885594882248054205e+01 7.242669329841166723e-03
9.920159899318849739e+01 7.062490370915529454e-03
9.954724916389648115e+01 6.886175869398275182e-03
9.989289933460445070e+01 6.713603312412801637e-03
1.002385495053124203e+02 6.544653805870379211e-03
1.005841996760203898e+02 6.379211943851985367e-03
1.009298498467283736e+02 6.217165688858252749e-03
1.012755000174363289e+02 6.058406255087482942e-03
1.016211501881443127e+02 5.902828000173786921e-03
1.019668003588522822e+02 5.750328320906832220e-03
1.023124505295602660e+02 5.600807552419104565e-03
1.026581007002682355e+02 5.454168874046208364e-03
1.030037508709762051e+02 5.310318216824114722e-03
1.033494010416841888e+02 5.169164174423324272e-03
1.036950512123921442e+02 5.030617918371955120e-03
1.040407013831001279e+02 4.894593114106628694e-03
1.043863515538080975e+02 4.761005840711703824e-03
1.047320017245160813e+02 4.629774512127320281e-03
1.050776518952240366e+02 4.500819800544320591e-03
1.054233020659320204e+02 4.374064561755842788e-03
1.057689522366400041e+02 4.249433761791918118e-03
1.061146024073479595e+02 4.126854405295871629e-03
1.064602525780559432e+02 4.006255465841699649e-03
1.068059027487639270e+02 3.887567816913810228e-03
1.071515529194719107e+02 3.770724164908529578e-03
1.074972030901798661e+02 3.655658982663763292e-03
1.078428532608878498e+02 3.542308446091249532e-03
1.081885034315958194e+02 3.430610369245367525e-03
1.085341536023037889e+02 3.320504143709888337e-03
1.088798037730117585e+02 3.211930677015255916e-03
1.092254539437197423e+02 3.104832333758127116e-03
1.095711041144277260e+02 2.999152876579245543e-03
1.099167542851356814e+02 2.894837410397427778e-03
1.102624044558436651e+02 2.791832325478419558e-03
1.106080546265516347e+02 2.690085244293347749e-03
1.109537047972596042e+02 2.589544967045903038e-03
1.112993549679675738e+02 2.490161420438120367e-03
1.116450051386755575e+02 2.391885607261092818e-03
1.119906553093835129e+02 2.294669556075439650e-03
1.123363054800914966e+02 2.198466273631558433e-03
1.126819556507994804e+02 2.103229697138241962e-03
1.130276058215074499e+02 2.008914648593334955e-03
1.133732559922154195e+02 1.915476790337738338e-03
1.137189061629233890e+02 1.822872580128412877e-03
1.140645563336313728e+02 1.731059229814222843e-03
1.144102065043393281e+02 1.639994662444285061e-03
1.147558566750473119e+02 1.549637472801781426e-03
1.151015068457552957e+02 1.459946886706437168e-03
1.154471570164632794e+02 1.370882722760096047e-03
1.157928071871712632e+02 1.282405354286172798e-03
1.161384573578792185e+02 1.194475672447987231e-03
1.164841075285872023e+02 1.107055049657026122e-03
1.168297576992951718e+02 1.020105304329628872e-03
1.171754078700031414e+02 9.335886660976296970e-04
1.175210580407111109e+02 8.474677413606970843e-04
1.178667082114190947e+02 7.617054800082123222e-04
1.182123583821270500e+02 6.762651422988663792e-04
1.185580085528350338e+02 5.911102663030888982e-04
1.189036587235430034e+02 5.062046363267062865e-04
1.192493088942509729e+02 4.215122502005308924e-04
1.195949590649589567e+02 3.369972894013172136e-04
1.199406092356669262e+02 2.526240871567379483e-04
1.202862594063749100e+02 1.683570978386466905e-04
1.206319095770828653e+02 8.416086688644078533e-05
