2.500000000000000000e+00 1.807152454460388049e+07
5.000000000000000000e+00 3.617186994361300766e+07
7.500000000000000000e+00 5.432990379093892127e+07
1.000000000000000000e+01 7.257458667179447412e+07
1.250000000000000000e+01 9.093501933451922238e+07
1.500000000000000000e+01 1.094404888227365166e+08
1.750000000000000000e+01 1.281205150910153538e+08
2.000000000000000000e+01 1.470048982661558688e+08
2.250000000000000000e+01 1.661237654728190303e+08
2.500000000000000000e+01 1.855076186952146888e+08
2.750000000000000000e+01 2.051873826977142394e+08
3.000000000000000000e+01 2.251944539978631139e+08
3.250000000000000000e+01 2.455607502881023884e+08
3.500000000000000000e+01 2.663187604784866273e+08
3.750000000000000000e+01 2.875015963189513087e+08
4.000000000000000000e+01 3.091430443688632250e+08
4.250000000000000000e+01 3.312776191040729880e+08
4.500000000000000000e+01 3.539406174874271154e+08
4.750000000000000000e+01 3.771681745818229914e+08
5.000000000000000000e+01 4.009973200738658309e+08
5.250000000000000000e+01 4.254660371053948402e+08
5.500000000000000000e+01 4.506133215256404281e+08
5.750000000000000000e+01 4.764792435483908057e+08
6.000000000000000000e+01 5.031050104505003095e+08
6.250000000000000000e+01 5.305330315655680299e+08
6.500000000000000000e+01 5.588069845875542164e+08
6.750000000000000000e+01 5.879718842400900126e+08
7.000000000000000000e+01 6.180741526553293467e+08
7.250000000000000000e+01 6.491616922775743008e+08
7.500000000000000000e+01 6.812839604612404108e+08
7.750000000000000000e+01 7.144920472006503344e+08
8.000000000000000000e+01 7.488387543933169842e+08
8.250000000000000000e+01 7.843786786409729719e+08
8.500000000000000000e+01 8.211682958560940027e+08
8.750000000000000000e+01 8.592660494822834730e+08
9.000000000000000000e+01 8.987324412688717842e+08
9.250000000000000000e+01 9.396301250005118847e+08
9.500000000000000000e+01 9.820240037615473270e+08
9.750000000000000000e+01 1.025981330396637678e+09
1.000000000000000000e+02 1.071571811419212580e+09
1.025000000000000000e+02 1.118867714747637033e+09
1.050000000000000000e+02 1.167943980836113930e+09
1.075000000000000000e+02 1.218878338274564981e+09
1.100000000000000000e+02 1.271751423058835030e+09
1.125000000000000000e+02 1.326646902277760744e+09
1.150000000000000000e+02 1.383651602273482561e+09
1.175000000000000000e+02 1.442855641210564137e+09
1.200000000000000000e+02 1.504352566638048649e+09
1.225000000000000000e+02 1.568239497981650829e+09
1.250000000000000000e+02 1.634617273847577333e+09
1.275000000000000000e+02 1.703590605137498856e+09
1.300000000000000000e+02 1.775268233441853046e+09
1.325000000000000000e+02 1.849763094917704344e+09
1.350000000000000000e+02 1.927192490699744225e+09
1.375000000000000000e+02 2.007678262826916218e+09
1.400000000000000000e+02 2.091346976953591824e+09
1.425000000000000000e+02 2.178330111427611351e+09
1.450000000000000000e+02 2.268764253324271679e+09
1.475000000000000000e+02 2.362791301304347038e+09
1.500000000000000000e+02 2.460558675964133739e+09
1.525000000000000000e+02 2.562219537779282093e+09
1.550000000000000000e+02 2.667933012265525341e+09
1.575000000000000000e+02 2.777864424108311176e+09
1.600000000000000000e+02 2.892185538485928059e+09
1.625000000000000000e+02 3.011074811963621616e+09
1.650000000000000000e+02 3.134717651490985870e+09
1.675000000000000000e+02 3.263306682618134975e+09
1.700000000000000000e+02 3.397042027414078712e+09
1.725000000000000000e+02 3.536131591748634815e+09
1.750000000000000000e+02 3.680791362299307823e+09
1.775000000000000000e+02 3.831245714316532135e+09
1.800000000000000000e+02 3.987727729594876289e+09
1.825000000000000000e+02 4.150479524961405754e+09
1.850000000000000000e+02 4.319752592364921570e+09
1.875000000000000000e+02 4.495808150270545006e+09
1.900000000000000000e+02 4.678917506148850441e+09
1.925000000000000000e+02 4.869362431915442467e+09
1.950000000000000000e+02 5.067435551036982536e+09
1.975000000000000000e+02 5.273440738124037743e+09
2.000000000000000000e+02 5.487693532007641792e+09
2.025000000000000000e+02 5.710521561166302681e+09
2.050000000000000000e+02 5.942264983601194382e+09
2.075000000000000000e+02 6.183276939553880692e+09
2.100000000000000000e+02 6.433924018829517365e+09
2.125000000000000000e+02 6.694586742158457756e+09
2.150000000000000000e+02 6.965660057189337730e+09
2.175000000000000000e+02 7.247553849513605118e+09
2.200000000000000000e+02 7.540693468410914421e+09
2.225000000000000000e+02 7.845520268017564774e+09
2.250000000000000000e+02 8.162492164137890816e+09
2.275000000000000000e+02 8.492084206690791130e+09
2.300000000000000000e+02 8.834789168141275406e+09
2.325000000000000000e+02 9.191118147493680954e+09
2.350000000000000000e+02 9.561601191479742050e+09
2.375000000000000000e+02 9.946787930789188385e+09
2.400000000000000000e+02 1.034724823406251335e+10
2.425000000000000000e+02 1.076357287692206955e+10
2.450000000000000000e+02 1.119637422871825981e+10
2.475000000000000000e+02 1.164628695490702629e+10
2.500000000000000000e+02 1.211396873620489311e+10
2.525000000000000000e+02 1.260010100396208763e+10
2.550000000000000000e+02 1.310538969148397827e+10
2.575000000000000000e+02 1.363056600177694511e+10
2.600000000000000000e+02 1.417638719076472092e+10
2.625000000000000000e+02 1.474363736580423927e+10
2.650000000000000000e+02 1.533312829938712311e+10
2.675000000000000000e+02 1.594570025770242691e+10
2.700000000000000000e+02 1.658222284282957077e+10
2.725000000000000000e+02 1.724359584909830093e+10
2.750000000000000000e+02 1.793075013176235199e+10
2.775000000000000000e+02 1.864464848855407333e+10
2.800000000000000000e+02 1.938628655183903122e+10
2.825000000000000000e+02 2.015669369170695114e+10
2.850000000000000000e+02 2.095693392859951401e+10
2.875000000000000000e+02 2.178810685373847198e+10
2.900000000000000000e+02 2.265134855699038315e+10
2.925000000000000000e+02 2.354783256038496780e+10
2.950000000000000000e+02 2.447877075607162476e+10
2.975000000000000000e+02 2.544541434644063187e+10
3.000000000000000000e+02 2.644905478578787231e+10
3.025000000000000000e+02 2.749102472044336319e+10
3.050000000000000000e+02 2.857269892651864243e+10
3.075000000000000000e+02 2.969549524209487915e+10
3.100000000000000000e+02 3.086087549193975067e+10
3.125000000000000000e+02 3.207034640277836227e+10
3.150000000000000000e+02 3.332546050526976013e+10
3.175000000000000000e+02 3.462781702110832214e+10
3.200000000000000000e+02 3.597906273118055725e+10
3.225000000000000000e+02 3.738089282249973297e+10
3.250000000000000000e+02 3.883505170981356812e+10
3.275000000000000000e+02 4.034333382846331024e+10
3.300000000000000000e+02 4.190758439514731598e+10
3.325000000000000000e+02 4.352970013182450104e+10
3.350000000000000000e+02 4.521162994935824585e+10
3.375000000000000000e+02 4.695537558581697845e+10
3.400000000000000000e+02 4.876299219515357971e+10
3.425000000000000000e+02 5.063658888138286591e+10
3.450000000000000000e+02 5.257832917301906586e+10
3.475000000000000000e+02 5.459043143293947601e+10
3.500000000000000000e+02 5.667516919745772552e+10
3.525000000000000000e+02 5.883487143949218750e+10
3.550000000000000000e+02 6.107192274971131134e+10
3.575000000000000000e+02 6.338876342944664764e+10
3.600000000000000000e+02 6.578788948914241028e+10
3.625000000000000000e+02 6.827185254555801392e+10
3.650000000000000000e+02 7.084325961161096191e+10
3.675000000000000000e+02 7.350477277070948792e+10
3.700000000000000000e+02 7.625910873029769897e+10
3.725000000000000000e+02 7.910903824536822510e+10
3.750000000000000000e+02 8.205738540608085632e+10
3.775000000000000000e+02 8.510702678109262085e+10
3.800000000000000000e+02 8.826089040925910950e+10
3.825000000000000000e+02 9.152195463205889893e+10
3.850000000000000000e+02 9.489324675851896667e+10
3.875000000000000000e+02 9.837784155530151367e+10
3.900000000000000000e+02 1.019788595533479156e+11
3.925000000000000000e+02 1.056994651639225464e+11
3.950000000000000000e+02 1.095428645957065430e+11
3.975000000000000000e+02 1.135123035654109802e+11
4.000000000000000000e+02 1.176110647937392883e+11
4.025000000000000000e+02 1.218424652800027161e+11
4.050000000000000000e+02 1.262098533465886383e+11
4.075000000000000000e+02 1.307166054481607513e+11
4.100000000000000000e+02 1.353661227361891785e+11
4.125000000000000000e+02 1.401618273747116699e+11
4.150000000000000000e+02 1.451071585990076904e+11
4.175000000000000000e+02 1.502055685131155396e+11
4.200000000000000000e+02 1.554605176192700195e+11
4.225000000000000000e+02 1.608754700758544312e+11
4.250000000000000000e+02 1.664538886786487732e+11
4.275000000000000000e+02 1.721992295627711792e+11
4.300000000000000000e+02 1.781149366212789612e+11
4.325000000000000000e+02 1.842044356396296692e+11
4.350000000000000000e+02 1.904711281442487793e+11
4.375000000000000000e+02 1.969183849646170349e+11
4.400000000000000000e+02 2.035495395104778137e+11
4.425000000000000000e+02 2.103678807652973022e+11
4.450000000000000000e+02 2.173766459993367920e+11
4.475000000000000000e+02 2.245790132064379578e+11
4.500000000000000000e+02 2.319780932697460022e+11
4.525000000000000000e+02 2.395769218637949829e+11
4.550000000000000000e+02 2.473784511010349426e+11
4.575000000000000000e+02 2.553855409321553955e+11
4.600000000000000000e+02 2.636009503123492737e+11
4.625000000000000000e+02 2.720273281462950745e+11
4.650000000000000000e+02 2.806672040265217285e+11
4.675000000000000000e+02 2.895229787817248535e+11
4.700000000000000000e+02 2.985969148537841187e+11
4.725000000000000000e+02 3.078911265232610474e+11
4.750000000000000000e+02 3.174075700059287720e+11
4.775000000000000000e+02 3.271480334448449707e+11
4.800000000000000000e+02 3.371141268229677124e+11
4.825000000000000000e+02 3.473072718262164307e+11
4.850000000000000000e+02 3.577286916861614990e+11
4.875000000000000000e+02 3.683794010346096802e+11
4.900000000000000000e+02 3.792601958053148193e+11
4.925000000000000000e+02 3.903716432186707764e+11
4.950000000000000000e+02 4.017140718878667603e+11
4.975000000000000000e+02 4.132875620868254395e+11
5.000000000000000000e+02 4.250919362227449341e+11
5.025000000000000000e+02 4.371267495569051514e+11
5.050000000000000000e+02 4.493912812197352295e+11
5.075000000000000000e+02 4.618845255682015991e+11
5.100000000000000000e+02 4.746051839338147583e+11
5.125000000000000000e+02 4.875516568126163330e+11
5.150000000000000000e+02 5.007220365483523560e+11
5.175000000000000000e+02 5.141141005620726318e+11
5.200000000000000000e+02 5.277253051814158936e+11
5.225000000000000000e+02 5.415527801249022217e+11
5.250000000000000000e+02 5.555933236946394043e+11
5.275000000000000000e+02 5.698433987342685547e+11
5.300000000000000000e+02 5.842991294055562744e+11
5.325000000000000000e+02 5.989562988391600342e+11
5.350000000000000000e+02 6.138103477134548340e+11
5.375000000000000000e+02 6.288563738141064453e+11
5.400000000000000000e+02 6.440891326262489014e+11
5.425000000000000000e+02 6.595030390088607178e+11
5.450000000000000000e+02 6.750921700003686523e+11
5.475000000000000000e+02 6.908502687994228516e+11
5.500000000000000000e+02 7.067707499646789551e+11
5.525000000000000000e+02 7.228467058729483643e+11
5.550000000000000000e+02 7.390709144709096680e+11
5.575000000000000000e+02 7.554358483533254395e+11
5.600000000000000000e+02 7.719336851940432129e+11
5.625000000000000000e+02 7.885563195533682861e+11
5.650000000000000000e+02 8.052953760785729980e+11
5.675000000000000000e+02 8.221422241097108154e+11
5.700000000000000000e+02 8.390879936962773438e+11
5.725000000000000000e+02 8.561235930244613037e+11
5.750000000000000000e+02 8.732397272475687256e+11
5.775000000000000000e+02 8.904269187055073242e+11
5.800000000000000000e+02 9.076755285122712402e+11
5.825000000000000000e+02 9.249757794817939453e+11
5.850000000000000000e+02 9.423177803562135010e+11
5.875000000000000000e+02 9.596915512921101074e+11
5.900000000000000000e+02 9.770870505514042969e+11
5.925000000000000000e+02 9.944942023376728516e+11
5.950000000000000000e+02 1.011902925708003784e+12
5.975000000000000000e+02 1.029303164484958740e+12
6.000000000000000000e+02 1.046684918083028442e+12
6.025000000000000000e+02 1.064038273158140747e+12
6.050000000000000000e+02 1.081353435979585327e+12
6.075000000000000000e+02 1.098620765417674683e+12
6.100000000000000000e+02 1.115830806433174072e+12
6.125000000000000000e+02 1.132974323947165039e+12
6.150000000000000000e+02 1.150042336965693359e+12
6.175000000000000000e+02 1.167026152826295166e+12
6.200000000000000000e+02 1.183917401429946777e+12
6.225000000000000000e+02 1.200708069317234619e+12
6.250000000000000000e+02 1.217390533443193359e+12
6.275000000000000000e+02 1.233957594505338379e+12
6.300000000000000000e+02 1.250402509673166504e+12
6.325000000000000000e+02 1.266719024570666992e+12
6.350000000000000000e+02 1.282901404360434570e+12
6.375000000000000000e+02 1.298944463779667236e+12
6.400000000000000000e+02 1.314843595980834473e+12
6.425000000000000000e+02 1.330594800030127441e+12
6.450000000000000000e+02 1.346194706923693604e+12
6.475000000000000000e+02 1.361640603983453125e+12
6.500000000000000000e+02 1.376930457501331055e+12
6.525000000000000000e+02 1.392062933506972412e+12
6.550000000000000000e+02 1.407037416540821533e+12
6.575000000000000000e+02 1.421854026323727539e+12
6.600000000000000000e+02 1.436513632222777588e+12
6.625000000000000000e+02 1.451017865421990967e+12
6.650000000000000000e+02 1.465369128719494629e+12
6.675000000000000000e+02 1.479570603880953857e+12
6.700000000000000000e+02 1.493626256493405762e+12
6.725000000000000000e+02 1.507540838274396973e+12
6.750000000000000000e+02 1.521319886804471924e+12
6.775000000000000000e+02 1.534969722663808105e+12
6.800000000000000000e+02 1.548497443967468018e+12
6.825000000000000000e+02 1.561910918306108154e+12
6.850000000000000000e+02 1.575218772113381348e+12
6.875000000000000000e+02 1.588430377493992188e+12
6.900000000000000000e+02 1.601555836558360352e+12
6.925000000000000000e+02 1.614605963325648926e+12
6.950000000000000000e+02 1.627592263265480225e+12
6.975000000000000000e+02 1.640526910563526611e+12
7.000000000000000000e+02 1.653422723206412598e+12
7.025000000000000000e+02 1.666293135992597168e+12
7.050000000000000000e+02 1.679152171585291260e+12
7.075000000000000000e+02 1.692014409733740234e+12
7.100000000000000000e+02 1.704894954797332031e+12
7.125000000000000000e+02 1.717809401714362793e+12
7.150000000000000000e+02 1.730773800564248535e+12
7.175000000000000000e+02 1.743804619878261719e+12
7.200000000000000000e+02 1.756918708857023193e+12
7.225000000000000000e+02 1.770133258658793213e+12
7.250000000000000000e+02 1.783465762923662598e+12
7.275000000000000000e+02 1.796933977700926270e+12
7.300000000000000000e+02 1.810555880947944092e+12
7.325000000000000000e+02 1.824349631767540283e+12
7.350000000000000000e+02 1.838333529550275391e+12
7.375000000000000000e+02 1.852525973185467041e+12
7.400000000000000000e+02 1.866945420500618164e+12
7.425000000000000000e+02 1.881610348086231689e+12
7.450000000000000000e+02 1.896539211655593994e+12
7.475000000000000000e+02 1.911750407086632324e+12
7.500000000000000000e+02 1.927262232281075928e+12
7.525000000000000000e+02 1.943092849975013916e+12
7.550000000000000000e+02 1.959260251621255615e+12
7.575000000000000000e+02 1.975782222458524170e+12
7.600000000000000000e+02 1.992676307872469238e+12
7.625000000000000000e+02 2.009959781144078613e+12
7.650000000000000000e+02 2.027649612670113770e+12
7.675000000000000000e+02 2.045762440731923584e+12
7.700000000000000000e+02 2.064314543876230225e+12
7.725000000000000000e+02 2.083321814962253662e+12
7.750000000000000000e+02 2.102799736918428711e+12
7.775000000000000000e+02 2.122763360241379883e+12
7.800000000000000000e+02 2.143227282257736572e+12
7.825000000000000000e+02 2.164205628160968750e+12
7.850000000000000000e+02 2.185712033822919189e+12
7.875000000000000000e+02 2.207759630369848145e+12
7.900000000000000000e+02 2.230361030504103027e+12
7.925000000000000000e+02 2.253528316540641113e+12
7.950000000000000000e+02 2.277273030119713867e+12
7.975000000000000000e+02 2.301606163548249512e+12
8.000000000000000000e+02 2.326538152712674805e+12
8.025000000000000000e+02 2.352078871499284668e+12
8.050000000000000000e+02 2.378237627649899414e+12
8.075000000000000000e+02 2.405023159974606934e+12
8.100000000000000000e+02 2.432443636835592285e+12
8.125000000000000000e+02 2.460506655812276367e+12
8.150000000000000000e+02 2.489219244450574219e+12
8.175000000000000000e+02 2.518587861997769043e+12
8.200000000000000000e+02 2.548618402016839844e+12
8.225000000000000000e+02 2.579316195774822266e+12
8.250000000000000000e+02 2.610686016294678223e+12
8.275000000000000000e+02 2.642732082958882812e+12
8.300000000000000000e+02 2.675458066553715820e+12
8.325000000000000000e+02 2.708867094638988770e+12
8.350000000000000000e+02 2.742961757133055176e+12
8.375000000000000000e+02 2.777744111998439941e+12
8.400000000000000000e+02 2.813215690919548340e+12
8.425000000000000000e+02 2.849377504862848633e+12
8.450000000000000000e+02 2.886230049413779297e+12
8.475000000000000000e+02 2.923773309787458008e+12
8.500000000000000000e+02 2.962006765414159180e+12
8.525000000000000000e+02 3.000929394004559082e+12
8.550000000000000000e+02 3.040539675003211914e+12
8.575000000000000000e+02 3.080835592346514648e+12
8.600000000000000000e+02 3.121814636442957031e+12
8.625000000000000000e+02 3.163473805302946289e+12
8.650000000000000000e+02 3.205809604748120605e+12
8.675000000000000000e+02 3.248818047639584961e+12
8.700000000000000000e+02 3.292494652067605957e+12
8.725000000000000000e+02 3.336834438455509766e+12
8.750000000000000000e+02 3.381831925533889648e+12
8.775000000000000000e+02 3.427481125150951660e+12
8.800000000000000000e+02 3.473775535890969727e+12
8.825000000000000000e+02 3.520708135478371094e+12
8.850000000000000000e+02 3.568271371954555176e+12
8.875000000000000000e+02 3.616457153620240234e+12
8.900000000000000000e+02 3.665256837742549316e+12
8.925000000000000000e+02 3.714661218034472656e+12
8.950000000000000000e+02 3.764660510919928223e+12
8.975000000000000000e+02 3.815244340605148438e+12
9.000000000000000000e+02 3.866401722982804688e+12
9.025000000000000000e+02 3.918121048402458008e+12
9.050000000000000000e+02 3.970390063347010254e+12
9.075000000000000000e+02 4.023195851060242188e+12
9.100000000000000000e+02 4.076524811177198242e+12
9.125000000000000000e+02 4.130362638414419922e+12
9.150000000000000000e+02 4.184694300382260254e+12
9.175000000000000000e+02 4.239504014587392090e+12
9.200000000000000000e+02 4.294775224698089355e+12
9.225000000000000000e+02 4.350490576150273438e+12
9.250000000000000000e+02 4.406631891176527344e+12
9.275000000000000000e+02 4.463180143345075195e+12
9.300000000000000000e+02 4.520115431700302734e+12
9.325000000000000000e+02 4.577416954600165039e+12
9.350000000000000000e+02 4.635062983350294922e+12
9.375000000000000000e+02 4.693030835738509766e+12
9.400000000000000000e+02 4.751296849576469727e+12
9.425000000000000000e+02 4.809836356360869141e+12
9.450000000000000000e+02 4.868623655167921875e+12
9.475000000000000000e+02 4.927631986899959961e+12
9.500000000000000000e+02 4.986833509005779297e+12
9.525000000000000000e+02 5.046199270799914062e+12
9.550000000000000000e+02 5.105699189509319336e+12
9.575000000000000000e+02 5.165302027179167969e+12
9.600000000000000000e+02 5.224975368572536133e+12
9.625000000000000000e+02 5.284685600201925781e+12
9.650000000000000000e+02 5.344397890633791992e+12
9.675000000000000000e+02 5.404076172209591797e+12
9.700000000000000000e+02 5.463683124330147461e+12
9.725000000000000000e+02 5.523180158453332031e+12
9.750000000000000000e+02 5.582527404955998047e+12
9.775000000000000000e+02 5.641683702015972656e+12
9.800000000000000000e+02 5.700606586669688477e+12
9.825000000000000000e+02 5.759252288205687500e+12
9.850000000000000000e+02 5.817575724053310547e+12
9.875000000000000000e+02 5.875530498331136719e+12
9.900000000000000000e+02 5.933068903217243164e+12
9.925000000000000000e+02 5.990141923307958984e+12
9.950000000000000000e+02 6.046699243130786133e+12
9.975000000000000000e+02 6.102689257977787109e+12
1.000000000000000000e+03 6.158059088226205078e+12
1.002500000000000000e+03 6.212754597314034180e+12
1.005000000000000000e+03 6.266720413534695312e+12
1.007500000000000000e+03 6.319899955817142578e+12
1.010000000000000000e+03 6.372235463653565430e+12
1.012500000000000000e+03 6.423668031336438477e+12
1.015000000000000000e+03 6.474137646663298828e+12
1.017500000000000000e+03 6.523583234264318359e+12
1.020000000000000000e+03 6.571942703704665039e+12
1.022500000000000000e+03 6.619153002508648438e+12
1.025000000000000000e+03 6.665150174248236328e+12
1.027500000000000000e+03 6.709869421832478516e+12
1.030000000000000000e+03 6.753245176128817383e+12
1.032500000000000000e+03 6.795211170039827148e+12
1.035000000000000000e+03 6.835700518151891602e+12
1.037500000000000000e+03 6.874645802064304688e+12
1.040000000000000000e+03 6.911979161498128906e+12
1.042500000000000000e+03 6.947632391274839844e+12
1.045000000000000000e+03 6.981537044245354492e+12
1.047500000000000000e+03 7.013624540238411133e+12
1.050000000000000000e+03 7.043826281086308594e+12
1.052500000000000000e+03 7.072073771773965820e+12
1.055000000000000000e+03 7.098298747744001953e+12
1.057500000000000000e+03 7.122433308377845703e+12
1.060000000000000000e+03 7.144410056657111328e+12
1.062500000000000000e+03 7.164162244995843750e+12
1.065000000000000000e+03 7.181623927216609375e+12
1.067500000000000000e+03 7.196730116627825195e+12
1.070000000000000000e+03 7.209416950139818359e+12
1.072500000000000000e+03 7.219621858339548828e+12
1.075000000000000000e+03 7.227283741421354492e+12
1.077500000000000000e+03 7.232343150850150391e+12
1.080000000000000000e+03 7.234742476609109375e+12
1.082500000000000000e+03 7.234426139857175781e+12
1.085000000000000000e+03 7.231340790794922852e+12
1.087500000000000000e+03 7.225435511505186523e+12
1.090000000000000000e+03 7.216662023502651367e+12
1.092500000000000000e+03 7.204974899689186523e+12
1.095000000000000000e+03 7.190331780371404297e+12
1.097500000000000000e+03 7.172693592953743164e+12
1.100000000000000000e+03 7.152024774870939453e+12
1.102500000000000000e+03 7.128293499270673828e+12
1.105000000000000000e+03 7.101471902899203125e+12
1.107500000000000000e+03 7.071536315578193359e+12
1.110000000000000000e+03 7.038467490590601562e+12
1.112500000000000000e+03 7.002250835217295898e+12
1.115000000000000000e+03 6.962876640582182617e+12
1.117500000000000000e+03 6.920340309873538086e+12
1.120000000000000000e+03 6.874642583911248047e+12
1.122500000000000000e+03 6.825789762924874023e+12
1.125000000000000000e+03 6.773793923296179688e+12
1.127500000000000000e+03 6.718673127900279297e+12
1.130000000000000000e+03 6.660451628555336914e+12
1.132500000000000000e+03 6.599160058960980469e+12
1.135000000000000000e+03 6.534835616370434570e+12
1.137500000000000000e+03 6.467522230105987305e+12
1.140000000000000000e+03 6.397270714887966797e+12
1.142500000000000000e+03 6.324138906813030273e+12
1.145000000000000000e+03 6.248191779684632812e+12
1.147500000000000000e+03 6.169501539275124023e+12
1.150000000000000000e+03 6.088147692985968750e+12
1.152500000000000000e+03 6.004217092275118164e+12
1.155000000000000000e+03 5.917803945145591797e+12
1.157500000000000000e+03 5.829009795936775391e+12
1.160000000000000000e+03 5.737943469642647461e+12
1.162500000000000000e+03 5.644720977998153320e+12
1.165000000000000000e+03 5.549465384638625000e+12
1.167500000000000000e+03 5.452306626748761719e+12
1.170000000000000000e+03 5.353381290787379883e+12
1.172500000000000000e+03 5.252832340105705078e+12
1.175000000000000000e+03 5.150808792576236328e+12
1.177500000000000000e+03 5.047465346721299805e+12
1.180000000000000000e+03 4.942961955278333984e+12
1.182500000000000000e+03 4.837463345663971680e+12
1.185000000000000000e+03 4.731138487401742188e+12
1.187500000000000000e+03 4.624160007256867188e+12
1.190000000000000000e+03 4.516703553569824219e+12
1.192500000000000000e+03 4.408947112091413086e+12
1.195000000000000000e+03 4.301070276485198242e+12
1.197500000000000000e+03 4.193253477564028320e+12
1.200000000000000000e+03 4.085677176247605957e+12
1.202500000000000000e+03 3.978521026149636719e+12
1.205000000000000000e+03 3.871963012599540039e+12
1.207500000000000000e+03 3.766178575751036621e+12
1.210000000000000000e+03 3.661339726201434570e+12
1.212500000000000000e+03 3.557614162209309082e+12
1.215000000000000000e+03 3.455164398129748047e+12
1.217500000000000000e+03 3.354146914057336914e+12
1.220000000000000000e+03 3.254711336850080078e+12
1.222500000000000000e+03 3.156999662689179688e+12
1.225000000000000000e+03 3.061145531084739258e+12
1.227500000000000000e+03 2.967273559767789551e+12
1.230000000000000000e+03 2.875498749204137207e+12
1.232500000000000000e+03 2.785925964538522949e+12
1.235000000000000000e+03 2.698649501640111328e+12
1.237500000000000000e+03 2.613752742598150879e+12
1.240000000000000000e+03 2.531307904540927246e+12
1.242500000000000000e+03 2.451375884060850586e+12
1.245000000000000000e+03 2.374006197869725098e+12
1.247500000000000000e+03 2.299237018627374023e+12
1.250000000000000000e+03 2.227095303237405762e+12
1.252500000000000000e+03 2.157597009333442871e+12
1.255000000000000000e+03 2.090747394238879150e+12
1.257500000000000000e+03 2.026541389412355957e+12
1.260000000000000000e+03 1.964964042329500488e+12
1.262500000000000000e+03 1.905991016925030029e+12
1.265000000000000000e+03 1.849589143147361084e+12
1.267500000000000000e+03 1.795717005868618896e+12
1.270000000000000000e+03 1.744325563345195801e+12
1.272500000000000000e+03 1.695358785624724365e+12
1.275000000000000000e+03 1.648754303725857178e+12
1.277500000000000000e+03 1.604444061048047852e+12
1.280000000000000000e+03 1.562354959265703613e+12
1.282500000000000000e+03 1.522409491887402100e+12
1.285000000000000000e+03 1.484526359674065186e+12
1.287500000000000000e+03 1.448621063172057129e+12
1.290000000000000000e+03 1.414606468685231934e+12
1.292500000000000000e+03 1.382393345051333008e+12
1.295000000000000000e+03 1.351890869568371582e+12
1.297500000000000000e+03 1.323007102310311523e+12
1.300000000000000000e+03 1.295649428857248535e+12
1.302500000000000000e+03 1.269724972129563232e+12
1.305000000000000000e+03 1.245140974549490723e+12
1.307500000000000000e+03 1.221805152155405762e+12
1.310000000000000000e+03 1.199626022567897705e+12
1.312500000000000000e+03 1.178513208859290527e+12
1.315000000000000000e+03 1.158377721422875977e+12
1.317500000000000000e+03 1.139132219888918213e+12
1.320000000000000000e+03 1.120691257009093262e+12
1.322500000000000000e+03 1.102971506245642822e+12
1.325000000000000000e+03 1.085891974575190552e+12
1.327500000000000000e+03 1.069374201765986206e+12
1.330000000000000000e+03 1.053342447125492432e+12
1.332500000000000000e+03 1.037723864458314697e+12
1.335000000000000000e+03 1.022448665729444458e+12
1.337500000000000000e+03 1.007450273706320801e+12
1.340000000000000000e+03 9.926654636583591309e+11
1.342500000000000000e+03 9.780344940286824951e+11
1.345000000000000000e+03 9.635012258599011230e+11
1.347500000000000000e+03 9.490132306536267090e+11
1.350000000000000000e+03 9.345218862693084717e+11
1.352500000000000000e+03 9.199824604176477051e+11
1.355000000000000000e+03 9.053541812755384521e+11
1.357500000000000000e+03 8.906002947354461670e+11
1.360000000000000000e+03 8.756881078016761475e+11
1.362500000000000000e+03 8.605890176528981934e+11
1.365000000000000000e+03 8.452785259034880371e+11
1.367500000000000000e+03 8.297362376117294922e+11
1.370000000000000000e+03 8.139458446015452881e+11
1.372500000000000000e+03 7.978950926848686523e+11
1.375000000000000000e+03 7.815757323952360840e+11
1.377500000000000000e+03 7.649834528720664062e+11
1.380000000000000000e+03 7.481177985711215820e+11
1.382500000000000000e+03 7.309820685238632812e+11
1.385000000000000000e+03 7.135831979291054688e+11
1.387500000000000000e+03 6.959316219396660156e+11
1.390000000000000000e+03 6.780411216055537109e+11
1.392500000000000000e+03 6.599286520583275146e+11
1.395000000000000000e+03 6.416141531690057373e+11
1.397500000000000000e+03 6.231203430861041260e+11
1.400000000000000000e+03 6.044724952593975830e+11
1.402500000000000000e+03 5.856981997782938232e+11
1.405000000000000000e+03 5.668271100970690918e+11
1.407500000000000000e+03 5.478906764784801636e+11
1.410000000000000000e+03 5.289218677559831543e+11
1.412500000000000000e+03 5.099548832861247559e+11
1.415000000000000000e+03 4.910248572279535522e+11
1.417500000000000000e+03 4.721675575365612793e+11
1.420000000000000000e+03 4.534190822846357422e+11
1.422500000000000000e+03 4.348155561182920532e+11
1.425000000000000000e+03 4.163928298039584961e+11
1.427500000000000000e+03 3.981861859238208618e+11
1.430000000000000000e+03 3.802300538194839478e+11
1.432500000000000000e+03 3.625577368657005615e+11
1.435000000000000000e+03 3.452011550705064087e+11
1.437500000000000000e+03 3.281906058480319214e+11
1.440000000000000000e+03 3.115545455939069214e+11
1.442500000000000000e+03 2.953193944156631470e+11
1.445000000000000000e+03 2.795093660369018555e+11
1.447500000000000000e+03 2.641463245122582092e+11
1.450000000000000000e+03 2.492496689702273865e+11
1.452500000000000000e+03 2.348362471524499817e+11
1.455000000000000000e+03 2.209202980554199829e+11
1.457500000000000000e+03 2.075134235128365479e+11
1.460000000000000000e+03 1.946245880999233398e+11
1.462500000000000000e+03 1.822601463036803284e+11
1.465000000000000000e+03 1.704238954993092957e+11
1.467500000000000000e+03 1.591171529096263123e+11
1.470000000000000000e+03 1.483388544117084656e+11
1.472500000000000000e+03 1.380856727980289307e+11
1.475000000000000000e+03 1.283521529026793213e+11
1.477500000000000000e+03 1.191308608686769409e+11
1.480000000000000000e+03 1.104125447604242554e+11
1.482500000000000000e+03 1.021863037138400421e+11
1.485000000000000000e+03 9.443976286178619385e+10
1.487500000000000000e+03 8.715925137061367798e+10
1.490000000000000000e+03 8.032998106616726685e+10
1.492500000000000000e+03 7.393622331077565002e+10
1.495000000000000000e+03 6.796148200544429779e+10
1.497500000000000000e+03 6.238866082980202484e+10
1.500000000000000000e+03 5.720022308463423157e+10
1.502500000000000000e+03 5.237834276400309753e+10
1.505000000000000000e+03 4.790504574710539246e+10
1.507500000000000000e+03 4.376234025836031342e+10
1.510000000000000000e+03 3.993233599336991882e+10
1.512500000000000000e+03 3.639735154178150177e+10
1.515000000000000000e+03 3.314000995431588364e+10
1.517500000000000000e+03 3.014332249565764236e+10
1.520000000000000000e+03 2.739076079777988815e+10
1.522500000000000000e+03 2.486631777580301666e+10
1.525000000000000000e+03 2.255455779353589630e+10
1.527500000000000000e+03 2.044065666635666275e+10
1.530000000000000000e+03 1.851043216683124924e+10
1.532500000000000000e+03 1.675036575562214279e+10
1.535000000000000000e+03 1.514761629661843681e+10
1.537500000000000000e+03 1.369002653469962502e+10
1.540000000000000000e+03 1.236612311759313011e+10
1.542500000000000000e+03 1.116511093375161171e+10
1.545000000000000000e+03 1.007686251584076118e+10
1.547500000000000000e+03 9.091903229030569077e+09
1.550000000000000000e+03 8.201392924725409508e+09
1.552500000000000000e+03 7.397104696464020729e+09
1.555000000000000000e+03 6.671401327016162872e+09
1.557500000000000000e+03 6.017209965477725029e+09
1.560000000000000000e+03 5.427995521902374268e+09
1.562500000000000000e+03 4.897733215544340134e+09
1.565000000000000000e+03 4.420880662848541260e+09
1.567500000000000000e+03 3.992349842251105785e+09
1.570000000000000000e+03 3.607479226759980202e+09
1.572500000000000000e+03 3.262006331361253738e+09
1.575000000000000000e+03 2.952040882243164062e+09
1.577500000000000000e+03 2.674038776909975529e+09
1.580000000000000000e+03 2.424776970575555801e+09
1.582500000000000000e+03 2.201329393653777122e+09
1.585000000000000000e+03 2.001043977695911407e+09
1.587500000000000000e+03 1.821520843144368649e+09
1.590000000000000000e+03 1.660591681219669104e+09
1.592500000000000000e+03 1.516300344276394367e+09
1.595000000000000000e+03 1.386884643030545950e+09
1.597500000000000000e+03 1.270759336978853226e+09
1.600000000000000000e+03 1.166500292684841156e+09
1.602500000000000000e+03 1.072829776481722355e+09
1.605000000000000000e+03 9.886028413754091263e+08
1.607500000000000000e+03 9.127947621065864563e+08
1.610000000000000000e+03 8.444894693177118301e+08
1.612500000000000000e+03 7.828689305398586988e+08
1.615000000000000000e+03 7.272034244826421738e+08
1.617500000000000000e+03 6.768426544109351635e+08
1.620000000000000000e+03 6.312076465198180676e+08
1.622500000000000000e+03 5.897833799282506704e+08
1.625000000000000000e+03 5.521120961829072237e+08
1.627500000000000000e+03 5.177872378857961893e+08
1.630000000000000000e+03 4.864479676197708845e+08
1.632500000000000000e+03 4.577742212880590558e+08
1.635000000000000000e+03 4.314822513850916028e+08
1.637500000000000000e+03 4.073206190610600114e+08
1.640000000000000000e+03 3.850665954616963267e+08
1.642500000000000000e+03 3.645229362412674427e+08
1.645000000000000000e+03 3.455149948706339598e+08
1.647500000000000000e+03 3.278881432736452818e+08
1.650000000000000000e+03 3.115054705072826743e+08
1.652500000000000000e+03 2.962457325551045537e+08
1.655000000000000000e+03 2.820015284943212867e+08
1.657500000000000000e+03 2.686776803633841276e+08
1.660000000000000000e+03 2.561897961906246841e+08
1.662500000000000000e+03 2.444629971803203821e+08
1.665000000000000000e+03 2.334307924450143576e+08
1.667500000000000000e+03 2.230340857330181003e+08
1.670000000000000000e+03 2.132203008240908682e+08
1.672500000000000000e+03 2.039426132447395325e+08
1.675000000000000000e+03 1.951592781957257986e+08
1.677500000000000000e+03 1.868330456011914611e+08
1.680000000000000000e+03 1.789306550456505418e+08
1.682500000000000000e+03 1.714224051531404257e+08
1.685000000000000000e+03 1.642817937159381211e+08
1.687500000000000000e+03 1.574852271752085686e+08
1.690000000000000000e+03 1.510118004091893435e+08
1.692500000000000000e+03 1.448431506286396384e+08
1.695000000000000000e+03 1.389633917038320899e+08
1.697500000000000000e+03 1.333591384780219048e+08
1.700000000000000000e+03 1.280196310677356571e+08
1.702500000000000000e+03 1.229369673502378762e+08
1.705000000000000000e+03 1.181064415510435998e+08
1.707500000000000000e+03 1.135269603676606566e+08
1.710000000000000000e+03 1.092014530554146618e+08
1.712500000000000000e+03 1.051370823112482727e+08
1.715000000000000000e+03 1.013448657382915020e+08
1.717500000000000000e+03 9.783798246848580241e+07
1.720000000000000000e+03 9.462751445421004295e+07
1.722500000000000000e+03 9.171363421644189954e+07
1.725000000000000000e+03 8.906940003944596648e+07
1.727500000000000000e+03 8.661375954308548570e+07
1.730000000000000000e+03 8.417110623501911759e+07
1.732500000000000000e+03 8.141873335494554043e+07
1.735000000000000000e+03 7.783358267080837488e+07
1.737500000000000000e+03 7.266782759313525259e+07
1.740000000000000000e+03 6.500548443257257342e+07
1.742500000000000000e+03 5.396187197095066309e+07
1.745000000000000000e+03 3.904808881514824182e+07
1.747500000000000000e+03 2.059962860525824502e+07
