-2.500000000000000000e+01 9.999999859995689633e-01
2.500000000000000000e+01 9.999999859995689633e-01
7.500000000000000000e+01 9.999999857310120088e-01
1.250000000000000000e+02 9.999999852514620535e-01
1.750000000000000000e+02 9.999999846345929422e-01
2.250000000000000000e+02 9.999999839393729495e-01
2.750000000000000000e+02 9.999999832021320145e-01
3.250000000000000000e+02 9.999999824408190019e-01
3.750000000000000000e+02 9.999999816618838633e-01
4.250000000000000000e+02 9.999999808656809819e-01
4.750000000000000000e+02 9.999999800498550195e-01
5.250000000000000000e+02 9.999999792111089469e-01
5.750000000000000000e+02 9.999999783460499225e-01
6.250000000000000000e+02 9.999999774515100359e-01
6.750000000000000000e+02 9.999999765246299077e-01
7.250000000000000000e+02 9.999999755628389275e-01
7.750000000000000000e+02 9.999999745637999649e-01
8.250000000000000000e+02 9.999999735253199962e-01
8.750000000000000000e+02 9.999999724453320082e-01
9.250000000000000000e+02 9.999999713218139519e-01
9.750000000000000000e+02 9.999999701527679807e-01
1.025000000000000000e+03 9.999999689361779298e-01
1.075000000000000000e+03 9.999999676699919959e-01
1.125000000000000000e+03 9.999999663521189630e-01
1.175000000000000000e+03 9.999999649803928969e-01
1.225000000000000000e+03 9.999999635525909092e-01
1.275000000000000000e+03 9.999999620664029587e-01
1.325000000000000000e+03 9.999999605194379582e-01
1.375000000000000000e+03 9.999999589092269936e-01
1.425000000000000000e+03 9.999999572331959019e-01
1.475000000000000000e+03 9.999999554886629394e-01
1.525000000000000000e+03 9.999999536728410021e-01
1.575000000000000000e+03 9.999999517828319640e-01
1.625000000000000000e+03 9.999999498156149080e-01
1.675000000000000000e+03 9.999999477680399096e-01
1.725000000000000000e+03 9.999999456368429129e-01
1.775000000000000000e+03 9.999999434186189751e-01
1.825000000000000000e+03 9.999999411098279278e-01
1.875000000000000000e+03 9.999999387067889378e-01
1.925000000000000000e+03 9.999999362056559704e-01
1.975000000000000000e+03 9.999999336024329999e-01
2.025000000000000000e+03 9.999999308929559128e-01
2.075000000000000000e+03 9.999999280728869566e-01
2.125000000000000000e+03 9.999999251377078568e-01
2.175000000000000000e+03 9.999999220827179292e-01
2.225000000000000000e+03 9.999999189030119862e-01
2.275000000000000000e+03 9.999999155935079820e-01
2.325000000000000000e+03 9.999999121489020482e-01
2.375000000000000000e+03 9.999999085636860352e-01
2.425000000000000000e+03 9.999999048321209782e-01
2.475000000000000000e+03 9.999999009482489765e-01
2.525000000000000000e+03 9.999998969058628839e-01
2.575000000000000000e+03 9.999998926985038672e-01
2.625000000000000000e+03 9.999998883194369803e-01
2.675000000000000000e+03 9.999998837616599356e-01
2.725000000000000000e+03 9.999998790178739050e-01
2.775000000000000000e+03 9.999998740804919573e-01
2.825000000000000000e+03 9.999998689416089714e-01
2.875000000000000000e+03 9.999998635929989721e-01
2.925000000000000000e+03 9.999998580260939240e-01
2.975000000000000000e+03 9.999998522319929473e-01
3.025000000000000000e+03 9.999998462014229039e-01
3.075000000000000000e+03 9.999998399247358449e-01
3.125000000000000000e+03 9.999998333919029037e-01
3.175000000000000000e+03 9.999998265924718854e-01
3.225000000000000000e+03 9.999998195155710423e-01
3.275000000000000000e+03 9.999998121498719916e-01
3.325000000000000000e+03 9.999998044835940458e-01
3.375000000000000000e+03 9.999997965044580273e-01
3.425000000000000000e+03 9.999997881996869342e-01
3.475000000000000000e+03 9.999997795559909530e-01
3.525000000000000000e+03 9.999997705595369268e-01
3.575000000000000000e+03 9.999997611959220434e-01
3.625000000000000000e+03 9.999997514501699492e-01
3.675000000000000000e+03 9.999997413066779028e-01
3.725000000000000000e+03 9.999997307492130005e-01
3.775000000000000000e+03 9.999997197608909705e-01
3.825000000000000000e+03 9.999997083241259910e-01
3.875000000000000000e+03 9.999996964206239181e-01
3.925000000000000000e+03 9.999996840313259971e-01
3.975000000000000000e+03 9.999996711363989821e-01
4.025000000000000000e+03 9.999996577152149291e-01
4.075000000000000000e+03 9.999996437462969068e-01
4.125000000000000000e+03 9.999996292072920179e-01
4.175000000000000000e+03 9.999996140749408680e-01
4.225000000000000000e+03 9.999995983250189457e-01
4.275000000000000000e+03 9.999995819323229673e-01
4.325000000000000000e+03 9.999995648706269114e-01
4.375000000000000000e+03 9.999995471126189583e-01
4.425000000000000000e+03 9.999995286298949404e-01
4.475000000000000000e+03 9.999995093928809586e-01
4.525000000000000000e+03 9.999994893707999655e-01
4.575000000000000000e+03 9.999994685316209164e-01
4.625000000000000000e+03 9.999994468419899363e-01
4.675000000000000000e+03 9.999994242672058942e-01
4.725000000000000000e+03 9.999994007711309196e-01
4.775000000000000000e+03 9.999993763161628690e-01
4.825000000000000000e+03 9.999993508631639383e-01
4.875000000000000000e+03 9.999993243714060398e-01
4.925000000000000000e+03 9.999992967984869807e-01
4.975000000000000000e+03 9.999992681002949357e-01
5.025000000000000000e+03 9.999992382308999783e-01
5.075000000000000000e+03 9.999992071425209961e-01
5.125000000000000000e+03 9.999991747854029001e-01
5.175000000000000000e+03 9.999991411077719938e-01
5.225000000000000000e+03 9.999991060557389400e-01
5.275000000000000000e+03 9.999990695732039470e-01
5.325000000000000000e+03 9.999990316017869363e-01
5.375000000000000000e+03 9.999989920807259569e-01
5.425000000000000000e+03 9.999989509467719362e-01
5.475000000000000000e+03 9.999989081341169594e-01
5.525000000000000000e+03 9.999988635742559362e-01
5.575000000000000000e+03 9.999988171958849037e-01
5.625000000000000000e+03 9.999987689248019951e-01
5.675000000000000000e+03 9.999987186837389075e-01
5.725000000000000000e+03 9.999986663923079444e-01
5.775000000000000000e+03 9.999986119668269335e-01
5.825000000000000000e+03 9.999985553202059840e-01
5.875000000000000000e+03 9.999984963617999378e-01
5.925000000000000000e+03 9.999984349972679265e-01
5.975000000000000000e+03 9.999983711284229360e-01
6.025000000000000000e+03 9.999983046530579456e-01
6.075000000000000000e+03 9.999982354648049299e-01
6.125000000000000000e+03 9.999981634529488961e-01
6.175000000000000000e+03 9.999980885022539123e-01
6.225000000000000000e+03 9.999980104927769231e-01
6.275000000000000000e+03 9.999979292996939995e-01
6.325000000000000000e+03 9.999978447930869541e-01
6.375000000000000000e+03 9.999977568377249604e-01
6.425000000000000000e+03 9.999976652928629361e-01
6.475000000000000000e+03 9.999975700119989597e-01
6.525000000000000000e+03 9.999974708426698777e-01
6.575000000000000000e+03 9.999973676261879607e-01
6.625000000000000000e+03 9.999972601973939890e-01
6.675000000000000000e+03 9.999971483843939080e-01
6.725000000000000000e+03 9.999970320082498532e-01
6.775000000000000000e+03 9.999969108827579944e-01
6.825000000000000000e+03 9.999967848140999260e-01
6.875000000000000000e+03 9.999966536005379103e-01
6.925000000000000000e+03 9.999965170321138963e-01
6.975000000000000000e+03 9.999963748902960248e-01
7.025000000000000000e+03 9.999962269476209142e-01
7.075000000000000000e+03 9.999960729673529336e-01
7.125000000000000000e+03 9.999959127030929595e-01
7.175000000000000000e+03 9.999957458983979031e-01
7.225000000000000000e+03 9.999955722863549390e-01
7.275000000000000000e+03 9.999953915891639511e-01
7.325000000000000000e+03 9.999952035176939980e-01
7.375000000000000000e+03 9.999950077710090257e-01
7.425000000000000000e+03 9.999948040358879187e-01
7.475000000000000000e+03 9.999945919863179045e-01
7.525000000000000000e+03 9.999943712829929554e-01
7.575000000000000000e+03 9.999941415727379157e-01
7.625000000000000000e+03 9.999939024879869187e-01
7.675000000000000000e+03 9.999936536461679903e-01
7.725000000000000000e+03 9.999933946491059711e-01
7.775000000000000000e+03 9.999931250823749229e-01
7.825000000000000000e+03 9.999928445146469835e-01
7.875000000000000000e+03 9.999925524969839330e-01
7.925000000000000000e+03 9.999922485621359769e-01
7.975000000000000000e+03 9.999919322237820207e-01
8.025000000000000000e+03 9.999916029757379698e-01
8.075000000000000000e+03 9.999912602911800175e-01
8.125000000000000000e+03 9.999909036217768943e-01
8.175000000000000000e+03 9.999905323968238946e-01
8.225000000000000000e+03 9.999901460223239447e-01
8.275000000000000000e+03 9.999897438800608995e-01
8.325000000000000000e+03 9.999893253265620396e-01
8.375000000000000000e+03 9.999888896921369508e-01
8.425000000000000000e+03 9.999884362797299975e-01
8.475000000000000000e+03 9.999879643638720506e-01
8.525000000000000000e+03 9.999874731894778934e-01
8.575000000000000000e+03 9.999869619706559520e-01
8.625000000000000000e+03 9.999864298894348691e-01
8.675000000000000000e+03 9.999858760944749791e-01
8.725000000000000000e+03 9.999852996996989596e-01
8.775000000000000000e+03 9.999846997828589767e-01
8.825000000000000000e+03 9.999840753840959495e-01
8.875000000000000000e+03 9.999834255043860143e-01
8.925000000000000000e+03 9.999827491039439131e-01
8.975000000000000000e+03 9.999820451005559940e-01
9.025000000000000000e+03 9.999813123678420457e-01
9.075000000000000000e+03 9.999805497334770532e-01
9.125000000000000000e+03 9.999797559772799493e-01
9.175000000000000000e+03 9.999789298292999229e-01
9.225000000000000000e+03 9.999780699677639495e-01
9.275000000000000000e+03 9.999771750169799134e-01
9.325000000000000000e+03 9.999762435451109432e-01
9.375000000000000000e+03 9.999752740619338720e-01
9.425000000000000000e+03 9.999742650164069602e-01
9.475000000000000000e+03 9.999732147942208549e-01
9.525000000000000000e+03 9.999721217151900099e-01
9.575000000000000000e+03 9.999709840305840425e-01
9.625000000000000000e+03 9.999697999203329690e-01
9.675000000000000000e+03 9.999685674901018784e-01
9.725000000000000000e+03 9.999672847682850030e-01
9.775000000000000000e+03 9.999659497028549060e-01
9.825000000000000000e+03 9.999645601580640086e-01
9.875000000000000000e+03 9.999631139110559674e-01
9.925000000000000000e+03 9.999616086482729926e-01
9.975000000000000000e+03 9.999600419618069891e-01
1.002500000000000000e+04 9.999584113455030066e-01
1.007500000000000000e+04 9.999567141909959656e-01
1.012500000000000000e+04 9.999549477835230071e-01
1.017500000000000000e+04 9.999531092975939561e-01
1.022500000000000000e+04 9.999511957924649419e-01
1.027500000000000000e+04 9.999492042074490383e-01
1.032500000000000000e+04 9.999471313570109654e-01
1.037500000000000000e+04 9.999449739257040282e-01
1.042500000000000000e+04 9.999427284628470414e-01
1.047500000000000000e+04 9.999403913770529284e-01
1.052500000000000000e+04 9.999379589304480120e-01
1.057500000000000000e+04 9.999354272327489745e-01
1.062500000000000000e+04 9.999327922350119691e-01
1.067500000000000000e+04 9.999300497231878859e-01
1.072500000000000000e+04 9.999271953113999523e-01
1.077500000000000000e+04 9.999242244349200170e-01
1.082500000000000000e+04 9.999211323429029186e-01
1.087500000000000000e+04 9.999179140908059926e-01
1.092500000000000000e+04 9.999145645324859499e-01
1.097500000000000000e+04 9.999110783120129797e-01
1.102500000000000000e+04 9.999074498550929446e-01
1.107500000000000000e+04 9.999036733601819327e-01
1.112500000000000000e+04 9.998997427892488687e-01
1.117500000000000000e+04 9.998956518581340047e-01
1.122500000000000000e+04 9.998913940265099498e-01
1.127500000000000000e+04 9.998869624875059703e-01
1.132500000000000000e+04 9.998823501568019356e-01
1.137500000000000000e+04 9.998775496613819813e-01
1.142500000000000000e+04 9.998725533277559308e-01
1.147500000000000000e+04 9.998673531697649386e-01
1.152500000000000000e+04 9.998619408758190330e-01
1.157500000000000000e+04 9.998563077956940104e-01
1.162500000000000000e+04 9.998504449267379135e-01
1.167500000000000000e+04 9.998443428995460458e-01
1.172500000000000000e+04 9.998379919630440149e-01
1.177500000000000000e+04 9.998313819689549353e-01
1.182500000000000000e+04 9.998245023556618927e-01
1.187500000000000000e+04 9.998173421314289211e-01
1.192500000000000000e+04 9.998098898568840154e-01
1.197500000000000000e+04 9.998021336268749781e-01
1.202500000000000000e+04 9.997940610515279047e-01
1.207500000000000000e+04 9.997856592365519379e-01
1.212500000000000000e+04 9.997769147627759700e-01
1.217500000000000000e+04 9.997678136648220359e-01
1.222500000000000000e+04 9.997583414089319387e-01
1.227500000000000000e+04 9.997484828699160220e-01
1.232500000000000000e+04 9.997382223071189511e-01
1.237500000000000000e+04 9.997275433394999800e-01
1.242500000000000000e+04 9.997164289196219800e-01
1.247500000000000000e+04 9.997048613066878975e-01
1.252500000000000000e+04 9.996928220383649588e-01
1.257500000000000000e+04 9.996802919016088973e-01
1.262500000000000000e+04 9.996672509022299646e-01
1.267500000000000000e+04 9.996536782332658966e-01
1.272500000000000000e+04 9.996395522420760127e-01
1.277500000000000000e+04 9.996248503961040477e-01
1.282500000000000000e+04 9.996095492473020538e-01
1.287500000000000000e+04 9.995936243950739319e-01
1.292500000000000000e+04 9.995770504477859975e-01
1.297500000000000000e+04 9.995598009827159069e-01
1.302500000000000000e+04 9.995418485044019752e-01
1.307500000000000000e+04 9.995231644013159444e-01
1.312500000000000000e+04 9.995037189008399992e-01
1.317500000000000000e+04 9.994834810224060284e-01
1.322500000000000000e+04 9.994624185287999119e-01
1.327500000000000000e+04 9.994404978755010438e-01
1.332500000000000000e+04 9.994176841580340032e-01
1.337500000000000000e+04 9.993939410571899273e-01
1.342500000000000000e+04 9.993692307821159249e-01
1.347500000000000000e+04 9.993435140111189829e-01
1.352500000000000000e+04 9.993167498301389617e-01
1.357500000000000000e+04 9.992888956687859814e-01
1.362500000000000000e+04 9.992599072338479438e-01
1.367500000000000000e+04 9.992297384402099025e-01
1.372500000000000000e+04 9.991983413389859958e-01
1.377500000000000000e+04 9.991656660428819281e-01
1.382500000000000000e+04 9.991316606486100316e-01
1.387500000000000000e+04 9.990962711562509924e-01
1.392500000000000000e+04 9.990594413854559930e-01
1.397500000000000000e+04 9.990211128884249892e-01
1.402500000000000000e+04 9.989812248594089894e-01
1.407500000000000000e+04 9.989397140407619835e-01
1.412500000000000000e+04 9.988965146253059313e-01
1.417500000000000000e+04 9.988515581549219924e-01
1.422500000000000000e+04 9.988047734152319945e-01
1.427500000000000000e+04 9.987560863261889521e-01
1.432500000000000000e+04 9.987054198284759376e-01
1.437500000000000000e+04 9.986526937655398894e-01
1.442500000000000000e+04 9.985978247610719505e-01
1.447500000000000000e+04 9.985407260918459649e-01
1.452500000000000000e+04 9.984813075557159578e-01
1.457500000000000000e+04 9.984194753345430051e-01
1.462500000000000000e+04 9.983551318520159645e-01
1.467500000000000000e+04 9.982881756260160167e-01
1.472500000000000000e+04 9.982185011154839360e-01
1.477500000000000000e+04 9.981459985615499519e-01
1.482500000000000000e+04 9.980705538226679607e-01
1.487500000000000000e+04 9.979920482036609419e-01
1.492500000000000000e+04 9.979103582784090154e-01
1.497500000000000000e+04 9.978253557059819645e-01
1.502500000000000000e+04 9.977369070400499140e-01
1.507500000000000000e+04 9.976448735312699601e-01
1.512500000000000000e+04 9.975491109225029795e-01
1.517500000000000000e+04 9.974494692366089321e-01
1.522500000000000000e+04 9.973457925565980542e-01
1.527500000000000000e+04 9.972379187978550608e-01
1.532500000000000000e+04 9.971256794723160066e-01
1.537500000000000000e+04 9.970088994441779207e-01
1.542500000000000000e+04 9.968873966771190087e-01
1.547500000000000000e+04 9.967609819725928855e-01
1.552500000000000000e+04 9.966294586990679383e-01
1.557500000000000000e+04 9.964926225118948544e-01
1.562500000000000000e+04 9.963502610636608692e-01
1.567500000000000000e+04 9.962021537046059638e-01
1.572500000000000000e+04 9.960480711730259618e-01
1.577500000000000000e+04 9.958877752753259038e-01
1.582500000000000000e+04 9.957210185554979942e-01
1.587500000000000000e+04 9.955475439537629923e-01
1.592500000000000000e+04 9.953670844541819829e-01
1.597500000000000000e+04 9.951793627209989390e-01
1.602500000000000000e+04 9.949840907234459575e-01
1.607500000000000000e+04 9.947809693488238736e-01
1.612500000000000000e+04 9.945696880036800636e-01
1.617500000000000000e+04 9.943499242028038809e-01
1.622500000000000000e+04 9.941213431459410277e-01
1.627500000000000000e+04 9.938835972820380116e-01
1.632500000000000000e+04 9.936363258608429394e-01
1.637500000000000000e+04 9.933791544717479605e-01
1.642500000000000000e+04 9.931116945697500142e-01
1.647500000000000000e+04 9.928335429884400654e-01
1.652500000000000000e+04 9.925442814400080582e-01
1.657500000000000000e+04 9.922434760021139333e-01
1.662500000000000000e+04 9.919306765918229907e-01
1.667500000000000000e+04 9.916054164264660464e-01
1.672500000000000000e+04 9.912672114715739280e-01
1.677500000000000000e+04 9.909155598760770456e-01
1.682500000000000000e+04 9.905499413947739251e-01
1.687500000000000000e+04 9.901698167985208965e-01
1.692500000000000000e+04 9.897746272722178773e-01
1.697500000000000000e+04 9.893637938010779731e-01
1.702500000000000000e+04 9.889367165455590358e-01
1.707500000000000000e+04 9.884927742053819522e-01
1.712500000000000000e+04 9.880313233733609701e-01
1.717500000000000000e+04 9.875516978795009226e-01
1.722500000000000000e+04 9.870532081262999302e-01
1.727500000000000000e+04 9.865351404160109805e-01
1.732500000000000000e+04 9.859967562708329414e-01
1.737500000000000000e+04 9.854372917471589943e-01
1.742500000000000000e+04 9.848559567449670649e-01
1.747500000000000000e+04 9.842519343138359522e-01
1.752500000000000000e+04 9.836243799568890056e-01
1.757500000000000000e+04 9.829724209344630204e-01
1.762500000000000000e+04 9.822951555691379344e-01
1.767500000000000000e+04 9.815916525541289461e-01
1.772500000000000000e+04 9.808609502671828961e-01
1.777500000000000000e+04 9.801020560922970581e-01
1.782500000000000000e+04 9.793139457517410218e-01
1.787500000000000000e+04 9.784955626511340210e-01
1.792500000000000000e+04 9.776458172404889346e-01
1.797500000000000000e+04 9.767635863944429397e-01
1.802500000000000000e+04 9.758477128150320201e-01
1.807500000000000000e+04 9.748970044607220276e-01
1.812500000000000000e+04 9.739102340055479923e-01
1.817500000000000000e+04 9.728861383326778967e-01
1.822500000000000000e+04 9.718234180667609801e-01
1.827500000000000000e+04 9.707207371498709492e-01
1.832500000000000000e+04 9.695767224661500094e-01
1.837500000000000000e+04 9.683899635204720191e-01
1.842500000000000000e+04 9.671590121767769110e-01
1.847500000000000000e+04 9.658823824621889376e-01
1.852500000000000000e+04 9.645585504430979062e-01
1.857500000000000000e+04 9.631859541800249502e-01
1.862500000000000000e+04 9.617629937680709507e-01
1.867500000000000000e+04 9.602880314704049791e-01
1.872500000000000000e+04 9.587593919523539343e-01
1.877500000000000000e+04 9.571753626240239177e-01
1.882500000000000000e+04 9.555341940998369754e-01
1.887500000000000000e+04 9.538341007833989194e-01
1.892500000000000000e+04 9.520732615866479565e-01
1.897500000000000000e+04 9.502498207924379159e-01
1.902500000000000000e+04 9.483618890698319870e-01
1.907500000000000000e+04 9.464075446519230050e-01
1.912500000000000000e+04 9.443848346857679488e-01
1.917500000000000000e+04 9.422917767646499243e-01
1.922500000000000000e+04 9.401263606525829264e-01
1.927500000000000000e+04 9.378865502114219765e-01
1.932500000000000000e+04 9.355702855407208585e-01
1.937500000000000000e+04 9.331754853405989092e-01
1.942500000000000000e+04 9.307000495076940272e-01
1.947500000000000000e+04 9.281418619743089238e-01
1.952500000000000000e+04 9.254987938003559345e-01
1.957500000000000000e+04 9.227687065276589662e-01
1.962500000000000000e+04 9.199494558056939830e-01
1.967500000000000000e+04 9.170388952971659791e-01
1.972500000000000000e+04 9.140348808715619278e-01
1.977500000000000000e+04 9.109352750938050081e-01
1.982500000000000000e+04 9.077379520143988856e-01
1.987500000000000000e+04 9.044408022665908486e-01
1.992500000000000000e+04 9.010417384748219405e-01
1.997500000000000000e+04 8.975387009775299685e-01
2.002500000000000000e+04 8.939296638660418903e-01
2.007500000000000000e+04 8.902126413396719284e-01
2.012500000000000000e+04 8.863856943754409023e-01
2.017500000000000000e+04 8.824469377089030342e-01
2.022500000000000000e+04 8.783945471206139333e-01
2.027500000000000000e+04 8.742267670203990315e-01
2.032500000000000000e+04 8.699419183192950156e-01
2.037500000000000000e+04 8.655384065763450652e-01
2.042500000000000000e+04 8.610147304047239825e-01
2.047500000000000000e+04 8.563694901187078878e-01
2.052500000000000000e+04 8.516013965998140423e-01
2.057500000000000000e+04 8.467092803573339488e-01
2.062500000000000000e+04 8.416921007548859857e-01
2.067500000000000000e+04 8.365489553711789039e-01
2.072500000000000000e+04 8.312790894594569435e-01
2.077500000000000000e+04 8.258819054662890347e-01
2.082500000000000000e+04 8.203569725666040036e-01
2.087500000000000000e+04 8.147040361678860032e-01
2.092500000000000000e+04 8.089230273326518672e-01
2.097500000000000000e+04 8.030140720643489383e-01
2.102500000000000000e+04 7.969775003980319461e-01
2.107500000000000000e+04 7.908138552336300142e-01
2.112500000000000000e+04 7.845239008458120278e-01
2.117500000000000000e+04 7.781086310014679874e-01
2.122500000000000000e+04 7.715692766126580615e-01
2.127500000000000000e+04 7.649073128502299479e-01
2.132500000000000000e+04 7.581244656412589045e-01
2.137500000000000000e+04 7.512227174715599975e-01
2.142500000000000000e+04 7.442043124135618859e-01
2.147500000000000000e+04 7.370717602994009132e-01
2.152500000000000000e+04 7.298278399593539634e-01
2.157500000000000000e+04 7.224756014469059240e-01
2.162500000000000000e+04 7.150183671739890334e-01
2.167500000000000000e+04 7.074597318828840242e-01
2.172500000000000000e+04 6.998035613854349801e-01
2.177500000000000000e+04 6.920539900058220173e-01
2.182500000000000000e+04 6.842154166693918960e-01
2.187500000000000000e+04 6.762924995879580070e-01
2.192500000000000000e+04 6.682901495010810100e-01
2.197500000000000000e+04 6.602135214431670285e-01
2.202500000000000000e+04 6.520680050176529408e-01
2.207500000000000000e+04 6.438592131724859557e-01
2.212500000000000000e+04 6.355929694849379308e-01
2.217500000000000000e+04 6.272752939789109083e-01
2.222500000000000000e+04 6.189123875133178965e-01
2.227500000000000000e+04 6.105106147970520425e-01
2.232500000000000000e+04 6.020764861026030035e-01
2.237500000000000000e+04 5.936166377676930228e-01
2.242500000000000000e+04 5.851378115915339961e-01
2.247500000000000000e+04 5.766468332488470239e-01
2.252500000000000000e+04 5.681505898606860061e-01
2.257500000000000000e+04 5.596560068759189877e-01
2.262500000000000000e+04 5.511700244306430019e-01
2.267500000000000000e+04 5.426995733641709618e-01
2.272500000000000000e+04 5.342515510798649947e-01
2.277500000000000000e+04 5.258327974455480058e-01
2.282500000000000000e+04 5.174500709321699921e-01
2.287500000000000000e+04 5.091100251903509788e-01
2.292500000000000000e+04 5.008191862624049584e-01
2.297500000000000000e+04 4.925839306214609969e-01
2.302500000000000000e+04 4.844104642207289757e-01
2.307500000000000000e+04 4.763048027238059867e-01
2.312500000000000000e+04 4.682727530718240327e-01
2.317500000000000000e+04 4.603198965253439967e-01
2.322500000000000000e+04 4.524515732993669714e-01
2.327500000000000000e+04 4.446728688876689928e-01
2.332500000000000000e+04 4.369886021492460082e-01
2.337500000000000000e+04 4.294033152053849944e-01
2.342500000000000000e+04 4.219212651725849916e-01
2.347500000000000000e+04 4.145464177324890143e-01
2.352500000000000000e+04 4.072824425169540019e-01
2.357500000000000000e+04 4.001327102649510081e-01
2.362500000000000000e+04 3.931002916887029741e-01
2.367500000000000000e+04 3.861879579701999465e-01
2.372500000000000000e+04 3.793981827933899931e-01
2.377500000000000000e+04 3.727331458072019599e-01
2.382500000000000000e+04 3.661947374045999570e-01
2.387500000000000000e+04 3.597845646965309729e-01
2.392500000000000000e+04 3.535039585566179809e-01
2.397500000000000000e+04 3.473539816108140443e-01
2.402500000000000000e+04 3.413354370478499655e-01
2.407500000000000000e+04 3.354488781286709687e-01
2.412500000000000000e+04 3.296946182781779755e-01
2.417500000000000000e+04 3.240727416465029598e-01
2.422500000000000000e+04 3.185831140375769976e-01
2.427500000000000000e+04 3.132253941036570177e-01
2.432500000000000000e+04 3.079990447191000014e-01
2.437500000000000000e+04 3.029033444471729841e-01
2.442500000000000000e+04 2.979373990301237840e-01
2.447500000000000000e+04 2.931001528309805648e-01
2.452500000000000000e+04 2.883904001679887807e-01
2.457500000000000000e+04 2.838067964893931650e-01
2.462500000000000000e+04 2.793478693414802594e-01
2.467500000000000000e+04 2.750120290888578012e-01
2.472500000000000000e+04 2.707975793521247843e-01
2.477500000000000000e+04 2.667027271330206228e-01
2.482500000000000000e+04 2.627255926017590948e-01
2.487500000000000000e+04 2.588642185270997875e-01
2.492500000000000000e+04 2.551165793312282770e-01
2.497500000000000000e+04 2.514805897579517890e-01
2.502500000000000000e+04 2.479541131446716951e-01
2.507500000000000000e+04 2.445349692918842854e-01
2.512500000000000000e+04 2.412209419270307798e-01
2.517500000000000000e+04 2.380097857626551905e-01
2.522500000000000000e+04 2.348992331504249909e-01
2.527500000000000000e+04 2.318870003340081087e-01
2.532500000000000000e+04 2.289707933079128677e-01
2.537500000000000000e+04 2.261483132892870007e-01
2.542500000000000000e+04 2.234172618105038921e-01
2.547500000000000000e+04 2.207753454436182095e-01
2.552500000000000000e+04 2.182202801678030935e-01
2.557500000000000000e+04 2.157497953911275967e-01
2.562500000000000000e+04 2.133616376393825675e-01
2.567500000000000000e+04 2.110535739252437926e-01
2.572500000000000000e+04 2.088233948117042826e-01
2.577500000000000000e+04 2.066689171828262894e-01
2.582500000000000000e+04 2.045879867366015847e-01
2.587500000000000000e+04 2.025784802134124873e-01
2.592500000000000000e+04 2.006383073746172974e-01
2.597500000000000000e+04 1.987654127441315921e-01
2.602500000000000000e+04 1.969577771284689027e-01
2.607500000000000000e+04 1.952134189267784870e-01
2.612500000000000000e+04 1.935303952451729870e-01
2.617500000000000000e+04 1.919068028281077087e-01
2.622500000000000000e+04 1.903407788183718030e-01
2.627500000000000000e+04 1.888305013590587944e-01
2.632500000000000000e+04 1.873741900473387123e-01
2.637500000000000000e+04 1.859701062528248960e-01
2.642500000000000000e+04 1.846165533097050004e-01
2.647500000000000000e+04 1.833118765940000838e-01
2.652500000000000000e+04 1.820544634945637785e-01
2.657500000000000000e+04 1.808427432876024143e-01
2.662500000000000000e+04 1.796751869231948684e-01
2.667500000000000000e+04 1.785503067322835868e-01
2.672500000000000000e+04 1.774666560611204980e-01
2.677500000000000000e+04 1.764228288417510060e-01
2.682500000000000000e+04 1.754174591039895093e-01
2.687500000000000000e+04 1.744492204364939958e-01
2.692500000000000000e+04 1.735168254014838041e-01
2.697500000000000000e+04 1.726190249107091845e-01
2.702500000000000000e+04 1.717546075662494953e-01
2.707500000000000000e+04 1.709223989716523728e-01
2.712500000000000000e+04 1.701212610173732931e-01
2.717500000000000000e+04 1.693500911452424929e-01
2.722500000000000000e+04 1.686078215963184024e-01
2.727500000000000000e+04 1.678934186440061982e-01
2.732500000000000000e+04 1.672058818171880956e-01
2.737500000000000000e+04 1.665442431150935820e-01
2.742500000000000000e+04 1.659075662185509059e-01
2.747500000000000000e+04 1.652949456977285958e-01
2.752500000000000000e+04 1.647055062201077946e-01
2.757500000000000000e+04 1.641384017605964918e-01
2.762500000000000000e+04 1.635928148151665762e-01
2.767500000000000000e+04 1.630679556197354996e-01
2.772500000000000000e+04 1.625630613761339938e-01
2.777500000000000000e+04 1.620773954866905064e-01
2.782500000000000000e+04 1.616102467972478918e-01
2.787500000000000000e+04 1.611609288508905058e-01
2.792500000000000000e+04 1.607287791542072741e-01
2.797500000000000000e+04 1.603131584534061016e-01
2.802500000000000000e+04 1.599134500253384938e-01
2.807500000000000000e+04 1.595290589801957870e-01
2.812500000000000000e+04 1.591594115792588915e-01
2.817500000000000000e+04 1.588039545662283114e-01
2.822500000000000000e+04 1.584621545137032128e-01
2.827500000000000000e+04 1.581334971832001890e-01
2.832500000000000000e+04 1.578174869012612946e-01
2.837500000000000000e+04 1.575136459510319831e-01
2.842500000000000000e+04 1.572215139774948145e-01
2.847500000000000000e+04 1.569406474094759973e-01
2.852500000000000000e+04 1.566706188957155965e-01
2.857500000000000000e+04 1.564110167567354936e-01
2.862500000000000000e+04 1.561614444513452771e-01
2.867500000000000000e+04 1.559215200587507899e-01
2.872500000000000000e+04 1.556908757740514682e-01
2.877500000000000000e+04 1.554691574200460780e-01
2.882500000000000000e+04 1.552560239722010904e-01
2.887500000000000000e+04 1.550511470981505158e-01
2.892500000000000000e+04 1.548542107112969857e-01
2.897500000000000000e+04 1.546649105378228861e-01
2.902500000000000000e+04 1.544829536977302131e-01
2.907500000000000000e+04 1.543080582980480842e-01
2.912500000000000000e+04 1.541399530398203932e-01
2.917500000000000000e+04 1.539783768371690842e-01
2.922500000000000000e+04 1.538230784497383041e-01
2.927500000000000000e+04 1.536738161249657786e-01
2.932500000000000000e+04 1.535303572550640039e-01
2.937500000000000000e+04 1.533924780423981116e-01
2.942500000000000000e+04 1.532599631786840944e-01
2.947500000000000000e+04 1.531326055328477986e-01
2.952500000000000000e+04 1.530102058515387109e-01
2.957500000000000000e+04 1.528925724676823694e-01
2.962500000000000000e+04 1.527795210212594956e-01
2.967500000000000000e+04 1.526708741878926023e-01
2.972500000000000000e+04 1.525664614178202094e-01
2.977500000000000000e+04 1.524661186837862892e-01
2.982500000000000000e+04 1.523696882384534823e-01
2.987500000000000000e+04 1.522770183787950093e-01
2.992500000000000000e+04 1.521879632203176069e-01
2.997500000000000000e+04 1.521023824788731715e-01
3.002500000000000000e+04 1.520201412600578894e-01
3.007500000000000000e+04 1.519411098558761941e-01
3.012500000000000000e+04 1.518651635504522923e-01
3.017500000000000000e+04 1.517921824299771072e-01
3.022500000000000000e+04 1.517220512023751966e-01
3.027500000000000000e+04 1.516546590213590784e-01
3.032500000000000000e+04 1.515898993180506138e-01
3.037500000000000000e+04 1.515276696390401856e-01
3.042500000000000000e+04 1.514678714890854150e-01
3.047500000000000000e+04 1.514104101806700020e-01
3.052500000000000000e+04 1.513551946890236699e-01
3.057500000000000000e+04 1.513021375124280199e-01
3.062500000000000000e+04 1.512511545372641764e-01
3.067500000000000000e+04 1.512021649082991026e-01
3.072500000000000000e+04 1.511550909049116098e-01
3.077500000000000000e+04 1.511098578194882969e-01
3.082500000000000000e+04 1.510663938433350062e-01
3.087500000000000000e+04 1.510246299541928849e-01
3.092500000000000000e+04 1.509844998101259050e-01
3.097500000000000000e+04 1.509459396456626912e-01
3.102500000000000000e+04 1.509088881733892940e-01
3.107500000000000000e+04 1.508732864877830870e-01
3.112500000000000000e+04 1.508390779739492982e-01
3.117500000000000000e+04 1.508062082190660125e-01
3.122500000000000000e+04 1.507746249272723937e-01
3.127500000000000000e+04 1.507442778385673920e-01
3.132500000000000000e+04 1.507151186488976946e-01
3.137500000000000000e+04 1.506871009359644908e-01
3.142500000000000000e+04 1.506601800854765749e-01
3.147500000000000000e+04 1.506343132216839131e-01
3.152500000000000000e+04 1.506094591393985771e-01
3.157500000000000000e+04 1.505855782401440968e-01
3.162500000000000000e+04 1.505626324692335982e-01
3.167500000000000000e+04 1.505405852563377056e-01
3.172500000000000000e+04 1.505194014572735772e-01
3.177500000000000000e+04 1.504990472992356054e-01
3.182500000000000000e+04 1.504794903276341911e-01
3.187500000000000000e+04 1.504606993542683957e-01
3.192500000000000000e+04 1.504426444084317194e-01
3.197500000000000000e+04 1.504252966897844934e-01
3.202500000000000000e+04 1.504086285227822783e-01
3.207500000000000000e+04 1.503926133127988785e-01
3.212500000000000000e+04 1.503772255037813810e-01
3.217500000000000000e+04 1.503624405382998075e-01
3.222500000000000000e+04 1.503482348187752948e-01
3.227500000000000000e+04 1.503345856693532878e-01
3.232500000000000000e+04 1.503214713008927672e-01
3.237500000000000000e+04 1.503088707758520048e-01
3.242500000000000000e+04 1.502967639752522955e-01
3.247500000000000000e+04 1.502851315665560683e-01
3.252500000000000000e+04 1.502739549734936897e-01
3.257500000000000000e+04 1.502632163458838821e-01
3.262500000000000000e+04 1.502528985324212696e-01
3.267500000000000000e+04 1.502429850519485799e-01
3.272500000000000000e+04 1.502334600682745935e-01
3.277500000000000000e+04 1.502243083650539879e-01
3.282500000000000000e+04 1.502155153210184835e-01
3.287500000000000000e+04 1.502070668872112769e-01
3.292500000000000000e+04 1.501989495641393724e-01
3.297500000000000000e+04 1.501911503808771031e-01
3.302500000000000000e+04 1.501836568742352107e-01
3.307500000000000000e+04 1.501764570685709954e-01
3.312500000000000000e+04 1.501695394572110931e-01
3.317500000000000000e+04 1.501628929842492022e-01
3.322500000000000000e+04 1.501565070258809864e-01
3.327500000000000000e+04 1.501503713748986724e-01
3.332500000000000000e+04 1.501444762234649954e-01
3.337500000000000000e+04 1.501388121476487092e-01
3.342500000000000000e+04 1.501333700929380066e-01
3.347500000000000000e+04 1.501281413590044023e-01
3.352500000000000000e+04 1.501231175866466760e-01
3.357500000000000000e+04 1.501182907437167979e-01
3.362500000000000000e+04 1.501136531126165963e-01
3.367500000000000000e+04 1.501091972784723005e-01
3.372500000000000000e+04 1.501049161162452128e-01
3.377500000000000000e+04 1.501008027806264855e-01
3.382500000000000000e+04 1.500968506940222880e-01
3.387500000000000000e+04 1.500930535364024820e-01
3.392500000000000000e+04 1.500894052358558717e-01
3.397500000000000000e+04 1.500858999580440001e-01
3.402500000000000000e+04 1.500825320969234877e-01
3.407500000000000000e+04 1.500792962667648056e-01
3.412500000000000000e+04 1.500761872921862750e-01
3.417500000000000000e+04 1.500732002009478039e-01
3.422500000000000000e+04 1.500703302157841978e-01
3.427500000000000000e+04 1.500675727461140974e-01
3.432500000000000000e+04 1.500649233815427031e-01
3.437500000000000000e+04 1.500623778848537981e-01
3.442500000000000000e+04 1.500599321841429024e-01
3.447500000000000000e+04 1.500575823675575904e-01
3.452500000000000000e+04 1.500553246763070003e-01
3.457500000000000000e+04 1.500531554990988115e-01
3.462500000000000000e+04 1.500510713648096905e-01
3.467500000000000000e+04 1.500490689271571920e-01
3.472500000000000000e+04 1.500471448320101764e-01
3.477500000000000000e+04 1.500452938542155834e-01
3.482500000000000000e+04 1.500434821178936728e-01
3.487500000000000000e+04 1.500413092839515683e-01
3.492500000000000000e+04 1.500349356047984972e-01
3.497500000000000000e+04 1.500060728058971726e-01
3.502500000000000000e+04 1.500060728058971726e-01
