0.000000000000000000e+00 -0.000000000000000000e+00
5.000000000000000000e+01 5.695200272163802583e+04
1.000000000000000000e+02 1.016966204996132583e+05
1.500000000000000000e+02 1.308174251330838597e+05
2.000000000000000000e+02 1.474330698389736353e+05
2.500000000000000000e+02 1.563442992341575737e+05
3.000000000000000000e+02 1.614491924961697077e+05
3.500000000000000000e+02 1.651862295279485406e+05
4.000000000000000000e+02 1.688482040577128646e+05
4.500000000000000000e+02 1.730095611087950820e+05
5.000000000000000000e+02 1.778701621832746314e+05
5.500000000000000000e+02 1.834502816079091572e+05
6.000000000000000000e+02 1.897021831615296251e+05
6.500000000000000000e+02 1.965604499148784962e+05
7.000000000000000000e+02 2.039639028842328698e+05
7.500000000000000000e+02 2.118629750563281996e+05
8.000000000000000000e+02 2.202270854132045934e+05
8.500000000000000000e+02 2.290295518465891946e+05
9.000000000000000000e+02 2.382608304991329205e+05
9.500000000000000000e+02 2.479157849764424027e+05
1.000000000000000000e+03 2.579983141833311820e+05
1.050000000000000000e+03 2.685159447054755874e+05
1.100000000000000000e+03 2.794770676690117689e+05
1.150000000000000000e+03 2.908974990798342042e+05
1.200000000000000000e+03 3.027893425032376545e+05
1.250000000000000000e+03 3.151710584219350130e+05
1.300000000000000000e+03 3.280598359344368218e+05
1.350000000000000000e+03 3.414722369227095624e+05
1.400000000000000000e+03 3.554304682111231377e+05
1.450000000000000000e+03 3.699574316462698043e+05
1.500000000000000000e+03 3.850754696651101112e+05
1.550000000000000000e+03 4.008080604730117484e+05
1.600000000000000000e+03 4.171813267521636444e+05
1.650000000000000000e+03 4.342225947600907530e+05
1.700000000000000000e+03 4.519560038183479919e+05
1.750000000000000000e+03 4.704115585633827141e+05
1.800000000000000000e+03 4.896177888253236888e+05
1.850000000000000000e+03 5.096046483823915478e+05
1.900000000000000000e+03 5.304071426417930052e+05
1.950000000000000000e+03 5.520570222670835210e+05
2.000000000000000000e+03 5.745899537812143099e+05
2.050000000000000000e+03 5.980428411850191187e+05
2.100000000000000000e+03 6.224538429088215344e+05
2.150000000000000000e+03 6.478617615481603425e+05
2.200000000000000000e+03 6.743098580141155981e+05
2.250000000000000000e+03 7.018356974167989101e+05
2.300000000000000000e+03 7.304863209083216498e+05
2.350000000000000000e+03 7.603050232940581627e+05
2.400000000000000000e+03 7.913407951738244155e+05
2.450000000000000000e+03 8.236400165694421157e+05
2.500000000000000000e+03 8.572555600301491795e+05
2.550000000000000000e+03 8.922408236057350878e+05
2.600000000000000000e+03 9.286543756337234518e+05
2.650000000000000000e+03 9.665527841362409526e+05
2.700000000000000000e+03 1.005999109661023249e+06
2.750000000000000000e+03 1.047054361584166763e+06
2.800000000000000000e+03 1.089786007902730722e+06
2.850000000000000000e+03 1.134262109918558039e+06
2.900000000000000000e+03 1.180555187243231107e+06
2.950000000000000000e+03 1.228735877832191065e+06
3.000000000000000000e+03 1.278883058195829624e+06
3.050000000000000000e+03 1.331076265953608789e+06
3.100000000000000000e+03 1.385396259241994936e+06
3.150000000000000000e+03 1.441932814531376353e+06
3.200000000000000000e+03 1.500774894593727076e+06
3.250000000000000000e+03 1.562019327811756171e+06
3.300000000000000000e+03 1.625762094963968964e+06
3.350000000000000000e+03 1.692108805421823869e+06
3.400000000000000000e+03 1.761165102442270145e+06
3.450000000000000000e+03 1.833039765341607854e+06
3.500000000000000000e+03 1.907847930331421550e+06
3.550000000000000000e+03 1.985710480252675014e+06
3.600000000000000000e+03 2.066748959040937480e+06
3.650000000000000000e+03 2.151096302198547870e+06
3.700000000000000000e+03 2.238886072414446622e+06
3.750000000000000000e+03 2.330256426277469378e+06
3.800000000000000000e+03 2.425356166057330091e+06
3.850000000000000000e+03 2.524335433177046012e+06
3.900000000000000000e+03 2.627356455635040533e+06
3.950000000000000000e+03 2.734583393888557795e+06
4.000000000000000000e+03 2.846184849712947384e+06
4.050000000000000000e+03 2.962340833376650698e+06
4.100000000000000000e+03 3.083237118695989717e+06
4.150000000000000000e+03 3.209065887198002078e+06
4.200000000000000000e+03 3.340031881608686876e+06
4.250000000000000000e+03 3.476342641626415309e+06
4.300000000000000000e+03 3.618215030348586850e+06
4.350000000000000000e+03 3.765879336593504529e+06
4.400000000000000000e+03 3.919567171328729950e+06
4.450000000000000000e+03 4.079526639498631470e+06
4.500000000000000000e+03 4.246012863975979388e+06
4.550000000000000000e+03 4.419291765797969885e+06
4.600000000000000000e+03 4.599643912207785994e+06
4.650000000000000000e+03 4.787354921942962334e+06
4.700000000000000000e+03 4.982729569095318206e+06
4.750000000000000000e+03 5.186078323394636624e+06
4.800000000000000000e+03 5.397726843185487203e+06
4.850000000000000000e+03 5.618012432493356988e+06
4.900000000000000000e+03 5.847289974126833491e+06
4.950000000000000000e+03 6.085922182395707816e+06
5.000000000000000000e+03 6.334294486741966568e+06
5.050000000000000000e+03 6.592799503903863952e+06
5.100000000000000000e+03 6.861855854351565242e+06
5.150000000000000000e+03 7.141891600391102023e+06
5.200000000000000000e+03 7.433355383447250351e+06
5.250000000000000000e+03 7.736715949385872111e+06
5.300000000000000000e+03 8.052456927342293784e+06
5.350000000000000000e+03 8.381083305261490867e+06
5.400000000000000000e+03 8.723122599533803761e+06
5.450000000000000000e+03 9.079117463991569355e+06
5.500000000000000000e+03 9.449639776777593419e+06
5.550000000000000000e+03 9.835283130671937019e+06
5.600000000000000000e+03 1.023666210411925241e+07
5.650000000000000000e+03 1.065442683968271501e+07
5.700000000000000000e+03 1.108923895554869436e+07
5.750000000000000000e+03 1.154179707480337657e+07
5.800000000000000000e+03 1.201282380642143451e+07
5.850000000000000000e+03 1.250307305139824003e+07
5.900000000000000000e+03 1.301332859567676485e+07
5.950000000000000000e+03 1.354440602561072074e+07
6.000000000000000000e+03 1.409715779644356109e+07
6.050000000000000000e+03 1.467246634980238788e+07
6.100000000000000000e+03 1.527125347095192224e+07
6.150000000000000000e+03 1.589447784762700647e+07
6.200000000000000000e+03 1.654313768047421984e+07
6.250000000000000000e+03 1.721826800454245880e+07
6.300000000000000000e+03 1.792094911414714158e+07
6.350000000000000000e+03 1.865230756286035478e+07
6.400000000000000000e+03 1.941351273908844963e+07
6.450000000000000000e+03 2.020578539260261878e+07
6.500000000000000000e+03 2.103038959921892360e+07
6.550000000000000000e+03 2.188864540656392649e+07
6.600000000000000000e+03 2.278192510445623845e+07
6.650000000000000000e+03 2.371165680146136135e+07
6.700000000000000000e+03 2.467933425660245493e+07
6.750000000000000000e+03 2.568649818132131547e+07
6.800000000000000000e+03 2.673476329407963529e+07
6.850000000000000000e+03 2.782580896265522391e+07
6.900000000000000000e+03 2.896137827141571045e+07
6.950000000000000000e+03 3.014328937854025140e+07
7.000000000000000000e+03 3.137343612582421303e+07
7.050000000000000000e+03 3.265378485127214342e+07
7.100000000000000000e+03 3.398638461043675989e+07
7.150000000000000000e+03 3.537336520944802463e+07
7.200000000000000000e+03 3.681694686684797704e+07
7.250000000000000000e+03 3.831943806005132198e+07
7.300000000000000000e+03 3.988324162721773237e+07
7.350000000000000000e+03 4.151086066563848406e+07
7.400000000000000000e+03 4.320490025994547457e+07
7.450000000000000000e+03 4.496807283790425211e+07
7.500000000000000000e+03 4.680319710145492107e+07
7.550000000000000000e+03 4.871321397711992264e+07
7.600000000000000000e+03 5.070117485038197786e+07
7.650000000000000000e+03 5.277026173685703427e+07
7.700000000000000000e+03 5.492378299214030057e+07
7.750000000000000000e+03 5.716518461703918874e+07
7.800000000000000000e+03 5.949805035765467584e+07
7.850000000000000000e+03 6.192611426476173848e+07
7.900000000000000000e+03 6.445325914930123091e+07
7.950000000000000000e+03 6.708352871765667200e+07
8.000000000000000000e+03 6.982113460431456566e+07
8.050000000000000000e+03 7.267045311473602057e+07
8.100000000000000000e+03 7.563604453057348728e+07
8.150000000000000000e+03 7.872265264912259579e+07
8.200000000000000000e+03 8.193521613778038323e+07
8.250000000000000000e+03 8.527886998853966594e+07
8.300000000000000000e+03 8.875896938212488592e+07
8.350000000000000000e+03 9.238107295291283727e+07
8.400000000000000000e+03 9.615098277331472933e+07
8.450000000000000000e+03 1.000747230580674857e+08
8.500000000000000000e+03 1.041585728926000148e+08
8.550000000000000000e+03 1.084090637696494162e+08
8.600000000000000000e+03 1.128329970264736414e+08
8.650000000000000000e+03 1.174374470931898654e+08
8.700000000000000000e+03 1.222297787085820735e+08
8.750000000000000000e+03 1.272176602364729345e+08
8.800000000000000000e+03 1.324090654884227365e+08
8.850000000000000000e+03 1.378122973791700006e+08
8.900000000000000000e+03 1.434359973421317935e+08
8.950000000000000000e+03 1.492891600498982072e+08
9.000000000000000000e+03 1.553811485237327218e+08
9.050000000000000000e+03 1.617217025972257555e+08
9.100000000000000000e+03 1.683209671950157583e+08
9.150000000000000000e+03 1.751894926916020811e+08
9.200000000000000000e+03 1.823382644421602190e+08
9.250000000000000000e+03 1.897787120044148266e+08
9.300000000000000000e+03 1.975227366325612664e+08
9.350000000000000000e+03 2.055827144785806239e+08
9.400000000000000000e+03 2.139715369828496277e+08
9.450000000000000000e+03 2.227026144280143976e+08
9.500000000000000000e+03 2.317899098504964709e+08
9.550000000000000000e+03 2.412479514897484779e+08
9.600000000000000000e+03 2.510918596267784536e+08
9.650000000000000000e+03 2.613373743355378211e+08
9.700000000000000000e+03 2.720008722134928703e+08
9.750000000000000000e+03 2.830993973143078089e+08
9.800000000000000000e+03 2.946506922807636857e+08
9.850000000000000000e+03 3.066732173543992639e+08
9.900000000000000000e+03 3.191861937060462236e+08
9.950000000000000000e+03 3.322096151151180863e+08
1.000000000000000000e+04 3.457643004283667803e+08
1.005000000000000000e+04 3.598719077220676541e+08
1.010000000000000000e+04 3.745549815980093479e+08
1.015000000000000000e+04 3.898369833198179603e+08
1.020000000000000000e+04 4.057423323342581987e+08
1.025000000000000000e+04 4.222964407007652521e+08
1.030000000000000000e+04 4.395257586844915152e+08
1.035000000000000000e+04 4.574578082222301960e+08
1.040000000000000000e+04 4.761212376530795097e+08
1.045000000000000000e+04 4.955458531843046546e+08
1.050000000000000000e+04 5.157626841297823787e+08
1.055000000000000000e+04 5.368040128813980818e+08
1.060000000000000000e+04 5.587034443634581566e+08
1.065000000000000000e+04 5.814959465578069687e+08
1.070000000000000000e+04 6.052179094238377810e+08
1.075000000000000000e+04 6.299072082111816406e+08
1.080000000000000000e+04 6.556032546547180414e+08
1.085000000000000000e+04 6.823470632384582758e+08
1.090000000000000000e+04 7.101813191870965958e+08
1.095000000000000000e+04 7.391504381326684952e+08
1.100000000000000000e+04 7.693006486929395199e+08
1.105000000000000000e+04 8.006800571448799372e+08
1.110000000000000000e+04 8.333387215652403831e+08
1.115000000000000000e+04 8.673287370460323095e+08
1.120000000000000000e+04 9.027043191010119915e+08
1.125000000000000000e+04 9.395218745323156118e+08
1.130000000000000000e+04 9.778401132458356619e+08
1.135000000000000000e+04 1.017720119317852497e+09
1.140000000000000000e+04 1.059225463173784137e+09
1.145000000000000000e+04 1.102422288876402378e+09
1.150000000000000000e+04 1.147379433264472961e+09
1.155000000000000000e+04 1.194168518617571115e+09
1.160000000000000000e+04 1.242864076383274317e+09
1.165000000000000000e+04 1.293543658794163942e+09
1.170000000000000000e+04 1.346287962656838894e+09
1.175000000000000000e+04 1.401180958748300552e+09
1.180000000000000000e+04 1.458310018238447428e+09
1.185000000000000000e+04 1.517766046792762756e+09
1.190000000000000000e+04 1.579643639312576532e+09
1.195000000000000000e+04 1.644041210632484674e+09
1.200000000000000000e+04 1.711061162448492050e+09
1.205000000000000000e+04 1.780810040659360409e+09
1.210000000000000000e+04 1.853398695314478397e+09
1.215000000000000000e+04 1.928942461053308487e+09
1.220000000000000000e+04 2.007561333317160606e+09
1.225000000000000000e+04 2.089380151235387564e+09
1.230000000000000000e+04 2.174528802135686874e+09
1.235000000000000000e+04 2.263142405588711262e+09
1.240000000000000000e+04 2.355361540212539196e+09
1.245000000000000000e+04 2.451332441033460617e+09
1.250000000000000000e+04 2.551207251601992130e+09
1.255000000000000000e+04 2.655144230277781487e+09
1.260000000000000000e+04 2.763308011246237278e+09
1.265000000000000000e+04 2.875869850906866550e+09
1.270000000000000000e+04 2.993007892142561913e+09
1.275000000000000000e+04 3.114907438936840057e+09
1.280000000000000000e+04 3.241761232161872387e+09
1.285000000000000000e+04 3.373769754563307285e+09
1.290000000000000000e+04 3.511141524924257755e+09
1.295000000000000000e+04 3.654093418900139332e+09
1.300000000000000000e+04 3.802850996814901352e+09
1.305000000000000000e+04 3.957648846982879162e+09
1.310000000000000000e+04 4.118730932093552113e+09
1.315000000000000000e+04 4.286350964511411190e+09
1.320000000000000000e+04 4.460772779843625069e+09
1.325000000000000000e+04 4.642270736990447998e+09
1.330000000000000000e+04 4.831130121121282578e+09
1.335000000000000000e+04 5.027647576085290909e+09
1.340000000000000000e+04 5.232131534916278839e+09
1.345000000000000000e+04 5.444902681618678093e+09
1.350000000000000000e+04 5.666294420318243027e+09
1.355000000000000000e+04 5.896653364896476746e+09
1.360000000000000000e+04 6.136339845977334023e+09
1.365000000000000000e+04 6.385728428487499237e+09
1.370000000000000000e+04 6.645208468036900520e+09
1.375000000000000000e+04 6.915184661476058006e+09
1.380000000000000000e+04 7.196077631780032158e+09
1.385000000000000000e+04 7.488324531955538750e+09
1.390000000000000000e+04 7.792379668338320732e+09
1.395000000000000000e+04 8.108715133360655785e+09
1.400000000000000000e+04 8.437821487572164536e+09
1.405000000000000000e+04 8.780208432209678650e+09
1.410000000000000000e+04 9.136405526509630203e+09
1.415000000000000000e+04 9.506962918467201233e+09
1.420000000000000000e+04 9.892452098899236679e+09
1.425000000000000000e+04 1.029346668745823860e+10
1.430000000000000000e+04 1.071062323368748474e+10
1.435000000000000000e+04 1.114456204752718925e+10
1.440000000000000000e+04 1.159594806217828178e+10
1.445000000000000000e+04 1.206547170723557472e+10
1.450000000000000000e+04 1.255384981519970322e+10
1.455000000000000000e+04 1.306182656677326775e+10
1.460000000000000000e+04 1.359017443333306694e+10
1.465000000000000000e+04 1.413969518247340202e+10
1.470000000000000000e+04 1.471122087931489372e+10
1.475000000000000000e+04 1.530561492666420555e+10
1.480000000000000000e+04 1.592377314456680489e+10
1.485000000000000000e+04 1.656662485506576347e+10
1.490000000000000000e+04 1.723513400677617645e+10
1.495000000000000000e+04 1.793030032403424835e+10
1.500000000000000000e+04 1.865316047194378662e+10
1.505000000000000000e+04 1.940478926430135727e+10
1.510000000000000000e+04 2.018630088074923325e+10
1.515000000000000000e+04 2.099885011261980057e+10
1.520000000000000000e+04 2.184363363032522202e+10
1.525000000000000000e+04 2.272189128234389114e+10
1.530000000000000000e+04 2.363490739006199265e+10
1.535000000000000000e+04 2.458401209877926636e+10
1.540000000000000000e+04 2.557058269867491913e+10
1.545000000000000000e+04 2.659604500068486023e+10
1.550000000000000000e+04 2.766187469934950638e+10
1.555000000000000000e+04 2.876959875913203430e+10
1.560000000000000000e+04 2.992079678442991257e+10
1.565000000000000000e+04 3.111710242872195816e+10
1.570000000000000000e+04 3.236020476637857819e+10
1.575000000000000000e+04 3.365184967715136719e+10
1.580000000000000000e+04 3.499384121684201050e+10
1.585000000000000000e+04 3.638804297603939056e+10
1.590000000000000000e+04 3.783637940837322998e+10
1.595000000000000000e+04 3.934083713262065887e+10
1.600000000000000000e+04 4.090346620930371857e+10
1.605000000000000000e+04 4.252638136836072540e+10
1.610000000000000000e+04 4.421176318065031433e+10
1.615000000000000000e+04 4.596185918677015686e+10
1.620000000000000000e+04 4.777898493923217773e+10
1.625000000000000000e+04 4.966552496818893433e+10
1.630000000000000000e+04 5.162393366103706360e+10
1.635000000000000000e+04 5.365673603340959167e+10
1.640000000000000000e+04 5.576652838568518829e+10
1.645000000000000000e+04 5.795597882806732178e+10
1.650000000000000000e+04 6.022782764785226440e+10
1.655000000000000000e+04 6.258488753756022644e+10
1.660000000000000000e+04 6.503004359965558624e+10
1.665000000000000000e+04 6.756625318683112335e+10
1.670000000000000000e+04 7.019654550551820374e+10
1.675000000000000000e+04 7.292402096128959656e+10
1.680000000000000000e+04 7.575185027084547424e+10
1.685000000000000000e+04 7.868327323461909485e+10
1.690000000000000000e+04 8.172159723279589844e+10
1.695000000000000000e+04 8.487019534431816101e+10
1.700000000000000000e+04 8.813250409592980957e+10
1.705000000000000000e+04 9.151202081558859253e+10
1.710000000000000000e+04 9.501230051075767517e+10
1.715000000000000000e+04 9.863695231111541748e+10
1.720000000000000000e+04 1.023896353577979279e+11
1.725000000000000000e+04 1.062740541598771362e+11
1.730000000000000000e+04 1.102939533550878448e+11
1.735000000000000000e+04 1.144531118247369080e+11
1.740000000000000000e+04 1.187553361526239166e+11
1.745000000000000000e+04 1.232044533294664612e+11
1.750000000000000000e+04 1.278043027209943085e+11
1.755000000000000000e+04 1.325587271819050293e+11
1.760000000000000000e+04 1.374715633321645508e+11
1.765000000000000000e+04 1.425466309050081482e+11
1.770000000000000000e+04 1.477877211240814514e+11
1.775000000000000000e+04 1.531985840606572876e+11
1.780000000000000000e+04 1.587829149272961121e+11
1.785000000000000000e+04 1.645443392438662109e+11
1.790000000000000000e+04 1.704863968372033386e+11
1.795000000000000000e+04 1.766125246101278687e+11
1.800000000000000000e+04 1.829260380513594360e+11
1.805000000000000000e+04 1.894301114209438477e+11
1.810000000000000000e+04 1.961277565918226013e+11
1.815000000000000000e+04 2.030218004703002930e+11
1.820000000000000000e+04 2.101148610074829407e+11
1.825000000000000000e+04 2.174093217404610596e+11
1.830000000000000000e+04 2.249073048403002319e+11
1.835000000000000000e+04 2.326106426697354126e+11
1.840000000000000000e+04 2.405208478383832703e+11
1.845000000000000000e+04 2.486390817302439880e+11
1.850000000000000000e+04 2.569661215667254944e+11
1.855000000000000000e+04 2.655023259690606079e+11
1.860000000000000000e+04 2.742475991275704651e+11
1.865000000000000000e+04 2.832013535683988647e+11
1.870000000000000000e+04 2.923624716318724976e+11
1.875000000000000000e+04 3.017292657432986450e+11
1.880000000000000000e+04 3.112994375599857178e+11
1.885000000000000000e+04 3.210700361783713379e+11
1.890000000000000000e+04 3.310374155112928467e+11
1.895000000000000000e+04 3.411971910292474976e+11
1.900000000000000000e+04 3.515441961000916138e+11
1.905000000000000000e+04 3.620724381044643555e+11
1.910000000000000000e+04 3.727750546754981689e+11
1.915000000000000000e+04 3.836442702752523193e+11
1.920000000000000000e+04 3.946713535186021729e+11
1.925000000000000000e+04 4.058465755423842163e+11
1.930000000000000000e+04 4.171591698658223267e+11
1.935000000000000000e+04 4.285972941504066162e+11
1.940000000000000000e+04 4.401479943455562134e+11
1.945000000000000000e+04 4.517971716899984131e+11
1.950000000000000000e+04 4.635295531533088379e+11
1.955000000000000000e+04 4.753286658368427734e+11
1.960000000000000000e+04 4.871768159448854370e+11
1.965000000000000000e+04 4.990550729794949951e+11
1.970000000000000000e+04 5.109432597446816406e+11
1.975000000000000000e+04 5.228199488739865723e+11
1.980000000000000000e+04 5.346624665396478271e+11
1.985000000000000000e+04 5.464469040075739746e+11
1.990000000000000000e+04 5.581481377458300781e+11
1.995000000000000000e+04 5.697398587513415527e+11
2.000000000000000000e+04 5.811946117371628418e+11
2.005000000000000000e+04 5.924838448159205322e+11
2.010000000000000000e+04 6.035779702628110352e+11
2.015000000000000000e+04 6.144464368970521240e+11
2.020000000000000000e+04 6.250578145344855957e+11
2.025000000000000000e+04 6.353798909228164062e+11
2.030000000000000000e+04 6.453797814369923096e+11
2.035000000000000000e+04 6.550240517407622070e+11
2.040000000000000000e+04 6.642788534719877930e+11
2.045000000000000000e+04 6.731100728860344238e+11
2.050000000000000000e+04 6.814834922473028564e+11
2.055000000000000000e+04 6.893649635588553467e+11
2.060000000000000000e+04 6.967205940915076904e+11
2.065000000000000000e+04 7.035169429406014404e+11
2.070000000000000000e+04 7.097212276643156738e+11
2.075000000000000000e+04 7.153015398473687744e+11
2.080000000000000000e+04 7.202270682064400635e+11
2.085000000000000000e+04 7.244683276641889648e+11
2.090000000000000000e+04 7.279973925791638184e+11
2.095000000000000000e+04 7.307881321413406982e+11
2.100000000000000000e+04 7.328164457273774414e+11
2.105000000000000000e+04 7.340604958152241211e+11
2.110000000000000000e+04 7.345009359459930420e+11
2.115000000000000000e+04 7.341211310105816650e+11
2.120000000000000000e+04 7.329073670874340820e+11
2.125000000000000000e+04 7.308490479621188965e+11
2.130000000000000000e+04 7.279388754059696045e+11
2.135000000000000000e+04 7.241730103398485107e+11
2.140000000000000000e+04 7.195512120259140625e+11
2.145000000000000000e+04 7.140769525539312744e+11
2.150000000000000000e+04 7.077575040569016113e+11
2.155000000000000000e+04 7.006039962989095459e+11
2.160000000000000000e+04 6.926314425375418701e+11
2.165000000000000000e+04 6.838587319208708496e+11
2.170000000000000000e+04 6.743085870445200195e+11
2.175000000000000000e+04 6.640074856995718994e+11
2.180000000000000000e+04 6.529855463655563965e+11
2.185000000000000000e+04 6.412763774744739990e+11
2.190000000000000000e+04 6.289168910205538330e+11
2.195000000000000000e+04 6.159470816539677734e+11
2.200000000000000000e+04 6.024097729742619629e+11
2.205000000000000000e+04 5.883503332790648193e+11
2.210000000000000000e+04 5.738163635894370117e+11
2.215000000000000000e+04 5.588573612720866699e+11
2.220000000000000000e+04 5.435243630923217773e+11
2.225000000000000000e+04 5.278695718930651245e+11
2.230000000000000000e+04 5.119459715052690430e+11
2.235000000000000000e+04 4.958069347265555420e+11
2.240000000000000000e+04 4.795058293911137085e+11
2.245000000000000000e+04 4.630956276588918457e+11
2.250000000000000000e+04 4.466285236297731323e+11
2.255000000000000000e+04 4.301555642692985840e+11
2.260000000000000000e+04 4.137262984074224243e+11
2.265000000000000000e+04 3.973884482632055664e+11
2.270000000000000000e+04 3.811876075122761230e+11
2.275000000000000000e+04 3.651669694510964355e+11
2.280000000000000000e+04 3.493670882270258789e+11
2.285000000000000000e+04 3.338256754769984131e+11
2.290000000000000000e+04 3.185774340438127441e+11
2.295000000000000000e+04 3.036539297786593628e+11
2.300000000000000000e+04 2.890835017144588013e+11
2.305000000000000000e+04 2.748912102307963257e+11
2.310000000000000000e+04 2.610988221777304382e+11
2.315000000000000000e+04 2.477248313242702942e+11
2.320000000000000000e+04 2.347845119329272461e+11
2.325000000000000000e+04 2.222900028198041382e+11
2.330000000000000000e+04 2.102504188670590820e+11
2.335000000000000000e+04 1.986719866562666321e+11
2.340000000000000000e+04 1.875582006540606384e+11
2.345000000000000000e+04 1.769099963037857361e+11
2.350000000000000000e+04 1.667259363467800598e+11
2.355000000000000000e+04 1.570024067501583557e+11
2.360000000000000000e+04 1.477338187461578979e+11
2.365000000000000000e+04 1.389128136741958008e+11
2.370000000000000000e+04 1.305304676169345703e+11
2.375000000000000000e+04 1.225764930536861267e+11
2.380000000000000000e+04 1.150394351383099823e+11
2.385000000000000000e+04 1.079068605314573669e+11
2.390000000000000000e+04 1.011655370573945770e+11
2.395000000000000000e+04 9.480160282399342346e+10
2.400000000000000000e+04 8.880072376221795654e+10
2.405000000000000000e+04 8.314823887758082581e+10
2.410000000000000000e+04 7.782929277846040344e+10
2.415000000000000000e+04 7.282895534272607422e+10
2.420000000000000000e+04 6.813232853602655029e+10
2.425000000000000000e+04 6.372464072991316986e+10
2.430000000000000000e+04 5.959132885254164886e+10
2.435000000000000000e+04 5.571810902047145844e+10
2.440000000000000000e+04 5.209103620533922577e+10
2.445000000000000000e+04 4.869655377488079071e+10
2.450000000000000000e+04 4.552153362136777496e+10
2.455000000000000000e+04 4.255330768501708984e+10
2.460000000000000000e+04 3.977969169595690155e+10
2.465000000000000000e+04 3.718900193409663391e+10
2.470000000000000000e+04 3.477006578047818756e+10
2.475000000000000000e+04 3.251222681003556061e+10
2.480000000000000000e+04 3.040534513491058731e+10
2.485000000000000000e+04 2.843979365084157944e+10
2.490000000000000000e+04 2.660645082203520584e+10
2.495000000000000000e+04 2.489669054848653412e+10
2.500000000000000000e+04 2.330236964255733109e+10
2.505000000000000000e+04 2.181581337785089111e+10
2.510000000000000000e+04 2.042979952481275177e+10
2.515000000000000000e+04 1.913754123933568954e+10
2.520000000000000000e+04 1.793266913463261414e+10
2.525000000000000000e+04 1.680921282333505058e+10
2.530000000000000000e+04 1.576158216198938751e+10
2.535000000000000000e+04 1.478454841898688507e+10
2.540000000000000000e+04 1.387322554605751801e+10
2.545000000000000000e+04 1.302305169094128227e+10
2.550000000000000000e+04 1.222977107978131866e+10
2.555000000000000000e+04 1.148941637113259888e+10
2.560000000000000000e+04 1.079829155647232628e+10
2.565000000000000000e+04 1.015295546749145699e+10
2.570000000000000000e+04 9.550205933779546738e+09
2.575000000000000000e+04 8.987064626812187195e+09
2.580000000000000000e+04 8.460762602297183990e+09
2.585000000000000000e+04 7.968726556032392502e+09
2.590000000000000000e+04 7.508565789513165474e+09
2.595000000000000000e+04 7.078059885260659218e+09
2.600000000000000000e+04 6.675147069161561012e+09
2.605000000000000000e+04 6.297913257733014107e+09
2.610000000000000000e+04 5.944581758300641060e+09
2.615000000000000000e+04 5.613503604101202011e+09
2.620000000000000000e+04 5.303148502129674911e+09
2.625000000000000000e+04 5.012096359671568871e+09
2.630000000000000000e+04 4.739029373077126503e+09
2.635000000000000000e+04 4.482724639377754211e+09
2.640000000000000000e+04 4.242047273632421970e+09
2.645000000000000000e+04 4.015943995597589493e+09
2.650000000000000000e+04 3.803437165980618000e+09
2.655000000000000000e+04 3.603619240480012894e+09
2.660000000000000000e+04 3.415647618594750404e+09
2.665000000000000000e+04 3.238739861023367405e+09
2.670000000000000000e+04 3.072169254848471165e+09
2.675000000000000000e+04 2.915260697840262890e+09
2.680000000000000000e+04 2.767386888024309158e+09
2.685000000000000000e+04 2.627964790574298382e+09
2.690000000000000000e+04 2.496452370026644230e+09
2.695000000000000000e+04 2.372345559983329773e+09
2.700000000000000000e+04 2.255175463082368374e+09
2.705000000000000000e+04 2.144505758685568333e+09
2.710000000000000000e+04 2.039930306329154015e+09
2.715000000000000000e+04 1.941070927848683834e+09
2.720000000000000000e+04 1.847575355177680254e+09
2.725000000000000000e+04 1.759115336879468203e+09
2.730000000000000000e+04 1.675384883886026144e+09
2.735000000000000000e+04 1.596098650633503914e+09
2.740000000000000000e+04 1.520990433852223396e+09
2.745000000000000000e+04 1.449811790221683264e+09
2.750000000000000000e+04 1.382330754868734360e+09
2.755000000000000000e+04 1.318330656768792629e+09
2.760000000000000000e+04 1.257609024411056042e+09
2.765000000000000000e+04 1.199976573637054443e+09
2.770000000000000000e+04 1.145256270692965031e+09
2.775000000000000000e+04 1.093282465053759098e+09
2.780000000000000000e+04 1.043900090131985426e+09
2.785000000000000000e+04 9.969639209621075392e+08
2.790000000000000000e+04 9.523378851435054541e+08
2.795000000000000000e+04 9.098944324703742266e+08
2.800000000000000000e+04 8.695139419057445526e+08
2.805000000000000000e+04 8.310841804459700584e+08
2.810000000000000000e+04 7.944997957364078760e+08
2.815000000000000000e+04 7.596618498313583136e+08
2.820000000000000000e+04 7.264773844605233669e+08
2.825000000000000000e+04 6.948590218529530764e+08
2.830000000000000000e+04 6.647245896822741032e+08
2.835000000000000000e+04 6.359967746112357378e+08
2.840000000000000000e+04 6.086028046834368706e+08
2.845000000000000000e+04 5.824741482259027958e+08
2.850000000000000000e+04 5.575462396724342108e+08
2.855000000000000000e+04 5.337582213006920218e+08
2.860000000000000000e+04 5.110527053752405643e+08
2.865000000000000000e+04 4.893755508680960536e+08
2.870000000000000000e+04 4.686756599550384879e+08
2.875000000000000000e+04 4.489047825789736509e+08
2.880000000000000000e+04 4.300173403623500466e+08
2.885000000000000000e+04 4.119702596108030081e+08
2.890000000000000000e+04 3.947228161521514058e+08
2.895000000000000000e+04 3.782364916510231495e+08
2.900000000000000000e+04 3.624748379692311883e+08
2.905000000000000000e+04 3.474033537984045148e+08
2.910000000000000000e+04 3.329893659394422770e+08
2.915000000000000000e+04 3.192019212352244854e+08
2.920000000000000000e+04 3.060116825983193517e+08
2.925000000000000000e+04 2.933908382038398981e+08
2.930000000000000000e+04 2.813130067151981592e+08
2.935000000000000000e+04 2.697531601655650735e+08
2.940000000000000000e+04 2.586875409769294560e+08
2.945000000000000000e+04 2.480935935328143239e+08
2.950000000000000000e+04 2.379498920116576254e+08
2.955000000000000000e+04 2.282360809886505604e+08
2.960000000000000000e+04 2.189328113398491442e+08
2.965000000000000000e+04 2.100216879325082898e+08
2.970000000000000000e+04 2.014852152370387614e+08
2.975000000000000000e+04 1.933067485077565312e+08
2.980000000000000000e+04 1.854704462888613939e+08
2.985000000000000000e+04 1.779612301205221713e+08
2.990000000000000000e+04 1.707647408686381280e+08
2.995000000000000000e+04 1.638673013335301578e+08
3.000000000000000000e+04 1.572558806533498466e+08
3.005000000000000000e+04 1.509180609819344878e+08
3.010000000000000000e+04 1.448420022970149815e+08
3.015000000000000000e+04 1.390164178103552461e+08
3.020000000000000000e+04 1.334305402044660747e+08
3.025000000000000000e+04 1.280740992453951389e+08
3.030000000000000000e+04 1.229372944344778657e+08
3.035000000000000000e+04 1.180107708388419300e+08
3.040000000000000000e+04 1.132855992719480842e+08
3.045000000000000000e+04 1.087532531221712977e+08
3.050000000000000000e+04 1.044055886415005773e+08
3.055000000000000000e+04 1.002348263008787185e+08
3.060000000000000000e+04 9.623353385085207224e+07
3.065000000000000000e+04 9.239460906955245137e+07
3.070000000000000000e+04 8.871126176991832256e+07
3.075000000000000000e+04 8.517700344993513823e+07
3.080000000000000000e+04 8.178562735372559726e+07
3.085000000000000000e+04 7.853120012706726789e+07
3.090000000000000000e+04 7.540804491314020753e+07
3.095000000000000000e+04 7.241073258127531409e+07
3.100000000000000000e+04 6.953406730144487321e+07
3.105000000000000000e+04 6.677307847722796351e+07
3.110000000000000000e+04 6.412300798414455354e+07
3.115000000000000000e+04 6.157930180583904684e+07
3.120000000000000000e+04 5.913760054779420793e+07
3.125000000000000000e+04 5.679372912900697440e+07
3.130000000000000000e+04 5.454369197326971591e+07
3.135000000000000000e+04 5.238365992497178912e+07
3.140000000000000000e+04 5.030996721968988329e+07
3.145000000000000000e+04 4.831910145178912580e+07
3.150000000000000000e+04 4.640769892366150767e+07
3.155000000000000000e+04 4.457253520843882114e+07
3.160000000000000000e+04 4.281052182259602100e+07
3.165000000000000000e+04 4.111869824259825051e+07
3.170000000000000000e+04 3.949422826894273609e+07
3.175000000000000000e+04 3.793439235599406064e+07
3.180000000000000000e+04 3.643658345871216059e+07
3.185000000000000000e+04 3.499830348123387247e+07
3.190000000000000000e+04 3.361715682609001547e+07
3.195000000000000000e+04 3.229084619716570899e+07
3.200000000000000000e+04 3.101716886516641453e+07
3.205000000000000000e+04 2.979401273898843303e+07
3.210000000000000000e+04 2.861935280057347193e+07
3.215000000000000000e+04 2.749124599160707742e+07
3.220000000000000000e+04 2.640782841442711279e+07
3.225000000000000000e+04 2.536731357083699480e+07
3.230000000000000000e+04 2.436798605164276063e+07
3.235000000000000000e+04 2.340820125145367905e+07
3.240000000000000000e+04 2.248638106591312215e+07
3.245000000000000000e+04 2.160101178605966270e+07
3.250000000000000000e+04 2.075064010325888917e+07
3.255000000000000000e+04 1.993387277398910373e+07
3.260000000000000000e+04 1.914937079146723449e+07
3.265000000000000000e+04 1.839585190289904922e+07
3.270000000000000000e+04 1.767208375518997759e+07
3.275000000000000000e+04 1.697688352964977548e+07
3.280000000000000000e+04 1.630911705724918097e+07
3.285000000000000000e+04 1.566769488816111535e+07
3.290000000000000000e+04 1.505157224577445723e+07
3.295000000000000000e+04 1.445974522570767626e+07
3.300000000000000000e+04 1.389125050609874912e+07
3.305000000000000000e+04 1.334516400272950716e+07
3.310000000000000000e+04 1.282059773641242832e+07
3.315000000000000000e+04 1.231669900526927784e+07
3.320000000000000000e+04 1.183265111998961307e+07
3.325000000000000000e+04 1.136766743567401171e+07
3.330000000000000000e+04 1.092099443586211652e+07
3.335000000000000000e+04 1.049190837244762853e+07
3.340000000000000000e+04 1.007971336524856091e+07
3.345000000000000000e+04 9.683742708677278832e+06
3.350000000000000000e+04 9.303354757795017213e+06
3.355000000000000000e+04 8.937934744196407497e+06
3.360000000000000000e+04 8.586891802163405344e+06
3.365000000000000000e+04 8.249657654493895359e+06
3.370000000000000000e+04 7.925688527326088399e+06
3.375000000000000000e+04 7.614459944325467572e+06
3.380000000000000000e+04 7.315470215870528482e+06
3.385000000000000000e+04 7.028236945293774828e+06
3.390000000000000000e+04 6.752295681990638375e+06
3.395000000000000000e+04 6.487201922834849916e+06
3.400000000000000000e+04 6.232528730217895471e+06
3.405000000000000000e+04 5.987864301650499925e+06
3.410000000000000000e+04 5.752815613843813539e+06
3.415000000000000000e+04 5.527003289027211256e+06
3.420000000000000000e+04 5.310063347019713372e+06
3.425000000000000000e+04 5.101647413604912348e+06
3.430000000000000000e+04 4.901419379340533167e+06
3.435000000000000000e+04 4.709056326153003611e+06
3.440000000000000000e+04 4.524250097668180242e+06
3.445000000000000000e+04 4.346702459593156353e+06
3.450000000000000000e+04 4.176128286634432618e+06
3.455000000000000000e+04 4.012252907520410605e+06
3.460000000000000000e+04 3.854815359449403360e+06
3.465000000000000000e+04 3.703583169334421866e+06
3.470000000000000000e+04 3.558569396618399769e+06
3.475000000000000000e+04 3.423232971861905418e+06
3.480000000000000000e+04 3.350557728444772772e+06
3.485000000000000000e+04 4.018235486434703693e+06
3.490000000000000000e+04 1.178620872096405737e+07
3.495000000000000000e+04 5.335632398509644717e+07
3.500000000000000000e+04 -0.000000000000000000e+00
