-3.465000000000000000e+02 2.511210000000000000e+10
-3.395000000000000000e+02 7.529250000000000000e+10
-3.325000000000000000e+02 1.253650000000000000e+11
-3.255000000000000000e+02 1.752530000000000000e+11
-3.185000000000000000e+02 2.248840000000000000e+11
-3.115000000000000000e+02 2.741840000000000000e+11
-3.045000000000000000e+02 3.230820000000000000e+11
-2.975000000000000000e+02 3.715060000000000000e+11
-2.905000000000000000e+02 4.193840000000000000e+11
-2.835000000000000000e+02 4.666450000000000000e+11
-2.765000000000000000e+02 5.132210000000000000e+11
-2.695000000000000000e+02 5.590430000000000000e+11
-2.625000000000000000e+02 6.040430000000000000e+11
-2.555000000000000000e+02 6.481540000000000000e+11
-2.485000000000000000e+02 6.913120000000000000e+11
-2.415000000000000000e+02 7.334530000000000000e+11
-2.345000000000000000e+02 7.745130000000000000e+11
-2.275000000000000000e+02 8.144330000000000000e+11
-2.205000000000000000e+02 8.531530000000000000e+11
-2.135000000000000000e+02 8.906150000000000000e+11
-2.065000000000000000e+02 9.267630000000000000e+11
-1.995000000000000000e+02 9.615440000000000000e+11
-1.925000000000000000e+02 9.949050000000000000e+11
-1.855000000000000000e+02 1.026800000000000000e+12
-1.785000000000000000e+02 1.057170000000000000e+12
-1.715000000000000000e+02 1.085980000000000000e+12
-1.645000000000000000e+02 1.113190000000000000e+12
-1.575000000000000000e+02 1.138750000000000000e+12
-1.505000000000000000e+02 1.162630000000000000e+12
-1.435000000000000000e+02 1.184790000000000000e+12
-1.365000000000000000e+02 1.205200000000000000e+12
-1.295000000000000000e+02 1.223840000000000000e+12
-1.225000000000000000e+02 1.240680000000000000e+12
-1.155000000000000000e+02 1.255710000000000000e+12
-1.085000000000000000e+02 1.268910000000000000e+12
-1.015000000000000000e+02 1.280270000000000000e+12
-9.450000000000000000e+01 1.289800000000000000e+12
-8.750000000000000000e+01 1.297510000000000000e+12
-8.050000000000000000e+01 1.303410000000000000e+12
-7.350000000000000000e+01 1.307540000000000000e+12
-6.650000000000000000e+01 1.309930000000000000e+12
-5.950000000000000000e+01 1.310650000000000000e+12
-5.250000000000000000e+01 1.309760000000000000e+12
-4.550000000000000000e+01 1.307370000000000000e+12
-3.850000000000000000e+01 1.303590000000000000e+12
-3.150000000000000000e+01 1.298570000000000000e+12
-2.450000000000000000e+01 1.292470000000000000e+12
-1.750000000000000000e+01 1.285500000000000000e+12
-1.050000000000000000e+01 1.277880000000000000e+12
-3.500000000000000000e+00 1.269890000000000000e+12
3.500000000000000000e+00 1.261810000000000000e+12
1.050000000000000000e+01 1.253930000000000000e+12
1.750000000000000000e+01 1.246580000000000000e+12
2.450000000000000000e+01 1.240050000000000000e+12
3.150000000000000000e+01 1.234610000000000000e+12
3.850000000000000000e+01 1.230530000000000000e+12
4.550000000000000000e+01 1.228010000000000000e+12
5.250000000000000000e+01 1.227250000000000000e+12
5.950000000000000000e+01 1.228440000000000000e+12
6.650000000000000000e+01 1.231730000000000000e+12
7.350000000000000000e+01 1.237220000000000000e+12
8.050000000000000000e+01 1.244780000000000000e+12
8.750000000000000000e+01 1.253960000000000000e+12
9.450000000000000000e+01 1.263880000000000000e+12
1.015000000000000000e+02 1.273220000000000000e+12
1.085000000000000000e+02 1.280280000000000000e+12
1.155000000000000000e+02 1.282990000000000000e+12
1.225000000000000000e+02 1.279080000000000000e+12
1.295000000000000000e+02 1.266300000000000000e+12
1.365000000000000000e+02 1.242920000000000000e+12
1.435000000000000000e+02 1.208040000000000000e+12
1.505000000000000000e+02 1.161820000000000000e+12
1.575000000000000000e+02 1.105340000000000000e+12
1.645000000000000000e+02 1.040360000000000000e+12
1.715000000000000000e+02 9.689560000000000000e+11
1.785000000000000000e+02 8.931970000000000000e+11
1.855000000000000000e+02 8.149990000000000000e+11
1.925000000000000000e+02 7.360170000000000000e+11
1.995000000000000000e+02 6.576500000000000000e+11
2.065000000000000000e+02 5.810720000000000000e+11
2.135000000000000000e+02 5.072810000000000000e+11
2.205000000000000000e+02 4.371410000000000000e+11
2.275000000000000000e+02 3.714140000000000000e+11
2.345000000000000000e+02 3.107670000000000000e+11
2.415000000000000000e+02 2.557710000000000000e+11
2.485000000000000000e+02 2.068760000000000000e+11
2.555000000000000000e+02 1.643690000000000000e+11
2.625000000000000000e+02 1.283330000000000000e+11
2.695000000000000000e+02 9.860040000000000000e+10
2.765000000000000000e+02 7.473890000000000000e+10
2.835000000000000000e+02 5.608410000000000000e+10
2.905000000000000000e+02 4.181660000000000000e+10
2.975000000000000000e+02 3.106900000000000000e+10
3.045000000000000000e+02 2.302450000000000000e+10
3.115000000000000000e+02 1.698090000000000000e+10
3.185000000000000000e+02 1.237390000000000000e+10
3.255000000000000000e+02 8.770010000000000000e+09
3.325000000000000000e+02 5.843320000000000000e+09
3.395000000000000000e+02 3.347670000000000000e+09
3.465000000000000000e+02 1.090490000000000000e+09
