-3.430000000000000000e+02 5.591382399592890167e+10
-3.360000000000000000e+02 1.113576407323235626e+11
-3.290000000000000000e+02 1.670593964516001587e+11
-3.220000000000000000e+02 2.221508377717853699e+11
-3.150000000000000000e+02 2.769612977396005249e+11
-3.080000000000000000e+02 3.314208460785336304e+11
-3.010000000000000000e+02 3.858543517054371338e+11
-2.940000000000000000e+02 4.390063831476511841e+11
-2.870000000000000000e+02 4.919939740545108032e+11
-2.800000000000000000e+02 5.439613039191849976e+11
-2.730000000000000000e+02 5.952345692209040527e+11
-2.660000000000000000e+02 6.461317005921247559e+11
-2.590000000000000000e+02 6.954231245929036865e+11
-2.520000000000000000e+02 7.438221394431568604e+11
-2.450000000000000000e+02 7.912618134330303955e+11
-2.380000000000000000e+02 8.372987743846673584e+11
-2.310000000000000000e+02 8.826255751921823730e+11
-2.240000000000000000e+02 9.264234033059389648e+11
-2.170000000000000000e+02 9.686391247844041748e+11
-2.100000000000000000e+02 1.009585936227708374e+12
-2.030000000000000000e+02 1.049200935245235229e+12
-1.960000000000000000e+02 1.087064295407455566e+12
-1.890000000000000000e+02 1.123129340117494385e+12
-1.820000000000000000e+02 1.158050925557606445e+12
-1.750000000000000000e+02 1.191062863032653564e+12
-1.680000000000000000e+02 1.222123845722204834e+12
-1.610000000000000000e+02 1.251869107272731689e+12
-1.540000000000000000e+02 1.279228479614547852e+12
-1.470000000000000000e+02 1.304841043458687012e+12
-1.400000000000000000e+02 1.328656153454056396e+12
-1.330000000000000000e+02 1.350624329965654785e+12
-1.260000000000000000e+02 1.370387033753920410e+12
-1.190000000000000000e+02 1.388536051933309814e+12
-1.120000000000000000e+02 1.404102359644068604e+12
-1.050000000000000000e+02 1.417982839781083252e+12
-9.800000000000000000e+01 1.429831471046734375e+12
-9.100000000000000000e+01 1.439620178466026367e+12
-8.400000000000000000e+01 1.447605752188325928e+12
-7.700000000000000000e+01 1.453201436734691895e+12
-7.000000000000000000e+01 1.457226832360206543e+12
-6.300000000000000000e+01 1.458849795946705811e+12
-5.600000000000000000e+01 1.459127673397685303e+12
-4.900000000000000000e+01 1.457514937717058105e+12
-4.200000000000000000e+01 1.454025511487794922e+12
-3.500000000000000000e+01 1.448927869999815918e+12
-2.800000000000000000e+01 1.442481090212497314e+12
-2.100000000000000000e+01 1.434931865208833252e+12
-1.400000000000000000e+01 1.426084472264019775e+12
-7.000000000000000000e+00 1.416226649630737305e+12
0.000000000000000000e+00 1.405838348385964111e+12
7.000000000000000000e+00 1.395162447425615479e+12
1.400000000000000000e+01 1.383862800598326660e+12
2.100000000000000000e+01 1.372961947391018799e+12
2.800000000000000000e+01 1.362439061983551758e+12
3.500000000000000000e+01 1.352098994752059814e+12
4.200000000000000000e+01 1.342592711081720703e+12
4.900000000000000000e+01 1.333949999943836670e+12
5.600000000000000000e+01 1.326153198051308594e+12
6.300000000000000000e+01 1.319283176080922119e+12
7.000000000000000000e+01 1.313465536808137207e+12
7.700000000000000000e+01 1.308386691517783447e+12
8.400000000000000000e+01 1.303581072659846191e+12
9.100000000000000000e+01 1.298658688693876709e+12
9.800000000000000000e+01 1.292516149921355713e+12
1.050000000000000000e+02 1.283990495616219238e+12
1.120000000000000000e+02 1.271584268364196289e+12
1.190000000000000000e+02 1.253835753748236328e+12
1.260000000000000000e+02 1.229323938078343506e+12
1.330000000000000000e+02 1.196720372402434082e+12
1.400000000000000000e+02 1.155129240267370361e+12
1.470000000000000000e+02 1.104305228834310303e+12
1.540000000000000000e+02 1.045045868876712158e+12
1.610000000000000000e+02 9.782165845611431885e+11
1.680000000000000000e+02 9.052632063013088379e+11
1.750000000000000000e+02 8.280679375935943604e+11
1.820000000000000000e+02 7.483748828629730225e+11
1.890000000000000000e+02 6.677757844153609619e+11
1.960000000000000000e+02 5.879408234597633057e+11
2.030000000000000000e+02 5.102994758597412109e+11
2.100000000000000000e+02 4.360776025156953125e+11
2.170000000000000000e+02 3.663559675122481079e+11
2.240000000000000000e+02 3.021599475849841309e+11
2.310000000000000000e+02 2.441950429018623962e+11
2.380000000000000000e+02 1.930388974817318420e+11
2.450000000000000000e+02 1.490058207100765381e+11
2.520000000000000000e+02 1.122014371485287323e+11
2.590000000000000000e+02 8.237621203843089294e+10
2.660000000000000000e+02 5.903057315577302551e+10
2.730000000000000000e+02 4.138944707367921448e+10
2.800000000000000000e+02 2.851809098313895035e+10
2.870000000000000000e+02 1.941051284119715118e+10
2.940000000000000000e+02 1.311066069632444191e+10
3.010000000000000000e+02 8.823377488099681854e+09
3.080000000000000000e+02 5.930211836881883621e+09
3.150000000000000000e+02 3.969767604785185814e+09
3.220000000000000000e+02 2.631043322309878826e+09
3.290000000000000000e+02 1.693554496127279043e+09
3.360000000000000000e+02 1.007932397334007263e+09
3.430000000000000000e+02 4.693690684466556907e+08
