7.886000100000000000e+09 1.539759568915652466e+01
7.854647400000000000e+09 7.866311127816514670e+01
7.823294700000000000e+09 2.057760374379875884e+03
7.791941900000000000e+09 1.711171853823011770e+04
7.760589200000000000e+09 8.026161578009721416e+04
7.729236500000000000e+09 2.431315129691330949e+05
7.697883800000000000e+09 5.242809958566525020e+05
7.666531100000000000e+09 8.744928537634412060e+05
7.635178400000000000e+09 1.210669274915049085e+06
7.603825600000000000e+09 1.468003074723953614e+06
7.572472900000000000e+09 1.620436777245123638e+06
7.541120200000000000e+09 1.682558317660936620e+06
7.509767500000000000e+09 1.697393770610810490e+06
7.478414800000000000e+09 1.705809183719760273e+06
7.447062100000000000e+09 1.721023648251112783e+06
7.415709300000000000e+09 1.727747904808009742e+06
7.384356600000000000e+09 1.698313558857927099e+06
7.353003900000000000e+09 1.610936874396198429e+06
7.321651200000000000e+09 1.471516571289903019e+06
7.290298500000000000e+09 1.341905496622178936e+06
7.258945700000000000e+09 1.343770092273466289e+06
7.227593000000000000e+09 1.594330743126956047e+06
7.196240300000000000e+09 2.101446782878181431e+06
7.164887600000000000e+09 2.733899393413040787e+06
7.133534900000000000e+09 3.329017763665036298e+06
7.102182200000000000e+09 3.827582241211244371e+06
7.070829400000000000e+09 4.273338869907146320e+06
7.039476700000000000e+09 4.707202804635450244e+06
7.008124000000000000e+09 5.137752417251336388e+06
6.976771300000000000e+09 5.612403307555686682e+06
6.945418600000000000e+09 6.217264347649052739e+06
6.914065900000000000e+09 6.969924148179878481e+06
6.882713100000000000e+09 7.794874272454774007e+06
6.851360400000000000e+09 8.643166936035715044e+06
6.820007700000000000e+09 9.563814381112677976e+06
6.788655000000000000e+09 1.062217366464382224e+07
6.757302300000000000e+09 1.181535111103132181e+07
6.725949600000000000e+09 1.310383196973673813e+07
6.694596800000000000e+09 1.447791749768299051e+07
6.663244100000000000e+09 1.595697032609169744e+07
6.631891400000000000e+09 1.755325222924348712e+07
6.600538700000000000e+09 1.926566193450963870e+07
6.569186000000000000e+09 2.109910252822197974e+07
6.537833300000000000e+09 2.307354899024567753e+07
6.506480500000000000e+09 2.521257328173723817e+07
6.475127800000000000e+09 2.753302847877560928e+07
6.443775100000000000e+09 3.004751105848673731e+07
6.412422400000000000e+09 3.277123782497964799e+07
6.381069700000000000e+09 3.572070280078165978e+07
6.349717000000000000e+09 3.891023470541933924e+07
6.318364200000000000e+09 4.235248635686849803e+07
6.287011500000000000e+09 4.606346476353059709e+07
6.255658800000000000e+09 5.006111066636566818e+07
6.224306100000000000e+09 5.436668796154550463e+07
6.192953400000000000e+09 5.900252767913533747e+07
6.161600600000000000e+09 6.399449170161288232e+07
6.130247900000000000e+09 6.936980507354342937e+07
6.098895200000000000e+09 7.515629205785304308e+07
6.067542500000000000e+09 8.138097238923040032e+07
6.036189800000000000e+09 8.806946683041445911e+07
6.004837100000000000e+09 9.524467936926555634e+07
5.973484300000000000e+09 1.029266205567786545e+08
5.942131600000000000e+09 1.111330592465752512e+08
5.910778900000000000e+09 1.198815804683175385e+08
5.879426200000000000e+09 1.291906406249812096e+08
5.848073500000000000e+09 1.390828333522875607e+08
5.816720800000000000e+09 1.495841876454045475e+08
5.785368000000000000e+09 1.607246453237760961e+08
5.754015300000000000e+09 1.725367002563585043e+08
5.722662600000000000e+09 1.850534574670896232e+08
5.691309900000000000e+09 1.983080625644178092e+08
5.659957200000000000e+09 2.123302043114273846e+08
5.628604500000000000e+09 2.271507460346827209e+08
5.597251700000000000e+09 2.427960223068425357e+08
5.565899000000000000e+09 2.592957027923980355e+08
5.534546300000000000e+09 2.766748734934793115e+08
5.503193600000000000e+09 2.949622777928088307e+08
5.471840900000000000e+09 3.141829109741991758e+08
5.440488200000000000e+09 3.343610759974603653e+08
5.409135400000000000e+09 3.555168741319050789e+08
5.377782700000000000e+09 3.776727462245091200e+08
5.346430000000000000e+09 4.008481728403069973e+08
5.315077300000000000e+09 4.250601994737038612e+08
5.283724600000000000e+09 4.503223383793681860e+08
5.252371900000000000e+09 4.766530674461929798e+08
5.221019100000000000e+09 5.040646097738077044e+08
5.189666400000000000e+09 5.325700240252929926e+08
5.158313700000000000e+09 5.621745623137708902e+08
5.126961000000000000e+09 5.928842645693318844e+08
5.095608300000000000e+09 6.246988443130781651e+08
5.064255500000000000e+09 6.576146966855487823e+08
5.032902800000000000e+09 6.916265218271389008e+08
5.001550100000000000e+09 7.267200435394530296e+08
4.970197400000000000e+09 7.628866435823228359e+08
4.938844700000000000e+09 8.001021622353868484e+08
4.907492000000000000e+09 8.383509147790035009e+08
4.876139200000000000e+09 8.776019853654772043e+08
4.844786500000000000e+09 9.178270364571902752e+08
4.813433800000000000e+09 9.589904014313960075e+08
4.782081100000000000e+09 1.001051639017054558e+09
4.750728400000000000e+09 1.043965246815936208e+09
4.719375700000000000e+09 1.087684051302908182e+09
4.688022900000000000e+09 1.132148727472933292e+09
4.656670200000000000e+09 1.177304820462232590e+09
4.625317500000000000e+09 1.223082405546558619e+09
4.593964800000000000e+09 1.269415329973814964e+09
4.562612100000000000e+09 1.316231138456159353e+09
4.531259400000000000e+09 1.363446943099229574e+09
4.499906600000000000e+09 1.410983818966746092e+09
4.468553900000000000e+09 1.458750761262249231e+09
4.437201200000000000e+09 1.506660107443083763e+09
4.405848500000000000e+09 1.554612401585311651e+09
4.374495800000000000e+09 1.602511864244180202e+09
4.343143100000000000e+09 1.650250803227446318e+09
4.311790300000000000e+09 1.697730526554898500e+09
4.280437600000000000e+09 1.744834890906815767e+09
4.249084900000000000e+09 1.791458400429169416e+09
4.217732200000000000e+09 1.837482572224574804e+09
4.186379500000000000e+09 1.882797493889332533e+09
4.155026800000000000e+09 1.927294637667748451e+09
4.123674000000000000e+09 1.970840599886522770e+09
4.092321300000000000e+09 2.013330171170524597e+09
4.060968600000000000e+09 2.054644677636437416e+09
4.029615900000000000e+09 2.094658928006025314e+09
3.998263200000000000e+09 2.133280294102408648e+09
3.966910500000000000e+09 2.170418415706647396e+09
3.935557700000000000e+09 2.205978325064198017e+09
3.904205000000000000e+09 2.239840130756429672e+09
3.872852300000000000e+09 2.271932308551916599e+09
3.841499600000000000e+09 2.302123364636676788e+09
3.810146900000000000e+09 2.330396038657131672e+09
3.778794100000000000e+09 2.356565527851109982e+09
3.747441400000000000e+09 2.380624168908102036e+09
3.716088700000000000e+09 2.402449277240225315e+09
3.684736000000000000e+09 2.422002416928723335e+09
3.653383300000000000e+09 2.439201655008892059e+09
3.622030600000000000e+09 2.453998290068145752e+09
3.590677800000000000e+09 2.466333832664897442e+09
3.559325100000000000e+09 2.476178441247318268e+09
3.527972400000000000e+09 2.483499886939431667e+09
3.496619700000000000e+09 2.488284800726017952e+09
3.465267000000000000e+09 2.490498088942125320e+09
3.433914300000000000e+09 2.490150255813998222e+09
3.402561500000000000e+09 2.487251805567880154e+09
3.371208800000000000e+09 2.481821120599698544e+09
3.339856100000000000e+09 2.473881119221258640e+09
3.308503400000000000e+09 2.463480741577560902e+09
3.277150700000000000e+09 2.450673941194313526e+09
3.245798000000000000e+09 2.435522549766908169e+09
3.214445200000000000e+09 2.418099619414224148e+09
3.183092500000000000e+09 2.398493242397261620e+09
3.151739800000000000e+09 2.376797097315526009e+09
3.120387100000000000e+09 2.353124534319486141e+09
3.089034400000000000e+09 2.327599360039373875e+09
3.057681700000000000e+09 2.300349487302951813e+09
3.026328900000000000e+09 2.271516961896929741e+09
2.994976200000000000e+09 2.241248031298514843e+09
2.963623500000000000e+09 2.209691378055542946e+09
2.932270800000000000e+09 2.177006594787200451e+09
2.900918100000000000e+09 2.143358478479311228e+09
2.869565400000000000e+09 2.108907624427201986e+09
2.838212600000000000e+09 2.073812407714743853e+09
2.806859900000000000e+09 2.038227932791727066e+09
2.775507200000000000e+09 2.002299587698665857e+09
2.744154500000000000e+09 1.966161396813138008e+09
2.712801800000000000e+09 1.929929049863276958e+09
2.681449000000000000e+09 1.893694052983613491e+09
2.650096300000000000e+09 1.857524659771492481e+09
2.618743600000000000e+09 1.821458637694909573e+09
2.587390900000000000e+09 1.785497156542696476e+09
2.556038200000000000e+09 1.749598294902843237e+09
2.524685500000000000e+09 1.713676992416013718e+09
2.493332700000000000e+09 1.677605336254445314e+09
2.461980000000000000e+09 1.641202391121084213e+09
2.430627300000000000e+09 1.604237040165319204e+09
2.399274600000000000e+09 1.566424022024899483e+09
2.367921900000000000e+09 1.527423835332968712e+09
2.336569200000000000e+09 1.486852240268167257e+09
2.305216400000000000e+09 1.444281667075878859e+09
2.273863700000000000e+09 1.399247948322323084e+09
2.242511000000000000e+09 1.351260226289762735e+09
2.211158300000000000e+09 1.299811146850610018e+09
2.179805600000000000e+09 1.244392639680032492e+09
2.148452900000000000e+09 1.184510600299453974e+09
2.117100100000000000e+09 1.119699595993296623e+09
2.085747400000000000e+09 1.049545521515129924e+09
2.054394700000000000e+09 9.737080399346457720e+08
2.023042000000000000e+09 8.919367448221307993e+08
1.991689300000000000e+09 8.040884683485265970e+08
1.960336600000000000e+09 7.101493162873013020e+08
1.928983800000000000e+09 6.102543873118983507e+08
1.897631100000000000e+09 5.047007600390931368e+08
1.866278400000000000e+09 3.939558009170222282e+08
1.834925700000000000e+09 2.786631802820320725e+08
1.803573000000000000e+09 1.596449135208244920e+08
1.772220300000000000e+09 3.789738140110439062e+07
1.740867500000000000e+09 -8.542008372516392171e+07
1.709514800000000000e+09 -2.090031553739858568e+08
1.678162100000000000e+09 -3.314265294102491140e+08
1.646809400000000000e+09 -4.511738969023814201e+08
1.615456700000000000e+09 -5.666729733295503855e+08
1.584103900000000000e+09 -6.763350183455826044e+08
1.552751200000000000e+09 -7.785980535079855919e+08
1.521398500000000000e+09 -8.719718633381071091e+08
1.490045800000000000e+09 -9.550834499728817940e+08
1.458693100000000000e+09 -1.026720888309400797e+09
1.427340400000000000e+09 -1.085874053754848480e+09
1.395987600000000000e+09 -1.131770217229525089e+09
1.364634900000000000e+09 -1.163903051155225039e+09
1.333282200000000000e+09 -1.182053542414759874e+09
1.301929500000000000e+09 -1.186301451507859707e+09
1.270576800000000000e+09 -1.177027055297801495e+09
1.239224100000000000e+09 -1.154902003559927225e+09
1.207871300000000000e+09 -1.120870315881439209e+09
1.176518600000000000e+09 -1.076119208560331583e+09
1.145165900000000000e+09 -1.022041398757118583e+09
1.113813200000000000e+09 -9.601901273079169989e+08
1.082460500000000000e+09 -8.922287623117158413e+08
1.051107800000000000e+09 -8.198769649708759785e+08
1.019755000000000000e+09 -7.448562586005923748e+08
9.884023200000000000e+08 -6.688365764412566423e+08
9.570496100000000000e+08 -5.933864382035225630e+08
9.256968900000000000e+08 -5.199293336561509371e+08
8.943441700000000000e+08 -4.497072204398123622e+08
8.629914600000000000e+08 -3.837533085718178749e+08
8.316387400000000000e+08 -3.228744897404020429e+08
8.002860200000000000e+08 -2.676441275858004689e+08
7.689333000000000000e+08 -2.184047768624528944e+08
7.375805900000000000e+08 -1.752804423484946489e+08
7.062278700000000000e+08 -1.381969092981872559e+08
6.748751500000000000e+08 -1.069087584019588530e+08
6.435224400000000000e+08 -8.103114823276498914e+07
6.121697200000000000e+08 -6.007435982648657262e+07
5.808170000000000000e+08 -4.347905507224789262e+07
5.494642800000000000e+08 -3.065029130685412139e+07
5.181115700000000000e+08 -2.098857896954124421e+07
4.867588500000000000e+08 -1.391655016128283367e+07
4.554061300000000000e+08 -8.900263125472329557e+06
4.240534200000000000e+08 -5.464553458381494507e+06
3.927007000000000000e+08 -3.202343957134050783e+06
3.613479800000000000e+08 -1.778227682897249935e+06
3.299952600000000000e+08 -9.270193325898546027e+05
2.986425500000000000e+08 -4.482604781338655739e+05
2.672898300000000000e+08 -1.978370769328753813e+05
2.359371100000000000e+08 -7.794057807596711791e+04
2.045844000000000000e+08 -2.654931246566720438e+04
1.732316800000000000e+08 -7.452491166621203774e+03
1.418789600000000000e+08 -1.595250388134624018e+03
1.105262500000000000e+08 -2.268776552509301894e+02
7.917352800000000000e+07 -1.612410044380445839e+01
7.917352800000000000e+07 -1.612410044380445839e+01
