-5.000000000000000000e+00 9.999999999787949623e-01
5.000000000000000000e+00 9.999999999787949623e-01
1.500000000000000000e+01 9.999999859961370419e-01
2.500000000000000000e+01 9.999999854041859981e-01
3.500000000000000000e+01 9.999999848099639932e-01
4.500000000000000000e+01 9.999999841889639640e-01
5.500000000000000000e+01 9.999999835439609130e-01
6.500000000000000000e+01 9.999999828719579043e-01
7.500000000000000000e+01 9.999999821729549376e-01
8.500000000000000000e+01 9.999999814439608503e-01
9.500000000000000000e+01 9.999999806879519282e-01
1.050000000000000000e+02 9.999999798989549493e-01
1.150000000000000000e+02 9.999999790799458665e-01
1.250000000000000000e+02 9.999999782249520131e-01
1.350000000000000000e+02 9.999999773369459000e-01
1.450000000000000000e+02 9.999999764129429147e-01
1.550000000000000000e+02 9.999999754499400151e-01
1.650000000000000000e+02 9.999999744479369790e-01
1.750000000000000000e+02 9.999999734039368704e-01
1.850000000000000000e+02 9.999999723179369138e-01
1.950000000000000000e+02 9.999999711899278942e-01
2.050000000000000000e+02 9.999999700139279302e-01
2.150000000000000000e+02 9.999999687899249201e-01
2.250000000000000000e+02 9.999999675149279232e-01
2.350000000000000000e+02 9.999999661919158900e-01
2.450000000000000000e+02 9.999999648119159978e-01
2.550000000000000000e+02 9.999999633749159234e-01
2.650000000000000000e+02 9.999999618809068958e-01
2.750000000000000000e+02 9.999999603239069224e-01
2.850000000000000000e+02 9.999999587039068993e-01
2.950000000000000000e+02 9.999999570208949473e-01
3.050000000000000000e+02 9.999999552658920265e-01
3.150000000000000000e+02 9.999999534388949174e-01
3.250000000000000000e+02 9.999999515398859673e-01
3.350000000000000000e+02 9.999999495628799639e-01
3.450000000000000000e+02 9.999999475048709785e-01
3.550000000000000000e+02 9.999999453598769072e-01
3.650000000000000000e+02 9.999999431308650433e-01
3.750000000000000000e+02 9.999999408118529498e-01
3.850000000000000000e+02 9.999999383938559250e-01
3.950000000000000000e+02 9.999999358798500326e-01
4.050000000000000000e+02 9.999999332638409566e-01
4.150000000000000000e+02 9.999999305398379335e-01
4.250000000000000000e+02 9.999999277048289281e-01
4.350000000000000000e+02 9.999999247558170046e-01
4.450000000000000000e+02 9.999999216838199034e-01
4.550000000000000000e+02 9.999999184888049841e-01
4.650000000000000000e+02 9.999999151617989801e-01
4.750000000000000000e+02 9.999999116997899673e-01
4.850000000000000000e+02 9.999999080967778564e-01
4.950000000000000000e+02 9.999999043437779456e-01
5.050000000000000000e+02 9.999999004407659209e-01
5.150000000000000000e+02 9.999998963787509743e-01
5.250000000000000000e+02 9.999998921487479597e-01
5.350000000000000000e+02 9.999998877477359605e-01
5.450000000000000000e+02 9.999998831667240573e-01
5.550000000000000000e+02 9.999998783997089413e-01
5.650000000000000000e+02 9.999998734347059770e-01
5.750000000000000000e+02 9.999998682716849663e-01
5.850000000000000000e+02 9.999998628956759950e-01
5.950000000000000000e+02 9.999998573006609881e-01
6.050000000000000000e+02 9.999998514746548661e-01
6.150000000000000000e+02 9.999998454146309390e-01
6.250000000000000000e+02 9.999998391056189595e-01
6.350000000000000000e+02 9.999998325386070253e-01
6.450000000000000000e+02 9.999998257045890071e-01
6.550000000000000000e+02 9.999998185915709437e-01
6.650000000000000000e+02 9.999998111875558759e-01
6.750000000000000000e+02 9.999998034835348992e-01
6.850000000000000000e+02 9.999997954645140075e-01
6.950000000000000000e+02 9.999997871154988616e-01
7.050000000000000000e+02 9.999997784274778923e-01
7.150000000000000000e+02 9.999997693854539849e-01
7.250000000000000000e+02 9.999997599744330223e-01
7.350000000000000000e+02 9.999997501794058996e-01
7.450000000000000000e+02 9.999997399823878919e-01
7.550000000000000000e+02 9.999997293713579483e-01
7.650000000000000000e+02 9.999997183253399591e-01
7.750000000000000000e+02 9.999997068323039917e-01
7.850000000000000000e+02 9.999996948682768894e-01
7.950000000000000000e+02 9.999996824152469488e-01
8.050000000000000000e+02 9.999996694522259588e-01
8.150000000000000000e+02 9.999996559641869398e-01
8.250000000000000000e+02 9.999996419241509171e-01
8.350000000000000000e+02 9.999996273081268594e-01
8.450000000000000000e+02 9.999996121010790162e-01
8.550000000000000000e+02 9.999995962700489738e-01
8.650000000000000000e+02 9.999995797940040010e-01
8.750000000000000000e+02 9.999995626429739604e-01
8.850000000000000000e+02 9.999995447959200146e-01
8.950000000000000000e+02 9.999995262168839272e-01
9.050000000000000000e+02 9.999995068818359201e-01
9.150000000000000000e+02 9.999994867577879365e-01
9.250000000000000000e+02 9.999994658117399293e-01
9.350000000000000000e+02 9.999994440106889648e-01
9.450000000000000000e+02 9.999994213216319983e-01
9.550000000000000000e+02 9.999993977055749994e-01
9.650000000000000000e+02 9.999993731235239380e-01
9.750000000000000000e+02 9.999993475424548972e-01
9.850000000000000000e+02 9.999993209143980266e-01
9.950000000000000000e+02 9.999992932003289869e-01
1.005000000000000000e+03 9.999992643552599869e-01
1.015000000000000000e+03 9.999992343311969734e-01
1.025000000000000000e+03 9.999992030861158954e-01
1.035000000000000000e+03 9.999991705630409955e-01
1.045000000000000000e+03 9.999991367109689611e-01
1.055000000000000000e+03 9.999991014818759849e-01
1.065000000000000000e+03 9.999990648127918824e-01
1.075000000000000000e+03 9.999990266467049249e-01
1.085000000000000000e+03 9.999989869236058926e-01
1.095000000000000000e+03 9.999989455775128988e-01
1.105000000000000000e+03 9.999989025454109060e-01
1.115000000000000000e+03 9.999988577583059923e-01
1.125000000000000000e+03 9.999988111441889815e-01
1.135000000000000000e+03 9.999987626250809170e-01
1.145000000000000000e+03 9.999987121259639178e-01
1.155000000000000000e+03 9.999986595688319380e-01
1.165000000000000000e+03 9.999986048637089509e-01
1.175000000000000000e+03 9.999985479265739441e-01
1.185000000000000000e+03 9.999984886674269102e-01
1.195000000000000000e+03 9.999984269872890241e-01
1.205000000000000000e+03 9.999983627931330332e-01
1.215000000000000000e+03 9.999982959769768698e-01
1.225000000000000000e+03 9.999982264338179716e-01
1.235000000000000000e+03 9.999981540556379667e-01
1.245000000000000000e+03 9.999980787194699960e-01
1.255000000000000000e+03 9.999980003112779459e-01
1.265000000000000000e+03 9.999979187020888727e-01
1.275000000000000000e+03 9.999978337628878666e-01
1.285000000000000000e+03 9.999977453586779141e-01
1.295000000000000000e+03 9.999976533454619787e-01
1.305000000000000000e+03 9.999975575762368729e-01
1.315000000000000000e+03 9.999974578980029838e-01
1.325000000000000000e+03 9.999973541547509948e-01
1.335000000000000000e+03 9.999972461754988995e-01
1.345000000000000000e+03 9.999971337892379353e-01
1.355000000000000000e+03 9.999970168189559194e-01
1.365000000000000000e+03 9.999968950726739747e-01
1.375000000000000000e+03 9.999967683583709244e-01
1.385000000000000000e+03 9.999966364720679346e-01
1.395000000000000000e+03 9.999964992067349456e-01
1.405000000000000000e+03 9.999963563373989173e-01
1.415000000000000000e+03 9.999962076360510155e-01
1.425000000000000000e+03 9.999960528686789862e-01
1.435000000000000000e+03 9.999958917833039473e-01
1.445000000000000000e+03 9.999957241249048945e-01
1.455000000000000000e+03 9.999955496234940178e-01
1.465000000000000000e+03 9.999953680000709388e-01
1.475000000000000000e+03 9.999951789666179369e-01
1.485000000000000000e+03 9.999949822171588787e-01
1.495000000000000000e+03 9.999947774396730216e-01
1.505000000000000000e+03 9.999945643041719956e-01
1.515000000000000000e+03 9.999943424716469798e-01
1.525000000000000000e+03 9.999941115851009865e-01
1.535000000000000000e+03 9.999938712755369608e-01
1.545000000000000000e+03 9.999936211589459667e-01
1.555000000000000000e+03 9.999933608363279491e-01
1.565000000000000000e+03 9.999930898876949747e-01
1.575000000000000000e+03 9.999928078840230050e-01
1.585000000000000000e+03 9.999925143693388918e-01
1.595000000000000000e+03 9.999922088786099561e-01
1.605000000000000000e+03 9.999918909198628469e-01
1.615000000000000000e+03 9.999915599860800253e-01
1.625000000000000000e+03 9.999912155462640229e-01
1.635000000000000000e+03 9.999908570484239423e-01
1.645000000000000000e+03 9.999904839225388642e-01
1.655000000000000000e+03 9.999900955686240600e-01
1.665000000000000000e+03 9.999896913656729502e-01
1.675000000000000000e+03 9.999892706686739352e-01
1.685000000000000000e+03 9.999888327996508952e-01
1.695000000000000000e+03 9.999883770655678683e-01
1.705000000000000000e+03 9.999879027314489965e-01
1.715000000000000000e+03 9.999874090382879777e-01
1.725000000000000000e+03 9.999868952000728894e-01
1.735000000000000000e+03 9.999863603918098809e-01
1.745000000000000000e+03 9.999858037584958836e-01
1.755000000000000000e+03 9.999852244091279596e-01
1.765000000000000000e+03 9.999846214167029679e-01
1.775000000000000000e+03 9.999839938152269569e-01
1.785000000000000000e+03 9.999833406026878979e-01
1.795000000000000000e+03 9.999826607350769114e-01
1.805000000000000000e+03 9.999819531204150458e-01
1.815000000000000000e+03 9.999812166306719652e-01
1.825000000000000000e+03 9.999804500838659349e-01
1.835000000000000000e+03 9.999796522559820655e-01
1.845000000000000000e+03 9.999788218690229824e-01
1.855000000000000000e+03 9.999779575969799383e-01
1.865000000000000000e+03 9.999770580538589471e-01
1.875000000000000000e+03 9.999761217996570029e-01
1.885000000000000000e+03 9.999751473403529767e-01
1.895000000000000000e+03 9.999741331159590629e-01
1.905000000000000000e+03 9.999730775004749272e-01
1.915000000000000000e+03 9.999719788108738516e-01
1.925000000000000000e+03 9.999708352831798708e-01
1.935000000000000000e+03 9.999696450903748923e-01
1.945000000000000000e+03 9.999684063304500325e-01
1.955000000000000000e+03 9.999671170174079249e-01
1.965000000000000000e+03 9.999657750902458675e-01
1.975000000000000000e+03 9.999643784039490280e-01
1.985000000000000000e+03 9.999629247235169993e-01
1.995000000000000000e+03 9.999614117209529862e-01
2.005000000000000000e+03 9.999598369782389806e-01
2.015000000000000000e+03 9.999581979753688898e-01
2.025000000000000000e+03 9.999564920873519336e-01
2.035000000000000000e+03 9.999547165901639945e-01
2.045000000000000000e+03 9.999528686428018620e-01
2.055000000000000000e+03 9.999509452872660242e-01
2.065000000000000000e+03 9.999489434455499648e-01
2.075000000000000000e+03 9.999468599196330576e-01
2.085000000000000000e+03 9.999446913735150488e-01
2.095000000000000000e+03 9.999424343362049994e-01
2.105000000000000000e+03 9.999400852046520516e-01
2.115000000000000000e+03 9.999376402138949738e-01
2.125000000000000000e+03 9.999350954578919426e-01
2.135000000000000000e+03 9.999324468626519247e-01
2.145000000000000000e+03 9.999296901951538752e-01
2.155000000000000000e+03 9.999268210453859940e-01
2.165000000000000000e+03 9.999238348233479012e-01
2.175000000000000000e+03 9.999207267530219045e-01
2.185000000000000000e+03 9.999174918633989551e-01
2.195000000000000000e+03 9.999141249824639033e-01
2.205000000000000000e+03 9.999106207252048684e-01
2.215000000000000000e+03 9.999069734876069315e-01
2.225000000000000000e+03 9.999031774346669454e-01
2.235000000000000000e+03 9.998992265003519009e-01
2.245000000000000000e+03 9.998951143636649608e-01
2.255000000000000000e+03 9.998908344485849531e-01
2.265000000000000000e+03 9.998863799150848886e-01
2.275000000000000000e+03 9.998817436351709054e-01
2.285000000000000000e+03 9.998769182017950286e-01
2.295000000000000000e+03 9.998718958929778688e-01
2.305000000000000000e+03 9.998666686866628517e-01
2.315000000000000000e+03 9.998612282218468650e-01
2.325000000000000000e+03 9.998555657985209733e-01
2.335000000000000000e+03 9.998496723686489673e-01
2.345000000000000000e+03 9.998435385122069752e-01
2.355000000000000000e+03 9.998371544221769103e-01
2.365000000000000000e+03 9.998305098925409640e-01
2.375000000000000000e+03 9.998235943062659947e-01
2.385000000000000000e+03 9.998163966083309928e-01
2.395000000000000000e+03 9.998089052967029655e-01
2.405000000000000000e+03 9.998011083983638914e-01
2.415000000000000000e+03 9.997929934542779673e-01
2.425000000000000000e+03 9.997845474984119463e-01
2.435000000000000000e+03 9.997757570337449939e-01
2.445000000000000000e+03 9.997666080172349368e-01
2.455000000000000000e+03 9.997570858328459487e-01
2.465000000000000000e+03 9.997471752645629151e-01
2.475000000000000000e+03 9.997368604873170250e-01
2.485000000000000000e+03 9.997261250190989657e-01
2.495000000000000000e+03 9.997149517178489653e-01
2.505000000000000000e+03 9.997033227365430541e-01
2.515000000000000000e+03 9.996912195081150143e-01
2.525000000000000000e+03 9.996786227005499681e-01
2.535000000000000000e+03 9.996655122047789499e-01
2.545000000000000000e+03 9.996518670897569514e-01
2.555000000000000000e+03 9.996376655724419358e-01
2.565000000000000000e+03 9.996228849847770270e-01
2.575000000000000000e+03 9.996075017377019645e-01
2.585000000000000000e+03 9.995914912761779680e-01
2.595000000000000000e+03 9.995748280581299161e-01
2.605000000000000000e+03 9.995574854974920154e-01
2.615000000000000000e+03 9.995394359222249392e-01
2.625000000000000000e+03 9.995206505472329361e-01
2.635000000000000000e+03 9.995010994054799314e-01
2.645000000000000000e+03 9.994807513238669339e-01
2.655000000000000000e+03 9.994595738573339716e-01
2.665000000000000000e+03 9.994375332437969162e-01
2.675000000000000000e+03 9.994145943471929305e-01
2.685000000000000000e+03 9.993907206154108991e-01
2.695000000000000000e+03 9.993658740023878551e-01
2.705000000000000000e+03 9.993400149230310392e-01
2.715000000000000000e+03 9.993131021902259548e-01
2.725000000000000000e+03 9.992850929339219812e-01
2.735000000000000000e+03 9.992559425649629734e-01
2.745000000000000000e+03 9.992256046702799877e-01
2.755000000000000000e+03 9.991940309617709515e-01
2.765000000000000000e+03 9.991611712042859361e-01
2.775000000000000000e+03 9.991269731107529362e-01
2.785000000000000000e+03 9.990913822940219458e-01
2.795000000000000000e+03 9.990543421589669348e-01
2.805000000000000000e+03 9.990157938154829997e-01
2.815000000000000000e+03 9.989756760034139704e-01
2.825000000000000000e+03 9.989339249816099331e-01
2.835000000000000000e+03 9.988904744259570201e-01
2.845000000000000000e+03 9.988452553422869640e-01
2.855000000000000000e+03 9.987981959524289133e-01
2.865000000000000000e+03 9.987492215712450161e-01
2.875000000000000000e+03 9.986982545105549391e-01
2.885000000000000000e+03 9.986452139441909237e-01
2.895000000000000000e+03 9.985900157939608945e-01
2.905000000000000000e+03 9.985325725886909920e-01
2.915000000000000000e+03 9.984727933411798872e-01
2.925000000000000000e+03 9.984105834012269032e-01
2.935000000000000000e+03 9.983458443146219219e-01
2.945000000000000000e+03 9.982784736671579395e-01
2.955000000000000000e+03 9.982083649316160212e-01
2.965000000000000000e+03 9.981354073147469252e-01
2.975000000000000000e+03 9.980594855713169622e-01
2.985000000000000000e+03 9.979804798330980109e-01
2.995000000000000000e+03 9.978982654438169897e-01
3.005000000000000000e+03 9.978127127522099515e-01
3.015000000000000000e+03 9.977236869230159400e-01
3.025000000000000000e+03 9.976310477359439099e-01
3.035000000000000000e+03 9.975346493727119679e-01
3.045000000000000000e+03 9.974343402010169557e-01
3.055000000000000000e+03 9.973299625495378740e-01
3.065000000000000000e+03 9.972213524679839347e-01
3.075000000000000000e+03 9.971083394959859847e-01
3.085000000000000000e+03 9.969907463902499822e-01
3.095000000000000000e+03 9.968683888903889789e-01
3.105000000000000000e+03 9.967410754250669580e-01
3.115000000000000000e+03 9.966086068479089732e-01
3.125000000000000000e+03 9.964707761405219300e-01
3.135000000000000000e+03 9.963273681095339285e-01
3.145000000000000000e+03 9.961781590835370181e-01
3.155000000000000000e+03 9.960229165891140157e-01
3.165000000000000000e+03 9.958613990148540429e-01
3.175000000000000000e+03 9.956933552723039593e-01
3.185000000000000000e+03 9.955185244300469583e-01
3.195000000000000000e+03 9.953366353626089680e-01
3.205000000000000000e+03 9.951474063545370230e-01
3.215000000000000000e+03 9.949505447193539576e-01
3.225000000000000000e+03 9.947457463885799323e-01
3.235000000000000000e+03 9.945326954917168560e-01
3.245000000000000000e+03 9.943110639302639164e-01
3.255000000000000000e+03 9.940805109217288882e-01
3.265000000000000000e+03 9.938406825585659465e-01
3.275000000000000000e+03 9.935912113132738810e-01
3.285000000000000000e+03 9.933317155643219820e-01
3.295000000000000000e+03 9.930617990951580154e-01
3.305000000000000000e+03 9.927810505662568730e-01
3.315000000000000000e+03 9.924890429930759428e-01
3.325000000000000000e+03 9.921853331970599266e-01
3.335000000000000000e+03 9.918694612416689704e-01
3.345000000000000000e+03 9.915409498563599877e-01
3.355000000000000000e+03 9.911993038485930052e-01
3.365000000000000000e+03 9.908440094978189228e-01
3.375000000000000000e+03 9.904745339255129899e-01
3.385000000000000000e+03 9.900903244651529933e-01
3.395000000000000000e+03 9.896908080112349904e-01
3.405000000000000000e+03 9.892753903592430564e-01
3.415000000000000000e+03 9.888434555127089132e-01
3.425000000000000000e+03 9.883943650021709271e-01
3.435000000000000000e+03 9.879274571771969882e-01
3.445000000000000000e+03 9.874420464893609584e-01
3.455000000000000000e+03 9.869374227543029621e-01
3.465000000000000000e+03 9.864128504226689076e-01
3.475000000000000000e+03 9.858675678211679116e-01
3.485000000000000000e+03 9.853007864025209450e-01
3.495000000000000000e+03 9.847116899625538711e-01
3.505000000000000000e+03 9.840994338840929334e-01
3.515000000000000000e+03 9.834631443480660318e-01
3.525000000000000000e+03 9.828019175594430168e-01
3.535000000000000000e+03 9.821148189523050132e-01
3.545000000000000000e+03 9.814008824247899554e-01
3.555000000000000000e+03 9.806591095531169699e-01
3.565000000000000000e+03 9.798884688086578754e-01
3.575000000000000000e+03 9.790878948168330043e-01
3.585000000000000000e+03 9.782562875862149676e-01
3.595000000000000000e+03 9.773925117765029924e-01
3.605000000000000000e+03 9.764953959815309004e-01
3.615000000000000000e+03 9.755637320332739559e-01
3.625000000000000000e+03 9.745962743298839381e-01
3.635000000000000000e+03 9.735917391996599113e-01
3.645000000000000000e+03 9.725488042921168752e-01
3.655000000000000000e+03 9.714661080289349604e-01
3.665000000000000000e+03 9.703422490790309940e-01
3.675000000000000000e+03 9.691757859145019305e-01
3.685000000000000000e+03 9.679652363877269128e-01
3.695000000000000000e+03 9.667090774222859562e-01
3.705000000000000000e+03 9.654057447340589349e-01
3.715000000000000000e+03 9.640536326721659277e-01
3.725000000000000000e+03 9.626510941200179250e-01
3.735000000000000000e+03 9.611964405103499143e-01
3.745000000000000000e+03 9.596879419571520131e-01
3.755000000000000000e+03 9.581238274777860164e-01
3.765000000000000000e+03 9.565022853769109545e-01
3.775000000000000000e+03 9.548214637445489039e-01
3.785000000000000000e+03 9.530794711250250018e-01
3.795000000000000000e+03 9.512743773120808655e-01
3.805000000000000000e+03 9.494042143747379869e-01
3.815000000000000000e+03 9.474669778004669585e-01
3.825000000000000000e+03 9.454606279050089546e-01
3.835000000000000000e+03 9.433830913925339567e-01
3.845000000000000000e+03 9.412322631885239321e-01
3.855000000000000000e+03 9.390060084798149687e-01
3.865000000000000000e+03 9.367021650185879400e-01
3.875000000000000000e+03 9.343185456903209118e-01
3.885000000000000000e+03 9.318529413548068963e-01
3.895000000000000000e+03 9.293031239870940263e-01
3.905000000000000000e+03 9.266668501094820209e-01
3.915000000000000000e+03 9.239418645504628991e-01
3.925000000000000000e+03 9.211259045217299324e-01
3.935000000000000000e+03 9.182167040520570200e-01
3.945000000000000000e+03 9.152119987453168903e-01
3.955000000000000000e+03 9.121095309193528733e-01
3.965000000000000000e+03 9.089070550810020022e-01
3.975000000000000000e+03 9.056023438089539912e-01
3.985000000000000000e+03 9.021931939936740363e-01
3.995000000000000000e+03 8.986774334374050266e-01
4.005000000000000000e+03 8.950529278618979401e-01
4.015000000000000000e+03 8.913175882795049132e-01
4.025000000000000000e+03 8.874693787270798717e-01
4.035000000000000000e+03 8.835063243746908990e-01
4.045000000000000000e+03 8.794265199676649658e-01
4.055000000000000000e+03 8.752281386194349366e-01
4.065000000000000000e+03 8.709094409134230386e-01
4.075000000000000000e+03 8.664687842989379218e-01
4.085000000000000000e+03 8.619046327420769593e-01
4.095000000000000000e+03 8.572155666465509638e-01
4.105000000000000000e+03 8.524002929186940136e-01
4.115000000000000000e+03 8.474576552512290695e-01
4.125000000000000000e+03 8.423866444613040683e-01
4.135000000000000000e+03 8.371864089423149968e-01
4.145000000000000000e+03 8.318562650948849724e-01
4.155000000000000000e+03 8.263957077068129209e-01
4.165000000000000000e+03 8.208044202429810587e-01
4.175000000000000000e+03 8.150822849134110593e-01
4.185000000000000000e+03 8.092293925281929257e-01
4.195000000000000000e+03 8.032460519955330058e-01
4.205000000000000000e+03 7.971327994148099672e-01
4.215000000000000000e+03 7.908904066926090159e-01
4.225000000000000000e+03 7.845198895738380029e-01
4.235000000000000000e+03 7.780225150248150090e-01
4.245000000000000000e+03 7.713998078694420668e-01
4.255000000000000000e+03 7.646535566093369818e-01
4.265000000000000000e+03 7.577858183290498983e-01
4.275000000000000000e+03 7.507989226262490323e-01
4.285000000000000000e+03 7.436954744619839186e-01
4.295000000000000000e+03 7.364783559098849741e-01
4.305000000000000000e+03 7.291507266574829282e-01
4.315000000000000000e+03 7.217160232924559882e-01
4.325000000000000000e+03 7.141779572658989439e-01
4.335000000000000000e+03 7.065405114816509791e-01
4.345000000000000000e+03 6.988079355355379940e-01
4.355000000000000000e+03 6.909847395116969215e-01
4.365000000000000000e+03 6.830756864018039387e-01
4.375000000000000000e+03 6.750857830603649301e-01
4.385000000000000000e+03 6.670202698009378706e-01
4.395000000000000000e+03 6.588846085883489634e-01
4.405000000000000000e+03 6.506844699258750309e-01
4.415000000000000000e+03 6.424257184254150710e-01
4.425000000000000000e+03 6.341143972015919061e-01
4.435000000000000000e+03 6.257567111078610189e-01
4.445000000000000000e+03 6.173590089435420092e-01
4.455000000000000000e+03 6.089277647098469970e-01
4.465000000000000000e+03 6.004695580678409694e-01
4.475000000000000000e+03 5.919910540523849463e-01
4.485000000000000000e+03 5.834989822490429523e-01
4.495000000000000000e+03 5.750001155179470524e-01
4.505000000000000000e+03 5.665012484356199973e-01
4.515000000000000000e+03 5.580091755778049389e-01
4.525000000000000000e+03 5.495306698172549575e-01
4.535000000000000000e+03 5.410724607474809433e-01
4.545000000000000000e+03 5.326412134215150473e-01
4.555000000000000000e+03 5.242435075106639530e-01
4.565000000000000000e+03 5.158858170482280014e-01
4.575000000000000000e+03 5.075744908572539238e-01
4.585000000000000000e+03 4.993157338212689811e-01
4.595000000000000000e+03 4.911155890880309904e-01
4.605000000000000000e+03 4.829799213082919818e-01
4.615000000000000000e+03 4.749144010145669448e-01
4.625000000000000000e+03 4.669244902209239712e-01
4.635000000000000000e+03 4.590154292798039881e-01
4.645000000000000000e+03 4.511922250918469768e-01
4.655000000000000000e+03 4.434596406837510441e-01
4.665000000000000000e+03 4.358221861931370067e-01
4.675000000000000000e+03 4.282841112574739539e-01
4.685000000000000000e+03 4.208493988279739528e-01
4.695000000000000000e+03 4.135217603935559816e-01
4.705000000000000000e+03 4.063046325848099771e-01
4.715000000000000000e+03 3.992011751399699993e-01
4.725000000000000000e+03 3.922142701609350190e-01
4.735000000000000000e+03 3.853465226562750034e-01
4.745000000000000000e+03 3.786002622572669507e-01
4.755000000000000000e+03 3.719775460829489733e-01
4.765000000000000000e+03 3.654801626671589920e-01
4.775000000000000000e+03 3.591096368636189640e-01
4.785000000000000000e+03 3.528672356659949827e-01
4.795000000000000000e+03 3.467539748439660285e-01
4.805000000000000000e+03 3.407706263263169943e-01
4.815000000000000000e+03 3.349177262320079951e-01
4.825000000000000000e+03 3.291955834892609789e-01
4.835000000000000000e+03 3.236042889136349632e-01
4.845000000000000000e+03 3.181437247390950240e-01
4.855000000000000000e+03 3.128135744281140274e-01
4.865000000000000000e+03 3.076133327877059731e-01
4.875000000000000000e+03 3.025423162145280398e-01
4.885000000000000000e+03 2.975996731052154010e-01
4.895000000000000000e+03 2.927843942850608672e-01
4.905000000000000000e+03 2.880953234381559147e-01
4.915000000000000000e+03 2.835311674751426758e-01
4.925000000000000000e+03 2.790905067875579793e-01
4.935000000000000000e+03 2.747718053428728213e-01
4.945000000000000000e+03 2.705734205812254101e-01
4.955000000000000000e+03 2.664936130781537793e-01
4.965000000000000000e+03 2.625305559376203135e-01
4.975000000000000000e+03 2.586823438979339862e-01
4.985000000000000000e+03 2.549470021154727206e-01
4.995000000000000000e+03 2.513224946171936924e-01
5.005000000000000000e+03 2.478067324024499918e-01
5.015000000000000000e+03 2.443975811830002010e-01
5.025000000000000000e+03 2.410928687525147884e-01
5.035000000000000000e+03 2.378903919819830848e-01
5.045000000000000000e+03 2.347879234386159031e-01
5.055000000000000000e+03 2.317832176234490837e-01
5.065000000000000000e+03 2.288740168366427963e-01
5.075000000000000000e+03 2.260580566716821616e-01
5.085000000000000000e+03 2.233330711420754844e-01
5.095000000000000000e+03 2.206967974516511888e-01
5.105000000000000000e+03 2.181469804168569004e-01
5.115000000000000000e+03 2.156813765494538793e-01
5.125000000000000000e+03 2.132977578113141870e-01
5.135000000000000000e+03 2.109939150530165952e-01
5.145000000000000000e+03 2.087676611497406853e-01
5.155000000000000000e+03 2.066168338446641994e-01
5.165000000000000000e+03 2.045392983157578171e-01
5.175000000000000000e+03 2.025329494770786165e-01
5.185000000000000000e+03 2.005957140301689035e-01
5.195000000000000000e+03 1.987255522751480985e-01
5.205000000000000000e+03 1.969204597007102875e-01
5.215000000000000000e+03 1.951784683599191716e-01
5.225000000000000000e+03 1.934976480486041983e-01
5.235000000000000000e+03 1.918761072986561733e-01
5.245000000000000000e+03 1.903119941958227868e-01
5.255000000000000000e+03 1.888034970385061850e-01
5.265000000000000000e+03 1.873488448435587095e-01
5.275000000000000000e+03 1.859463077155787958e-01
5.285000000000000000e+03 1.845941970857093994e-01
5.295000000000000000e+03 1.832908658340332841e-01
5.305000000000000000e+03 1.820347083021716939e-01
5.315000000000000000e+03 1.808241602071802845e-01
5.325000000000000000e+03 1.796576984648481090e-01
5.335000000000000000e+03 1.785338409313931840e-01
5.345000000000000000e+03 1.774511460695636922e-01
5.355000000000000000e+03 1.764082125496314046e-01
5.365000000000000000e+03 1.754036787888942073e-01
5.375000000000000000e+03 1.744362224392707050e-01
5.385000000000000000e+03 1.735045598254013888e-01
5.395000000000000000e+03 1.726074453437456968e-01
5.405000000000000000e+03 1.717436708238803955e-01
5.415000000000000000e+03 1.709120648591984926e-01
5.425000000000000000e+03 1.701114921100088939e-01
5.435000000000000000e+03 1.693408525844336820e-01
5.445000000000000000e+03 1.685990809022087922e-01
5.455000000000000000e+03 1.678851455413812033e-01
5.465000000000000000e+03 1.671980480751098785e-01
5.475000000000000000e+03 1.665368223979634965e-01
5.485000000000000000e+03 1.659005339492204689e-01
5.495000000000000000e+03 1.652882789304677968e-01
5.505000000000000000e+03 1.646991835232007040e-01
5.515000000000000000e+03 1.641324031079214041e-01
5.525000000000000000e+03 1.635871214859401790e-01
5.535000000000000000e+03 1.630625501056727766e-01
5.545000000000000000e+03 1.625579272955412213e-01
5.555000000000000000e+03 1.620725175052727673e-01
5.565000000000000000e+03 1.616056105547000743e-01
5.575000000000000000e+03 1.611565208924604087e-01
5.585000000000000000e+03 1.607245868684955004e-01
5.595000000000000000e+03 1.603091700134504916e-01
5.605000000000000000e+03 1.599096543351753164e-01
5.615000000000000000e+03 1.595254456245221997e-01
5.625000000000000000e+03 1.591559707773476939e-01
5.635000000000000000e+03 1.588006771288106855e-01
5.645000000000000000e+03 1.584590318035730971e-01
5.655000000000000000e+03 1.581305210779982706e-01
5.665000000000000000e+03 1.578146497591539077e-01
5.675000000000000000e+03 1.575109405794087036e-01
5.685000000000000000e+03 1.572189336030329898e-01
5.695000000000000000e+03 1.569381856511004036e-01
5.705000000000000000e+03 1.566682697389850942e-01
5.715000000000000000e+03 1.564087745303630872e-01
5.725000000000000000e+03 1.561593038050125004e-01
5.735000000000000000e+03 1.559194759431119792e-01
5.745000000000000000e+03 1.556889234212426865e-01
5.755000000000000000e+03 1.554672923263857032e-01
5.765000000000000000e+03 1.552542418816242054e-01
5.775000000000000000e+03 1.550494439868417007e-01
5.785000000000000000e+03 1.548525827735234839e-01
5.795000000000000000e+03 1.546633541724551919e-01
5.805000000000000000e+03 1.544814654961232936e-01
5.815000000000000000e+03 1.543066350322155056e-01
5.825000000000000000e+03 1.541385916518200894e-01
5.835000000000000000e+03 1.539770744287253801e-01
5.845000000000000000e+03 1.538218322734218046e-01
5.855000000000000000e+03 1.536726235745990987e-01
5.865000000000000000e+03 1.535292158583480004e-01
5.875000000000000000e+03 1.533913854524595055e-01
5.885000000000000000e+03 1.532589171675260709e-01
5.895000000000000000e+03 1.531316039840391052e-01
5.905000000000000000e+03 1.530092467544919010e-01
5.915000000000000000e+03 1.528916539111772888e-01
5.925000000000000000e+03 1.527786411883886863e-01
5.935000000000000000e+03 1.526700313506204054e-01
5.945000000000000000e+03 1.525656539321660898e-01
5.955000000000000000e+03 1.524653449851204046e-01
5.965000000000000000e+03 1.523689468375779010e-01
5.975000000000000000e+03 1.522763078575340712e-01
5.985000000000000000e+03 1.521872822278838855e-01
5.995000000000000000e+03 1.521017297283231151e-01
6.005000000000000000e+03 1.520195155250474717e-01
6.015000000000000000e+03 1.519405099670529113e-01
6.025000000000000000e+03 1.518645883932356888e-01
6.035000000000000000e+03 1.517916309409926001e-01
6.045000000000000000e+03 1.517215223674193980e-01
6.055000000000000000e+03 1.516541518726139959e-01
6.065000000000000000e+03 1.515894129316724959e-01
6.075000000000000000e+03 1.515272031332919045e-01
6.085000000000000000e+03 1.514674240219700818e-01
6.095000000000000000e+03 1.514099809480040915e-01
6.105000000000000000e+03 1.513547829225914965e-01
6.115000000000000000e+03 1.513017424783296150e-01
6.125000000000000000e+03 1.512507755342165916e-01
6.135000000000000000e+03 1.512018012657497801e-01
6.145000000000000000e+03 1.511547419822279748e-01
6.155000000000000000e+03 1.511095230037484971e-01
6.165000000000000000e+03 1.510660725487094902e-01
6.175000000000000000e+03 1.510243216201097860e-01
6.185000000000000000e+03 1.509842039005469816e-01
6.195000000000000000e+03 1.509456556475199107e-01
6.205000000000000000e+03 1.509086155959269704e-01
6.215000000000000000e+03 1.508730248611665214e-01
6.225000000000000000e+03 1.508388268485374994e-01
6.235000000000000000e+03 1.508059671644381983e-01
6.245000000000000000e+03 1.507743935311673944e-01
6.255000000000000000e+03 1.507440557065241882e-01
6.265000000000000000e+03 1.507149054028074087e-01
6.275000000000000000e+03 1.506868962139155110e-01
6.285000000000000000e+03 1.506599835406476073e-01
6.295000000000000000e+03 1.506341245220027825e-01
6.305000000000000000e+03 1.506092779664801873e-01
6.315000000000000000e+03 1.505854042890788780e-01
6.325000000000000000e+03 1.505624654476976909e-01
6.335000000000000000e+03 1.505404248843359716e-01
6.345000000000000000e+03 1.505192474662928881e-01
6.355000000000000000e+03 1.504988994318675055e-01
6.365000000000000000e+03 1.504793483372595109e-01
6.375000000000000000e+03 1.504605630043679976e-01
6.385000000000000000e+03 1.504425134721920909e-01
6.395000000000000000e+03 1.504251709497311795e-01
6.405000000000000000e+03 1.504085077703850026e-01
6.415000000000000000e+03 1.503924973481522986e-01
6.425000000000000000e+03 1.503771141350331020e-01
6.435000000000000000e+03 1.503623335814267825e-01
6.445000000000000000e+03 1.503481320974328073e-01
6.455000000000000000e+03 1.503344870141505030e-01
6.465000000000000000e+03 1.503213765494793019e-01
6.475000000000000000e+03 1.503087797724191876e-01
6.485000000000000000e+03 1.502966765703692975e-01
6.495000000000000000e+03 1.502850476167292837e-01
6.505000000000000000e+03 1.502738743411989042e-01
6.515000000000000000e+03 1.502631388988777961e-01
6.525000000000000000e+03 1.502528241441653811e-01
6.535000000000000000e+03 1.502429136007613908e-01
6.545000000000000000e+03 1.502333914373654988e-01
6.555000000000000000e+03 1.502242424424777012e-01
6.565000000000000000e+03 1.502154519991971138e-01
6.575000000000000000e+03 1.502070060630233961e-01
6.585000000000000000e+03 1.501988911384568859e-01
6.595000000000000000e+03 1.501910942585970021e-01
6.605000000000000000e+03 1.501836029641434034e-01
6.615000000000000000e+03 1.501764052829957785e-01
6.625000000000000000e+03 1.501694897119541794e-01
6.635000000000000000e+03 1.501628451987183088e-01
6.645000000000000000e+03 1.501564611223874801e-01
6.655000000000000000e+03 1.501503272790621069e-01
6.665000000000000000e+03 1.501444338638414921e-01
6.675000000000000000e+03 1.501387714555257047e-01
6.685000000000000000e+03 1.501333310025143863e-01
6.695000000000000000e+03 1.501281038069076090e-01
6.705000000000000000e+03 1.501230815122049922e-01
6.715000000000000000e+03 1.501182560886062944e-01
6.725000000000000000e+03 1.501136198207117800e-01
6.735000000000000000e+03 1.501091652961208944e-01
6.745000000000000000e+03 1.501048853916332748e-01
6.755000000000000000e+03 1.501007732642495873e-01
6.765000000000000000e+03 1.500968223382689037e-01
6.775000000000000000e+03 1.500930262953915073e-01
6.785000000000000000e+03 1.500893790657173987e-01
6.795000000000000000e+03 1.500858748166457035e-01
6.805000000000000000e+03 1.500825079435773035e-01
6.815000000000000000e+03 1.500792730627112936e-01
6.825000000000000000e+03 1.500761649999479974e-01
6.835000000000000000e+03 1.500731787845871190e-01
6.845000000000000000e+03 1.500703096409285731e-01
6.855000000000000000e+03 1.500675529795724994e-01
6.865000000000000000e+03 1.500649043914185077e-01
6.875000000000000000e+03 1.500623596407668903e-01
6.885000000000000000e+03 1.500599146566170827e-01
6.895000000000000000e+03 1.500575655284693832e-01
6.905000000000000000e+03 1.500553084985234709e-01
6.915000000000000000e+03 1.500531399568791058e-01
6.925000000000000000e+03 1.500510564346367870e-01
6.935000000000000000e+03 1.500490545984960178e-01
6.945000000000000000e+03 1.500471312468569796e-01
6.955000000000000000e+03 1.500452833029194688e-01
6.965000000000000000e+03 1.500435078098834862e-01
6.975000000000000000e+03 1.500418019281955784e-01
6.985000000000000000e+03 1.500401624396393852e-01
6.995000000000000000e+03 1.500000005089943966e-01
7.005000000000000000e+03 1.500000005089943966e-01
