# Profil de ElecX au temps 2.600000000000007e-12 
# simu : /Volumes/MERCURE/JOBS/tanh_50mic_Zeq2_B0/GNU/ElecX@y-c.set
# col 0 : abscisse (um)
# col 1 : ElecX (V/m)
0.000000	0.000000
1.000000	307.609602
2.000000	-66.086550
3.000000	-133.099032
4.000000	20.608316
5.000000	6.840456
6.000000	4.249448
7.000000	3.923592
8.000000	3.865879
9.000000	3.857269
10.000000	3.872189
11.000000	3.908044
12.000000	3.964667
13.000000	4.041311
14.000000	4.136862
15.000000	4.250093
16.000000	4.379805
17.000000	4.524888
18.000000	4.684530
19.000000	4.857889
20.000000	5.044427
21.000000	5.243625
22.000000	5.455267
23.000000	5.679069
24.000000	5.914949
25.000000	6.162850
26.000000	6.422894
27.000000	6.695174
28.000000	6.979762
29.000000	7.277050
30.000000	7.587179
31.000000	7.910604
32.000000	8.247570
33.000000	8.598532
34.000000	8.963985
35.000000	9.344348
36.000000	9.740161
37.000000	10.152004
38.000000	10.580466
39.000000	11.026157
40.000000	11.489696
41.000000	11.971802
42.000000	12.473142
43.000000	12.994466
44.000000	13.536478
45.000000	14.100020
46.000000	14.685967
47.000000	15.295238
48.000000	15.928756
49.000000	16.587654
50.000000	17.273097
51.000000	17.986207
52.000000	18.728364
53.000000	19.500818
54.000000	20.305068
55.000000	21.142371
56.000000	22.014304
57.000000	22.922282
58.000000	23.867790
59.000000	24.852253
60.000000	25.877266
61.000000	26.944341
62.000000	28.055104
63.000000	29.211096
64.000000	30.414190
65.000000	31.666063
66.000000	32.968650
67.000000	34.323946
68.000000	35.734090
69.000000	37.201153
70.000000	38.727625
71.000000	40.315758
72.000000	41.968194
73.000000	43.687555
74.000000	45.476519
75.000000	47.338064
76.000000	49.275116
77.000000	51.290796
78.000000	53.388310
79.000000	55.571122
80.000000	57.842630
81.000000	60.206532
82.000000	62.666640
83.000000	65.226867
84.000000	67.891317
85.000000	70.664248
86.000000	73.550177
87.000000	76.553593
88.000000	79.679490
89.000000	82.932682
90.000000	86.318519
91.000000	89.842374
92.000000	93.509888
93.000000	97.326914
94.000000	101.299621
95.000000	105.434294
96.000000	109.737638
97.000000	114.216463
98.000000	118.878028
99.000000	123.729699
100.000000	128.779338
101.000000	134.035024
102.000000	139.505000
103.000000	145.198280
104.000000	151.123822
105.000000	157.291118
106.000000	163.710041
107.000000	170.390957
108.000000	177.344426
109.000000	184.581648
110.000000	192.114149
111.000000	199.954049
112.000000	208.113868
113.000000	216.606598
114.000000	225.445910
115.000000	234.645876
116.000000	244.221281
117.000000	254.187388
118.000000	264.560127
119.000000	275.356137
120.000000	286.592665
121.000000	298.287689
122.000000	310.459882
123.000000	323.128780
124.000000	336.314559
125.000000	350.038359
126.000000	364.322128
127.000000	379.188669
128.000000	394.661821
129.000000	410.766270
130.000000	427.527782
131.000000	444.973159
132.000000	463.130308
133.000000	482.028254
134.000000	501.697193
135.000000	522.168630
136.000000	543.475232
137.000000	565.651078
138.000000	588.731585
139.000000	612.753728
140.000000	637.755849
141.000000	663.777935
142.000000	690.861530
143.000000	719.049980
144.000000	748.388318
145.000000	778.923434
146.000000	810.704070
147.000000	843.781071
148.000000	878.207272
149.000000	914.037680
150.000000	951.329485
151.000000	990.142355
152.000000	1030.538196
153.000000	1072.581595
154.000000	1116.339682
155.000000	1161.882310
156.000000	1209.282279
157.000000	1258.615194
158.000000	1309.959898
159.000000	1363.398283
160.000000	1419.015722
161.000000	1476.900925
162.000000	1537.146364
163.000000	1599.848110
164.000000	1665.106216
165.000000	1733.024828
166.000000	1803.712317
167.000000	1877.281363
168.000000	1953.849404
169.000000	2033.538394
170.000000	2116.475509
171.000000	2202.792936
172.000000	2292.628298
173.000000	2386.124658
174.000000	2483.431070
175.000000	2584.702614
176.000000	2690.100464
177.000000	2799.792632
178.000000	2913.953642
179.000000	3032.765324
180.000000	3156.416691
181.000000	3285.104604
182.000000	3419.033723
183.000000	3558.417126
184.000000	3703.476369
185.000000	3854.442153
186.000000	4011.554309
187.000000	4175.062548
188.000000	4345.226534
189.000000	4522.316507
190.000000	4706.613584
191.000000	4898.410204
192.000000	5098.010666
193.000000	5305.731464
194.000000	5521.901935
195.000000	5746.864563
196.000000	5980.975758
197.000000	6224.606216
198.000000	6478.141411
199.000000	6741.982557
200.000000	7016.546847
201.000000	7302.268164
202.000000	7599.597902
203.000000	7909.005534
204.000000	8230.979257
205.000000	8566.026938
206.000000	8914.676670
207.000000	9277.477662
208.000000	9655.001066
209.000000	10047.840856
210.000000	10456.614616
211.000000	10881.964572
212.000000	11324.558452
213.000000	11785.090631
214.000000	12264.282949
215.000000	12762.885862
216.000000	13281.679663
217.000000	13821.475477
218.000000	14383.116349
219.000000	14967.478817
220.000000	15575.473824
221.000000	16208.048233
222.000000	16866.186043
223.000000	17550.910023
224.000000	18263.282838
225.000000	19004.408928
226.000000	19775.435592
227.000000	20577.555262
228.000000	21412.006311
229.000000	22280.075693
230.000000	23183.099935
231.000000	24122.467373
232.000000	25099.619970
233.000000	26116.055314
234.000000	27173.328428
235.000000	28273.054202
236.000000	29416.909058
237.000000	30606.633567
238.000000	31844.034606
239.000000	33130.987576
240.000000	34469.438833
241.000000	35861.408427
242.000000	37308.992218
243.000000	38814.364923
244.000000	40379.782451
245.000000	42007.584900
246.000000	43700.199307
247.000000	45460.142555
248.000000	47290.024387
249.000000	49192.550495
250.000000	51170.525400
251.000000	53226.856163
252.000000	55364.555139
253.000000	57586.743582
254.000000	59896.655192
255.000000	62297.639282
256.000000	64793.164608
257.000000	67386.822915
258.000000	70082.332633
259.000000	72883.542645
260.000000	75794.436147
261.000000	78819.134531
262.000000	81961.901363
263.000000	85227.146201
264.000000	88619.429064
265.000000	92143.463956
266.000000	95804.123668
267.000000	99606.443370
268.000000	103555.625358
269.000000	107657.042790
270.000000	111916.244467
271.000000	116338.958778
272.000000	120931.098161
273.000000	125698.763455
274.000000	130648.248000
275.000000	135786.042301
276.000000	141118.838027
277.000000	146653.532321
278.000000	152397.232262
279.000000	158357.258739
280.000000	164541.150772
281.000000	170956.669646
282.000000	177611.802795
283.000000	184514.767755
284.000000	191674.016082
285.000000	199098.237175
286.000000	206796.361457
287.000000	214777.564457
288.000000	223051.269814
289.000000	231627.152763
290.000000	240515.142644
291.000000	249725.426621
292.000000	259268.451621
293.000000	269154.927381
294.000000	279395.828550
295.000000	290002.396589
296.000000	300986.142173
297.000000	312358.846208
298.000000	324132.561802
299.000000	336319.614952
300.000000	348932.605625
301.000000	361984.408498
302.000000	375488.172804
303.000000	389457.323098
304.000000	403905.558191
305.000000	418846.851324
306.000000	434295.448874
307.000000	450265.869384
308.000000	466772.901977
309.000000	483831.604840
310.000000	501457.302893
311.000000	519665.585609
312.000000	538472.304248
313.000000	557893.568920
314.000000	577945.745463
315.000000	598645.451702
316.000000	620009.553707
317.000000	642055.161996
318.000000	664799.626718
319.000000	688260.533626
320.000000	712455.698783
321.000000	737403.164007
322.000000	763121.191411
323.000000	789628.258005
324.000000	816943.050462
325.000000	845084.458965
326.000000	874071.571778
327.000000	903923.669138
328.000000	934660.217342
329.000000	966300.862602
330.000000	998865.424944
331.000000	1032373.892187
332.000000	1066846.413528
333.000000	1102303.293761
334.000000	1138764.986817
335.000000	1176252.090060
336.000000	1214785.337993
337.000000	1254385.596679
338.000000	1295073.857589
339.000000	1336871.232259
340.000000	1379798.946493
341.000000	1423878.335081
342.000000	1469130.836240
343.000000	1515577.986818
344.000000	1563241.416900
345.000000	1612142.844970
346.000000	1662304.073467
347.000000	1713746.983479
348.000000	1766493.530730
349.000000	1820565.740612
350.000000	1875985.704082
351.000000	1932775.572977
352.000000	1990957.555414
353.000000	2050553.911637
354.000000	2111586.949121
355.000000	2174079.017709
356.000000	2238052.504871
357.000000	2303529.830127
358.000000	2370533.439781
359.000000	2439085.800538
360.000000	2509209.393295
361.000000	2580926.705910
362.000000	2654260.225508
363.000000	2729232.430042
364.000000	2805865.778761
365.000000	2884182.702043
366.000000	2964205.589977
367.000000	3045956.779688
368.000000	3129458.541578
369.000000	3214733.063572
370.000000	3301802.434838
371.000000	3390688.626366
372.000000	3481413.470940
373.000000	3573998.640398
374.000000	3668465.620978
375.000000	3764835.686312
376.000000	3863129.867789
377.000000	3963368.922569
378.000000	4065573.298692
379.000000	4169763.097040
380.000000	4275958.030283
381.000000	4384177.378813
382.000000	4494439.942734
383.000000	4606763.990343
384.000000	4721167.203372
385.000000	4837666.617047
386.000000	4956278.557612
387.000000	5077018.573956
388.000000	5199901.366015
389.000000	5324940.707908
390.000000	5452149.366593
391.000000	5581539.015366
392.000000	5713120.142951
393.000000	5846901.956512
394.000000	5982892.280364
395.000000	6121097.448667
396.000000	6261522.192982
397.000000	6404169.524332
398.000000	6549040.609472
399.000000	6696134.641790
400.000000	6845448.706511
401.000000	6996977.640160
402.000000	7150713.884420
403.000000	7306647.334790
404.000000	7464765.183060
405.000000	7625051.754949
406.000000	7787488.342313
407.000000	7952053.029874
408.000000	8118720.517471
409.000000	8287461.937137
410.000000	8458244.665844
411.000000	8631032.133973
412.000000	8805783.629531
413.000000	8982454.099364
414.000000	9160993.946181
415.000000	9341348.823484
416.000000	9523459.427804
417.000000	9707261.288688
418.000000	9892684.557647
419.000000	10079653.795772
420.000000	10268087.761402
421.000000	10457899.197381
422.000000	10648994.620250
423.000000	10841274.109625
424.000000	11034631.101192
425.000000	11228952.181937
426.000000	11424116.889308
427.000000	11619997.515580
428.000000	11816458.917121
429.000000	12013358.330728
430.000000	12210545.197136
431.000000	12407860.993597
432.000000	12605139.075652
433.000000	12802204.530402
434.000000	12998874.041700
435.000000	13194955.769397
436.000000	13390249.243230
437.000000	13584545.274356
438.000000	13777625.884874
439.000000	13969264.258232
440.000000	14159224.712174
441.000000	14347262.696689
442.000000	14533124.819349
443.000000	14716548.900693
444.000000	14897264.062528
445.000000	15074990.852300
446.000000	15249441.406873
447.000000	15420319.659039
448.000000	15587321.591062
449.000000	15750135.538476
450.000000	15908442.549014
451.000000	16061916.800504
452.000000	16210226.082358
453.000000	16353032.345278
454.000000	16489992.323282
455.000000	16620758.232863
456.000000	16744978.553526
457.000000	16862298.893513
458.000000	16972362.944479
459.000000	17074813.528394
460.000000	17169293.738995
461.000000	17255448.179698
462.000000	17332924.298950
463.000000	17401373.822373
464.000000	17460454.280900
465.000000	17509830.631655
466.000000	17549176.967686
467.000000	17578178.310513
468.000000	17596532.478228
469.000000	17603952.019943
470.000000	17600166.205273
471.000000	17584923.056878
472.000000	17557991.410625
473.000000	17519162.988494
474.000000	17468254.465806
475.000000	17405109.514114
476.000000	17329600.800309
477.000000	17241631.920337
478.000000	17141139.246781
479.000000	17028093.668170
480.000000	16902502.198520
481.000000	16764409.435756
482.000000	16613898.848270
483.000000	16451093.869578
484.000000	16276158.783078
485.000000	16089299.379197
486.000000	15890763.369776
487.000000	15680840.545776
488.000000	15459862.666868
489.000000	15228203.072823
490.000000	14986276.009057
491.000000	14734535.660821
492.000000	14473474.892225
493.000000	14203623.688558
494.000000	13925547.302197
495.000000	13639844.104851
496.000000	13347143.150147
497.000000	13048101.453757
498.000000	12743400.999634
499.000000	12433745.483701
500.000000	12119856.809593
501.000000	11802471.352975
502.000000	11482336.015381
503.000000	11160204.091318
504.000000	10836830.977128
505.000000	10512969.753528
506.000000	10189366.679293
507.000000	9866756.637040
508.000000	9545858.577472
509.000000	9227371.012226
510.000000	8911967.609358
511.000000	8600292.948816
512.000000	8292958.496847
513.000000	7990538.859765
514.000000	7693568.376156
515.000000	7402538.104993
516.000000	7117893.262410
517.000000	6840031.154343
518.000000	6569299.644087
519.000000	6305996.184269
520.000000	6050367.431901
521.000000	5802609.452660
522.000000	5562868.507574
523.000000	5331242.402075
524.000000	5107782.364541
525.000000	4892495.408767
526.000000	4685347.124285
527.000000	4486264.829454
528.000000	4295141.014557
529.000000	4111836.998792
530.000000	3936186.722048
531.000000	3768000.593416
532.000000	3607069.322202
533.000000	3453167.661269
534.000000	3306058.001271
535.000000	3165493.762033
536.000000	3031222.537872
537.000000	2902988.963824
538.000000	2780537.279570
539.000000	2663613.579402
540.000000	2551967.744009
541.000000	2445355.060019
542.000000	2343537.539335
543.000000	2246284.956231
544.000000	2153375.624915
545.000000	2064596.943197
546.000000	1979745.729493
547.000000	1898628.381393
548.000000	1821060.883171
549.000000	1746868.689195
550.000000	1675886.507608
551.000000	1607958.007219
552.000000	1542935.467488
553.000000	1480679.389363
554.000000	1421058.081724
555.000000	1363947.235613
556.000000	1309229.497044
557.000000	1256794.045492
558.000000	1206536.184492
559.000000	1158356.948632
560.000000	1112162.729895
561.000000	1067864.925383
562.000000	1025379.606915
563.000000	984627.212976
564.000000	945532.262811
565.000000	908023.091558
566.000000	872031.605412
567.000000	837493.056141
568.000000	804345.832981
569.000000	772531.270890
570.000000	741993.474019
571.000000	712679.152809
572.000000	684537.473746
573.000000	657519.920429
574.000000	631580.165173
575.000000	606673.949909
576.000000	582758.975895
577.000000	559794.800886
578.000000	537742.743633
579.000000	516565.794746
580.000000	496228.533268
581.000000	476697.048942
582.000000	457938.869054
583.000000	439922.889834
584.000000	422619.312009
585.000000	405999.580267
586.000000	390036.325861
587.000000	374703.312668
588.000000	359975.386307
589.000000	345828.425724
590.000000	332239.297576
591.000000	319185.812936
592.000000	306646.686040
593.000000	294601.495479
594.000000	283030.646898
595.000000	271915.337838
596.000000	261237.524128
597.000000	250979.887838
598.000000	241125.806902
599.000000	231659.325955
600.000000	222565.128676
601.000000	213828.511229
602.000000	205435.357163
603.000000	197372.113046
604.000000	189625.765509
605.000000	182183.819107
606.000000	175034.275393
607.000000	168165.612406
608.000000	161566.765698
609.000000	155227.109515
610.000000	149136.439344
611.000000	143284.954742
612.000000	137663.243226
613.000000	132262.264637
614.000000	127073.336180
615.000000	122088.118204
616.000000	117298.600362
617.000000	112697.088793
618.000000	108276.192814
619.000000	104028.813639
620.000000	99948.132294
621.000000	96027.598594
622.000000	92260.920459
623.000000	88642.053693
624.000000	85165.192207
625.000000	81824.758391
626.000000	78615.394313
627.000000	75531.952844
628.000000	72569.489416
629.000000	69723.253975
630.000000	66988.683228
631.000000	64361.393456
632.000000	61837.173212
633.000000	59411.976641
634.000000	57081.916871
635.000000	54843.259912
636.000000	52692.418395
637.000000	50625.945994
638.000000	48640.531641
639.000000	46732.994591
640.000000	44900.278753
641.000000	43139.448236
642.000000	41447.682467
643.000000	39822.271480
644.000000	38260.611932
645.000000	36760.202456
646.000000	35318.640031
647.000000	33933.615881
648.000000	32602.911837
649.000000	31324.396665
650.000000	30096.022695
651.000000	28915.822332
652.000000	27781.905005
653.000000	26692.453715
654.000000	25645.722183
655.000000	24640.031539
656.000000	23673.767533
657.000000	22745.377237
658.000000	21853.366438
659.000000	20996.296301
660.000000	20172.780970
661.000000	19381.484592
662.000000	18621.119209
663.000000	17890.442626
664.000000	17188.256883
665.000000	16513.407117
666.000000	15864.780795
667.000000	15241.306807
668.000000	14641.954673
669.000000	14065.732633
670.000000	13511.684748
671.000000	12978.887004
672.000000	12466.441911
673.000000	11973.472426
674.000000	11499.116018
675.000000	11042.518293
676.000000	10602.827187
677.000000	10179.186314
678.000000	9770.727450
679.000000	9376.560634
680.000000	8995.760453
681.000000	8627.348656
682.000000	8270.270980
683.000000	7923.366797
684.000000	7585.329153
685.000000	7254.651482
686.000000	6929.556308
687.000000	6607.899678
688.000000	6287.042387
689.000000	5963.677277
690.000000	5633.600006
691.000000	5291.410456
692.000000	4930.140260
693.000000	4540.825127
694.000000	4112.105754
695.000000	3630.092606
696.000000	3079.318925
697.000000	2459.210290
698.000000	1665.486366
699.000000	903.073880
700.000000	0.000000
