# Profil de ElecSpitzerX au temps 1.209999999999997e-12 
# simu : /Volumes/MERCURE/JOBS/tanh_50mic_Zeq2_B0/GNU/ElecSpitzerX@y-c.set
# col 0 : abscisse (um)
# col 1 : ElecSpitzerX (V/m)
0.000000	-0.000000
1.000000	154.620463
2.000000	-35.502713
3.000000	-64.221853
4.000000	12.308781
5.000000	6.401888
6.000000	5.017503
7.000000	4.578365
8.000000	4.272409
9.000000	4.031584
10.000000	3.846193
11.000000	3.706895
12.000000	3.608991
13.000000	3.552496
14.000000	3.535953
15.000000	3.552382
16.000000	3.590597
17.000000	3.640342
18.000000	3.695685
19.000000	3.755760
20.000000	3.823542
21.000000	3.902632
22.000000	3.994918
23.000000	4.099023
24.000000	4.212262
25.000000	4.333556
26.000000	4.464940
27.000000	4.611117
28.000000	4.776805
29.000000	4.964740
30.000000	5.174733
31.000000	5.404284
32.000000	5.649932
33.000000	5.908371
34.000000	6.177189
35.000000	6.454989
36.000000	6.741319
37.000000	7.036254
38.000000	7.340292
39.000000	7.654129
40.000000	7.978473
41.000000	8.314123
42.000000	8.661796
43.000000	9.022184
44.000000	9.396065
45.000000	9.784038
46.000000	10.186996
47.000000	10.605559
48.000000	11.040505
49.000000	11.492697
50.000000	11.962879
51.000000	12.451914
52.000000	12.960633
53.000000	13.489967
54.000000	14.040796
55.000000	14.613964
56.000000	15.210455
57.000000	15.831314
58.000000	16.477445
59.000000	17.149920
60.000000	17.849860
61.000000	18.578324
62.000000	19.336519
63.000000	20.125641
64.000000	20.947048
65.000000	21.801877
66.000000	22.691603
67.000000	23.617686
68.000000	24.581526
69.000000	25.584739
70.000000	26.628882
71.000000	27.715612
72.000000	28.846676
73.000000	30.023966
74.000000	31.249269
75.000000	32.524561
76.000000	33.851903
77.000000	35.233424
78.000000	36.671345
79.000000	38.167902
80.000000	39.725580
81.000000	41.346792
82.000000	43.034196
83.000000	44.790415
84.000000	46.618378
85.000000	48.520883
86.000000	50.501113
87.000000	52.562029
88.000000	54.707124
89.000000	56.939787
90.000000	59.263522
91.000000	61.682122
92.000000	64.199425
93.000000	66.819380
94.000000	69.546354
95.000000	72.384589
96.000000	75.338665
97.000000	78.413242
98.000000	81.613344
99.000000	84.944038
100.000000	88.410650
101.000000	92.018761
102.000000	95.774073
103.000000	99.682653
104.000000	103.750788
105.000000	107.984886
106.000000	112.391820
107.000000	116.978606
108.000000	121.752548
109.000000	126.721305
110.000000	131.892865
111.000000	137.275480
112.000000	142.877788
113.000000	148.708678
114.000000	154.777551
115.000000	161.094067
116.000000	167.668421
117.000000	174.511000
118.000000	181.632878
119.000000	189.045361
120.000000	196.760358
121.000000	204.790214
122.000000	213.147787
123.000000	221.846383
124.000000	230.900000
125.000000	240.323101
126.000000	250.130765
127.000000	260.338610
128.000000	270.963094
129.000000	282.021143
130.000000	293.530442
131.000000	305.509475
132.000000	317.977329
133.000000	330.953980
134.000000	344.460211
135.000000	358.517662
136.000000	373.148726
137.000000	388.376909
138.000000	404.226502
139.000000	420.722928
140.000000	437.892597
141.000000	455.762889
142.000000	474.362434
143.000000	493.720982
144.000000	513.869589
145.000000	534.840388
146.000000	556.666985
147.000000	579.384270
148.000000	603.028624
149.000000	627.637872
150.000000	653.251346
151.000000	679.910077
152.000000	707.656659
153.000000	736.535542
154.000000	766.592861
155.000000	797.876787
156.000000	830.437296
157.000000	864.326496
158.000000	899.598605
159.000000	936.310081
160.000000	974.519633
161.000000	1014.288338
162.000000	1055.679865
163.000000	1098.760430
164.000000	1143.598926
165.000000	1190.267063
166.000000	1238.839588
167.000000	1289.394024
168.000000	1342.011414
169.000000	1396.775791
170.000000	1453.774826
171.000000	1513.099655
172.000000	1574.845190
173.000000	1639.110142
174.000000	1705.997334
175.000000	1775.613743
176.000000	1848.070684
177.000000	1923.484035
178.000000	2001.974460
179.000000	2083.667413
180.000000	2168.693531
181.000000	2257.188785
182.000000	2349.294741
183.000000	2445.158651
184.000000	2544.933749
185.000000	2648.779618
186.000000	2756.862294
187.000000	2869.354550
188.000000	2986.436272
189.000000	3108.294625
190.000000	3235.124406
191.000000	3367.128321
192.000000	3504.517462
193.000000	3647.511389
194.000000	3796.338661
195.000000	3951.237167
196.000000	4112.454411
197.000000	4280.248148
198.000000	4454.886363
199.000000	4636.648263
200.000000	4825.824217
201.000000	5022.716463
202.000000	5227.639633
203.000000	5440.921007
204.000000	5662.901358
205.000000	5893.935292
206.000000	6134.391756
207.000000	6384.654808
208.000000	6645.124150
209.000000	6916.215573
210.000000	7198.362127
211.000000	7492.014150
212.000000	7797.640415
213.000000	8115.728881
214.000000	8446.787203
215.000000	8791.343619
216.000000	9149.948120
217.000000	9523.172792
218.000000	9911.613136
219.000000	10315.888698
220.000000	10736.644333
221.000000	11174.551053
222.000000	11630.307116
223.000000	12104.639160
224.000000	12598.303246
225.000000	13112.086245
226.000000	13646.806910
227.000000	14203.317166
228.000000	14782.503531
229.000000	15385.288575
230.000000	16012.632074
231.000000	16665.532860
232.000000	17345.030229
233.000000	18052.205524
234.000000	18788.183889
235.000000	19554.136106
236.000000	20351.280179
237.000000	21180.883597
238.000000	22044.264909
239.000000	22942.796173
240.000000	23877.904673
241.000000	24851.075592
242.000000	25863.853908
243.000000	26917.847078
244.000000	28014.727293
245.000000	29156.234298
246.000000	30344.177937
247.000000	31580.440905
248.000000	32866.981738
249.000000	34205.837919
250.000000	35599.128600
251.000000	37049.058402
252.000000	38557.920344
253.000000	40128.099612
254.000000	41762.076939
255.000000	43462.432660
256.000000	45231.850417
257.000000	47073.121297
258.000000	48989.147998
259.000000	50982.949278
260.000000	53057.664458
261.000000	55216.558051
262.000000	57463.024741
263.000000	59800.594394
264.000000	62232.937328
265.000000	64763.869562
266.000000	67397.358908
267.000000	70137.530197
268.000000	72988.671898
269.000000	75955.241854
270.000000	79041.874204
271.000000	82253.385975
272.000000	85594.783765
273.000000	89071.271307
274.000000	92688.256731
275.000000	96451.360175
276.000000	100366.422095
277.000000	104439.510888
278.000000	108676.932165
279.000000	113085.236778
280.000000	117671.230521
281.000000	122441.983026
282.000000	127404.837728
283.000000	132567.421810
284.000000	137937.656284
285.000000	143523.767003
286.000000	149334.295165
287.000000	155378.108821
288.000000	161664.414408
289.000000	168202.768807
290.000000	175003.091383
291.000000	182075.676899
292.000000	189431.208164
293.000000	197080.769774
294.000000	205035.861276
295.000000	213308.411560
296.000000	221910.793338
297.000000	230855.837218
298.000000	240156.847623
299.000000	249827.617482
300.000000	259882.444486
301.000000	270336.146677
302.000000	281204.079257
303.000000	292502.151175
304.000000	304246.841808
305.000000	316455.218657
306.000000	329144.954628
307.000000	342334.345979
308.000000	356042.330096
309.000000	370288.503963
310.000000	385093.142386
311.000000	400477.216626
312.000000	416462.412897
313.000000	433071.151231
314.000000	450326.604251
315.000000	468252.715828
316.000000	486874.219788
317.000000	506216.658573
318.000000	526306.401696
319.000000	547170.663904
320.000000	568837.523193
321.000000	591335.938218
322.000000	614695.765684
323.000000	638947.776953
324.000000	664123.673973
325.000000	690256.104793
326.000000	717378.678305
327.000000	745525.977641
328.000000	774733.573320
329.000000	805038.034685
330.000000	836476.940524
331.000000	869088.888226
332.000000	902913.501311
333.000000	937991.435673
334.000000	974364.384103
335.000000	1012075.078382
336.000000	1051167.290303
337.000000	1091685.829595
338.000000	1133676.540118
339.000000	1177186.293409
340.000000	1222262.979411
341.000000	1268955.494766
342.000000	1317313.727580
343.000000	1367388.539792
344.000000	1419231.745340
345.000000	1472896.085554
346.000000	1528435.200655
347.000000	1585903.597153
348.000000	1645356.611781
349.000000	1706850.370779
350.000000	1770441.745173
351.000000	1836188.301591
352.000000	1904148.247963
353.000000	1974380.375489
354.000000	2046943.994595
355.000000	2121898.866728
356.000000	2199305.130535
357.000000	2279223.223082
358.000000	2361713.795898
359.000000	2446837.625149
360.000000	2534655.516991
361.000000	2625228.207064
362.000000	2718616.254536
363.000000	2814879.930840
364.000000	2914079.102645
365.000000	3016273.109525
366.000000	3121520.635941
367.000000	3229879.578150
368.000000	3341406.905479
369.000000	3456158.516446
370.000000	3574189.089760
371.000000	3695551.930033
372.000000	3820298.808852
373.000000	3948479.800891
374.000000	4080143.115218
375.000000	4215334.922309
376.000000	4354099.176125
377.000000	4496477.432848
378.000000	4642508.664562
379.000000	4792229.069562
380.000000	4945671.878455
381.000000	5102867.156933
382.000000	5263841.604846
383.000000	5428618.351352
384.000000	5597216.747609
385.000000	5769652.155265
386.000000	5945935.732401
387.000000	6126074.216030
388.000000	6310069.701344
389.000000	6497919.418149
390.000000	6689615.504078
391.000000	6885144.774339
392.000000	7084488.489098
393.000000	7287622.116754
394.000000	7494515.094653
395.000000	7705130.585936
396.000000	7919425.233930
397.000000	8137348.912148
398.000000	8358844.471508
399.000000	8583847.484159
400.000000	8812285.983820
401.000000	9044080.202844
402.000000	9279142.306385
403.000000	9517376.123486
404.000000	9758676.875689
405.000000	10002930.903298
406.000000	10250015.390247
407.000000	10499798.087334
408.000000	10752137.035831
409.000000	11006880.291211
410.000000	11263865.648545
411.000000	11522920.371189
412.000000	11783860.923670
413.000000	12046492.710851
414.000000	12310609.825024
415.000000	12575994.803265
416.000000	12842418.397956
417.000000	13109639.361446
418.000000	13377404.250831
419.000000	13645447.252571
420.000000	13913490.033775
421.000000	14181241.621017
422.000000	14448398.313708
423.000000	14714643.633593
424.000000	14979648.317211
425.000000	15243070.355135
426.000000	15504555.083106
427.000000	15763735.331028
428.000000	16020231.634468
429.000000	16273652.515374
430.000000	16523594.836053
431.000000	16769644.234452
432.000000	17011375.644153
433.000000	17248353.906675
434.000000	17480134.479555
435.000000	17706264.248198
436.000000	17926282.442993
437.000000	18139721.669354
438.000000	18346109.052517
439.000000	18544967.501238
440.000000	18735817.093335
441.000000	18918176.583345
442.000000	19091565.034716
443.000000	19255503.574651
444.000000	19409517.270779
445.000000	19553137.125669
446.000000	19685902.185572
447.000000	19807361.755788
448.000000	19917077.715603
449.000000	20014626.922156
450.000000	20099603.691646
451.000000	20171622.343177
452.000000	20230319.790205
453.000000	20275358.160298
454.000000	20306427.423337
455.000000	20323248.005737
456.000000	20325573.366440
457.000000	20313192.508229
458.000000	20285932.396586
459.000000	20243660.257584
460.000000	20186285.723392
461.000000	20113762.796074
462.000000	20026091.596734
463.000000	19923319.870747
464.000000	19805544.217252
465.000000	19672911.015169
466.000000	19525617.017877
467.000000	19363909.592330
468.000000	19188086.581071
469.000000	18998495.769720
470.000000	18795533.946593
471.000000	18579645.546076
472.000000	18351320.873722
473.000000	18111093.915290
474.000000	17859539.740591
475.000000	17597271.516736
476.000000	17324937.154883
477.000000	17043215.618884
478.000000	16752812.931653
479.000000	16454457.921103
480.000000	16148897.752344
481.000000	15836893.298153
482.000000	15519214.403310
483.000000	15196635.100399
484.000000	14869928.838613
485.000000	14539863.784144
486.000000	14207198.253553
487.000000	13872676.335496
488.000000	13537023.756533
489.000000	13200944.038741
490.000000	12865114.992966
491.000000	12530185.583991
492.000000	12196773.196974
493.000000	11865461.324758
494.000000	11536797.690196
495.000000	11211292.805539
496.000000	10889418.966409
497.000000	10571609.666682
498.000000	10258259.416725
499.000000	9949723.938270
500.000000	9646320.706536
501.000000	9348329.804286
502.000000	9055995.050328
503.000000	8769525.363512
504.000000	8489096.322083
505.000000	8214851.878211
506.000000	7946906.190406
507.000000	7685345.536693
508.000000	7430230.275616
509.000000	7181596.824248
510.000000	6939459.627062
511.000000	6703813.091491
512.000000	6474633.471496
513.000000	6251880.682974
514.000000	6035500.038323
515.000000	5825423.890852
516.000000	5621573.183255
517.000000	5423858.894803
518.000000	5232183.387490
519.000000	5046441.649165
520.000000	4866522.437249
521.000000	4692309.324148
522.000000	4523681.649962
523.000000	4360515.385427
524.000000	4202683.910766
525.000000	4050058.716330
526.000000	3902510.028673
527.000000	3759907.369841
528.000000	3622120.052753
529.000000	3489017.620077
530.000000	3360470.229789
531.000000	3236348.993097
532.000000	3116526.269073
533.000000	3000875.919684
534.000000	2889273.529255
535.000000	2781596.592269
536.000000	2677724.672435
537.000000	2577539.535404
538.000000	2480925.259074
539.000000	2387768.323377
540.000000	2297957.680925
541.000000	2211384.812509
542.000000	2127943.766718
543.000000	2047531.188332
544.000000	1970046.333854
545.000000	1895391.078022
546.000000	1823469.910718
547.000000	1754189.927402
548.000000	1687460.811363
549.000000	1623194.810414
550.000000	1561306.709588
551.000000	1501713.797781
552.000000	1444335.831668
553.000000	1389094.996227
554.000000	1335915.861935
555.000000	1284725.340570
556.000000	1235452.638411
557.000000	1188029.208318
558.000000	1142388.700144
559.000000	1098466.910921
560.000000	1056201.733841
561.000000	1015533.106641
562.000000	976402.960476
563.000000	938755.167984
564.000000	902535.491754
565.000000	867691.533097
566.000000	834172.681176
567.000000	801930.061892
568.000000	770916.488980
569.000000	741086.413800
570.000000	712395.877011
571.000000	684802.460735
572.000000	658265.241722
573.000000	632744.744866
574.000000	608202.898172
575.000000	584602.988326
576.000000	561909.617593
577.000000	540088.660918
578.000000	519107.225140
579.000000	498933.608157
580.000000	479537.259628
581.000000	460888.742873
582.000000	442959.696959
583.000000	425722.800807
584.000000	409151.737719
585.000000	393221.160831
586.000000	377906.659741
587.000000	363184.728366
588.000000	349032.732961
589.000000	335428.881934
590.000000	322352.196287
591.000000	309782.480616
592.000000	297700.295466
593.000000	286086.930415
594.000000	274924.377884
595.000000	264195.308204
596.000000	253883.044462
597.000000	243971.539771
598.000000	234445.353735
599.000000	225289.630736
600.000000	216490.078404
601.000000	208032.946953
602.000000	199905.009427
603.000000	192093.542390
604.000000	184586.306941
605.000000	177371.531505
606.000000	170437.893906
607.000000	163774.504795
608.000000	157370.891729
609.000000	151216.983303
610.000000	145303.094411
611.000000	139619.911366
612.000000	134158.478565
613.000000	128910.184413
614.000000	123866.748823
615.000000	119020.210117
616.000000	114362.913848
617.000000	109887.500285
618.000000	105586.893861
619.000000	101454.292100
620.000000	97483.155241
621.000000	93667.196342
622.000000	90000.371596
623.000000	86476.871086
624.000000	83091.109741
625.000000	79837.718838
626.000000	76711.537877
627.000000	73707.606060
628.000000	70821.155398
629.000000	68047.602764
630.000000	65382.542891
631.000000	62821.741679
632.000000	60361.129388
633.000000	57996.794642
634.000000	55724.977991
635.000000	53542.066220
636.000000	51444.586744
637.000000	49429.201983
638.000000	47492.704468
639.000000	45632.011423
640.000000	43844.160315
641.000000	42126.303834
642.000000	40475.705854
643.000000	38889.736720
644.000000	37365.869325
645.000000	35901.675272
646.000000	34494.820641
647.000000	33143.062771
648.000000	31844.246270
649.000000	30596.300201
650.000000	29397.234171
651.000000	28245.135615
652.000000	27138.166668
653.000000	26074.561239
654.000000	25052.622164
655.000000	24070.718534
656.000000	23127.283388
657.000000	22220.810860
658.000000	21349.853788
659.000000	20513.021859
660.000000	19708.978951
661.000000	18936.441145
662.000000	18194.174802
663.000000	17480.994549
664.000000	16795.761283
665.000000	16137.380591
666.000000	15504.800694
667.000000	14897.011098
668.000000	14313.040817
669.000000	13751.956767
670.000000	13212.862466
671.000000	12694.896475
672.000000	12197.230829
673.000000	11719.069909
674.000000	11259.648245
675.000000	10818.229027
676.000000	10394.100547
677.000000	9986.571153
678.000000	9594.960746
679.000000	9218.585718
680.000000	8856.736503
681.000000	8508.646371
682.000000	8173.457541
683.000000	7850.199468
684.000000	7537.802765
685.000000	7235.169465
686.000000	6941.282306
687.000000	6655.270386
688.000000	6376.288605
689.000000	6103.118343
690.000000	5833.586994
691.000000	5564.072440
692.000000	5289.181645
693.000000	5001.158961
694.000000	4688.266614
695.000000	4331.634845
696.000000	3900.300618
697.000000	3350.197136
698.000000	2544.376484
699.000000	1468.813292
700.000000	-0.000000
