# Profil de ElecX au temps 8.000000000000092e-12 
# simu : /Volumes/MERCURE/JOBS/Zeq1_tanh_50mic_7p5e19_B0_20ps/GNU/ElecX@y-c.set
# col 0 : abscisse (um)
# col 1 : ElecX (V/m)
0.00000000e+00	0.00000000e+00
1.00000000e+00	1.01420149e+03
2.00000000e+00	-8.57492507e+01
3.00000000e+00	-2.68453770e+02
4.00000000e+00	2.76611914e+02
5.00000000e+00	2.89747304e+02
6.00000000e+00	3.38397971e+02
7.00000000e+00	3.94863165e+02
8.00000000e+00	4.52745978e+02
9.00000000e+00	5.11367457e+02
1.00000000e+01	5.70703329e+02
1.10000000e+01	6.30820067e+02
1.20000000e+01	6.91799247e+02
1.30000000e+01	7.53726033e+02
1.40000000e+01	8.16685379e+02
1.50000000e+01	8.80763803e+02
1.60000000e+01	9.46048317e+02
1.70000000e+01	1.01262717e+03
1.80000000e+01	1.08058960e+03
1.90000000e+01	1.15002657e+03
2.00000000e+01	1.22102995e+03
2.10000000e+01	1.29369366e+03
2.20000000e+01	1.36811296e+03
2.30000000e+01	1.44438503e+03
2.40000000e+01	1.52260868e+03
2.50000000e+01	1.60288497e+03
2.60000000e+01	1.68531689e+03
2.70000000e+01	1.77000940e+03
2.80000000e+01	1.85706999e+03
2.90000000e+01	1.94660830e+03
3.00000000e+01	2.03873647e+03
3.10000000e+01	2.13356933e+03
3.20000000e+01	2.23122399e+03
3.30000000e+01	2.33182078e+03
3.40000000e+01	2.43548257e+03
3.50000000e+01	2.54233519e+03
3.60000000e+01	2.65250749e+03
3.70000000e+01	2.76613191e+03
3.80000000e+01	2.88334349e+03
3.90000000e+01	3.00428104e+03
4.00000000e+01	3.12908690e+03
4.10000000e+01	3.25790669e+03
4.20000000e+01	3.39088995e+03
4.30000000e+01	3.52818997e+03
4.40000000e+01	3.66996376e+03
4.50000000e+01	3.81637265e+03
4.60000000e+01	3.96758186e+03
4.70000000e+01	4.12376074e+03
4.80000000e+01	4.28508327e+03
4.90000000e+01	4.45172768e+03
5.00000000e+01	4.62387660e+03
5.10000000e+01	4.80171764e+03
5.20000000e+01	4.98544288e+03
5.30000000e+01	5.17524929e+03
5.40000000e+01	5.37133909e+03
5.50000000e+01	5.57391899e+03
5.60000000e+01	5.78320161e+03
5.70000000e+01	5.99940430e+03
5.80000000e+01	6.22274993e+03
5.90000000e+01	6.45346700e+03
6.00000000e+01	6.69178937e+03
6.10000000e+01	6.93795708e+03
6.20000000e+01	7.19221531e+03
6.30000000e+01	7.45481553e+03
6.40000000e+01	7.72601535e+03
6.50000000e+01	8.00607810e+03
6.60000000e+01	8.29527368e+03
6.70000000e+01	8.59387800e+03
6.80000000e+01	8.90217368e+03
6.90000000e+01	9.22044946e+03
7.00000000e+01	9.54900104e+03
7.10000000e+01	9.88813051e+03
7.20000000e+01	1.02381469e+04
7.30000000e+01	1.05993661e+04
7.40000000e+01	1.09721107e+04
7.50000000e+01	1.13567106e+04
7.60000000e+01	1.17535026e+04
7.70000000e+01	1.21628309e+04
7.80000000e+01	1.25850466e+04
7.90000000e+01	1.30205085e+04
8.00000000e+01	1.34695825e+04
8.10000000e+01	1.39326421e+04
8.20000000e+01	1.44100683e+04
8.30000000e+01	1.49022496e+04
8.40000000e+01	1.54095823e+04
8.50000000e+01	1.59324702e+04
8.60000000e+01	1.64713250e+04
8.70000000e+01	1.70265660e+04
8.80000000e+01	1.75986206e+04
8.90000000e+01	1.81879236e+04
9.00000000e+01	1.87949180e+04
9.10000000e+01	1.94200548e+04
9.20000000e+01	2.00637926e+04
9.30000000e+01	2.07265981e+04
9.40000000e+01	2.14089461e+04
9.50000000e+01	2.21113189e+04
9.60000000e+01	2.28342073e+04
9.70000000e+01	2.35781096e+04
9.80000000e+01	2.43435323e+04
9.90000000e+01	2.51309896e+04
1.00000000e+02	2.59410038e+04
1.01000000e+02	2.67741046e+04
1.02000000e+02	2.76308302e+04
1.03000000e+02	2.85117259e+04
1.04000000e+02	2.94173450e+04
1.05000000e+02	3.03482485e+04
1.06000000e+02	3.13050048e+04
1.07000000e+02	3.22881898e+04
1.08000000e+02	3.32983869e+04
1.09000000e+02	3.43361869e+04
1.10000000e+02	3.54021877e+04
1.11000000e+02	3.64969942e+04
1.12000000e+02	3.76212187e+04
1.13000000e+02	3.87754801e+04
1.14000000e+02	3.99604042e+04
1.15000000e+02	4.11766232e+04
1.16000000e+02	4.24247762e+04
1.17000000e+02	4.37055084e+04
1.18000000e+02	4.50194712e+04
1.19000000e+02	4.63673221e+04
1.20000000e+02	4.77497243e+04
1.21000000e+02	4.91673469e+04
1.22000000e+02	5.06208645e+04
1.23000000e+02	5.21109567e+04
1.24000000e+02	5.36383086e+04
1.25000000e+02	5.52036099e+04
1.26000000e+02	5.68075552e+04
1.27000000e+02	5.84508433e+04
1.28000000e+02	6.01341775e+04
1.29000000e+02	6.18582650e+04
1.30000000e+02	6.36238166e+04
1.31000000e+02	6.54315469e+04
1.32000000e+02	6.72821735e+04
1.33000000e+02	6.91764172e+04
1.34000000e+02	7.11150013e+04
1.35000000e+02	7.30986517e+04
1.36000000e+02	7.51280966e+04
1.37000000e+02	7.72040657e+04
1.38000000e+02	7.93272908e+04
1.39000000e+02	8.14985046e+04
1.40000000e+02	8.37184411e+04
1.41000000e+02	8.59878350e+04
1.42000000e+02	8.83074210e+04
1.43000000e+02	9.06779346e+04
1.44000000e+02	9.31001104e+04
1.45000000e+02	9.55746830e+04
1.46000000e+02	9.81023860e+04
1.47000000e+02	1.00683952e+05
1.48000000e+02	1.03320111e+05
1.49000000e+02	1.06011593e+05
1.50000000e+02	1.08759124e+05
1.51000000e+02	1.11563430e+05
1.52000000e+02	1.14425232e+05
1.53000000e+02	1.17345248e+05
1.54000000e+02	1.20324194e+05
1.55000000e+02	1.23362781e+05
1.56000000e+02	1.26461717e+05
1.57000000e+02	1.29621703e+05
1.58000000e+02	1.32843440e+05
1.59000000e+02	1.36127619e+05
1.60000000e+02	1.39474928e+05
1.61000000e+02	1.42886049e+05
1.62000000e+02	1.46361659e+05
1.63000000e+02	1.49902426e+05
1.64000000e+02	1.53509015e+05
1.65000000e+02	1.57182080e+05
1.66000000e+02	1.60922272e+05
1.67000000e+02	1.64730231e+05
1.68000000e+02	1.68606591e+05
1.69000000e+02	1.72551978e+05
1.70000000e+02	1.76567008e+05
1.71000000e+02	1.80652291e+05
1.72000000e+02	1.84808425e+05
1.73000000e+02	1.89036002e+05
1.74000000e+02	1.93335602e+05
1.75000000e+02	1.97707797e+05
1.76000000e+02	2.02153149e+05
1.77000000e+02	2.06672210e+05
1.78000000e+02	2.11265520e+05
1.79000000e+02	2.15933612e+05
1.80000000e+02	2.20677005e+05
1.81000000e+02	2.25496208e+05
1.82000000e+02	2.30391721e+05
1.83000000e+02	2.35364031e+05
1.84000000e+02	2.40413614e+05
1.85000000e+02	2.45540934e+05
1.86000000e+02	2.50746445e+05
1.87000000e+02	2.56030589e+05
1.88000000e+02	2.61393794e+05
1.89000000e+02	2.66836480e+05
1.90000000e+02	2.72359052e+05
1.91000000e+02	2.77961904e+05
1.92000000e+02	2.83645419e+05
1.93000000e+02	2.89409966e+05
1.94000000e+02	2.95255904e+05
1.95000000e+02	3.01183579e+05
1.96000000e+02	3.07193325e+05
1.97000000e+02	3.13285463e+05
1.98000000e+02	3.19460304e+05
1.99000000e+02	3.25718146e+05
2.00000000e+02	3.32059275e+05
2.01000000e+02	3.38483966e+05
2.02000000e+02	3.44992480e+05
2.03000000e+02	3.51585070e+05
2.04000000e+02	3.58261976e+05
2.05000000e+02	3.65023425e+05
2.06000000e+02	3.71869634e+05
2.07000000e+02	3.78800812e+05
2.08000000e+02	3.85817152e+05
2.09000000e+02	3.92918839e+05
2.10000000e+02	4.00106049e+05
2.11000000e+02	4.07378946e+05
2.12000000e+02	4.14737684e+05
2.13000000e+02	4.22182407e+05
2.14000000e+02	4.29713252e+05
2.15000000e+02	4.37330345e+05
2.16000000e+02	4.45033803e+05
2.17000000e+02	4.52823735e+05
2.18000000e+02	4.60700242e+05
2.19000000e+02	4.68663417e+05
2.20000000e+02	4.76713346e+05
2.21000000e+02	4.84850107e+05
2.22000000e+02	4.93073771e+05
2.23000000e+02	5.01384405e+05
2.24000000e+02	5.09782067e+05
2.25000000e+02	5.18266813e+05
2.26000000e+02	5.26838689e+05
2.27000000e+02	5.35497741e+05
2.28000000e+02	5.44244009e+05
2.29000000e+02	5.53077530e+05
2.30000000e+02	5.61998336e+05
2.31000000e+02	5.71006458e+05
2.32000000e+02	5.80101923e+05
2.33000000e+02	5.89284760e+05
2.34000000e+02	5.98554992e+05
2.35000000e+02	6.07912645e+05
2.36000000e+02	6.17357743e+05
2.37000000e+02	6.26890311e+05
2.38000000e+02	6.36510376e+05
2.39000000e+02	6.46217963e+05
2.40000000e+02	6.56013105e+05
2.41000000e+02	6.65895832e+05
2.42000000e+02	6.75866181e+05
2.43000000e+02	6.85924192e+05
2.44000000e+02	6.96069908e+05
2.45000000e+02	7.06303381e+05
2.46000000e+02	7.16624664e+05
2.47000000e+02	7.27033821e+05
2.48000000e+02	7.37530921e+05
2.49000000e+02	7.48116039e+05
2.50000000e+02	7.58789263e+05
2.51000000e+02	7.69550686e+05
2.52000000e+02	7.80400413e+05
2.53000000e+02	7.91338559e+05
2.54000000e+02	8.02365250e+05
2.55000000e+02	8.13480624e+05
2.56000000e+02	8.24684832e+05
2.57000000e+02	8.35978037e+05
2.58000000e+02	8.47360419e+05
2.59000000e+02	8.58832170e+05
2.60000000e+02	8.70393497e+05
2.61000000e+02	8.82044627e+05
2.62000000e+02	8.93785800e+05
2.63000000e+02	9.05617275e+05
2.64000000e+02	9.17539332e+05
2.65000000e+02	9.29552266e+05
2.66000000e+02	9.41656395e+05
2.67000000e+02	9.53852057e+05
2.68000000e+02	9.66139611e+05
2.69000000e+02	9.78519440e+05
2.70000000e+02	9.90991948e+05
2.71000000e+02	1.00355756e+06
2.72000000e+02	1.01621674e+06
2.73000000e+02	1.02896996e+06
2.74000000e+02	1.04181773e+06
2.75000000e+02	1.05476058e+06
2.76000000e+02	1.06779907e+06
2.77000000e+02	1.08093379e+06
2.78000000e+02	1.09416536e+06
2.79000000e+02	1.10749444e+06
2.80000000e+02	1.12092169e+06
2.81000000e+02	1.13444785e+06
2.82000000e+02	1.14807365e+06
2.83000000e+02	1.16179987e+06
2.84000000e+02	1.17562734e+06
2.85000000e+02	1.18955690e+06
2.86000000e+02	1.20358945e+06
2.87000000e+02	1.21772591e+06
2.88000000e+02	1.23196724e+06
2.89000000e+02	1.24631446e+06
2.90000000e+02	1.26076861e+06
2.91000000e+02	1.27533077e+06
2.92000000e+02	1.29000208e+06
2.93000000e+02	1.30478371e+06
2.94000000e+02	1.31967688e+06
2.95000000e+02	1.33468285e+06
2.96000000e+02	1.34980293e+06
2.97000000e+02	1.36503848e+06
2.98000000e+02	1.38039091e+06
2.99000000e+02	1.39586168e+06
3.00000000e+02	1.41145229e+06
3.01000000e+02	1.42716430e+06
3.02000000e+02	1.44299933e+06
3.03000000e+02	1.45895905e+06
3.04000000e+02	1.47504517e+06
3.05000000e+02	1.49125948e+06
3.06000000e+02	1.50760381e+06
3.07000000e+02	1.52408006e+06
3.08000000e+02	1.54069019e+06
3.09000000e+02	1.55743622e+06
3.10000000e+02	1.57432023e+06
3.11000000e+02	1.59134436e+06
3.12000000e+02	1.60851083e+06
3.13000000e+02	1.62582191e+06
3.14000000e+02	1.64327995e+06
3.15000000e+02	1.66088736e+06
3.16000000e+02	1.67864662e+06
3.17000000e+02	1.69656031e+06
3.18000000e+02	1.71463104e+06
3.19000000e+02	1.73286153e+06
3.20000000e+02	1.75125456e+06
3.21000000e+02	1.76981297e+06
3.22000000e+02	1.78853973e+06
3.23000000e+02	1.80743784e+06
3.24000000e+02	1.82651040e+06
3.25000000e+02	1.84576060e+06
3.26000000e+02	1.86519171e+06
3.27000000e+02	1.88480708e+06
3.28000000e+02	1.90461015e+06
3.29000000e+02	1.92460446e+06
3.30000000e+02	1.94479362e+06
3.31000000e+02	1.96518135e+06
3.32000000e+02	1.98577145e+06
3.33000000e+02	2.00656782e+06
3.34000000e+02	2.02757445e+06
3.35000000e+02	2.04879543e+06
3.36000000e+02	2.07023495e+06
3.37000000e+02	2.09189729e+06
3.38000000e+02	2.11378683e+06
3.39000000e+02	2.13590806e+06
3.40000000e+02	2.15826556e+06
3.41000000e+02	2.18086402e+06
3.42000000e+02	2.20370823e+06
3.43000000e+02	2.22680307e+06
3.44000000e+02	2.25015353e+06
3.45000000e+02	2.27376473e+06
3.46000000e+02	2.29764185e+06
3.47000000e+02	2.32179020e+06
3.48000000e+02	2.34621518e+06
3.49000000e+02	2.37092230e+06
3.50000000e+02	2.39591718e+06
3.51000000e+02	2.42120551e+06
3.52000000e+02	2.44679313e+06
3.53000000e+02	2.47268593e+06
3.54000000e+02	2.49888993e+06
3.55000000e+02	2.52541122e+06
3.56000000e+02	2.55225602e+06
3.57000000e+02	2.57943059e+06
3.58000000e+02	2.60694134e+06
3.59000000e+02	2.63479471e+06
3.60000000e+02	2.66299726e+06
3.61000000e+02	2.69155561e+06
3.62000000e+02	2.72047647e+06
3.63000000e+02	2.74976662e+06
3.64000000e+02	2.77943289e+06
3.65000000e+02	2.80948219e+06
3.66000000e+02	2.83992148e+06
3.67000000e+02	2.87075777e+06
3.68000000e+02	2.90199813e+06
3.69000000e+02	2.93364964e+06
3.70000000e+02	2.96571944e+06
3.71000000e+02	2.99821467e+06
3.72000000e+02	3.03114252e+06
3.73000000e+02	3.06451016e+06
3.74000000e+02	3.09832476e+06
3.75000000e+02	3.13259350e+06
3.76000000e+02	3.16732353e+06
3.77000000e+02	3.20252197e+06
3.78000000e+02	3.23819590e+06
3.79000000e+02	3.27435237e+06
3.80000000e+02	3.31099834e+06
3.81000000e+02	3.34814072e+06
3.82000000e+02	3.38578632e+06
3.83000000e+02	3.42394187e+06
3.84000000e+02	3.46261398e+06
3.85000000e+02	3.50180914e+06
3.86000000e+02	3.54153371e+06
3.87000000e+02	3.58179389e+06
3.88000000e+02	3.62259571e+06
3.89000000e+02	3.66394506e+06
3.90000000e+02	3.70584758e+06
3.91000000e+02	3.74830876e+06
3.92000000e+02	3.79133383e+06
3.93000000e+02	3.83492780e+06
3.94000000e+02	3.87909541e+06
3.95000000e+02	3.92384115e+06
3.96000000e+02	3.96916922e+06
3.97000000e+02	4.01508352e+06
3.98000000e+02	4.06158763e+06
3.99000000e+02	4.10868481e+06
4.00000000e+02	4.15637798e+06
4.01000000e+02	4.20466966e+06
4.02000000e+02	4.25356205e+06
4.03000000e+02	4.30305692e+06
4.04000000e+02	4.35315564e+06
4.05000000e+02	4.40385918e+06
4.06000000e+02	4.45516804e+06
4.07000000e+02	4.50708230e+06
4.08000000e+02	4.55960158e+06
4.09000000e+02	4.61272500e+06
4.10000000e+02	4.66645121e+06
4.11000000e+02	4.72077836e+06
4.12000000e+02	4.77570409e+06
4.13000000e+02	4.83122551e+06
4.14000000e+02	4.88733920e+06
4.15000000e+02	4.94404121e+06
4.16000000e+02	5.00132702e+06
4.17000000e+02	5.05919155e+06
4.18000000e+02	5.11762919e+06
4.19000000e+02	5.17663370e+06
4.20000000e+02	5.23619831e+06
4.21000000e+02	5.29631564e+06
4.22000000e+02	5.35697772e+06
4.23000000e+02	5.41817600e+06
4.24000000e+02	5.47990133e+06
4.25000000e+02	5.54214397e+06
4.26000000e+02	5.60489356e+06
4.27000000e+02	5.66813917e+06
4.28000000e+02	5.73186926e+06
4.29000000e+02	5.79607171e+06
4.30000000e+02	5.86073380e+06
4.31000000e+02	5.92584222e+06
4.32000000e+02	5.99138308e+06
4.33000000e+02	6.05734193e+06
4.34000000e+02	6.12370373e+06
4.35000000e+02	6.19045289e+06
4.36000000e+02	6.25757326e+06
4.37000000e+02	6.32504813e+06
4.38000000e+02	6.39286028e+06
4.39000000e+02	6.46099193e+06
4.40000000e+02	6.52942480e+06
4.41000000e+02	6.59814008e+06
4.42000000e+02	6.66711847e+06
4.43000000e+02	6.73634017e+06
4.44000000e+02	6.80578488e+06
4.45000000e+02	6.87543184e+06
4.46000000e+02	6.94525980e+06
4.47000000e+02	7.01524704e+06
4.48000000e+02	7.08537136e+06
4.49000000e+02	7.15561012e+06
4.50000000e+02	7.22594018e+06
4.51000000e+02	7.29633795e+06
4.52000000e+02	7.36677935e+06
4.53000000e+02	7.43723981e+06
4.54000000e+02	7.50769426e+06
4.55000000e+02	7.57811711e+06
4.56000000e+02	7.64848223e+06
4.57000000e+02	7.71876291e+06
4.58000000e+02	7.78893187e+06
4.59000000e+02	7.85896117e+06
4.60000000e+02	7.92882220e+06
4.61000000e+02	7.99848564e+06
4.62000000e+02	8.06792139e+06
4.63000000e+02	8.13709851e+06
4.64000000e+02	8.20598517e+06
4.65000000e+02	8.27454858e+06
4.66000000e+02	8.34275487e+06
4.67000000e+02	8.41056909e+06
4.68000000e+02	8.47795504e+06
4.69000000e+02	8.54487521e+06
4.70000000e+02	8.61129069e+06
4.71000000e+02	8.67716106e+06
4.72000000e+02	8.74244425e+06
4.73000000e+02	8.80709649e+06
4.74000000e+02	8.87107215e+06
4.75000000e+02	8.93432363e+06
4.76000000e+02	8.99680126e+06
4.77000000e+02	9.05845320e+06
4.78000000e+02	9.11922531e+06
4.79000000e+02	9.17906102e+06
4.80000000e+02	9.23790132e+06
4.81000000e+02	9.29568456e+06
4.82000000e+02	9.35234648e+06
4.83000000e+02	9.40782005e+06
4.84000000e+02	9.46203550e+06
4.85000000e+02	9.51492026e+06
4.86000000e+02	9.56639894e+06
4.87000000e+02	9.61639337e+06
4.88000000e+02	9.66482264e+06
4.89000000e+02	9.71160315e+06
4.90000000e+02	9.75664876e+06
4.91000000e+02	9.79987089e+06
4.92000000e+02	9.84117871e+06
4.93000000e+02	9.88047938e+06
4.94000000e+02	9.91767826e+06
4.95000000e+02	9.95267925e+06
4.96000000e+02	9.98538513e+06
4.97000000e+02	1.00156979e+07
4.98000000e+02	1.00435193e+07
4.99000000e+02	1.00687512e+07
5.00000000e+02	1.00912962e+07
5.01000000e+02	1.01110579e+07
5.02000000e+02	1.01279420e+07
5.03000000e+02	1.01418564e+07
5.04000000e+02	1.01527123e+07
5.05000000e+02	1.01604243e+07
5.06000000e+02	1.01649116e+07
5.07000000e+02	1.01660985e+07
5.08000000e+02	1.01639149e+07
5.09000000e+02	1.01582973e+07
5.10000000e+02	1.01491890e+07
5.11000000e+02	1.01365412e+07
5.12000000e+02	1.01203132e+07
5.13000000e+02	1.01004730e+07
5.14000000e+02	1.00769978e+07
5.15000000e+02	1.00498746e+07
5.16000000e+02	1.00191000e+07
5.17000000e+02	9.98468092e+06
5.18000000e+02	9.94663446e+06
5.19000000e+02	9.90498807e+06
5.20000000e+02	9.85977948e+06
5.21000000e+02	9.81105653e+06
5.22000000e+02	9.75887696e+06
5.23000000e+02	9.70330806e+06
5.24000000e+02	9.64442627e+06
5.25000000e+02	9.58231665e+06
5.26000000e+02	9.51707233e+06
5.27000000e+02	9.44879384e+06
5.28000000e+02	9.37758843e+06
5.29000000e+02	9.30356930e+06
5.30000000e+02	9.22685483e+06
5.31000000e+02	9.14756775e+06
5.32000000e+02	9.06583433e+06
5.33000000e+02	8.98178357e+06
5.34000000e+02	8.89554634e+06
5.35000000e+02	8.80725464e+06
5.36000000e+02	8.71704079e+06
5.37000000e+02	8.62503672e+06
5.38000000e+02	8.53137327e+06
5.39000000e+02	8.43617955e+06
5.40000000e+02	8.33958241e+06
5.41000000e+02	8.24170583e+06
5.42000000e+02	8.14267053e+06
5.43000000e+02	8.04259354e+06
5.44000000e+02	7.94158787e+06
5.45000000e+02	7.83976220e+06
5.46000000e+02	7.73722073e+06
5.47000000e+02	7.63406293e+06
5.48000000e+02	7.53038351e+06
5.49000000e+02	7.42627230e+06
5.50000000e+02	7.32181426e+06
5.51000000e+02	7.21708952e+06
5.52000000e+02	7.11217340e+06
5.53000000e+02	7.00713656e+06
5.54000000e+02	6.90204507e+06
5.55000000e+02	6.79696058e+06
5.56000000e+02	6.69194049e+06
5.57000000e+02	6.58703811e+06
5.58000000e+02	6.48230288e+06
5.59000000e+02	6.37778054e+06
5.60000000e+02	6.27351336e+06
5.61000000e+02	6.16954032e+06
5.62000000e+02	6.06589738e+06
5.63000000e+02	5.96261763e+06
5.64000000e+02	5.85973150e+06
5.65000000e+02	5.75726703e+06
5.66000000e+02	5.65525000e+06
5.67000000e+02	5.55370413e+06
5.68000000e+02	5.45265133e+06
5.69000000e+02	5.35211181e+06
5.70000000e+02	5.25210429e+06
5.71000000e+02	5.15264617e+06
5.72000000e+02	5.05375370e+06
5.73000000e+02	4.95544208e+06
5.74000000e+02	4.85772571e+06
5.75000000e+02	4.76061823e+06
5.76000000e+02	4.66413273e+06
5.77000000e+02	4.56828183e+06
5.78000000e+02	4.47307785e+06
5.79000000e+02	4.37853291e+06
5.80000000e+02	4.28465902e+06
5.81000000e+02	4.19146823e+06
5.82000000e+02	4.09897268e+06
5.83000000e+02	4.00718476e+06
5.84000000e+02	3.91611714e+06
5.85000000e+02	3.82578289e+06
5.86000000e+02	3.73619552e+06
5.87000000e+02	3.64736909e+06
5.88000000e+02	3.55931822e+06
5.89000000e+02	3.47205820e+06
5.90000000e+02	3.38560501e+06
5.91000000e+02	3.29997534e+06
5.92000000e+02	3.21518659e+06
5.93000000e+02	3.13125692e+06
5.94000000e+02	3.04820525e+06
5.95000000e+02	2.96605130e+06
5.96000000e+02	2.88481549e+06
5.97000000e+02	2.80451892e+06
5.98000000e+02	2.72518329e+06
5.99000000e+02	2.64683097e+06
6.00000000e+02	2.56948495e+06
6.01000000e+02	2.49316866e+06
6.02000000e+02	2.41790579e+06
6.03000000e+02	2.34372018e+06
6.04000000e+02	2.27063595e+06
6.05000000e+02	2.19867752e+06
6.06000000e+02	2.12786918e+06
6.07000000e+02	2.05823456e+06
6.08000000e+02	1.98979675e+06
6.09000000e+02	1.92257882e+06
6.10000000e+02	1.85660376e+06
6.11000000e+02	1.79189353e+06
6.12000000e+02	1.72846784e+06
6.13000000e+02	1.66634465e+06
6.14000000e+02	1.60554338e+06
6.15000000e+02	1.54608299e+06
6.16000000e+02	1.48797709e+06
6.17000000e+02	1.43123676e+06
6.18000000e+02	1.37587644e+06
6.19000000e+02	1.32190582e+06
6.20000000e+02	1.26933238e+06
6.21000000e+02	1.21816227e+06
6.22000000e+02	1.16839860e+06
6.23000000e+02	1.12003932e+06
6.24000000e+02	1.07309102e+06
6.25000000e+02	1.02754868e+06
6.26000000e+02	9.83406276e+05
6.27000000e+02	9.40654016e+05
6.28000000e+02	8.99283416e+05
6.29000000e+02	8.59287537e+05
6.30000000e+02	8.20648883e+05
6.31000000e+02	7.83349143e+05
6.32000000e+02	7.47375962e+05
6.33000000e+02	7.12708910e+05
6.34000000e+02	6.79323526e+05
6.35000000e+02	6.47200318e+05
6.36000000e+02	6.16315795e+05
6.37000000e+02	5.86641330e+05
6.38000000e+02	5.58152953e+05
6.39000000e+02	5.30822954e+05
6.40000000e+02	5.04620191e+05
6.41000000e+02	4.79518286e+05
6.42000000e+02	4.55485804e+05
6.43000000e+02	4.32490997e+05
6.44000000e+02	4.10505562e+05
6.45000000e+02	3.89495431e+05
6.46000000e+02	3.69430592e+05
6.47000000e+02	3.50279601e+05
6.48000000e+02	3.32009404e+05
6.49000000e+02	3.14590583e+05
6.50000000e+02	2.97990368e+05
6.51000000e+02	2.82178885e+05
6.52000000e+02	2.67125327e+05
6.53000000e+02	2.52799248e+05
6.54000000e+02	2.39172130e+05
6.55000000e+02	2.26213977e+05
6.56000000e+02	2.13897194e+05
6.57000000e+02	2.02193663e+05
6.58000000e+02	1.91076619e+05
6.59000000e+02	1.80519815e+05
6.60000000e+02	1.70497400e+05
6.61000000e+02	1.60985071e+05
6.62000000e+02	1.51958274e+05
6.63000000e+02	1.43394170e+05
6.64000000e+02	1.35269941e+05
6.65000000e+02	1.27564075e+05
6.66000000e+02	1.20255464e+05
6.67000000e+02	1.13323968e+05
6.68000000e+02	1.06750080e+05
6.69000000e+02	1.00515010e+05
6.70000000e+02	9.46008220e+04
6.71000000e+02	8.89900124e+04
6.72000000e+02	8.36660534e+04
6.73000000e+02	7.86127947e+04
6.74000000e+02	7.38149450e+04
6.75000000e+02	6.92576319e+04
6.76000000e+02	6.49267140e+04
6.77000000e+02	6.08084972e+04
6.78000000e+02	5.68899121e+04
6.79000000e+02	5.31583348e+04
6.80000000e+02	4.96016747e+04
6.81000000e+02	4.62082808e+04
6.82000000e+02	4.29669452e+04
6.83000000e+02	3.98669067e+04
6.84000000e+02	3.68977534e+04
6.85000000e+02	3.40495029e+04
6.86000000e+02	3.13124963e+04
6.87000000e+02	2.86774238e+04
6.88000000e+02	2.61353188e+04
6.89000000e+02	2.36775027e+04
6.90000000e+02	2.12956047e+04
6.91000000e+02	1.89815519e+04
6.92000000e+02	1.67275389e+04
6.93000000e+02	1.45260395e+04
6.94000000e+02	1.23698024e+04
6.95000000e+02	1.02518584e+04
6.96000000e+02	8.16659507e+03
6.97000000e+02	6.15967386e+03
6.98000000e+02	3.93184833e+03
6.99000000e+02	2.09971126e+03
7.00000000e+02	0.00000000e+00
