# Profil de ElecX au temps 9.000000000000108e-12 
# simu : /Volumes/MERCURE/JOBS/Zeq1_tanh_50mic_7p5e19_B0_20ps/GNU/ElecX@y-c.set
# col 0 : abscisse (um)
# col 1 : ElecX (V/m)
0.00000000e+00	0.00000000e+00
1.00000000e+00	1.25556830e+03
2.00000000e+00	1.33848414e+02
3.00000000e+00	3.23834040e+01
4.00000000e+00	7.64234786e+02
5.00000000e+00	8.93278638e+02
6.00000000e+00	1.06256641e+03
7.00000000e+00	1.24125689e+03
8.00000000e+00	1.42225968e+03
9.00000000e+00	1.60491140e+03
1.00000000e+01	1.78928618e+03
1.10000000e+01	1.97556078e+03
1.20000000e+01	2.16392936e+03
1.30000000e+01	2.35459050e+03
1.40000000e+01	2.54774290e+03
1.50000000e+01	2.74358735e+03
1.60000000e+01	2.94232538e+03
1.70000000e+01	3.14416041e+03
1.80000000e+01	3.34929723e+03
1.90000000e+01	3.55794282e+03
2.00000000e+01	3.77030568e+03
2.10000000e+01	3.98659675e+03
2.20000000e+01	4.20702898e+03
2.30000000e+01	4.43181768e+03
2.40000000e+01	4.66118049e+03
2.50000000e+01	4.89533772e+03
2.60000000e+01	5.13451229e+03
2.70000000e+01	5.37892964e+03
2.80000000e+01	5.62881838e+03
2.90000000e+01	5.88440971e+03
3.00000000e+01	6.14593810e+03
3.10000000e+01	6.41364113e+03
3.20000000e+01	6.68775930e+03
3.30000000e+01	6.96853685e+03
3.40000000e+01	7.25622118e+03
3.50000000e+01	7.55106310e+03
3.60000000e+01	7.85331693e+03
3.70000000e+01	8.16324115e+03
3.80000000e+01	8.48109727e+03
3.90000000e+01	8.80715098e+03
4.00000000e+01	9.14167191e+03
4.10000000e+01	9.48493339e+03
4.20000000e+01	9.83721294e+03
4.30000000e+01	1.01987922e+04
4.40000000e+01	1.05699567e+04
4.50000000e+01	1.09509966e+04
4.60000000e+01	1.13422060e+04
4.70000000e+01	1.17438834e+04
4.80000000e+01	1.21563319e+04
4.90000000e+01	1.25798588e+04
5.00000000e+01	1.30147759e+04
5.10000000e+01	1.34613997e+04
5.20000000e+01	1.39200511e+04
5.30000000e+01	1.43910556e+04
5.40000000e+01	1.48747437e+04
5.50000000e+01	1.53714500e+04
5.60000000e+01	1.58815143e+04
5.70000000e+01	1.64052810e+04
5.80000000e+01	1.69430989e+04
5.90000000e+01	1.74953222e+04
6.00000000e+01	1.80623092e+04
6.10000000e+01	1.86444237e+04
6.20000000e+01	1.92420338e+04
6.30000000e+01	1.98555122e+04
6.40000000e+01	2.04852372e+04
6.50000000e+01	2.11315911e+04
6.60000000e+01	2.17949614e+04
6.70000000e+01	2.24757401e+04
6.80000000e+01	2.31743242e+04
6.90000000e+01	2.38911152e+04
7.00000000e+01	2.46265195e+04
7.10000000e+01	2.53809479e+04
7.20000000e+01	2.61548160e+04
7.30000000e+01	2.69485439e+04
7.40000000e+01	2.77625563e+04
7.50000000e+01	2.85972823e+04
7.60000000e+01	2.94531554e+04
7.70000000e+01	3.03306137e+04
7.80000000e+01	3.12300992e+04
7.90000000e+01	3.21520584e+04
8.00000000e+01	3.30969420e+04
8.10000000e+01	3.40652045e+04
8.20000000e+01	3.50573047e+04
8.30000000e+01	3.60737051e+04
8.40000000e+01	3.71148721e+04
8.50000000e+01	3.81812758e+04
8.60000000e+01	3.92733898e+04
8.70000000e+01	4.03916913e+04
8.80000000e+01	4.15366610e+04
8.90000000e+01	4.27087828e+04
9.00000000e+01	4.39085434e+04
9.10000000e+01	4.51364332e+04
9.20000000e+01	4.63929449e+04
9.30000000e+01	4.76785742e+04
9.40000000e+01	4.89938196e+04
9.50000000e+01	5.03391818e+04
9.60000000e+01	5.17151639e+04
9.70000000e+01	5.31222715e+04
9.80000000e+01	5.45610116e+04
9.90000000e+01	5.60318937e+04
1.00000000e+02	5.75354288e+04
1.01000000e+02	5.90721291e+04
1.02000000e+02	6.06425090e+04
1.03000000e+02	6.22470832e+04
1.04000000e+02	6.38863680e+04
1.05000000e+02	6.55608804e+04
1.06000000e+02	6.72711382e+04
1.07000000e+02	6.90176594e+04
1.08000000e+02	7.08009626e+04
1.09000000e+02	7.26215664e+04
1.10000000e+02	7.44799894e+04
1.11000000e+02	7.63767497e+04
1.12000000e+02	7.83123653e+04
1.13000000e+02	8.02873533e+04
1.14000000e+02	8.23022300e+04
1.15000000e+02	8.43575106e+04
1.16000000e+02	8.64537091e+04
1.17000000e+02	8.85913382e+04
1.18000000e+02	9.07709086e+04
1.19000000e+02	9.29929295e+04
1.20000000e+02	9.52579076e+04
1.21000000e+02	9.75663478e+04
1.22000000e+02	9.99187522e+04
1.23000000e+02	1.02315620e+05
1.24000000e+02	1.04757449e+05
1.25000000e+02	1.07244731e+05
1.26000000e+02	1.09777958e+05
1.27000000e+02	1.12357615e+05
1.28000000e+02	1.14984187e+05
1.29000000e+02	1.17658151e+05
1.30000000e+02	1.20379984e+05
1.31000000e+02	1.23150156e+05
1.32000000e+02	1.25969134e+05
1.33000000e+02	1.28837378e+05
1.34000000e+02	1.31755347e+05
1.35000000e+02	1.34723491e+05
1.36000000e+02	1.37742257e+05
1.37000000e+02	1.40812087e+05
1.38000000e+02	1.43933415e+05
1.39000000e+02	1.47106673e+05
1.40000000e+02	1.50332282e+05
1.41000000e+02	1.53610663e+05
1.42000000e+02	1.56942225e+05
1.43000000e+02	1.60327375e+05
1.44000000e+02	1.63766511e+05
1.45000000e+02	1.67260024e+05
1.46000000e+02	1.70808300e+05
1.47000000e+02	1.74411717e+05
1.48000000e+02	1.78070647e+05
1.49000000e+02	1.81785452e+05
1.50000000e+02	1.85556489e+05
1.51000000e+02	1.89384107e+05
1.52000000e+02	1.93268648e+05
1.53000000e+02	1.97210446e+05
1.54000000e+02	2.01209826e+05
1.55000000e+02	2.05267106e+05
1.56000000e+02	2.09382596e+05
1.57000000e+02	2.13556600e+05
1.58000000e+02	2.17789410e+05
1.59000000e+02	2.22081313e+05
1.60000000e+02	2.26432587e+05
1.61000000e+02	2.30843500e+05
1.62000000e+02	2.35314315e+05
1.63000000e+02	2.39845283e+05
1.64000000e+02	2.44436651e+05
1.65000000e+02	2.49088653e+05
1.66000000e+02	2.53801518e+05
1.67000000e+02	2.58575465e+05
1.68000000e+02	2.63410705e+05
1.69000000e+02	2.68307441e+05
1.70000000e+02	2.73265868e+05
1.71000000e+02	2.78286171e+05
1.72000000e+02	2.83368528e+05
1.73000000e+02	2.88513110e+05
1.74000000e+02	2.93720077e+05
1.75000000e+02	2.98989584e+05
1.76000000e+02	3.04321774e+05
1.77000000e+02	3.09716787e+05
1.78000000e+02	3.15174751e+05
1.79000000e+02	3.20695789e+05
1.80000000e+02	3.26280015e+05
1.81000000e+02	3.31927534e+05
1.82000000e+02	3.37638447e+05
1.83000000e+02	3.43412845e+05
1.84000000e+02	3.49250813e+05
1.85000000e+02	3.55152430e+05
1.86000000e+02	3.61117764e+05
1.87000000e+02	3.67146882e+05
1.88000000e+02	3.73239840e+05
1.89000000e+02	3.79396689e+05
1.90000000e+02	3.85617475e+05
1.91000000e+02	3.91902237e+05
1.92000000e+02	3.98251007e+05
1.93000000e+02	4.04663814e+05
1.94000000e+02	4.11140679e+05
1.95000000e+02	4.17681621e+05
1.96000000e+02	4.24286649e+05
1.97000000e+02	4.30955773e+05
1.98000000e+02	4.37688995e+05
1.99000000e+02	4.44486314e+05
2.00000000e+02	4.51347724e+05
2.01000000e+02	4.58273216e+05
2.02000000e+02	4.65262778e+05
2.03000000e+02	4.72316394e+05
2.04000000e+02	4.79434046e+05
2.05000000e+02	4.86615713e+05
2.06000000e+02	4.93861370e+05
2.07000000e+02	5.01170993e+05
2.08000000e+02	5.08544554e+05
2.09000000e+02	5.15982025e+05
2.10000000e+02	5.23483376e+05
2.11000000e+02	5.31048575e+05
2.12000000e+02	5.38677594e+05
2.13000000e+02	5.46370399e+05
2.14000000e+02	5.54126960e+05
2.15000000e+02	5.61947247e+05
2.16000000e+02	5.69831231e+05
2.17000000e+02	5.77778883e+05
2.18000000e+02	5.85790175e+05
2.19000000e+02	5.93865085e+05
2.20000000e+02	6.02003589e+05
2.21000000e+02	6.10205667e+05
2.22000000e+02	6.18471303e+05
2.23000000e+02	6.26800483e+05
2.24000000e+02	6.35193199e+05
2.25000000e+02	6.43649444e+05
2.26000000e+02	6.52169218e+05
2.27000000e+02	6.60752526e+05
2.28000000e+02	6.69399376e+05
2.29000000e+02	6.78109785e+05
2.30000000e+02	6.86883773e+05
2.31000000e+02	6.95721370e+05
2.32000000e+02	7.04622609e+05
2.33000000e+02	7.13587534e+05
2.34000000e+02	7.22616195e+05
2.35000000e+02	7.31708649e+05
2.36000000e+02	7.40864966e+05
2.37000000e+02	7.50085219e+05
2.38000000e+02	7.59369497e+05
2.39000000e+02	7.68717893e+05
2.40000000e+02	7.78130514e+05
2.41000000e+02	7.87607478e+05
2.42000000e+02	7.97148912e+05
2.43000000e+02	8.06754956e+05
2.44000000e+02	8.16425763e+05
2.45000000e+02	8.26161496e+05
2.46000000e+02	8.35962335e+05
2.47000000e+02	8.45828471e+05
2.48000000e+02	8.55760108e+05
2.49000000e+02	8.65757468e+05
2.50000000e+02	8.75820784e+05
2.51000000e+02	8.85950308e+05
2.52000000e+02	8.96146307e+05
2.53000000e+02	9.06409062e+05
2.54000000e+02	9.16738874e+05
2.55000000e+02	9.27136061e+05
2.56000000e+02	9.37600958e+05
2.57000000e+02	9.48133919e+05
2.58000000e+02	9.58735317e+05
2.59000000e+02	9.69405544e+05
2.60000000e+02	9.80145014e+05
2.61000000e+02	9.90954159e+05
2.62000000e+02	1.00183343e+06
2.63000000e+02	1.01278332e+06
2.64000000e+02	1.02380430e+06
2.65000000e+02	1.03489692e+06
2.66000000e+02	1.04606170e+06
2.67000000e+02	1.05729923e+06
2.68000000e+02	1.06861009e+06
2.69000000e+02	1.07999491e+06
2.70000000e+02	1.09145432e+06
2.71000000e+02	1.10298900e+06
2.72000000e+02	1.11459966e+06
2.73000000e+02	1.12628701e+06
2.74000000e+02	1.13805181e+06
2.75000000e+02	1.14989485e+06
2.76000000e+02	1.16181694e+06
2.77000000e+02	1.17381892e+06
2.78000000e+02	1.18590167e+06
2.79000000e+02	1.19806610e+06
2.80000000e+02	1.21031315e+06
2.81000000e+02	1.22264379e+06
2.82000000e+02	1.23505904e+06
2.83000000e+02	1.24755993e+06
2.84000000e+02	1.26014755e+06
2.85000000e+02	1.27282301e+06
2.86000000e+02	1.28558747e+06
2.87000000e+02	1.29844211e+06
2.88000000e+02	1.31138817e+06
2.89000000e+02	1.32442692e+06
2.90000000e+02	1.33755967e+06
2.91000000e+02	1.35078777e+06
2.92000000e+02	1.36411263e+06
2.93000000e+02	1.37753568e+06
2.94000000e+02	1.39105841e+06
2.95000000e+02	1.40468235e+06
2.96000000e+02	1.41840907e+06
2.97000000e+02	1.43224020e+06
2.98000000e+02	1.44617742e+06
2.99000000e+02	1.46022244e+06
3.00000000e+02	1.47437705e+06
3.01000000e+02	1.48864306e+06
3.02000000e+02	1.50302237e+06
3.03000000e+02	1.51751689e+06
3.04000000e+02	1.53212862e+06
3.05000000e+02	1.54685960e+06
3.06000000e+02	1.56171194e+06
3.07000000e+02	1.57668779e+06
3.08000000e+02	1.59178938e+06
3.09000000e+02	1.60701898e+06
3.10000000e+02	1.62237894e+06
3.11000000e+02	1.63787166e+06
3.12000000e+02	1.65349962e+06
3.13000000e+02	1.66926535e+06
3.14000000e+02	1.68517145e+06
3.15000000e+02	1.70122060e+06
3.16000000e+02	1.71741552e+06
3.17000000e+02	1.73375904e+06
3.18000000e+02	1.75025404e+06
3.19000000e+02	1.76690346e+06
3.20000000e+02	1.78371033e+06
3.21000000e+02	1.80067776e+06
3.22000000e+02	1.81780892e+06
3.23000000e+02	1.83510707e+06
3.24000000e+02	1.85257553e+06
3.25000000e+02	1.87021772e+06
3.26000000e+02	1.88803712e+06
3.27000000e+02	1.90603731e+06
3.28000000e+02	1.92422194e+06
3.29000000e+02	1.94259473e+06
3.30000000e+02	1.96115951e+06
3.31000000e+02	1.97992016e+06
3.32000000e+02	1.99888068e+06
3.33000000e+02	2.01804513e+06
3.34000000e+02	2.03741765e+06
3.35000000e+02	2.05700248e+06
3.36000000e+02	2.07680394e+06
3.37000000e+02	2.09682643e+06
3.38000000e+02	2.11707444e+06
3.39000000e+02	2.13755255e+06
3.40000000e+02	2.15826540e+06
3.41000000e+02	2.17921775e+06
3.42000000e+02	2.20041440e+06
3.43000000e+02	2.22186027e+06
3.44000000e+02	2.24356034e+06
3.45000000e+02	2.26551968e+06
3.46000000e+02	2.28774344e+06
3.47000000e+02	2.31023682e+06
3.48000000e+02	2.33300514e+06
3.49000000e+02	2.35605376e+06
3.50000000e+02	2.37938813e+06
3.51000000e+02	2.40301376e+06
3.52000000e+02	2.42693622e+06
3.53000000e+02	2.45116116e+06
3.54000000e+02	2.47569429e+06
3.55000000e+02	2.50054137e+06
3.56000000e+02	2.52570821e+06
3.57000000e+02	2.55120068e+06
3.58000000e+02	2.57702470e+06
3.59000000e+02	2.60318622e+06
3.60000000e+02	2.62969125e+06
3.61000000e+02	2.65654581e+06
3.62000000e+02	2.68375596e+06
3.63000000e+02	2.71132778e+06
3.64000000e+02	2.73926739e+06
3.65000000e+02	2.76758088e+06
3.66000000e+02	2.79627439e+06
3.67000000e+02	2.82535402e+06
3.68000000e+02	2.85482591e+06
3.69000000e+02	2.88469614e+06
3.70000000e+02	2.91497080e+06
3.71000000e+02	2.94565595e+06
3.72000000e+02	2.97675761e+06
3.73000000e+02	3.00828175e+06
3.74000000e+02	3.04023430e+06
3.75000000e+02	3.07262114e+06
3.76000000e+02	3.10544806e+06
3.77000000e+02	3.13872078e+06
3.78000000e+02	3.17244497e+06
3.79000000e+02	3.20662615e+06
3.80000000e+02	3.24126978e+06
3.81000000e+02	3.27638120e+06
3.82000000e+02	3.31196561e+06
3.83000000e+02	3.34802810e+06
3.84000000e+02	3.38457362e+06
3.85000000e+02	3.42160694e+06
3.86000000e+02	3.45913271e+06
3.87000000e+02	3.49715537e+06
3.88000000e+02	3.53567921e+06
3.89000000e+02	3.57470832e+06
3.90000000e+02	3.61424658e+06
3.91000000e+02	3.65429767e+06
3.92000000e+02	3.69486503e+06
3.93000000e+02	3.73595188e+06
3.94000000e+02	3.77756121e+06
3.95000000e+02	3.81969573e+06
3.96000000e+02	3.86235790e+06
3.97000000e+02	3.90554992e+06
3.98000000e+02	3.94927369e+06
3.99000000e+02	3.99353081e+06
4.00000000e+02	4.03832260e+06
4.01000000e+02	4.08365004e+06
4.02000000e+02	4.12951382e+06
4.03000000e+02	4.17591427e+06
4.04000000e+02	4.22285139e+06
4.05000000e+02	4.27032484e+06
4.06000000e+02	4.31833390e+06
4.07000000e+02	4.36687751e+06
4.08000000e+02	4.41595422e+06
4.09000000e+02	4.46556218e+06
4.10000000e+02	4.51569919e+06
4.11000000e+02	4.56636263e+06
4.12000000e+02	4.61754947e+06
4.13000000e+02	4.66925628e+06
4.14000000e+02	4.72147921e+06
4.15000000e+02	4.77421400e+06
4.16000000e+02	4.82745595e+06
4.17000000e+02	4.88119992e+06
4.18000000e+02	4.93544037e+06
4.19000000e+02	4.99017128e+06
4.20000000e+02	5.04538623e+06
4.21000000e+02	5.10107831e+06
4.22000000e+02	5.15724021e+06
4.23000000e+02	5.21386414e+06
4.24000000e+02	5.27094188e+06
4.25000000e+02	5.32846477e+06
4.26000000e+02	5.38642369e+06
4.27000000e+02	5.44480908e+06
4.28000000e+02	5.50361094e+06
4.29000000e+02	5.56281883e+06
4.30000000e+02	5.62242189e+06
4.31000000e+02	5.68240880e+06
4.32000000e+02	5.74276783e+06
4.33000000e+02	5.80348685e+06
4.34000000e+02	5.86455328e+06
4.35000000e+02	5.92595415e+06
4.36000000e+02	5.98767608e+06
4.37000000e+02	6.04970531e+06
4.38000000e+02	6.11202768e+06
4.39000000e+02	6.17462865e+06
4.40000000e+02	6.23749333e+06
4.41000000e+02	6.30060642e+06
4.42000000e+02	6.36395231e+06
4.43000000e+02	6.42751502e+06
4.44000000e+02	6.49127822e+06
4.45000000e+02	6.55522525e+06
4.46000000e+02	6.61933911e+06
4.47000000e+02	6.68360248e+06
4.48000000e+02	6.74799769e+06
4.49000000e+02	6.81250678e+06
4.50000000e+02	6.87711143e+06
4.51000000e+02	6.94179299e+06
4.52000000e+02	7.00653250e+06
4.53000000e+02	7.07131063e+06
4.54000000e+02	7.13610771e+06
4.55000000e+02	7.20090368e+06
4.56000000e+02	7.26567813e+06
4.57000000e+02	7.33041022e+06
4.58000000e+02	7.39507868e+06
4.59000000e+02	7.45966179e+06
4.60000000e+02	7.52413734e+06
4.61000000e+02	7.58848258e+06
4.62000000e+02	7.65267420e+06
4.63000000e+02	7.71668827e+06
4.64000000e+02	7.78050020e+06
4.65000000e+02	7.84408466e+06
4.66000000e+02	7.90741556e+06
4.67000000e+02	7.97046593e+06
4.68000000e+02	8.03320789e+06
4.69000000e+02	8.09561255e+06
4.70000000e+02	8.15764997e+06
4.71000000e+02	8.21928902e+06
4.72000000e+02	8.28049731e+06
4.73000000e+02	8.34124112e+06
4.74000000e+02	8.40148528e+06
4.75000000e+02	8.46119311e+06
4.76000000e+02	8.52032625e+06
4.77000000e+02	8.57884465e+06
4.78000000e+02	8.63670639e+06
4.79000000e+02	8.69386766e+06
4.80000000e+02	8.75028259e+06
4.81000000e+02	8.80590322e+06
4.82000000e+02	8.86067940e+06
4.83000000e+02	8.91455870e+06
4.84000000e+02	8.96748636e+06
4.85000000e+02	9.01940521e+06
4.86000000e+02	9.07025567e+06
4.87000000e+02	9.11997568e+06
4.88000000e+02	9.16850070e+06
4.89000000e+02	9.21576374e+06
4.90000000e+02	9.26169534e+06
4.91000000e+02	9.30622368e+06
4.92000000e+02	9.34927461e+06
4.93000000e+02	9.39077177e+06
4.94000000e+02	9.43063675e+06
4.95000000e+02	9.46878919e+06
4.96000000e+02	9.50514703e+06
4.97000000e+02	9.53962673e+06
4.98000000e+02	9.57214350e+06
4.99000000e+02	9.60261166e+06
5.00000000e+02	9.63094490e+06
5.01000000e+02	9.65705669e+06
5.02000000e+02	9.68086070e+06
5.03000000e+02	9.70227119e+06
5.04000000e+02	9.72120350e+06
5.05000000e+02	9.73757454e+06
5.06000000e+02	9.75130330e+06
5.07000000e+02	9.76231143e+06
5.08000000e+02	9.77052372e+06
5.09000000e+02	9.77586873e+06
5.10000000e+02	9.77827936e+06
5.11000000e+02	9.77769338e+06
5.12000000e+02	9.77405401e+06
5.13000000e+02	9.76731052e+06
5.14000000e+02	9.75741865e+06
5.15000000e+02	9.74434123e+06
5.16000000e+02	9.72804852e+06
5.17000000e+02	9.70851870e+06
5.18000000e+02	9.68573823e+06
5.19000000e+02	9.65970208e+06
5.20000000e+02	9.63041404e+06
5.21000000e+02	9.59788688e+06
5.22000000e+02	9.56214237e+06
5.23000000e+02	9.52321139e+06
5.24000000e+02	9.48113381e+06
5.25000000e+02	9.43595833e+06
5.26000000e+02	9.38774232e+06
5.27000000e+02	9.33655144e+06
5.28000000e+02	9.28245933e+06
5.29000000e+02	9.22554714e+06
5.30000000e+02	9.16590301e+06
5.31000000e+02	9.10362152e+06
5.32000000e+02	9.03880308e+06
5.33000000e+02	8.97155326e+06
5.34000000e+02	8.90198212e+06
5.35000000e+02	8.83020350e+06
5.36000000e+02	8.75633426e+06
5.37000000e+02	8.68049363e+06
5.38000000e+02	8.60280240e+06
5.39000000e+02	8.52338226e+06
5.40000000e+02	8.44235512e+06
5.41000000e+02	8.35984243e+06
5.42000000e+02	8.27596453e+06
5.43000000e+02	8.19084014e+06
5.44000000e+02	8.10458572e+06
5.45000000e+02	8.01731508e+06
5.46000000e+02	7.92913887e+06
5.47000000e+02	7.84016421e+06
5.48000000e+02	7.75049437e+06
5.49000000e+02	7.66022847e+06
5.50000000e+02	7.56946126e+06
5.51000000e+02	7.47828296e+06
5.52000000e+02	7.38677910e+06
5.53000000e+02	7.29503047e+06
5.54000000e+02	7.20311306e+06
5.55000000e+02	7.11109807e+06
5.56000000e+02	7.01905196e+06
5.57000000e+02	6.92703649e+06
5.58000000e+02	6.83510887e+06
5.59000000e+02	6.74332185e+06
5.60000000e+02	6.65172386e+06
5.61000000e+02	6.56035920e+06
5.62000000e+02	6.46926824e+06
5.63000000e+02	6.37848753e+06
5.64000000e+02	6.28805010e+06
5.65000000e+02	6.19798559e+06
5.66000000e+02	6.10832050e+06
5.67000000e+02	6.01907837e+06
5.68000000e+02	5.93028001e+06
5.69000000e+02	5.84194370e+06
5.70000000e+02	5.75408538e+06
5.71000000e+02	5.66671885e+06
5.72000000e+02	5.57985595e+06
5.73000000e+02	5.49350675e+06
5.74000000e+02	5.40767974e+06
5.75000000e+02	5.32238194e+06
5.76000000e+02	5.23761912e+06
5.77000000e+02	5.15339589e+06
5.78000000e+02	5.06971590e+06
5.79000000e+02	4.98658190e+06
5.80000000e+02	4.90399593e+06
5.81000000e+02	4.82195939e+06
5.82000000e+02	4.74047317e+06
5.83000000e+02	4.65953776e+06
5.84000000e+02	4.57915329e+06
5.85000000e+02	4.49931967e+06
5.86000000e+02	4.42003666e+06
5.87000000e+02	4.34130395e+06
5.88000000e+02	4.26312124e+06
5.89000000e+02	4.18548826e+06
5.90000000e+02	4.10840487e+06
5.91000000e+02	4.03187113e+06
5.92000000e+02	3.95588740e+06
5.93000000e+02	3.88045431e+06
5.94000000e+02	3.80557281e+06
5.95000000e+02	3.73124419e+06
5.96000000e+02	3.65747022e+06
5.97000000e+02	3.58425319e+06
5.98000000e+02	3.51159597e+06
5.99000000e+02	3.43950185e+06
6.00000000e+02	3.36797463e+06
6.01000000e+02	3.29701874e+06
6.02000000e+02	3.22663939e+06
6.03000000e+02	3.15684253e+06
6.04000000e+02	3.08763447e+06
6.05000000e+02	3.01902204e+06
6.06000000e+02	2.95101288e+06
6.07000000e+02	2.88361576e+06
6.08000000e+02	2.81684013e+06
6.09000000e+02	2.75069561e+06
6.10000000e+02	2.68519195e+06
6.11000000e+02	2.62033988e+06
6.12000000e+02	2.55615193e+06
6.13000000e+02	2.49264132e+06
6.14000000e+02	2.42981977e+06
6.15000000e+02	2.36769837e+06
6.16000000e+02	2.30629181e+06
6.17000000e+02	2.24561778e+06
6.18000000e+02	2.18568968e+06
6.19000000e+02	2.12651610e+06
6.20000000e+02	2.06811250e+06
6.21000000e+02	2.01050809e+06
6.22000000e+02	1.95369991e+06
6.23000000e+02	1.89771060e+06
6.24000000e+02	1.84255703e+06
6.25000000e+02	1.78824208e+06
6.26000000e+02	1.73479040e+06
6.27000000e+02	1.68222279e+06
6.28000000e+02	1.63054612e+06
6.29000000e+02	1.57975778e+06
6.30000000e+02	1.52988984e+06
6.31000000e+02	1.48095497e+06
6.32000000e+02	1.43294338e+06
6.33000000e+02	1.38588170e+06
6.34000000e+02	1.33978305e+06
6.35000000e+02	1.29463207e+06
6.36000000e+02	1.25046114e+06
6.37000000e+02	1.20726318e+06
6.38000000e+02	1.16503394e+06
6.39000000e+02	1.12380197e+06
6.40000000e+02	1.08354192e+06
6.41000000e+02	1.04427116e+06
6.42000000e+02	1.00598586e+06
6.43000000e+02	9.68675439e+05
6.44000000e+02	9.32354038e+05
6.45000000e+02	8.96996552e+05
6.46000000e+02	8.62614767e+05
6.47000000e+02	8.29189371e+05
6.48000000e+02	7.96720151e+05
6.49000000e+02	7.65194877e+05
6.50000000e+02	7.34599094e+05
6.51000000e+02	7.04931275e+05
6.52000000e+02	6.76165249e+05
6.53000000e+02	6.48301280e+05
6.54000000e+02	6.21312439e+05
6.55000000e+02	5.95193116e+05
6.56000000e+02	5.69919743e+05
6.57000000e+02	5.45481102e+05
6.58000000e+02	5.21855381e+05
6.59000000e+02	4.99026693e+05
6.60000000e+02	4.76975309e+05
6.61000000e+02	4.55681988e+05
6.62000000e+02	4.35127708e+05
6.63000000e+02	4.15291027e+05
6.64000000e+02	3.96153419e+05
6.65000000e+02	3.77691906e+05
6.66000000e+02	3.59888658e+05
6.67000000e+02	3.42719327e+05
6.68000000e+02	3.26166110e+05
6.69000000e+02	3.10204737e+05
6.70000000e+02	2.94817296e+05
6.71000000e+02	2.79979350e+05
6.72000000e+02	2.65672918e+05
6.73000000e+02	2.51874227e+05
6.74000000e+02	2.38564915e+05
6.75000000e+02	2.25721964e+05
6.76000000e+02	2.13326736e+05
6.77000000e+02	2.01357132e+05
6.78000000e+02	1.89794441e+05
6.79000000e+02	1.78617254e+05
6.80000000e+02	1.67806935e+05
6.81000000e+02	1.57342906e+05
6.82000000e+02	1.47206604e+05
6.83000000e+02	1.37378266e+05
6.84000000e+02	1.27839299e+05
6.85000000e+02	1.18571081e+05
6.86000000e+02	1.09554830e+05
6.87000000e+02	1.00772625e+05
6.88000000e+02	9.22064437e+04
6.89000000e+02	8.38383399e+04
6.90000000e+02	7.56509832e+04
6.91000000e+02	6.76269842e+04
6.92000000e+02	5.97491703e+04
6.93000000e+02	5.20007998e+04
6.94000000e+02	4.43651017e+04
6.95000000e+02	3.68256567e+04
6.96000000e+02	2.93674598e+04
6.97000000e+02	2.20331029e+04
6.98000000e+02	1.44771006e+04
6.99000000e+02	7.38526455e+03
7.00000000e+02	0.00000000e+00
