# Profil de ElecX au temps 2.009999999999998e-12 
# simu : /Volumes/MERCURE/JOBS/Zeq1_tanh_50mic_7p5e19_B0_20ps/GNU/ElecX@y-c.set
# col 0 : abscisse (um)
# col 1 : ElecX (V/m)
0.00000000e+00	0.00000000e+00
1.00000000e+00	2.29768479e+02
2.00000000e+00	-6.89857772e+01
3.00000000e+00	-8.36822638e+01
4.00000000e+00	1.50831250e+01
5.00000000e+00	3.19378593e+00
6.00000000e+00	1.25634863e+00
7.00000000e+00	1.17133909e+00
8.00000000e+00	1.28795045e+00
9.00000000e+00	1.42246013e+00
1.00000000e+01	1.55329539e+00
1.10000000e+01	1.68049670e+00
1.20000000e+01	1.80892230e+00
1.30000000e+01	1.94569666e+00
1.40000000e+01	2.09583736e+00
1.50000000e+01	2.25788416e+00
1.60000000e+01	2.42395428e+00
1.70000000e+01	2.58586294e+00
1.80000000e+01	2.74111657e+00
1.90000000e+01	2.89233372e+00
2.00000000e+01	3.04114367e+00
2.10000000e+01	3.18489385e+00
2.20000000e+01	3.31839300e+00
2.30000000e+01	3.43894601e+00
2.40000000e+01	3.54918234e+00
2.50000000e+01	3.65585825e+00
2.60000000e+01	3.76705124e+00
2.70000000e+01	3.88909862e+00
2.80000000e+01	4.02553094e+00
2.90000000e+01	4.17738709e+00
3.00000000e+01	4.34366010e+00
3.10000000e+01	4.52251120e+00
3.20000000e+01	4.71155316e+00
3.30000000e+01	4.90849462e+00
3.40000000e+01	5.11147746e+00
3.50000000e+01	5.31936717e+00
3.60000000e+01	5.53202406e+00
3.70000000e+01	5.74991566e+00
3.80000000e+01	5.97381999e+00
3.90000000e+01	6.20478864e+00
4.00000000e+01	6.44393476e+00
4.10000000e+01	6.69267209e+00
4.20000000e+01	6.95278178e+00
4.30000000e+01	7.22615924e+00
4.40000000e+01	7.51466613e+00
4.50000000e+01	7.81961917e+00
4.60000000e+01	8.14181238e+00
4.70000000e+01	8.48138459e+00
4.80000000e+01	8.83811207e+00
4.90000000e+01	9.21152494e+00
5.00000000e+01	9.60112665e+00
5.10000000e+01	1.00067992e+01
5.20000000e+01	1.04285405e+01
5.30000000e+01	1.08665683e+01
5.40000000e+01	1.13214857e+01
5.50000000e+01	1.17937888e+01
5.60000000e+01	1.22844213e+01
5.70000000e+01	1.27940144e+01
5.80000000e+01	1.33235823e+01
5.90000000e+01	1.38739249e+01
6.00000000e+01	1.44460374e+01
6.10000000e+01	1.50408700e+01
6.20000000e+01	1.56594494e+01
6.30000000e+01	1.63027133e+01
6.40000000e+01	1.69718278e+01
6.50000000e+01	1.76678235e+01
6.60000000e+01	1.83918590e+01
6.70000000e+01	1.91450965e+01
6.80000000e+01	1.99287794e+01
6.90000000e+01	2.07441342e+01
7.00000000e+01	2.15925519e+01
7.10000000e+01	2.24753076e+01
7.20000000e+01	2.33938977e+01
7.30000000e+01	2.43497690e+01
7.40000000e+01	2.53444790e+01
7.50000000e+01	2.63796246e+01
7.60000000e+01	2.74568603e+01
7.70000000e+01	2.85779337e+01
7.80000000e+01	2.97446957e+01
7.90000000e+01	3.09589059e+01
8.00000000e+01	3.22226547e+01
8.10000000e+01	3.35379223e+01
8.20000000e+01	3.49067906e+01
8.30000000e+01	3.63314721e+01
8.40000000e+01	3.78142701e+01
8.50000000e+01	3.93575621e+01
8.60000000e+01	4.09638526e+01
8.70000000e+01	4.26356293e+01
8.80000000e+01	4.43756436e+01
8.90000000e+01	4.61866549e+01
9.00000000e+01	4.80715610e+01
9.10000000e+01	5.00334046e+01
9.20000000e+01	5.20753035e+01
9.30000000e+01	5.42005006e+01
9.40000000e+01	5.64124562e+01
9.50000000e+01	5.87146568e+01
9.60000000e+01	6.11108295e+01
9.70000000e+01	6.36047472e+01
9.80000000e+01	6.62004919e+01
9.90000000e+01	6.89021433e+01
1.00000000e+02	7.17140708e+01
1.01000000e+02	7.46406874e+01
1.02000000e+02	7.76867986e+01
1.03000000e+02	8.08571988e+01
1.04000000e+02	8.41569738e+01
1.05000000e+02	8.75914112e+01
1.06000000e+02	9.11660162e+01
1.07000000e+02	9.48864856e+01
1.08000000e+02	9.87587899e+01
1.09000000e+02	1.02789121e+02
1.10000000e+02	1.06983935e+02
1.11000000e+02	1.11349912e+02
1.12000000e+02	1.15894056e+02
1.13000000e+02	1.20623651e+02
1.14000000e+02	1.25546253e+02
1.15000000e+02	1.30669746e+02
1.16000000e+02	1.36002280e+02
1.17000000e+02	1.41552489e+02
1.18000000e+02	1.47329166e+02
1.19000000e+02	1.53341569e+02
1.20000000e+02	1.59599303e+02
1.21000000e+02	1.66112447e+02
1.22000000e+02	1.72891344e+02
1.23000000e+02	1.79946874e+02
1.24000000e+02	1.87290342e+02
1.25000000e+02	1.94933448e+02
1.26000000e+02	2.02888469e+02
1.27000000e+02	2.11168123e+02
1.28000000e+02	2.19785591e+02
1.29000000e+02	2.28754742e+02
1.30000000e+02	2.38089880e+02
1.31000000e+02	2.47805973e+02
1.32000000e+02	2.57918495e+02
1.33000000e+02	2.68443724e+02
1.34000000e+02	2.79398421e+02
1.35000000e+02	2.90800100e+02
1.36000000e+02	3.02667059e+02
1.37000000e+02	3.15018230e+02
1.38000000e+02	3.27873408e+02
1.39000000e+02	3.41253109e+02
1.40000000e+02	3.55178775e+02
1.41000000e+02	3.69672678e+02
1.42000000e+02	3.84757942e+02
1.43000000e+02	4.00458761e+02
1.44000000e+02	4.16800202e+02
1.45000000e+02	4.33808466e+02
1.46000000e+02	4.51510668e+02
1.47000000e+02	4.69935178e+02
1.48000000e+02	4.89111429e+02
1.49000000e+02	5.09070101e+02
1.50000000e+02	5.29843104e+02
1.51000000e+02	5.51463669e+02
1.52000000e+02	5.73966332e+02
1.53000000e+02	5.97387132e+02
1.54000000e+02	6.21763459e+02
1.55000000e+02	6.47134287e+02
1.56000000e+02	6.73540252e+02
1.57000000e+02	7.01023518e+02
1.58000000e+02	7.29628009e+02
1.59000000e+02	7.59399470e+02
1.60000000e+02	7.90385479e+02
1.61000000e+02	8.22635619e+02
1.62000000e+02	8.56201392e+02
1.63000000e+02	8.91136404e+02
1.64000000e+02	9.27496634e+02
1.65000000e+02	9.65340067e+02
1.66000000e+02	1.00472715e+03
1.67000000e+02	1.04572099e+03
1.68000000e+02	1.08838695e+03
1.69000000e+02	1.13279326e+03
1.70000000e+02	1.17901083e+03
1.71000000e+02	1.22711357e+03
1.72000000e+02	1.27717827e+03
1.73000000e+02	1.32928491e+03
1.74000000e+02	1.38351676e+03
1.75000000e+02	1.43996036e+03
1.76000000e+02	1.49870598e+03
1.77000000e+02	1.55984729e+03
1.78000000e+02	1.62348202e+03
1.79000000e+02	1.68971178e+03
1.80000000e+02	1.75864222e+03
1.81000000e+02	1.83038349e+03
1.82000000e+02	1.90505006e+03
1.83000000e+02	1.98276103e+03
1.84000000e+02	2.06364054e+03
1.85000000e+02	2.14781761e+03
1.86000000e+02	2.23542652e+03
1.87000000e+02	2.32660705e+03
1.88000000e+02	2.42150467e+03
1.89000000e+02	2.52027073e+03
1.90000000e+02	2.62306270e+03
1.91000000e+02	2.73004455e+03
1.92000000e+02	2.84138679e+03
1.93000000e+02	2.95726693e+03
1.94000000e+02	3.07786967e+03
1.95000000e+02	3.20338715e+03
1.96000000e+02	3.33401941e+03
1.97000000e+02	3.46997451e+03
1.98000000e+02	3.61146896e+03
1.99000000e+02	3.75872817e+03
2.00000000e+02	3.91198646e+03
2.01000000e+02	4.07148790e+03
2.02000000e+02	4.23748625e+03
2.03000000e+02	4.41024566e+03
2.04000000e+02	4.59004089e+03
2.05000000e+02	4.77715787e+03
2.06000000e+02	4.97189415e+03
2.07000000e+02	5.17455919e+03
2.08000000e+02	5.38547512e+03
2.09000000e+02	5.60497685e+03
2.10000000e+02	5.83341310e+03
2.11000000e+02	6.07114652e+03
2.12000000e+02	6.31855436e+03
2.13000000e+02	6.57602920e+03
2.14000000e+02	6.84397941e+03
2.15000000e+02	7.12282978e+03
2.16000000e+02	7.41302223e+03
2.17000000e+02	7.71501657e+03
2.18000000e+02	8.02929096e+03
2.19000000e+02	8.35634292e+03
2.20000000e+02	8.69668985e+03
2.21000000e+02	9.05087011e+03
2.22000000e+02	9.41944349e+03
2.23000000e+02	9.80299233e+03
2.24000000e+02	1.02021223e+04
2.25000000e+02	1.06174635e+04
2.26000000e+02	1.10496708e+04
2.27000000e+02	1.14994258e+04
2.28000000e+02	1.19674370e+04
2.29000000e+02	1.24544414e+04
2.30000000e+02	1.29612053e+04
2.31000000e+02	1.34885255e+04
2.32000000e+02	1.40372306e+04
2.33000000e+02	1.46081822e+04
2.34000000e+02	1.52022761e+04
2.35000000e+02	1.58204437e+04
2.36000000e+02	1.64636534e+04
2.37000000e+02	1.71329118e+04
2.38000000e+02	1.78292654e+04
2.39000000e+02	1.85538021e+04
2.40000000e+02	1.93076527e+04
2.41000000e+02	2.00919926e+04
2.42000000e+02	2.09080434e+04
2.43000000e+02	2.17570748e+04
2.44000000e+02	2.26404062e+04
2.45000000e+02	2.35594089e+04
2.46000000e+02	2.45155075e+04
2.47000000e+02	2.55101825e+04
2.48000000e+02	2.65449721e+04
2.49000000e+02	2.76214742e+04
2.50000000e+02	2.87413488e+04
2.51000000e+02	2.99063202e+04
2.52000000e+02	3.11181795e+04
2.53000000e+02	3.23787867e+04
2.54000000e+02	3.36900737e+04
2.55000000e+02	3.50540462e+04
2.56000000e+02	3.64727872e+04
2.57000000e+02	3.79484590e+04
2.58000000e+02	3.94833064e+04
2.59000000e+02	4.10796595e+04
2.60000000e+02	4.27399367e+04
2.61000000e+02	4.44666480e+04
2.62000000e+02	4.62623976e+04
2.63000000e+02	4.81298878e+04
2.64000000e+02	5.00719219e+04
2.65000000e+02	5.20914078e+04
2.66000000e+02	5.41913614e+04
2.67000000e+02	5.63749103e+04
2.68000000e+02	5.86452974e+04
2.69000000e+02	6.10058850e+04
2.70000000e+02	6.34601578e+04
2.71000000e+02	6.60117279e+04
2.72000000e+02	6.86643382e+04
2.73000000e+02	7.14218664e+04
2.74000000e+02	7.42883297e+04
2.75000000e+02	7.72678886e+04
2.76000000e+02	8.03648516e+04
2.77000000e+02	8.35836791e+04
2.78000000e+02	8.69289883e+04
2.79000000e+02	9.04055579e+04
2.80000000e+02	9.40183319e+04
2.81000000e+02	9.77724252e+04
2.82000000e+02	1.01673128e+05
2.83000000e+02	1.05725909e+05
2.84000000e+02	1.09936423e+05
2.85000000e+02	1.14310514e+05
2.86000000e+02	1.18854219e+05
2.87000000e+02	1.23573777e+05
2.88000000e+02	1.28475627e+05
2.89000000e+02	1.33566419e+05
2.90000000e+02	1.38853017e+05
2.91000000e+02	1.44342500e+05
2.92000000e+02	1.50042174e+05
2.93000000e+02	1.55959569e+05
2.94000000e+02	1.62102449e+05
2.95000000e+02	1.68478814e+05
2.96000000e+02	1.75096904e+05
2.97000000e+02	1.81965206e+05
2.98000000e+02	1.89092454e+05
2.99000000e+02	1.96487636e+05
3.00000000e+02	2.04159996e+05
3.01000000e+02	2.12119040e+05
3.02000000e+02	2.20374536e+05
3.03000000e+02	2.28936518e+05
3.04000000e+02	2.37815292e+05
3.05000000e+02	2.47021434e+05
3.06000000e+02	2.56565792e+05
3.07000000e+02	2.66459495e+05
3.08000000e+02	2.76713944e+05
3.09000000e+02	2.87340821e+05
3.10000000e+02	2.98352087e+05
3.11000000e+02	3.09759981e+05
3.12000000e+02	3.21577022e+05
3.13000000e+02	3.33816005e+05
3.14000000e+02	3.46490004e+05
3.15000000e+02	3.59612367e+05
3.16000000e+02	3.73196713e+05
3.17000000e+02	3.87256932e+05
3.18000000e+02	4.01807180e+05
3.19000000e+02	4.16861872e+05
3.20000000e+02	4.32435681e+05
3.21000000e+02	4.48543530e+05
3.22000000e+02	4.65200587e+05
3.23000000e+02	4.82422255e+05
3.24000000e+02	5.00224170e+05
3.25000000e+02	5.18622183e+05
3.26000000e+02	5.37632362e+05
3.27000000e+02	5.57270970e+05
3.28000000e+02	5.77554466e+05
3.29000000e+02	5.98499482e+05
3.30000000e+02	6.20122818e+05
3.31000000e+02	6.42441427e+05
3.32000000e+02	6.65472397e+05
3.33000000e+02	6.89232944e+05
3.34000000e+02	7.13740386e+05
3.35000000e+02	7.39012138e+05
3.36000000e+02	7.65065684e+05
3.37000000e+02	7.91918567e+05
3.38000000e+02	8.19588368e+05
3.39000000e+02	8.48092686e+05
3.40000000e+02	8.77449118e+05
3.41000000e+02	9.07675242e+05
3.42000000e+02	9.38788592e+05
3.43000000e+02	9.70806640e+05
3.44000000e+02	1.00374677e+06
3.45000000e+02	1.03762627e+06
3.46000000e+02	1.07246228e+06
3.47000000e+02	1.10827181e+06
3.48000000e+02	1.14507167e+06
3.49000000e+02	1.18287850e+06
3.50000000e+02	1.22170870e+06
3.51000000e+02	1.26157843e+06
3.52000000e+02	1.30250359e+06
3.53000000e+02	1.34449979e+06
3.54000000e+02	1.38758233e+06
3.55000000e+02	1.43176616e+06
3.56000000e+02	1.47706591e+06
3.57000000e+02	1.52349579e+06
3.58000000e+02	1.57106965e+06
3.59000000e+02	1.61980090e+06
3.60000000e+02	1.66970253e+06
3.61000000e+02	1.72078704e+06
3.62000000e+02	1.77306651e+06
3.63000000e+02	1.82655247e+06
3.64000000e+02	1.88125598e+06
3.65000000e+02	1.93718757e+06
3.66000000e+02	1.99435720e+06
3.67000000e+02	2.05277433e+06
3.68000000e+02	2.11244780e+06
3.69000000e+02	2.17338590e+06
3.70000000e+02	2.23559633e+06
3.71000000e+02	2.29908617e+06
3.72000000e+02	2.36386192e+06
3.73000000e+02	2.42992942e+06
3.74000000e+02	2.49729392e+06
3.75000000e+02	2.56596002e+06
3.76000000e+02	2.63593168e+06
3.77000000e+02	2.70721222e+06
3.78000000e+02	2.77980431e+06
3.79000000e+02	2.85370995e+06
3.80000000e+02	2.92893049e+06
3.81000000e+02	3.00546662e+06
3.82000000e+02	3.08331837e+06
3.83000000e+02	3.16248508e+06
3.84000000e+02	3.24296544e+06
3.85000000e+02	3.32475743e+06
3.86000000e+02	3.40785839e+06
3.87000000e+02	3.49226494e+06
3.88000000e+02	3.57797303e+06
3.89000000e+02	3.66497790e+06
3.90000000e+02	3.75327411e+06
3.91000000e+02	3.84285547e+06
3.92000000e+02	3.93371511e+06
3.93000000e+02	4.02584540e+06
3.94000000e+02	4.11923800e+06
3.95000000e+02	4.21388378e+06
3.96000000e+02	4.30977286e+06
3.97000000e+02	4.40689457e+06
3.98000000e+02	4.50523741e+06
3.99000000e+02	4.60478907e+06
4.00000000e+02	4.70553637e+06
4.01000000e+02	4.80746525e+06
4.02000000e+02	4.91056072e+06
4.03000000e+02	5.01480684e+06
4.04000000e+02	5.12018669e+06
4.05000000e+02	5.22668229e+06
4.06000000e+02	5.33427459e+06
4.07000000e+02	5.44294343e+06
4.08000000e+02	5.55266742e+06
4.09000000e+02	5.66342397e+06
4.10000000e+02	5.77518914e+06
4.11000000e+02	5.88793764e+06
4.12000000e+02	6.00164271e+06
4.13000000e+02	6.11627607e+06
4.14000000e+02	6.23180781e+06
4.15000000e+02	6.34820633e+06
4.16000000e+02	6.46543821e+06
4.17000000e+02	6.58346814e+06
4.18000000e+02	6.70225877e+06
4.19000000e+02	6.82177066e+06
4.20000000e+02	6.94196208e+06
4.21000000e+02	7.06278895e+06
4.22000000e+02	7.18420467e+06
4.23000000e+02	7.30615997e+06
4.24000000e+02	7.42860281e+06
4.25000000e+02	7.55147818e+06
4.26000000e+02	7.67472795e+06
4.27000000e+02	7.79829070e+06
4.28000000e+02	7.92210158e+06
4.29000000e+02	8.04609208e+06
4.30000000e+02	8.17018987e+06
4.31000000e+02	8.29431861e+06
4.32000000e+02	8.41839775e+06
4.33000000e+02	8.54234232e+06
4.34000000e+02	8.66606274e+06
4.35000000e+02	8.78946461e+06
4.36000000e+02	8.91244848e+06
4.37000000e+02	9.03490970e+06
4.38000000e+02	9.15673811e+06
4.39000000e+02	9.27781794e+06
4.40000000e+02	9.39802754e+06
4.41000000e+02	9.51723920e+06
4.42000000e+02	9.63531896e+06
4.43000000e+02	9.75212644e+06
4.44000000e+02	9.86751467e+06
4.45000000e+02	9.98132994e+06
4.46000000e+02	1.00934117e+07
4.47000000e+02	1.02035923e+07
4.48000000e+02	1.03116973e+07
4.49000000e+02	1.04175448e+07
4.50000000e+02	1.05209462e+07
4.51000000e+02	1.06217056e+07
4.52000000e+02	1.07196201e+07
4.53000000e+02	1.08144801e+07
4.54000000e+02	1.09060692e+07
4.55000000e+02	1.09941647e+07
4.56000000e+02	1.10785379e+07
4.57000000e+02	1.11589544e+07
4.58000000e+02	1.12351746e+07
4.59000000e+02	1.13069544e+07
4.60000000e+02	1.13740460e+07
4.61000000e+02	1.14361982e+07
4.62000000e+02	1.14931578e+07
4.63000000e+02	1.15446705e+07
4.64000000e+02	1.15904817e+07
4.65000000e+02	1.16303382e+07
4.66000000e+02	1.16639892e+07
4.67000000e+02	1.16911879e+07
4.68000000e+02	1.17116928e+07
4.69000000e+02	1.17252700e+07
4.70000000e+02	1.17316942e+07
4.71000000e+02	1.17307511e+07
4.72000000e+02	1.17222389e+07
4.73000000e+02	1.17059706e+07
4.74000000e+02	1.16817760e+07
4.75000000e+02	1.16495032e+07
4.76000000e+02	1.16090214e+07
4.77000000e+02	1.15602222e+07
4.78000000e+02	1.15030220e+07
4.79000000e+02	1.14373636e+07
4.80000000e+02	1.13632180e+07
4.81000000e+02	1.12805859e+07
4.82000000e+02	1.11894992e+07
4.83000000e+02	1.10900224e+07
4.84000000e+02	1.09822531e+07
4.85000000e+02	1.08663232e+07
4.86000000e+02	1.07423992e+07
4.87000000e+02	1.06106823e+07
4.88000000e+02	1.04714083e+07
4.89000000e+02	1.03248469e+07
4.90000000e+02	1.01713010e+07
4.91000000e+02	1.00111058e+07
4.92000000e+02	9.84462663e+06
4.93000000e+02	9.67225732e+06
4.94000000e+02	9.49441806e+06
4.95000000e+02	9.31155268e+06
4.96000000e+02	9.12412577e+06
4.97000000e+02	8.93261959e+06
4.98000000e+02	8.73753061e+06
4.99000000e+02	8.53936599e+06
5.00000000e+02	8.33863981e+06
5.01000000e+02	8.13586922e+06
5.02000000e+02	7.93157063e+06
5.03000000e+02	7.72625579e+06
5.04000000e+02	7.52042803e+06
5.05000000e+02	7.31457858e+06
5.06000000e+02	7.10918317e+06
5.07000000e+02	6.90469873e+06
5.08000000e+02	6.70156051e+06
5.09000000e+02	6.50017950e+06
5.10000000e+02	6.30094019e+06
5.11000000e+02	6.10419876e+06
5.12000000e+02	5.91028172e+06
5.13000000e+02	5.71948490e+06
5.14000000e+02	5.53207292e+06
5.15000000e+02	5.34827910e+06
5.16000000e+02	5.16830568e+06
5.17000000e+02	4.99232445e+06
5.18000000e+02	4.82047776e+06
5.19000000e+02	4.65287970e+06
5.20000000e+02	4.48961759e+06
5.21000000e+02	4.33075371e+06
5.22000000e+02	4.17632704e+06
5.23000000e+02	4.02635525e+06
5.24000000e+02	3.88083659e+06
5.25000000e+02	3.73975194e+06
5.26000000e+02	3.60306675e+06
5.27000000e+02	3.47073290e+06
5.28000000e+02	3.34269057e+06
5.29000000e+02	3.21886992e+06
5.30000000e+02	3.09919273e+06
5.31000000e+02	2.98357382e+06
5.32000000e+02	2.87192245e+06
5.33000000e+02	2.76414350e+06
5.34000000e+02	2.66013852e+06
5.35000000e+02	2.55980675e+06
5.36000000e+02	2.46304590e+06
5.37000000e+02	2.36975289e+06
5.38000000e+02	2.27982447e+06
5.39000000e+02	2.19315774e+06
5.40000000e+02	2.10965059e+06
5.41000000e+02	2.02920207e+06
5.42000000e+02	1.95171273e+06
5.43000000e+02	1.87708479e+06
5.44000000e+02	1.80522241e+06
5.45000000e+02	1.73603180e+06
5.46000000e+02	1.66942136e+06
5.47000000e+02	1.60530176e+06
5.48000000e+02	1.54358601e+06
5.49000000e+02	1.48418949e+06
5.50000000e+02	1.42702997e+06
5.51000000e+02	1.37202763e+06
5.52000000e+02	1.31910503e+06
5.53000000e+02	1.26818712e+06
5.54000000e+02	1.21920121e+06
5.55000000e+02	1.17207690e+06
5.56000000e+02	1.12674612e+06
5.57000000e+02	1.08314299e+06
5.58000000e+02	1.04120385e+06
5.59000000e+02	1.00086718e+06
5.60000000e+02	9.62073545e+05
5.61000000e+02	9.24765568e+05
5.62000000e+02	8.88887843e+05
5.63000000e+02	8.54386904e+05
5.64000000e+02	8.21211163e+05
5.65000000e+02	7.89310856e+05
5.66000000e+02	7.58637990e+05
5.67000000e+02	7.29146288e+05
5.68000000e+02	7.00791138e+05
5.69000000e+02	6.73529538e+05
5.70000000e+02	6.47320046e+05
5.71000000e+02	6.22122730e+05
5.72000000e+02	5.97899117e+05
5.73000000e+02	5.74612147e+05
5.74000000e+02	5.52226122e+05
5.75000000e+02	5.30706663e+05
5.76000000e+02	5.10020665e+05
5.77000000e+02	4.90136251e+05
5.78000000e+02	4.71022730e+05
5.79000000e+02	4.52650557e+05
5.80000000e+02	4.34991293e+05
5.81000000e+02	4.18017563e+05
5.82000000e+02	4.01703020e+05
5.83000000e+02	3.86022310e+05
5.84000000e+02	3.70951034e+05
5.85000000e+02	3.56465715e+05
5.86000000e+02	3.42543762e+05
5.87000000e+02	3.29163442e+05
5.88000000e+02	3.16303845e+05
5.89000000e+02	3.03944856e+05
5.90000000e+02	2.92067125e+05
5.91000000e+02	2.80652041e+05
5.92000000e+02	2.69681700e+05
5.93000000e+02	2.59138883e+05
5.94000000e+02	2.49007029e+05
5.95000000e+02	2.39270210e+05
5.96000000e+02	2.29913111e+05
5.97000000e+02	2.20921000e+05
5.98000000e+02	2.12279713e+05
5.99000000e+02	2.03975630e+05
6.00000000e+02	1.95995654e+05
6.01000000e+02	1.88327192e+05
6.02000000e+02	1.80958136e+05
6.03000000e+02	1.73876844e+05
6.04000000e+02	1.67072123e+05
6.05000000e+02	1.60533214e+05
6.06000000e+02	1.54249770e+05
6.07000000e+02	1.48211846e+05
6.08000000e+02	1.42409882e+05
6.09000000e+02	1.36834685e+05
6.10000000e+02	1.31477420e+05
6.11000000e+02	1.26329595e+05
6.12000000e+02	1.21383043e+05
6.13000000e+02	1.16629918e+05
6.14000000e+02	1.12062677e+05
6.15000000e+02	1.07674067e+05
6.16000000e+02	1.03457119e+05
6.17000000e+02	9.94051357e+04
6.18000000e+02	9.55116769e+04
6.19000000e+02	9.17705544e+04
6.20000000e+02	8.81758203e+04
6.21000000e+02	8.47217579e+04
6.22000000e+02	8.14028730e+04
6.23000000e+02	7.82138849e+04
6.24000000e+02	7.51497188e+04
6.25000000e+02	7.22054970e+04
6.26000000e+02	6.93765323e+04
6.27000000e+02	6.66583197e+04
6.28000000e+02	6.40465298e+04
6.29000000e+02	6.15370021e+04
6.30000000e+02	5.91257382e+04
6.31000000e+02	5.68088955e+04
6.32000000e+02	5.45827814e+04
6.33000000e+02	5.24438472e+04
6.34000000e+02	5.03886830e+04
6.35000000e+02	4.84140115e+04
6.36000000e+02	4.65166837e+04
6.37000000e+02	4.46936733e+04
6.38000000e+02	4.29420723e+04
6.39000000e+02	4.12590863e+04
6.40000000e+02	3.96420299e+04
6.41000000e+02	3.80883226e+04
6.42000000e+02	3.65954848e+04
6.43000000e+02	3.51611339e+04
6.44000000e+02	3.37829802e+04
6.45000000e+02	3.24588237e+04
6.46000000e+02	3.11865501e+04
6.47000000e+02	2.99641281e+04
6.48000000e+02	2.87896057e+04
6.49000000e+02	2.76611072e+04
6.50000000e+02	2.65768302e+04
6.51000000e+02	2.55350429e+04
6.52000000e+02	2.45340812e+04
6.53000000e+02	2.35723460e+04
6.54000000e+02	2.26483011e+04
6.55000000e+02	2.17604699e+04
6.56000000e+02	2.09074340e+04
6.57000000e+02	2.00878300e+04
6.58000000e+02	1.93003482e+04
6.59000000e+02	1.85437294e+04
6.60000000e+02	1.78167636e+04
6.61000000e+02	1.71182870e+04
6.62000000e+02	1.64471801e+04
6.63000000e+02	1.58023640e+04
6.64000000e+02	1.51827976e+04
6.65000000e+02	1.45874721e+04
6.66000000e+02	1.40154053e+04
6.67000000e+02	1.34656326e+04
6.68000000e+02	1.29371957e+04
6.69000000e+02	1.24291271e+04
6.70000000e+02	1.19404325e+04
6.71000000e+02	1.14700693e+04
6.72000000e+02	1.10169266e+04
6.73000000e+02	1.05798091e+04
6.74000000e+02	1.01574311e+04
6.75000000e+02	9.74842779e+03
6.76000000e+02	9.35138690e+03
6.77000000e+02	8.96490144e+03
6.78000000e+02	8.58763597e+03
6.79000000e+02	8.21839225e+03
6.80000000e+02	7.85615615e+03
6.81000000e+02	7.50010976e+03
6.82000000e+02	7.14960063e+03
6.83000000e+02	6.80407249e+03
6.84000000e+02	6.46297193e+03
6.85000000e+02	6.12564838e+03
6.86000000e+02	5.79125804e+03
6.87000000e+02	5.45867830e+03
6.88000000e+02	5.12643749e+03
6.89000000e+02	4.79266754e+03
6.90000000e+02	4.45507908e+03
6.91000000e+02	4.11094223e+03
6.92000000e+02	3.75704298e+03
6.93000000e+02	3.38958963e+03
6.94000000e+02	3.00407821e+03
6.95000000e+02	2.59517660e+03
6.96000000e+02	2.15700530e+03
6.97000000e+02	1.69596119e+03
6.98000000e+02	1.13159753e+03
6.99000000e+02	6.13204621e+02
7.00000000e+02	0.00000000e+00
