# Profil de ElecX au temps 5.000000000000045e-12 
# simu : /Volumes/MERCURE/JOBS/Zeq1_tanh_50mic_7p5e19_B0_20ps/GNU/ElecX@y-c.set
# col 0 : abscisse (um)
# col 1 : ElecX (V/m)
0.00000000e+00	0.00000000e+00
1.00000000e+00	5.94390569e+02
2.00000000e+00	-1.32321046e+02
3.00000000e+00	-2.52177944e+02
4.00000000e+00	3.98728413e+01
5.00000000e+00	1.37096083e+01
6.00000000e+00	1.01944298e+01
7.00000000e+00	1.12815106e+01
8.00000000e+00	1.29135985e+01
9.00000000e+00	1.46248264e+01
1.00000000e+01	1.63557371e+01
1.10000000e+01	1.81017691e+01
1.20000000e+01	1.98666389e+01
1.30000000e+01	2.16554169e+01
1.40000000e+01	2.34720858e+01
1.50000000e+01	2.53208055e+01
1.60000000e+01	2.72052836e+01
1.70000000e+01	2.91291764e+01
1.80000000e+01	3.10962250e+01
1.90000000e+01	3.31106312e+01
2.00000000e+01	3.51764274e+01
2.10000000e+01	3.72980762e+01
2.20000000e+01	3.94794847e+01
2.30000000e+01	4.17242811e+01
2.40000000e+01	4.40357124e+01
2.50000000e+01	4.64170258e+01
2.60000000e+01	4.88715858e+01
2.70000000e+01	5.14026579e+01
2.80000000e+01	5.40137216e+01
2.90000000e+01	5.67082567e+01
3.00000000e+01	5.94899004e+01
3.10000000e+01	6.23628321e+01
3.20000000e+01	6.53315716e+01
3.30000000e+01	6.84013996e+01
3.40000000e+01	7.15781637e+01
3.50000000e+01	7.48677313e+01
3.60000000e+01	7.82762574e+01
3.70000000e+01	8.18100687e+01
3.80000000e+01	8.54750342e+01
3.90000000e+01	8.92773811e+01
4.00000000e+01	9.32231764e+01
4.10000000e+01	9.73187215e+01
4.20000000e+01	1.01570357e+02
4.30000000e+01	1.05984823e+02
4.40000000e+01	1.10568928e+02
4.50000000e+01	1.15329892e+02
4.60000000e+01	1.20275199e+02
4.70000000e+01	1.25412465e+02
4.80000000e+01	1.30749994e+02
4.90000000e+01	1.36296015e+02
5.00000000e+01	1.42059312e+02
5.10000000e+01	1.48049000e+02
5.20000000e+01	1.54274566e+02
5.30000000e+01	1.60745772e+02
5.40000000e+01	1.67473115e+02
5.50000000e+01	1.74467011e+02
5.60000000e+01	1.81738918e+02
5.70000000e+01	1.89300299e+02
5.80000000e+01	1.97163269e+02
5.90000000e+01	2.05340391e+02
6.00000000e+01	2.13844832e+02
6.10000000e+01	2.22690288e+02
6.20000000e+01	2.31890821e+02
6.30000000e+01	2.41461146e+02
6.40000000e+01	2.51416765e+02
6.50000000e+01	2.61773397e+02
6.60000000e+01	2.72547747e+02
6.70000000e+01	2.83756907e+02
6.80000000e+01	2.95418819e+02
6.90000000e+01	3.07551954e+02
7.00000000e+01	3.20175794e+02
7.10000000e+01	3.33310199e+02
7.20000000e+01	3.46976205e+02
7.30000000e+01	3.61195393e+02
7.40000000e+01	3.75990388e+02
7.50000000e+01	3.91384635e+02
7.60000000e+01	4.07402465e+02
7.70000000e+01	4.24069319e+02
7.80000000e+01	4.41411678e+02
7.90000000e+01	4.59456778e+02
8.00000000e+01	4.78233327e+02
8.10000000e+01	4.97771017e+02
8.20000000e+01	5.18100671e+02
8.30000000e+01	5.39254450e+02
8.40000000e+01	5.61265789e+02
8.50000000e+01	5.84169390e+02
8.60000000e+01	6.08001419e+02
8.70000000e+01	6.32799447e+02
8.80000000e+01	6.58602538e+02
8.90000000e+01	6.85451340e+02
9.00000000e+01	7.13388094e+02
9.10000000e+01	7.42456817e+02
9.20000000e+01	7.72703128e+02
9.30000000e+01	8.04174626e+02
9.40000000e+01	8.36920784e+02
9.50000000e+01	8.70993047e+02
9.60000000e+01	9.06444928e+02
9.70000000e+01	9.43332060e+02
9.80000000e+01	9.81712493e+02
9.90000000e+01	1.02164632e+03
1.00000000e+02	1.06319625e+03
1.01000000e+02	1.10642737e+03
1.02000000e+02	1.15140746e+03
1.03000000e+02	1.19820680e+03
1.04000000e+02	1.24689864e+03
1.05000000e+02	1.29755888e+03
1.06000000e+02	1.35026658e+03
1.07000000e+02	1.40510367e+03
1.08000000e+02	1.46215548e+03
1.09000000e+02	1.52151046e+03
1.10000000e+02	1.58326063e+03
1.11000000e+02	1.64750147e+03
1.12000000e+02	1.71433227e+03
1.13000000e+02	1.78385613e+03
1.14000000e+02	1.85618013e+03
1.15000000e+02	1.93141551e+03
1.16000000e+02	2.00967785e+03
1.17000000e+02	2.09108733e+03
1.18000000e+02	2.17576846e+03
1.19000000e+02	2.26385085e+03
1.20000000e+02	2.35546889e+03
1.21000000e+02	2.45076241e+03
1.22000000e+02	2.54987631e+03
1.23000000e+02	2.65296118e+03
1.24000000e+02	2.76017336e+03
1.25000000e+02	2.87167504e+03
1.26000000e+02	2.98763466e+03
1.27000000e+02	3.10822704e+03
1.28000000e+02	3.23363343e+03
1.29000000e+02	3.36404213e+03
1.30000000e+02	3.49964833e+03
1.31000000e+02	3.64065459e+03
1.32000000e+02	3.78727098e+03
1.33000000e+02	3.93971547e+03
1.34000000e+02	4.09821398e+03
1.35000000e+02	4.26300081e+03
1.36000000e+02	4.43431903e+03
1.37000000e+02	4.61242039e+03
1.38000000e+02	4.79756601e+03
1.39000000e+02	4.99002644e+03
1.40000000e+02	5.19008215e+03
1.41000000e+02	5.39802367e+03
1.42000000e+02	5.61415194e+03
1.43000000e+02	5.83877883e+03
1.44000000e+02	6.07222727e+03
1.45000000e+02	6.31483183e+03
1.46000000e+02	6.56693865e+03
1.47000000e+02	6.82890636e+03
1.48000000e+02	7.10110601e+03
1.49000000e+02	7.38392179e+03
1.50000000e+02	7.67775110e+03
1.51000000e+02	7.98300519e+03
1.52000000e+02	8.30010949e+03
1.53000000e+02	8.62950403e+03
1.54000000e+02	8.97164380e+03
1.55000000e+02	9.32699927e+03
1.56000000e+02	9.69605684e+03
1.57000000e+02	1.00793192e+04
1.58000000e+02	1.04773057e+04
1.59000000e+02	1.08905533e+04
1.60000000e+02	1.13196163e+04
1.61000000e+02	1.17650673e+04
1.62000000e+02	1.22274976e+04
1.63000000e+02	1.27075176e+04
1.64000000e+02	1.32057576e+04
1.65000000e+02	1.37228676e+04
1.66000000e+02	1.42595185e+04
1.67000000e+02	1.48164025e+04
1.68000000e+02	1.53942331e+04
1.69000000e+02	1.59937462e+04
1.70000000e+02	1.66157004e+04
1.71000000e+02	1.72608775e+04
1.72000000e+02	1.79300828e+04
1.73000000e+02	1.86241462e+04
1.74000000e+02	1.93439220e+04
1.75000000e+02	2.00902900e+04
1.76000000e+02	2.08641559e+04
1.77000000e+02	2.16664513e+04
1.78000000e+02	2.24981351e+04
1.79000000e+02	2.33601933e+04
1.80000000e+02	2.42536396e+04
1.81000000e+02	2.51795163e+04
1.82000000e+02	2.61388942e+04
1.83000000e+02	2.71328736e+04
1.84000000e+02	2.81625846e+04
1.85000000e+02	2.92291874e+04
1.86000000e+02	3.03338727e+04
1.87000000e+02	3.14778625e+04
1.88000000e+02	3.26624103e+04
1.89000000e+02	3.38888015e+04
1.90000000e+02	3.51583535e+04
1.91000000e+02	3.64724167e+04
1.92000000e+02	3.78323744e+04
1.93000000e+02	3.92396433e+04
1.94000000e+02	4.06956735e+04
1.95000000e+02	4.22019492e+04
1.96000000e+02	4.37599886e+04
1.97000000e+02	4.53713446e+04
1.98000000e+02	4.70376045e+04
1.99000000e+02	4.87603902e+04
2.00000000e+02	5.05413590e+04
2.01000000e+02	5.23822027e+04
2.02000000e+02	5.42846486e+04
2.03000000e+02	5.62504590e+04
2.04000000e+02	5.82814313e+04
2.05000000e+02	6.03793983e+04
2.06000000e+02	6.25462277e+04
2.07000000e+02	6.47838223e+04
2.08000000e+02	6.70941197e+04
2.09000000e+02	6.94790920e+04
2.10000000e+02	7.19407461e+04
2.11000000e+02	7.44811229e+04
2.12000000e+02	7.71022971e+04
2.13000000e+02	7.98063772e+04
2.14000000e+02	8.25955045e+04
2.15000000e+02	8.54718533e+04
2.16000000e+02	8.84376298e+04
2.17000000e+02	9.14950721e+04
2.18000000e+02	9.46464492e+04
2.19000000e+02	9.78940607e+04
2.20000000e+02	1.01240236e+05
2.21000000e+02	1.04687333e+05
2.22000000e+02	1.08237738e+05
2.23000000e+02	1.11893866e+05
2.24000000e+02	1.15658156e+05
2.25000000e+02	1.19533076e+05
2.26000000e+02	1.23521114e+05
2.27000000e+02	1.27624787e+05
2.28000000e+02	1.31846630e+05
2.29000000e+02	1.36189201e+05
2.30000000e+02	1.40655080e+05
2.31000000e+02	1.45246863e+05
2.32000000e+02	1.49967166e+05
2.33000000e+02	1.54818621e+05
2.34000000e+02	1.59803873e+05
2.35000000e+02	1.64925585e+05
2.36000000e+02	1.70186429e+05
2.37000000e+02	1.75589088e+05
2.38000000e+02	1.81136257e+05
2.39000000e+02	1.86830636e+05
2.40000000e+02	1.92674934e+05
2.41000000e+02	1.98671862e+05
2.42000000e+02	2.04824138e+05
2.43000000e+02	2.11134477e+05
2.44000000e+02	2.17605598e+05
2.45000000e+02	2.24240216e+05
2.46000000e+02	2.31041044e+05
2.47000000e+02	2.38010789e+05
2.48000000e+02	2.45152153e+05
2.49000000e+02	2.52467827e+05
2.50000000e+02	2.59960495e+05
2.51000000e+02	2.67632828e+05
2.52000000e+02	2.75487483e+05
2.53000000e+02	2.83527104e+05
2.54000000e+02	2.91754315e+05
2.55000000e+02	3.00171726e+05
2.56000000e+02	3.08781924e+05
2.57000000e+02	3.17587477e+05
2.58000000e+02	3.26590927e+05
2.59000000e+02	3.35794796e+05
2.60000000e+02	3.45201575e+05
2.61000000e+02	3.54813733e+05
2.62000000e+02	3.64633705e+05
2.63000000e+02	3.74663901e+05
2.64000000e+02	3.84906697e+05
2.65000000e+02	3.95364436e+05
2.66000000e+02	4.06039428e+05
2.67000000e+02	4.16933950e+05
2.68000000e+02	4.28050241e+05
2.69000000e+02	4.39390505e+05
2.70000000e+02	4.50956906e+05
2.71000000e+02	4.62751573e+05
2.72000000e+02	4.74776593e+05
2.73000000e+02	4.87034014e+05
2.74000000e+02	4.99525844e+05
2.75000000e+02	5.12254052e+05
2.76000000e+02	5.25220563e+05
2.77000000e+02	5.38427261e+05
2.78000000e+02	5.51875991e+05
2.79000000e+02	5.65568555e+05
2.80000000e+02	5.79506712e+05
2.81000000e+02	5.93692182e+05
2.82000000e+02	6.08126641e+05
2.83000000e+02	6.22811728e+05
2.84000000e+02	6.37749038e+05
2.85000000e+02	6.52940129e+05
2.86000000e+02	6.68386519e+05
2.87000000e+02	6.84089685e+05
2.88000000e+02	7.00051072e+05
2.89000000e+02	7.16272085e+05
2.90000000e+02	7.32754094e+05
2.91000000e+02	7.49498435e+05
2.92000000e+02	7.66506414e+05
2.93000000e+02	7.83779302e+05
2.94000000e+02	8.01318344e+05
2.95000000e+02	8.19124754e+05
2.96000000e+02	8.37199723e+05
2.97000000e+02	8.55544415e+05
2.98000000e+02	8.74159973e+05
2.99000000e+02	8.93047522e+05
3.00000000e+02	9.12208166e+05
3.01000000e+02	9.31642994e+05
3.02000000e+02	9.51353085e+05
3.03000000e+02	9.71339505e+05
3.04000000e+02	9.91603311e+05
3.05000000e+02	1.01214556e+06
3.06000000e+02	1.03296729e+06
3.07000000e+02	1.05406957e+06
3.08000000e+02	1.07545344e+06
3.09000000e+02	1.09711997e+06
3.10000000e+02	1.11907023e+06
3.11000000e+02	1.14130529e+06
3.12000000e+02	1.16382626e+06
3.13000000e+02	1.18663425e+06
3.14000000e+02	1.20973040e+06
3.15000000e+02	1.23311588e+06
3.16000000e+02	1.25679188e+06
3.17000000e+02	1.28075963e+06
3.18000000e+02	1.30502039e+06
3.19000000e+02	1.32957546e+06
3.20000000e+02	1.35442618e+06
3.21000000e+02	1.37957395e+06
3.22000000e+02	1.40502021e+06
3.23000000e+02	1.43076645e+06
3.24000000e+02	1.45681422e+06
3.25000000e+02	1.48316513e+06
3.26000000e+02	1.50982087e+06
3.27000000e+02	1.53678318e+06
3.28000000e+02	1.56405387e+06
3.29000000e+02	1.59163483e+06
3.30000000e+02	1.61952804e+06
3.31000000e+02	1.64773554e+06
3.32000000e+02	1.67625947e+06
3.33000000e+02	1.70510205e+06
3.34000000e+02	1.73426561e+06
3.35000000e+02	1.76375255e+06
3.36000000e+02	1.79356538e+06
3.37000000e+02	1.82370672e+06
3.38000000e+02	1.85417929e+06
3.39000000e+02	1.88498590e+06
3.40000000e+02	1.91612949e+06
3.41000000e+02	1.94761312e+06
3.42000000e+02	1.97943994e+06
3.43000000e+02	2.01161325e+06
3.44000000e+02	2.04413644e+06
3.45000000e+02	2.07701305e+06
3.46000000e+02	2.11024673e+06
3.47000000e+02	2.14384128e+06
3.48000000e+02	2.17780060e+06
3.49000000e+02	2.21212875e+06
3.50000000e+02	2.24682991e+06
3.51000000e+02	2.28190841e+06
3.52000000e+02	2.31736871e+06
3.53000000e+02	2.35321541e+06
3.54000000e+02	2.38945325e+06
3.55000000e+02	2.42608712e+06
3.56000000e+02	2.46312205e+06
3.57000000e+02	2.50056322e+06
3.58000000e+02	2.53841595e+06
3.59000000e+02	2.57668571e+06
3.60000000e+02	2.61537811e+06
3.61000000e+02	2.65449892e+06
3.62000000e+02	2.69405405e+06
3.63000000e+02	2.73404956e+06
3.64000000e+02	2.77449165e+06
3.65000000e+02	2.81538667e+06
3.66000000e+02	2.85674113e+06
3.67000000e+02	2.89856165e+06
3.68000000e+02	2.94085502e+06
3.69000000e+02	2.98362817e+06
3.70000000e+02	3.02688816e+06
3.71000000e+02	3.07064218e+06
3.72000000e+02	3.11489757e+06
3.73000000e+02	3.15966180e+06
3.74000000e+02	3.20494244e+06
3.75000000e+02	3.25074722e+06
3.76000000e+02	3.29708396e+06
3.77000000e+02	3.34396060e+06
3.78000000e+02	3.39138520e+06
3.79000000e+02	3.43936591e+06
3.80000000e+02	3.48791098e+06
3.81000000e+02	3.53702873e+06
3.82000000e+02	3.58672759e+06
3.83000000e+02	3.63701605e+06
3.84000000e+02	3.68790264e+06
3.85000000e+02	3.73939596e+06
3.86000000e+02	3.79150466e+06
3.87000000e+02	3.84423741e+06
3.88000000e+02	3.89760287e+06
3.89000000e+02	3.95160975e+06
3.90000000e+02	4.00626670e+06
3.91000000e+02	4.06158237e+06
3.92000000e+02	4.11756535e+06
3.93000000e+02	4.17422418e+06
3.94000000e+02	4.23156731e+06
3.95000000e+02	4.28960307e+06
3.96000000e+02	4.34833969e+06
3.97000000e+02	4.40778523e+06
3.98000000e+02	4.46794759e+06
3.99000000e+02	4.52883446e+06
4.00000000e+02	4.59045331e+06
4.01000000e+02	4.65281136e+06
4.02000000e+02	4.71591553e+06
4.03000000e+02	4.77977243e+06
4.04000000e+02	4.84438834e+06
4.05000000e+02	4.90976912e+06
4.06000000e+02	4.97592023e+06
4.07000000e+02	5.04284669e+06
4.08000000e+02	5.11055299e+06
4.09000000e+02	5.17904310e+06
4.10000000e+02	5.24832044e+06
4.11000000e+02	5.31838778e+06
4.12000000e+02	5.38924724e+06
4.13000000e+02	5.46090025e+06
4.14000000e+02	5.53334748e+06
4.15000000e+02	5.60658881e+06
4.16000000e+02	5.68062328e+06
4.17000000e+02	5.75544905e+06
4.18000000e+02	5.83106334e+06
4.19000000e+02	5.90746240e+06
4.20000000e+02	5.98464147e+06
4.21000000e+02	6.06259470e+06
4.22000000e+02	6.14131512e+06
4.23000000e+02	6.22079462e+06
4.24000000e+02	6.30102388e+06
4.25000000e+02	6.38199234e+06
4.26000000e+02	6.46368812e+06
4.27000000e+02	6.54609804e+06
4.28000000e+02	6.62920755e+06
4.29000000e+02	6.71300069e+06
4.30000000e+02	6.79746006e+06
4.31000000e+02	6.88256677e+06
4.32000000e+02	6.96830046e+06
4.33000000e+02	7.05463920e+06
4.34000000e+02	7.14155951e+06
4.35000000e+02	7.22903632e+06
4.36000000e+02	7.31704297e+06
4.37000000e+02	7.40555113e+06
4.38000000e+02	7.49453084e+06
4.39000000e+02	7.58395048e+06
4.40000000e+02	7.67377670e+06
4.41000000e+02	7.76397450e+06
4.42000000e+02	7.85450713e+06
4.43000000e+02	7.94533611e+06
4.44000000e+02	8.03642121e+06
4.45000000e+02	8.12772046e+06
4.46000000e+02	8.21919006e+06
4.47000000e+02	8.31078447e+06
4.48000000e+02	8.40245629e+06
4.49000000e+02	8.49415629e+06
4.50000000e+02	8.58583336e+06
4.51000000e+02	8.67743451e+06
4.52000000e+02	8.76890478e+06
4.53000000e+02	8.86018726e+06
4.54000000e+02	8.95122297e+06
4.55000000e+02	9.04195088e+06
4.56000000e+02	9.13230779e+06
4.57000000e+02	9.22222828e+06
4.58000000e+02	9.31164463e+06
4.59000000e+02	9.40048672e+06
4.60000000e+02	9.48868196e+06
4.61000000e+02	9.57615515e+06
4.62000000e+02	9.66282840e+06
4.63000000e+02	9.74862097e+06
4.64000000e+02	9.83344918e+06
4.65000000e+02	9.91722624e+06
4.66000000e+02	9.99986216e+06
4.67000000e+02	1.00812636e+07
4.68000000e+02	1.01613335e+07
4.69000000e+02	1.02399716e+07
4.70000000e+02	1.03170734e+07
4.71000000e+02	1.03925306e+07
4.72000000e+02	1.04662312e+07
4.73000000e+02	1.05380588e+07
4.74000000e+02	1.06078928e+07
4.75000000e+02	1.06756086e+07
4.76000000e+02	1.07410772e+07
4.77000000e+02	1.08041656e+07
4.78000000e+02	1.08647364e+07
4.79000000e+02	1.09226486e+07
4.80000000e+02	1.09777570e+07
4.81000000e+02	1.10299132e+07
4.82000000e+02	1.10789655e+07
4.83000000e+02	1.11247590e+07
4.84000000e+02	1.11671370e+07
4.85000000e+02	1.12059406e+07
4.86000000e+02	1.12410096e+07
4.87000000e+02	1.12721836e+07
4.88000000e+02	1.12993023e+07
4.89000000e+02	1.13222065e+07
4.90000000e+02	1.13407391e+07
4.91000000e+02	1.13547460e+07
4.92000000e+02	1.13640771e+07
4.93000000e+02	1.13685878e+07
4.94000000e+02	1.13681395e+07
4.95000000e+02	1.13626009e+07
4.96000000e+02	1.13518496e+07
4.97000000e+02	1.13357726e+07
4.98000000e+02	1.13142676e+07
4.99000000e+02	1.12872442e+07
5.00000000e+02	1.12546247e+07
5.01000000e+02	1.12163448e+07
5.02000000e+02	1.11723547e+07
5.03000000e+02	1.11226194e+07
5.04000000e+02	1.10671196e+07
5.05000000e+02	1.10058516e+07
5.06000000e+02	1.09388279e+07
5.07000000e+02	1.08660774e+07
5.08000000e+02	1.07876448e+07
5.09000000e+02	1.07035908e+07
5.10000000e+02	1.06139918e+07
5.11000000e+02	1.05189392e+07
5.12000000e+02	1.04185389e+07
5.13000000e+02	1.03129107e+07
5.14000000e+02	1.02021872e+07
5.15000000e+02	1.00865134e+07
5.16000000e+02	9.96604535e+06
5.17000000e+02	9.84094929e+06
5.18000000e+02	9.71140081e+06
5.19000000e+02	9.57758364e+06
5.20000000e+02	9.43968870e+06
5.21000000e+02	9.29791313e+06
5.22000000e+02	9.15245925e+06
5.23000000e+02	9.00353368e+06
5.24000000e+02	8.85134646e+06
5.25000000e+02	8.69611018e+06
5.26000000e+02	8.53803924e+06
5.27000000e+02	8.37734915e+06
5.28000000e+02	8.21425590e+06
5.29000000e+02	8.04897541e+06
5.30000000e+02	7.88172303e+06
5.31000000e+02	7.71271312e+06
5.32000000e+02	7.54215875e+06
5.33000000e+02	7.37027135e+06
5.34000000e+02	7.19726054e+06
5.35000000e+02	7.02333393e+06
5.36000000e+02	6.84869705e+06
5.37000000e+02	6.67355323e+06
5.38000000e+02	6.49810359e+06
5.39000000e+02	6.32254701e+06
5.40000000e+02	6.14708019e+06
5.41000000e+02	5.97189763e+06
5.42000000e+02	5.79719166e+06
5.43000000e+02	5.62315249e+06
5.44000000e+02	5.44996821e+06
5.45000000e+02	5.27782476e+06
5.46000000e+02	5.10690591e+06
5.47000000e+02	4.93739317e+06
5.48000000e+02	4.76946566e+06
5.49000000e+02	4.60329994e+06
5.50000000e+02	4.43906974e+06
5.51000000e+02	4.27694573e+06
5.52000000e+02	4.11709509e+06
5.53000000e+02	3.95968114e+06
5.54000000e+02	3.80486283e+06
5.55000000e+02	3.65279417e+06
5.56000000e+02	3.50362367e+06
5.57000000e+02	3.35749364e+06
5.58000000e+02	3.21453954e+06
5.59000000e+02	3.07488922e+06
5.60000000e+02	2.93866220e+06
5.61000000e+02	2.80596890e+06
5.62000000e+02	2.67690996e+06
5.63000000e+02	2.55157548e+06
5.64000000e+02	2.43004437e+06
5.65000000e+02	2.31238378e+06
5.66000000e+02	2.19864859e+06
5.67000000e+02	2.08888091e+06
5.68000000e+02	1.98310986e+06
5.69000000e+02	1.88135129e+06
5.70000000e+02	1.78360774e+06
5.71000000e+02	1.68986849e+06
5.72000000e+02	1.60010976e+06
5.73000000e+02	1.51429499e+06
5.74000000e+02	1.43237539e+06
5.75000000e+02	1.35429044e+06
5.76000000e+02	1.27996861e+06
5.77000000e+02	1.20932819e+06
5.78000000e+02	1.14227815e+06
5.79000000e+02	1.07871911e+06
5.80000000e+02	1.01854436e+06
5.81000000e+02	9.61640921e+05
5.82000000e+02	9.07890617e+05
5.83000000e+02	8.57171137e+05
5.84000000e+02	8.09357112e+05
5.85000000e+02	7.64321134e+05
5.86000000e+02	7.21934748e+05
5.87000000e+02	6.82069372e+05
5.88000000e+02	6.44597166e+05
5.89000000e+02	6.09391813e+05
5.90000000e+02	5.76329228e+05
5.91000000e+02	5.45288180e+05
5.92000000e+02	5.16150831e+05
5.93000000e+02	4.88803188e+05
5.94000000e+02	4.63135474e+05
5.95000000e+02	4.39042420e+05
5.96000000e+02	4.16423476e+05
5.97000000e+02	3.95182961e+05
5.98000000e+02	3.75230137e+05
5.99000000e+02	3.56479241e+05
6.00000000e+02	3.38849455e+05
6.01000000e+02	3.22264830e+05
6.02000000e+02	3.06654186e+05
6.03000000e+02	2.91950958e+05
6.04000000e+02	2.78093052e+05
6.05000000e+02	2.65022628e+05
6.06000000e+02	2.52685932e+05
6.07000000e+02	2.41033068e+05
6.08000000e+02	2.30017779e+05
6.09000000e+02	2.19597247e+05
6.10000000e+02	2.09731857e+05
6.11000000e+02	2.00384995e+05
6.12000000e+02	1.91522832e+05
6.13000000e+02	1.83114128e+05
6.14000000e+02	1.75130035e+05
6.15000000e+02	1.67543915e+05
6.16000000e+02	1.60331166e+05
6.17000000e+02	1.53469056e+05
6.18000000e+02	1.46936575e+05
6.19000000e+02	1.40714287e+05
6.20000000e+02	1.34784202e+05
6.21000000e+02	1.29129650e+05
6.22000000e+02	1.23735172e+05
6.23000000e+02	1.18586413e+05
6.24000000e+02	1.13670030e+05
6.25000000e+02	1.08973604e+05
6.26000000e+02	1.04485560e+05
6.27000000e+02	1.00195098e+05
6.28000000e+02	9.60921250e+04
6.29000000e+02	9.21671967e+04
6.30000000e+02	8.84114632e+04
6.31000000e+02	8.48166210e+04
6.32000000e+02	8.13748680e+04
6.33000000e+02	7.80788647e+04
6.34000000e+02	7.49216974e+04
6.35000000e+02	7.18968463e+04
6.36000000e+02	6.89981555e+04
6.37000000e+02	6.62198074e+04
6.38000000e+02	6.35562978e+04
6.39000000e+02	6.10024152e+04
6.40000000e+02	5.85532201e+04
6.41000000e+02	5.62040282e+04
6.42000000e+02	5.39503929e+04
6.43000000e+02	5.17880913e+04
6.44000000e+02	4.97131097e+04
6.45000000e+02	4.77216311e+04
6.46000000e+02	4.58100230e+04
6.47000000e+02	4.39748265e+04
6.48000000e+02	4.22127455e+04
6.49000000e+02	4.05206368e+04
6.50000000e+02	3.88955010e+04
6.51000000e+02	3.73344734e+04
6.52000000e+02	3.58348157e+04
6.53000000e+02	3.43939083e+04
6.54000000e+02	3.30092428e+04
6.55000000e+02	3.16784147e+04
6.56000000e+02	3.03991176e+04
6.57000000e+02	2.91691364e+04
6.58000000e+02	2.79863420e+04
6.59000000e+02	2.68486860e+04
6.60000000e+02	2.57541961e+04
6.61000000e+02	2.47009707e+04
6.62000000e+02	2.36871758e+04
6.63000000e+02	2.27110403e+04
6.64000000e+02	2.17708522e+04
6.65000000e+02	2.08649554e+04
6.66000000e+02	1.99917459e+04
6.67000000e+02	1.91496682e+04
6.68000000e+02	1.83372118e+04
6.69000000e+02	1.75529077e+04
6.70000000e+02	1.67953246e+04
6.71000000e+02	1.60630656e+04
6.72000000e+02	1.53547642e+04
6.73000000e+02	1.46690805e+04
6.74000000e+02	1.40046978e+04
6.75000000e+02	1.33603178e+04
6.76000000e+02	1.27346568e+04
6.77000000e+02	1.21264418e+04
6.78000000e+02	1.15344058e+04
6.79000000e+02	1.09572837e+04
6.80000000e+02	1.03938081e+04
6.81000000e+02	9.84270405e+03
6.82000000e+02	9.30268525e+03
6.83000000e+02	8.77244967e+03
6.84000000e+02	8.25067599e+03
6.85000000e+02	7.73602091e+03
6.86000000e+02	7.22711736e+03
6.87000000e+02	6.72257500e+03
6.88000000e+02	6.22098363e+03
6.89000000e+02	5.72092100e+03
6.90000000e+02	5.22096679e+03
6.91000000e+02	4.71972563e+03
6.92000000e+02	4.21586174e+03
6.93000000e+02	3.70815047e+03
6.94000000e+02	3.19555147e+03
6.95000000e+02	2.67732280e+03
6.96000000e+02	2.15381700e+03
6.97000000e+02	1.65775562e+03
6.98000000e+02	1.00653620e+03
6.99000000e+02	5.87871128e+02
7.00000000e+02	0.00000000e+00
