# Profil de ElecX au temps 1.700999999999984e-11 
# simu : /Volumes/MERCURE/JOBS/Zeq1_tanh_50mic_7p5e19_B0_20ps/GNU/ElecX@y-c.set
# col 0 : abscisse (um)
# col 1 : ElecX (V/m)
0.00000000e+00	0.00000000e+00
1.00000000e+00	6.12407847e+03
2.00000000e+00	7.79722220e+03
3.00000000e+00	1.14152204e+04
4.00000000e+00	1.65545466e+04
5.00000000e+00	2.05719935e+04
6.00000000e+00	2.46570664e+04
7.00000000e+00	2.87664039e+04
8.00000000e+00	3.28743508e+04
9.00000000e+00	3.69809162e+04
1.00000000e+01	4.10887999e+04
1.10000000e+01	4.51957254e+04
1.20000000e+01	4.93024828e+04
1.30000000e+01	5.34062385e+04
1.40000000e+01	5.75136570e+04
1.50000000e+01	6.16160986e+04
1.60000000e+01	6.57220800e+04
1.70000000e+01	6.98228363e+04
1.80000000e+01	7.39265772e+04
1.90000000e+01	7.80284277e+04
2.00000000e+01	8.21282311e+04
2.10000000e+01	8.62287966e+04
2.20000000e+01	9.03282973e+04
2.30000000e+01	9.44259883e+04
2.40000000e+01	9.85231618e+04
2.50000000e+01	1.02619620e+05
2.60000000e+01	1.06715059e+05
2.70000000e+01	1.10809002e+05
2.80000000e+01	1.14901760e+05
2.90000000e+01	1.18993841e+05
3.00000000e+01	1.23084602e+05
3.10000000e+01	1.27174624e+05
3.20000000e+01	1.31261990e+05
3.30000000e+01	1.35349336e+05
3.40000000e+01	1.39435034e+05
3.50000000e+01	1.43519534e+05
3.60000000e+01	1.47602671e+05
3.70000000e+01	1.51683598e+05
3.80000000e+01	1.55764072e+05
3.90000000e+01	1.59842811e+05
4.00000000e+01	1.63920117e+05
4.10000000e+01	1.67996028e+05
4.20000000e+01	1.72069709e+05
4.30000000e+01	1.76142662e+05
4.40000000e+01	1.80213656e+05
4.50000000e+01	1.84283209e+05
4.60000000e+01	1.88351478e+05
4.70000000e+01	1.92417167e+05
4.80000000e+01	1.96482081e+05
4.90000000e+01	2.00544959e+05
5.00000000e+01	2.04606319e+05
5.10000000e+01	2.08666035e+05
5.20000000e+01	2.12724172e+05
5.30000000e+01	2.16779998e+05
5.40000000e+01	2.20834599e+05
5.50000000e+01	2.24887449e+05
5.60000000e+01	2.28938530e+05
5.70000000e+01	2.32987980e+05
5.80000000e+01	2.37035785e+05
5.90000000e+01	2.41081091e+05
6.00000000e+01	2.45125426e+05
6.10000000e+01	2.49167753e+05
6.20000000e+01	2.53208501e+05
6.30000000e+01	2.57247293e+05
6.40000000e+01	2.61284757e+05
6.50000000e+01	2.65319755e+05
6.60000000e+01	2.69353634e+05
6.70000000e+01	2.73385680e+05
6.80000000e+01	2.77415915e+05
6.90000000e+01	2.81444631e+05
7.00000000e+01	2.85471579e+05
7.10000000e+01	2.89497135e+05
7.20000000e+01	2.93520212e+05
7.30000000e+01	2.97542508e+05
7.40000000e+01	3.01562871e+05
7.50000000e+01	3.05581749e+05
7.60000000e+01	3.09599008e+05
7.70000000e+01	3.13614770e+05
7.80000000e+01	3.17629093e+05
7.90000000e+01	3.21641459e+05
8.00000000e+01	3.25652951e+05
8.10000000e+01	3.29662740e+05
8.20000000e+01	3.33671189e+05
8.30000000e+01	3.37678306e+05
8.40000000e+01	3.41684095e+05
8.50000000e+01	3.45688833e+05
8.60000000e+01	3.49691717e+05
8.70000000e+01	3.53693773e+05
8.80000000e+01	3.57694823e+05
8.90000000e+01	3.61694491e+05
9.00000000e+01	3.65693271e+05
9.10000000e+01	3.69691047e+05
9.20000000e+01	3.73687554e+05
9.30000000e+01	3.77683706e+05
9.40000000e+01	3.81678464e+05
9.50000000e+01	3.85672603e+05
9.60000000e+01	3.89666009e+05
9.70000000e+01	3.93658776e+05
9.80000000e+01	3.97650890e+05
9.90000000e+01	4.01642467e+05
1.00000000e+02	4.05633544e+05
1.01000000e+02	4.09624245e+05
1.02000000e+02	4.13614370e+05
1.03000000e+02	4.17604806e+05
1.04000000e+02	4.21594108e+05
1.05000000e+02	4.25584141e+05
1.06000000e+02	4.29573610e+05
1.07000000e+02	4.33563321e+05
1.08000000e+02	4.37553283e+05
1.09000000e+02	4.41543031e+05
1.10000000e+02	4.45533582e+05
1.11000000e+02	4.49524152e+05
1.12000000e+02	4.53515199e+05
1.13000000e+02	4.57507104e+05
1.14000000e+02	4.61499380e+05
1.15000000e+02	4.65492506e+05
1.16000000e+02	4.69486599e+05
1.17000000e+02	4.73481546e+05
1.18000000e+02	4.77477454e+05
1.19000000e+02	4.81474813e+05
1.20000000e+02	4.85473371e+05
1.21000000e+02	4.89473096e+05
1.22000000e+02	4.93474636e+05
1.23000000e+02	4.97477816e+05
1.24000000e+02	5.01482596e+05
1.25000000e+02	5.05489238e+05
1.26000000e+02	5.09498070e+05
1.27000000e+02	5.13509049e+05
1.28000000e+02	5.17522152e+05
1.29000000e+02	5.21537675e+05
1.30000000e+02	5.25555797e+05
1.31000000e+02	5.29576725e+05
1.32000000e+02	5.33600314e+05
1.33000000e+02	5.37626961e+05
1.34000000e+02	5.41655361e+05
1.35000000e+02	5.45689413e+05
1.36000000e+02	5.49726337e+05
1.37000000e+02	5.53766456e+05
1.38000000e+02	5.57810362e+05
1.39000000e+02	5.61857946e+05
1.40000000e+02	5.65909973e+05
1.41000000e+02	5.69965941e+05
1.42000000e+02	5.74026505e+05
1.43000000e+02	5.78091803e+05
1.44000000e+02	5.82161573e+05
1.45000000e+02	5.86236637e+05
1.46000000e+02	5.90316684e+05
1.47000000e+02	5.94402085e+05
1.48000000e+02	5.98493271e+05
1.49000000e+02	6.02589772e+05
1.50000000e+02	6.06692657e+05
1.51000000e+02	6.10801533e+05
1.52000000e+02	6.14916688e+05
1.53000000e+02	6.19038790e+05
1.54000000e+02	6.23167317e+05
1.55000000e+02	6.27302972e+05
1.56000000e+02	6.31446053e+05
1.57000000e+02	6.35596380e+05
1.58000000e+02	6.39754643e+05
1.59000000e+02	6.43920983e+05
1.60000000e+02	6.48095012e+05
1.61000000e+02	6.52277958e+05
1.62000000e+02	6.56469553e+05
1.63000000e+02	6.60670266e+05
1.64000000e+02	6.64879703e+05
1.65000000e+02	6.69099117e+05
1.66000000e+02	6.73328232e+05
1.67000000e+02	6.77567301e+05
1.68000000e+02	6.81816768e+05
1.69000000e+02	6.86076804e+05
1.70000000e+02	6.90347786e+05
1.71000000e+02	6.94629963e+05
1.72000000e+02	6.98923808e+05
1.73000000e+02	7.03229206e+05
1.74000000e+02	7.07547020e+05
1.75000000e+02	7.11877077e+05
1.76000000e+02	7.16219992e+05
1.77000000e+02	7.20576107e+05
1.78000000e+02	7.24944889e+05
1.79000000e+02	7.29328928e+05
1.80000000e+02	7.33726362e+05
1.81000000e+02	7.38138310e+05
1.82000000e+02	7.42565060e+05
1.83000000e+02	7.47007032e+05
1.84000000e+02	7.51464512e+05
1.85000000e+02	7.55938188e+05
1.86000000e+02	7.60427838e+05
1.87000000e+02	7.64934591e+05
1.88000000e+02	7.69458194e+05
1.89000000e+02	7.73999420e+05
1.90000000e+02	7.78558703e+05
1.91000000e+02	7.83136122e+05
1.92000000e+02	7.87732411e+05
1.93000000e+02	7.92347965e+05
1.94000000e+02	7.96983131e+05
1.95000000e+02	8.01638234e+05
1.96000000e+02	8.06314017e+05
1.97000000e+02	8.11010746e+05
1.98000000e+02	8.15728971e+05
1.99000000e+02	8.20468964e+05
2.00000000e+02	8.25231526e+05
2.01000000e+02	8.30016904e+05
2.02000000e+02	8.34825661e+05
2.03000000e+02	8.39658297e+05
2.04000000e+02	8.44515200e+05
2.05000000e+02	8.49397105e+05
2.06000000e+02	8.54304387e+05
2.07000000e+02	8.59237558e+05
2.08000000e+02	8.64197192e+05
2.09000000e+02	8.69183918e+05
2.10000000e+02	8.74198109e+05
2.11000000e+02	8.79240227e+05
2.12000000e+02	8.84311229e+05
2.13000000e+02	8.89411313e+05
2.14000000e+02	8.94541492e+05
2.15000000e+02	8.99701942e+05
2.16000000e+02	9.04893444e+05
2.17000000e+02	9.10116230e+05
2.18000000e+02	9.15371458e+05
2.19000000e+02	9.20659628e+05
2.20000000e+02	9.25980818e+05
2.21000000e+02	9.31336384e+05
2.22000000e+02	9.36726731e+05
2.23000000e+02	9.42152050e+05
2.24000000e+02	9.47613761e+05
2.25000000e+02	9.53112203e+05
2.26000000e+02	9.58647902e+05
2.27000000e+02	9.64221791e+05
2.28000000e+02	9.69834399e+05
2.29000000e+02	9.75486476e+05
2.30000000e+02	9.81178578e+05
2.31000000e+02	9.86911642e+05
2.32000000e+02	9.92686271e+05
2.33000000e+02	9.98503131e+05
2.34000000e+02	1.00436317e+06
2.35000000e+02	1.01026690e+06
2.36000000e+02	1.01621510e+06
2.37000000e+02	1.02220868e+06
2.38000000e+02	1.02824821e+06
2.39000000e+02	1.03433468e+06
2.40000000e+02	1.04046870e+06
2.41000000e+02	1.04665119e+06
2.42000000e+02	1.05288284e+06
2.43000000e+02	1.05916459e+06
2.44000000e+02	1.06549711e+06
2.45000000e+02	1.07188126e+06
2.46000000e+02	1.07831791e+06
2.47000000e+02	1.08480790e+06
2.48000000e+02	1.09135202e+06
2.49000000e+02	1.09795117e+06
2.50000000e+02	1.10460624e+06
2.51000000e+02	1.11131808e+06
2.52000000e+02	1.11808753e+06
2.53000000e+02	1.12491551e+06
2.54000000e+02	1.13180290e+06
2.55000000e+02	1.13875064e+06
2.56000000e+02	1.14575960e+06
2.57000000e+02	1.15283070e+06
2.58000000e+02	1.15996491e+06
2.59000000e+02	1.16716310e+06
2.60000000e+02	1.17442626e+06
2.61000000e+02	1.18175534e+06
2.62000000e+02	1.18915127e+06
2.63000000e+02	1.19661502e+06
2.64000000e+02	1.20414759e+06
2.65000000e+02	1.21174994e+06
2.66000000e+02	1.21942308e+06
2.67000000e+02	1.22716799e+06
2.68000000e+02	1.23498569e+06
2.69000000e+02	1.24287718e+06
2.70000000e+02	1.25084348e+06
2.71000000e+02	1.25888563e+06
2.72000000e+02	1.26700466e+06
2.73000000e+02	1.27520162e+06
2.74000000e+02	1.28347755e+06
2.75000000e+02	1.29183353e+06
2.76000000e+02	1.30027062e+06
2.77000000e+02	1.30878990e+06
2.78000000e+02	1.31739245e+06
2.79000000e+02	1.32607936e+06
2.80000000e+02	1.33485174e+06
2.81000000e+02	1.34371069e+06
2.82000000e+02	1.35265734e+06
2.83000000e+02	1.36169280e+06
2.84000000e+02	1.37081821e+06
2.85000000e+02	1.38003471e+06
2.86000000e+02	1.38934345e+06
2.87000000e+02	1.39874559e+06
2.88000000e+02	1.40824229e+06
2.89000000e+02	1.41783473e+06
2.90000000e+02	1.42752410e+06
2.91000000e+02	1.43731158e+06
2.92000000e+02	1.44719836e+06
2.93000000e+02	1.45718567e+06
2.94000000e+02	1.46727471e+06
2.95000000e+02	1.47746670e+06
2.96000000e+02	1.48776288e+06
2.97000000e+02	1.49816448e+06
2.98000000e+02	1.50867276e+06
2.99000000e+02	1.51928896e+06
3.00000000e+02	1.53001435e+06
3.01000000e+02	1.54085020e+06
3.02000000e+02	1.55179780e+06
3.03000000e+02	1.56285842e+06
3.04000000e+02	1.57403337e+06
3.05000000e+02	1.58532396e+06
3.06000000e+02	1.59673149e+06
3.07000000e+02	1.60825729e+06
3.08000000e+02	1.61990268e+06
3.09000000e+02	1.63166899e+06
3.10000000e+02	1.64355758e+06
3.11000000e+02	1.65556979e+06
3.12000000e+02	1.66770698e+06
3.13000000e+02	1.67997051e+06
3.14000000e+02	1.69236177e+06
3.15000000e+02	1.70488212e+06
3.16000000e+02	1.71753295e+06
3.17000000e+02	1.73031567e+06
3.18000000e+02	1.74323167e+06
3.19000000e+02	1.75628236e+06
3.20000000e+02	1.76946915e+06
3.21000000e+02	1.78279345e+06
3.22000000e+02	1.79625671e+06
3.23000000e+02	1.80986034e+06
3.24000000e+02	1.82360578e+06
3.25000000e+02	1.83749448e+06
3.26000000e+02	1.85152788e+06
3.27000000e+02	1.86570742e+06
3.28000000e+02	1.88003457e+06
3.29000000e+02	1.89451079e+06
3.30000000e+02	1.90913752e+06
3.31000000e+02	1.92391625e+06
3.32000000e+02	1.93884843e+06
3.33000000e+02	1.95393553e+06
3.34000000e+02	1.96917903e+06
3.35000000e+02	1.98458039e+06
3.36000000e+02	2.00014109e+06
3.37000000e+02	2.01586261e+06
3.38000000e+02	2.03174640e+06
3.39000000e+02	2.04779395e+06
3.40000000e+02	2.06400672e+06
3.41000000e+02	2.08038618e+06
3.42000000e+02	2.09693380e+06
3.43000000e+02	2.11365103e+06
3.44000000e+02	2.13053933e+06
3.45000000e+02	2.14760015e+06
3.46000000e+02	2.16483493e+06
3.47000000e+02	2.18224513e+06
3.48000000e+02	2.19983216e+06
3.49000000e+02	2.21759745e+06
3.50000000e+02	2.23554242e+06
3.51000000e+02	2.25366847e+06
3.52000000e+02	2.27197699e+06
3.53000000e+02	2.29046937e+06
3.54000000e+02	2.30914696e+06
3.55000000e+02	2.32801113e+06
3.56000000e+02	2.34706322e+06
3.57000000e+02	2.36630454e+06
3.58000000e+02	2.38573641e+06
3.59000000e+02	2.40536010e+06
3.60000000e+02	2.42517689e+06
3.61000000e+02	2.44518802e+06
3.62000000e+02	2.46539471e+06
3.63000000e+02	2.48579818e+06
3.64000000e+02	2.50639958e+06
3.65000000e+02	2.52720009e+06
3.66000000e+02	2.54820081e+06
3.67000000e+02	2.56940285e+06
3.68000000e+02	2.59080728e+06
3.69000000e+02	2.61241512e+06
3.70000000e+02	2.63422739e+06
3.71000000e+02	2.65624505e+06
3.72000000e+02	2.67846904e+06
3.73000000e+02	2.70090026e+06
3.74000000e+02	2.72353956e+06
3.75000000e+02	2.74638777e+06
3.76000000e+02	2.76944568e+06
3.77000000e+02	2.79271401e+06
3.78000000e+02	2.81619346e+06
3.79000000e+02	2.83988468e+06
3.80000000e+02	2.86378827e+06
3.81000000e+02	2.88790479e+06
3.82000000e+02	2.91223474e+06
3.83000000e+02	2.93677857e+06
3.84000000e+02	2.96153667e+06
3.85000000e+02	2.98650940e+06
3.86000000e+02	3.01169705e+06
3.87000000e+02	3.03709983e+06
3.88000000e+02	3.06271793e+06
3.89000000e+02	3.08855146e+06
3.90000000e+02	3.11460047e+06
3.91000000e+02	3.14086493e+06
3.92000000e+02	3.16734478e+06
3.93000000e+02	3.19403987e+06
3.94000000e+02	3.22094999e+06
3.95000000e+02	3.24807486e+06
3.96000000e+02	3.27541413e+06
3.97000000e+02	3.30296739e+06
3.98000000e+02	3.33073413e+06
3.99000000e+02	3.35871380e+06
4.00000000e+02	3.38690575e+06
4.01000000e+02	3.41530928e+06
4.02000000e+02	3.44392359e+06
4.03000000e+02	3.47274782e+06
4.04000000e+02	3.50178102e+06
4.05000000e+02	3.53102217e+06
4.06000000e+02	3.56047018e+06
4.07000000e+02	3.59012385e+06
4.08000000e+02	3.61998194e+06
4.09000000e+02	3.65004311e+06
4.10000000e+02	3.68030592e+06
4.11000000e+02	3.71076889e+06
4.12000000e+02	3.74143042e+06
4.13000000e+02	3.77228887e+06
4.14000000e+02	3.80334247e+06
4.15000000e+02	3.83458942e+06
4.16000000e+02	3.86602780e+06
4.17000000e+02	3.89765563e+06
4.18000000e+02	3.92947085e+06
4.19000000e+02	3.96147130e+06
4.20000000e+02	3.99365477e+06
4.21000000e+02	4.02601896e+06
4.22000000e+02	4.05856149e+06
4.23000000e+02	4.09127991e+06
4.24000000e+02	4.12417168e+06
4.25000000e+02	4.15723420e+06
4.26000000e+02	4.19046479e+06
4.27000000e+02	4.22386070e+06
4.28000000e+02	4.25741912e+06
4.29000000e+02	4.29113714e+06
4.30000000e+02	4.32501181e+06
4.31000000e+02	4.35904010e+06
4.32000000e+02	4.39321891e+06
4.33000000e+02	4.42754508e+06
4.34000000e+02	4.46201539e+06
4.35000000e+02	4.49662654e+06
4.36000000e+02	4.53137520e+06
4.37000000e+02	4.56625794e+06
4.38000000e+02	4.60127130e+06
4.39000000e+02	4.63641175e+06
4.40000000e+02	4.67167569e+06
4.41000000e+02	4.70705948e+06
4.42000000e+02	4.74255941e+06
4.43000000e+02	4.77817173e+06
4.44000000e+02	4.81389260e+06
4.45000000e+02	4.84971815e+06
4.46000000e+02	4.88564443e+06
4.47000000e+02	4.92166746e+06
4.48000000e+02	4.95778317e+06
4.49000000e+02	4.99398743e+06
4.50000000e+02	5.03027607e+06
4.51000000e+02	5.06664481e+06
4.52000000e+02	5.10308933e+06
4.53000000e+02	5.13960524e+06
4.54000000e+02	5.17618805e+06
4.55000000e+02	5.21283319e+06
4.56000000e+02	5.24953601e+06
4.57000000e+02	5.28629178e+06
4.58000000e+02	5.32309563e+06
4.59000000e+02	5.35994262e+06
4.60000000e+02	5.39682768e+06
4.61000000e+02	5.43374560e+06
4.62000000e+02	5.47069107e+06
4.63000000e+02	5.50765860e+06
4.64000000e+02	5.54464257e+06
4.65000000e+02	5.58163718e+06
4.66000000e+02	5.61863646e+06
4.67000000e+02	5.65563423e+06
4.68000000e+02	5.69262414e+06
4.69000000e+02	5.72959956e+06
4.70000000e+02	5.76655368e+06
4.71000000e+02	5.80347939e+06
4.72000000e+02	5.84036933e+06
4.73000000e+02	5.87721583e+06
4.74000000e+02	5.91401094e+06
4.75000000e+02	5.95074633e+06
4.76000000e+02	5.98741336e+06
4.77000000e+02	6.02400299e+06
4.78000000e+02	6.06050579e+06
4.79000000e+02	6.09691190e+06
4.80000000e+02	6.13321103e+06
4.81000000e+02	6.16939241e+06
4.82000000e+02	6.20544477e+06
4.83000000e+02	6.24135632e+06
4.84000000e+02	6.27711475e+06
4.85000000e+02	6.31270713e+06
4.86000000e+02	6.34811998e+06
4.87000000e+02	6.38333917e+06
4.88000000e+02	6.41834992e+06
4.89000000e+02	6.45313679e+06
4.90000000e+02	6.48768361e+06
4.91000000e+02	6.52197353e+06
4.92000000e+02	6.55598891e+06
4.93000000e+02	6.58971135e+06
4.94000000e+02	6.62312168e+06
4.95000000e+02	6.65619987e+06
4.96000000e+02	6.68892511e+06
4.97000000e+02	6.72127569e+06
4.98000000e+02	6.75322908e+06
4.99000000e+02	6.78476184e+06
5.00000000e+02	6.81584965e+06
5.01000000e+02	6.84646731e+06
5.02000000e+02	6.87658869e+06
5.03000000e+02	6.90618680e+06
5.04000000e+02	6.93523372e+06
5.05000000e+02	6.96370065e+06
5.06000000e+02	6.99155790e+06
5.07000000e+02	7.01877494e+06
5.08000000e+02	7.04532036e+06
5.09000000e+02	7.07116197e+06
5.10000000e+02	7.09626675e+06
5.11000000e+02	7.12060096e+06
5.12000000e+02	7.14413014e+06
5.13000000e+02	7.16681918e+06
5.14000000e+02	7.18863234e+06
5.15000000e+02	7.20953336e+06
5.16000000e+02	7.22948550e+06
5.17000000e+02	7.24845162e+06
5.18000000e+02	7.26639426e+06
5.19000000e+02	7.28327576e+06
5.20000000e+02	7.29905829e+06
5.21000000e+02	7.31370403e+06
5.22000000e+02	7.32717522e+06
5.23000000e+02	7.33943434e+06
5.24000000e+02	7.35044416e+06
5.25000000e+02	7.36016792e+06
5.26000000e+02	7.36856947e+06
5.27000000e+02	7.37561337e+06
5.28000000e+02	7.38126508e+06
5.29000000e+02	7.38549105e+06
5.30000000e+02	7.38825896e+06
5.31000000e+02	7.38953778e+06
5.32000000e+02	7.38929799e+06
5.33000000e+02	7.38751170e+06
5.34000000e+02	7.38415282e+06
5.35000000e+02	7.37919721e+06
5.36000000e+02	7.37262282e+06
5.37000000e+02	7.36440984e+06
5.38000000e+02	7.35454086e+06
5.39000000e+02	7.34300094e+06
5.40000000e+02	7.32977781e+06
5.41000000e+02	7.31486191e+06
5.42000000e+02	7.29824656e+06
5.43000000e+02	7.27992799e+06
5.44000000e+02	7.25990545e+06
5.45000000e+02	7.23818128e+06
5.46000000e+02	7.21476093e+06
5.47000000e+02	7.18965301e+06
5.48000000e+02	7.16286930e+06
5.49000000e+02	7.13442474e+06
5.50000000e+02	7.10433743e+06
5.51000000e+02	7.07262858e+06
5.52000000e+02	7.03932246e+06
5.53000000e+02	7.00444634e+06
5.54000000e+02	6.96803036e+06
5.55000000e+02	6.93010750e+06
5.56000000e+02	6.89071338e+06
5.57000000e+02	6.84988620e+06
5.58000000e+02	6.80766653e+06
5.59000000e+02	6.76409721e+06
5.60000000e+02	6.71922312e+06
5.61000000e+02	6.67309104e+06
5.62000000e+02	6.62574947e+06
5.63000000e+02	6.57724841e+06
5.64000000e+02	6.52763915e+06
5.65000000e+02	6.47697413e+06
5.66000000e+02	6.42530665e+06
5.67000000e+02	6.37269075e+06
5.68000000e+02	6.31918095e+06
5.69000000e+02	6.26483207e+06
5.70000000e+02	6.20969905e+06
5.71000000e+02	6.15383674e+06
5.72000000e+02	6.09729972e+06
5.73000000e+02	6.04014213e+06
5.74000000e+02	5.98241752e+06
5.75000000e+02	5.92417866e+06
5.76000000e+02	5.86547742e+06
5.77000000e+02	5.80636463e+06
5.78000000e+02	5.74688994e+06
5.79000000e+02	5.68710175e+06
5.80000000e+02	5.62704704e+06
5.81000000e+02	5.56677135e+06
5.82000000e+02	5.50631867e+06
5.83000000e+02	5.44573135e+06
5.84000000e+02	5.38505010e+06
5.85000000e+02	5.32431392e+06
5.86000000e+02	5.26356003e+06
5.87000000e+02	5.20282390e+06
5.88000000e+02	5.14213923e+06
5.89000000e+02	5.08153790e+06
5.90000000e+02	5.02105001e+06
5.91000000e+02	4.96070389e+06
5.92000000e+02	4.90052610e+06
5.93000000e+02	4.84054145e+06
5.94000000e+02	4.78077306e+06
5.95000000e+02	4.72124236e+06
5.96000000e+02	4.66196914e+06
5.97000000e+02	4.60297162e+06
5.98000000e+02	4.54426644e+06
5.99000000e+02	4.48586876e+06
6.00000000e+02	4.42779230e+06
6.01000000e+02	4.37004936e+06
6.02000000e+02	4.31265094e+06
6.03000000e+02	4.25560671e+06
6.04000000e+02	4.19892515e+06
6.05000000e+02	4.14261356e+06
6.06000000e+02	4.08667812e+06
6.07000000e+02	4.03112396e+06
6.08000000e+02	3.97595521e+06
6.09000000e+02	3.92117505e+06
6.10000000e+02	3.86678578e+06
6.11000000e+02	3.81278884e+06
6.12000000e+02	3.75918493e+06
6.13000000e+02	3.70597396e+06
6.14000000e+02	3.65315519e+06
6.15000000e+02	3.60072723e+06
6.16000000e+02	3.54868809e+06
6.17000000e+02	3.49703523e+06
6.18000000e+02	3.44576562e+06
6.19000000e+02	3.39487573e+06
6.20000000e+02	3.34436162e+06
6.21000000e+02	3.29421898e+06
6.22000000e+02	3.24444310e+06
6.23000000e+02	3.19502897e+06
6.24000000e+02	3.14597130e+06
6.25000000e+02	3.09726451e+06
6.26000000e+02	3.04890281e+06
6.27000000e+02	3.00088019e+06
6.28000000e+02	2.95319045e+06
6.29000000e+02	2.90582725e+06
6.30000000e+02	2.85878411e+06
6.31000000e+02	2.81205444e+06
6.32000000e+02	2.76563152e+06
6.33000000e+02	2.71950863e+06
6.34000000e+02	2.67367889e+06
6.35000000e+02	2.62813544e+06
6.36000000e+02	2.58287135e+06
6.37000000e+02	2.53787968e+06
6.38000000e+02	2.49315351e+06
6.39000000e+02	2.44868598e+06
6.40000000e+02	2.40447021e+06
6.41000000e+02	2.36049930e+06
6.42000000e+02	2.31676634e+06
6.43000000e+02	2.27326445e+06
6.44000000e+02	2.22998688e+06
6.45000000e+02	2.18692714e+06
6.46000000e+02	2.14407889e+06
6.47000000e+02	2.10143569e+06
6.48000000e+02	2.05899093e+06
6.49000000e+02	2.01673786e+06
6.50000000e+02	1.97466991e+06
6.51000000e+02	1.93278094e+06
6.52000000e+02	1.89106518e+06
6.53000000e+02	1.84951705e+06
6.54000000e+02	1.80813078e+06
6.55000000e+02	1.76690049e+06
6.56000000e+02	1.72582035e+06
6.57000000e+02	1.68488466e+06
6.58000000e+02	1.64408769e+06
6.59000000e+02	1.60342364e+06
6.60000000e+02	1.56288724e+06
6.61000000e+02	1.52247386e+06
6.62000000e+02	1.48217916e+06
6.63000000e+02	1.44199841e+06
6.64000000e+02	1.40192617e+06
6.65000000e+02	1.36195726e+06
6.66000000e+02	1.32208775e+06
6.67000000e+02	1.28231379e+06
6.68000000e+02	1.24263004e+06
6.69000000e+02	1.20303138e+06
6.70000000e+02	1.16351490e+06
6.71000000e+02	1.12407724e+06
6.72000000e+02	1.08471367e+06
6.73000000e+02	1.04542012e+06
6.74000000e+02	1.00619335e+06
6.75000000e+02	9.67030015e+05
6.76000000e+02	9.27926184e+05
6.77000000e+02	8.88880186e+05
6.78000000e+02	8.49884935e+05
6.79000000e+02	8.10940095e+05
6.80000000e+02	7.72044019e+05
6.81000000e+02	7.33188476e+05
6.82000000e+02	6.94376560e+05
6.83000000e+02	6.55602542e+05
6.84000000e+02	6.16860747e+05
6.85000000e+02	5.78155807e+05
6.86000000e+02	5.39482334e+05
6.87000000e+02	5.00839233e+05
6.88000000e+02	4.62219230e+05
6.89000000e+02	4.23621422e+05
6.90000000e+02	3.85042587e+05
6.91000000e+02	3.46485852e+05
6.92000000e+02	3.07948968e+05
6.93000000e+02	2.69423747e+05
6.94000000e+02	2.30911192e+05
6.95000000e+02	1.92409759e+05
6.96000000e+02	1.53919033e+05
6.97000000e+02	1.15554129e+05
6.98000000e+02	7.66757763e+04
6.99000000e+02	3.86388205e+04
7.00000000e+02	0.00000000e+00
