# Profil de FluxX au temps 7.000000000000077e-12 
# simu : /Volumes/MERCURE/JOBS/Zeq1_tanh_50mic_7p5e19_B0_20ps/GNU/FluxX@y-c.set
# col 0 : abscisse (um)
# col 1 : FluxX (W/cm2)
0.00000000e+00	0.00000000e+00
1.00000000e+00	2.01227076e+07
2.00000000e+00	4.01831464e+07
3.00000000e+00	6.05555140e+07
4.00000000e+00	8.08418582e+07
5.00000000e+00	1.01242566e+08
6.00000000e+00	1.21798763e+08
7.00000000e+00	1.42545253e+08
8.00000000e+00	1.63515303e+08
9.00000000e+00	1.84741945e+08
1.00000000e+01	2.06258483e+08
1.10000000e+01	2.28098642e+08
1.20000000e+01	2.50296630e+08
1.30000000e+01	2.72887187e+08
1.40000000e+01	2.95905641e+08
1.50000000e+01	3.19387951e+08
1.60000000e+01	3.43370768e+08
1.70000000e+01	3.67891480e+08
1.80000000e+01	3.92988271e+08
1.90000000e+01	4.18700180e+08
2.00000000e+01	4.45067145e+08
2.10000000e+01	4.72130074e+08
2.20000000e+01	4.99930895e+08
2.30000000e+01	5.28512616e+08
2.40000000e+01	5.57919387e+08
2.50000000e+01	5.88196564e+08
2.60000000e+01	6.19390769e+08
2.70000000e+01	6.51549956e+08
2.80000000e+01	6.84723481e+08
2.90000000e+01	7.18962160e+08
3.00000000e+01	7.54318350e+08
3.10000000e+01	7.90846012e+08
3.20000000e+01	8.28600786e+08
3.30000000e+01	8.67640067e+08
3.40000000e+01	9.08023080e+08
3.50000000e+01	9.49810958e+08
3.60000000e+01	9.93066821e+08
3.70000000e+01	1.03785586e+09
3.80000000e+01	1.08424543e+09
3.90000000e+01	1.13230510e+09
4.00000000e+01	1.18210680e+09
4.10000000e+01	1.23372487e+09
4.20000000e+01	1.28723616e+09
4.30000000e+01	1.34272013e+09
4.40000000e+01	1.40025896e+09
4.50000000e+01	1.45993762e+09
4.60000000e+01	1.52184400e+09
4.70000000e+01	1.58606903e+09
4.80000000e+01	1.65270675e+09
4.90000000e+01	1.72185444e+09
5.00000000e+01	1.79361274e+09
5.10000000e+01	1.86808577e+09
5.20000000e+01	1.94538124e+09
5.30000000e+01	2.02561057e+09
5.40000000e+01	2.10888902e+09
5.50000000e+01	2.19533585e+09
5.60000000e+01	2.28507439e+09
5.70000000e+01	2.37823225e+09
5.80000000e+01	2.47494138e+09
5.90000000e+01	2.57533829e+09
6.00000000e+01	2.67956414e+09
6.10000000e+01	2.78776491e+09
6.20000000e+01	2.90009158e+09
6.30000000e+01	3.01670024e+09
6.40000000e+01	3.13775227e+09
6.50000000e+01	3.26341452e+09
6.60000000e+01	3.39385948e+09
6.70000000e+01	3.52926542e+09
6.80000000e+01	3.66981660e+09
6.90000000e+01	3.81570345e+09
7.00000000e+01	3.96712273e+09
7.10000000e+01	4.12427775e+09
7.20000000e+01	4.28737855e+09
7.30000000e+01	4.45664209e+09
7.40000000e+01	4.63229245e+09
7.50000000e+01	4.81456108e+09
7.60000000e+01	5.00368694e+09
7.70000000e+01	5.19991679e+09
7.80000000e+01	5.40350532e+09
7.90000000e+01	5.61471548e+09
8.00000000e+01	5.83381861e+09
8.10000000e+01	6.06109472e+09
8.20000000e+01	6.29683275e+09
8.30000000e+01	6.54133073e+09
8.40000000e+01	6.79489611e+09
8.50000000e+01	7.05784595e+09
8.60000000e+01	7.33050721e+09
8.70000000e+01	7.61321697e+09
8.80000000e+01	7.90632272e+09
8.90000000e+01	8.21018259e+09
9.00000000e+01	8.52516567e+09
9.10000000e+01	8.85165221e+09
9.20000000e+01	9.19003396e+09
9.30000000e+01	9.54071440e+09
9.40000000e+01	9.90410903e+09
9.50000000e+01	1.02806457e+10
9.60000000e+01	1.06707647e+10
9.70000000e+01	1.10749194e+10
9.80000000e+01	1.14935763e+10
9.90000000e+01	1.19272152e+10
1.00000000e+02	1.23763298e+10
1.01000000e+02	1.28414277e+10
1.02000000e+02	1.33230310e+10
1.03000000e+02	1.38216762e+10
1.04000000e+02	1.43379151e+10
1.05000000e+02	1.48723143e+10
1.06000000e+02	1.54254562e+10
1.07000000e+02	1.59979389e+10
1.08000000e+02	1.65903765e+10
1.09000000e+02	1.72033998e+10
1.10000000e+02	1.78376559e+10
1.11000000e+02	1.84938091e+10
1.12000000e+02	1.91725411e+10
1.13000000e+02	1.98745508e+10
1.14000000e+02	2.06005552e+10
1.15000000e+02	2.13512893e+10
1.16000000e+02	2.21275066e+10
1.17000000e+02	2.29299790e+10
1.18000000e+02	2.37594975e+10
1.19000000e+02	2.46168724e+10
1.20000000e+02	2.55029331e+10
1.21000000e+02	2.64185290e+10
1.22000000e+02	2.73645293e+10
1.23000000e+02	2.83418232e+10
1.24000000e+02	2.93513206e+10
1.25000000e+02	3.03939518e+10
1.26000000e+02	3.14706679e+10
1.27000000e+02	3.25824411e+10
1.28000000e+02	3.37302647e+10
1.29000000e+02	3.49151535e+10
1.30000000e+02	3.61381438e+10
1.31000000e+02	3.74002936e+10
1.32000000e+02	3.87026827e+10
1.33000000e+02	4.00464130e+10
1.34000000e+02	4.14326085e+10
1.35000000e+02	4.28624152e+10
1.36000000e+02	4.43370017e+10
1.37000000e+02	4.58575588e+10
1.38000000e+02	4.74252997e+10
1.39000000e+02	4.90414602e+10
1.40000000e+02	5.07072984e+10
1.41000000e+02	5.24240952e+10
1.42000000e+02	5.41931537e+10
1.43000000e+02	5.60157997e+10
1.44000000e+02	5.78933812e+10
1.45000000e+02	5.98272686e+10
1.46000000e+02	6.18188548e+10
1.47000000e+02	6.38695545e+10
1.48000000e+02	6.59808046e+10
1.49000000e+02	6.81540637e+10
1.50000000e+02	7.03908122e+10
1.51000000e+02	7.26925521e+10
1.52000000e+02	7.50608063e+10
1.53000000e+02	7.74971189e+10
1.54000000e+02	8.00030547e+10
1.55000000e+02	8.25801989e+10
1.56000000e+02	8.52301568e+10
1.57000000e+02	8.79545535e+10
1.58000000e+02	9.07550332e+10
1.59000000e+02	9.36332592e+10
1.60000000e+02	9.65909135e+10
1.61000000e+02	9.96296959e+10
1.62000000e+02	1.02751324e+11
1.63000000e+02	1.05957532e+11
1.64000000e+02	1.09250070e+11
1.65000000e+02	1.12630707e+11
1.66000000e+02	1.16101223e+11
1.67000000e+02	1.19663417e+11
1.68000000e+02	1.23319098e+11
1.69000000e+02	1.27070091e+11
1.70000000e+02	1.30918233e+11
1.71000000e+02	1.34865373e+11
1.72000000e+02	1.38913369e+11
1.73000000e+02	1.43064093e+11
1.74000000e+02	1.47319424e+11
1.75000000e+02	1.51681250e+11
1.76000000e+02	1.56151467e+11
1.77000000e+02	1.60731977e+11
1.78000000e+02	1.65424689e+11
1.79000000e+02	1.70231516e+11
1.80000000e+02	1.75154375e+11
1.81000000e+02	1.80195186e+11
1.82000000e+02	1.85355872e+11
1.83000000e+02	1.90638354e+11
1.84000000e+02	1.96044555e+11
1.85000000e+02	2.01576395e+11
1.86000000e+02	2.07235793e+11
1.87000000e+02	2.13024663e+11
1.88000000e+02	2.18944913e+11
1.89000000e+02	2.24998447e+11
1.90000000e+02	2.31187160e+11
1.91000000e+02	2.37512940e+11
1.92000000e+02	2.43977663e+11
1.93000000e+02	2.50583194e+11
1.94000000e+02	2.57331388e+11
1.95000000e+02	2.64224082e+11
1.96000000e+02	2.71263102e+11
1.97000000e+02	2.78450255e+11
1.98000000e+02	2.85787329e+11
1.99000000e+02	2.93276097e+11
2.00000000e+02	3.00918306e+11
2.01000000e+02	3.08715686e+11
2.02000000e+02	3.16669940e+11
2.03000000e+02	3.24782748e+11
2.04000000e+02	3.33055762e+11
2.05000000e+02	3.41490610e+11
2.06000000e+02	3.50088886e+11
2.07000000e+02	3.58852158e+11
2.08000000e+02	3.67781959e+11
2.09000000e+02	3.76879791e+11
2.10000000e+02	3.86147120e+11
2.11000000e+02	3.95585376e+11
2.12000000e+02	4.05195953e+11
2.13000000e+02	4.14980203e+11
2.14000000e+02	4.24939441e+11
2.15000000e+02	4.35074940e+11
2.16000000e+02	4.45387927e+11
2.17000000e+02	4.55879590e+11
2.18000000e+02	4.66551066e+11
2.19000000e+02	4.77403448e+11
2.20000000e+02	4.88437781e+11
2.21000000e+02	4.99655059e+11
2.22000000e+02	5.11056226e+11
2.23000000e+02	5.22642176e+11
2.24000000e+02	5.34413745e+11
2.25000000e+02	5.46371720e+11
2.26000000e+02	5.58516829e+11
2.27000000e+02	5.70849744e+11
2.28000000e+02	5.83371081e+11
2.29000000e+02	5.96081395e+11
2.30000000e+02	6.08981182e+11
2.31000000e+02	6.22070877e+11
2.32000000e+02	6.35350853e+11
2.33000000e+02	6.48821421e+11
2.34000000e+02	6.62482828e+11
2.35000000e+02	6.76335255e+11
2.36000000e+02	6.90378819e+11
2.37000000e+02	7.04613571e+11
2.38000000e+02	7.19039493e+11
2.39000000e+02	7.33656502e+11
2.40000000e+02	7.48464446e+11
2.41000000e+02	7.63463101e+11
2.42000000e+02	7.78652177e+11
2.43000000e+02	7.94031311e+11
2.44000000e+02	8.09600073e+11
2.45000000e+02	8.25357958e+11
2.46000000e+02	8.41304391e+11
2.47000000e+02	8.57438726e+11
2.48000000e+02	8.73760242e+11
2.49000000e+02	8.90268148e+11
2.50000000e+02	9.06961579e+11
2.51000000e+02	9.23839598e+11
2.52000000e+02	9.40901193e+11
2.53000000e+02	9.58145280e+11
2.54000000e+02	9.75570703e+11
2.55000000e+02	9.93176229e+11
2.56000000e+02	1.01096056e+12
2.57000000e+02	1.02892231e+12
2.58000000e+02	1.04706003e+12
2.59000000e+02	1.06537220e+12
2.60000000e+02	1.08385723e+12
2.61000000e+02	1.10251344e+12
2.62000000e+02	1.12133910e+12
2.63000000e+02	1.14033239e+12
2.64000000e+02	1.15949144e+12
2.65000000e+02	1.17881429e+12
2.66000000e+02	1.19829891e+12
2.67000000e+02	1.21794322e+12
2.68000000e+02	1.23774505e+12
2.69000000e+02	1.25770217e+12
2.70000000e+02	1.27781228e+12
2.71000000e+02	1.29807302e+12
2.72000000e+02	1.31848196e+12
2.73000000e+02	1.33903660e+12
2.74000000e+02	1.35973438e+12
2.75000000e+02	1.38057268e+12
2.76000000e+02	1.40154881e+12
2.77000000e+02	1.42266002e+12
2.78000000e+02	1.44390351e+12
2.79000000e+02	1.46527640e+12
2.80000000e+02	1.48677577e+12
2.81000000e+02	1.50839864e+12
2.82000000e+02	1.53014197e+12
2.83000000e+02	1.55200266e+12
2.84000000e+02	1.57397757e+12
2.85000000e+02	1.59606349e+12
2.86000000e+02	1.61825718e+12
2.87000000e+02	1.64055533e+12
2.88000000e+02	1.66295460e+12
2.89000000e+02	1.68545158e+12
2.90000000e+02	1.70804284e+12
2.91000000e+02	1.73072490e+12
2.92000000e+02	1.75349422e+12
2.93000000e+02	1.77634723e+12
2.94000000e+02	1.79928034e+12
2.95000000e+02	1.82228988e+12
2.96000000e+02	1.84537218e+12
2.97000000e+02	1.86852353e+12
2.98000000e+02	1.89174016e+12
2.99000000e+02	1.91501830e+12
3.00000000e+02	1.93835413e+12
3.01000000e+02	1.96174382e+12
3.02000000e+02	1.98518349e+12
3.03000000e+02	2.00866925e+12
3.04000000e+02	2.03219719e+12
3.05000000e+02	2.05576338e+12
3.06000000e+02	2.07936384e+12
3.07000000e+02	2.10299461e+12
3.08000000e+02	2.12665169e+12
3.09000000e+02	2.15033108e+12
3.10000000e+02	2.17402875e+12
3.11000000e+02	2.19774068e+12
3.12000000e+02	2.22146282e+12
3.13000000e+02	2.24519113e+12
3.14000000e+02	2.26892155e+12
3.15000000e+02	2.29265001e+12
3.16000000e+02	2.31637247e+12
3.17000000e+02	2.34008486e+12
3.18000000e+02	2.36378310e+12
3.19000000e+02	2.38746316e+12
3.20000000e+02	2.41112096e+12
3.21000000e+02	2.43475247e+12
3.22000000e+02	2.45835364e+12
3.23000000e+02	2.48192044e+12
3.24000000e+02	2.50544885e+12
3.25000000e+02	2.52893486e+12
3.26000000e+02	2.55237448e+12
3.27000000e+02	2.57576374e+12
3.28000000e+02	2.59909867e+12
3.29000000e+02	2.62237533e+12
3.30000000e+02	2.64558982e+12
3.31000000e+02	2.66873823e+12
3.32000000e+02	2.69181669e+12
3.33000000e+02	2.71482136e+12
3.34000000e+02	2.73774842e+12
3.35000000e+02	2.76059407e+12
3.36000000e+02	2.78335457e+12
3.37000000e+02	2.80602619e+12
3.38000000e+02	2.82860522e+12
3.39000000e+02	2.85108802e+12
3.40000000e+02	2.87347096e+12
3.41000000e+02	2.89575045e+12
3.42000000e+02	2.91792294e+12
3.43000000e+02	2.93998494e+12
3.44000000e+02	2.96193296e+12
3.45000000e+02	2.98376359e+12
3.46000000e+02	3.00547344e+12
3.47000000e+02	3.02705918e+12
3.48000000e+02	3.04851752e+12
3.49000000e+02	3.06984520e+12
3.50000000e+02	3.09103903e+12
3.51000000e+02	3.11209586e+12
3.52000000e+02	3.13301259e+12
3.53000000e+02	3.15378616e+12
3.54000000e+02	3.17441356e+12
3.55000000e+02	3.19489185e+12
3.56000000e+02	3.21521812e+12
3.57000000e+02	3.23538951e+12
3.58000000e+02	3.25540324e+12
3.59000000e+02	3.27525655e+12
3.60000000e+02	3.29494675e+12
3.61000000e+02	3.31447118e+12
3.62000000e+02	3.33382726e+12
3.63000000e+02	3.35301245e+12
3.64000000e+02	3.37202425e+12
3.65000000e+02	3.39086022e+12
3.66000000e+02	3.40951797e+12
3.67000000e+02	3.42799517e+12
3.68000000e+02	3.44628952e+12
3.69000000e+02	3.46439877e+12
3.70000000e+02	3.48232072e+12
3.71000000e+02	3.50005324e+12
3.72000000e+02	3.51759419e+12
3.73000000e+02	3.53494153e+12
3.74000000e+02	3.55209321e+12
3.75000000e+02	3.56904727e+12
3.76000000e+02	3.58580174e+12
3.77000000e+02	3.60235471e+12
3.78000000e+02	3.61870431e+12
3.79000000e+02	3.63484867e+12
3.80000000e+02	3.65078598e+12
3.81000000e+02	3.66651444e+12
3.82000000e+02	3.68203228e+12
3.83000000e+02	3.69733773e+12
3.84000000e+02	3.71242906e+12
3.85000000e+02	3.72730453e+12
3.86000000e+02	3.74196244e+12
3.87000000e+02	3.75640106e+12
3.88000000e+02	3.77061869e+12
3.89000000e+02	3.78461362e+12
3.90000000e+02	3.79838413e+12
3.91000000e+02	3.81192849e+12
3.92000000e+02	3.82524496e+12
3.93000000e+02	3.83833179e+12
3.94000000e+02	3.85118718e+12
3.95000000e+02	3.86380934e+12
3.96000000e+02	3.87619642e+12
3.97000000e+02	3.88834655e+12
3.98000000e+02	3.90025782e+12
3.99000000e+02	3.91192826e+12
4.00000000e+02	3.92335586e+12
4.01000000e+02	3.93453857e+12
4.02000000e+02	3.94547426e+12
4.03000000e+02	3.95616075e+12
4.04000000e+02	3.96659579e+12
4.05000000e+02	3.97677706e+12
4.06000000e+02	3.98670216e+12
4.07000000e+02	3.99636862e+12
4.08000000e+02	4.00577388e+12
4.09000000e+02	4.01491530e+12
4.10000000e+02	4.02379014e+12
4.11000000e+02	4.03239558e+12
4.12000000e+02	4.04072869e+12
4.13000000e+02	4.04878646e+12
4.14000000e+02	4.05656576e+12
4.15000000e+02	4.06406338e+12
4.16000000e+02	4.07127597e+12
4.17000000e+02	4.07820011e+12
4.18000000e+02	4.08483226e+12
4.19000000e+02	4.09116877e+12
4.20000000e+02	4.09720588e+12
4.21000000e+02	4.10293973e+12
4.22000000e+02	4.10836634e+12
4.23000000e+02	4.11348165e+12
4.24000000e+02	4.11828147e+12
4.25000000e+02	4.12276152e+12
4.26000000e+02	4.12691742e+12
4.27000000e+02	4.13074468e+12
4.28000000e+02	4.13423873e+12
4.29000000e+02	4.13739491e+12
4.30000000e+02	4.14020846e+12
4.31000000e+02	4.14267456e+12
4.32000000e+02	4.14478830e+12
4.33000000e+02	4.14654471e+12
4.34000000e+02	4.14793873e+12
4.35000000e+02	4.14896528e+12
4.36000000e+02	4.14961920e+12
4.37000000e+02	4.14989531e+12
4.38000000e+02	4.14978836e+12
4.39000000e+02	4.14929311e+12
4.40000000e+02	4.14840429e+12
4.41000000e+02	4.14711660e+12
4.42000000e+02	4.14542477e+12
4.43000000e+02	4.14332352e+12
4.44000000e+02	4.14080759e+12
4.45000000e+02	4.13787175e+12
4.46000000e+02	4.13451082e+12
4.47000000e+02	4.13071965e+12
4.48000000e+02	4.12649318e+12
4.49000000e+02	4.12182638e+12
4.50000000e+02	4.11671435e+12
4.51000000e+02	4.11115224e+12
4.52000000e+02	4.10513535e+12
4.53000000e+02	4.09865905e+12
4.54000000e+02	4.09171888e+12
4.55000000e+02	4.08431050e+12
4.56000000e+02	4.07642973e+12
4.57000000e+02	4.06807254e+12
4.58000000e+02	4.05923510e+12
4.59000000e+02	4.04991375e+12
4.60000000e+02	4.04010504e+12
4.61000000e+02	4.02980572e+12
4.62000000e+02	4.01901278e+12
4.63000000e+02	4.00772343e+12
4.64000000e+02	3.99593515e+12
4.65000000e+02	3.98364565e+12
4.66000000e+02	3.97085294e+12
4.67000000e+02	3.95755530e+12
4.68000000e+02	3.94375130e+12
4.69000000e+02	3.92943982e+12
4.70000000e+02	3.91462008e+12
4.71000000e+02	3.89929160e+12
4.72000000e+02	3.88345426e+12
4.73000000e+02	3.86710829e+12
4.74000000e+02	3.85025430e+12
4.75000000e+02	3.83289326e+12
4.76000000e+02	3.81502655e+12
4.77000000e+02	3.79665592e+12
4.78000000e+02	3.77778358e+12
4.79000000e+02	3.75841213e+12
4.80000000e+02	3.73854461e+12
4.81000000e+02	3.71818454e+12
4.82000000e+02	3.69733586e+12
4.83000000e+02	3.67600300e+12
4.84000000e+02	3.65419087e+12
4.85000000e+02	3.63190488e+12
4.86000000e+02	3.60915091e+12
4.87000000e+02	3.58593536e+12
4.88000000e+02	3.56226517e+12
4.89000000e+02	3.53814775e+12
4.90000000e+02	3.51359108e+12
4.91000000e+02	3.48860364e+12
4.92000000e+02	3.46319444e+12
4.93000000e+02	3.43737303e+12
4.94000000e+02	3.41114947e+12
4.95000000e+02	3.38453435e+12
4.96000000e+02	3.35753876e+12
4.97000000e+02	3.33017430e+12
4.98000000e+02	3.30245305e+12
4.99000000e+02	3.27438756e+12
5.00000000e+02	3.24599082e+12
5.01000000e+02	3.21727626e+12
5.02000000e+02	3.18825769e+12
5.03000000e+02	3.15894931e+12
5.04000000e+02	3.12936562e+12
5.05000000e+02	3.09952143e+12
5.06000000e+02	3.06943180e+12
5.07000000e+02	3.03911200e+12
5.08000000e+02	3.00857744e+12
5.09000000e+02	2.97784366e+12
5.10000000e+02	2.94692624e+12
5.11000000e+02	2.91584077e+12
5.12000000e+02	2.88460277e+12
5.13000000e+02	2.85322765e+12
5.14000000e+02	2.82173067e+12
5.15000000e+02	2.79012683e+12
5.16000000e+02	2.75843086e+12
5.17000000e+02	2.72665715e+12
5.18000000e+02	2.69481969e+12
5.19000000e+02	2.66293203e+12
5.20000000e+02	2.63100723e+12
5.21000000e+02	2.59905780e+12
5.22000000e+02	2.56709571e+12
5.23000000e+02	2.53513228e+12
5.24000000e+02	2.50317820e+12
5.25000000e+02	2.47124352e+12
5.26000000e+02	2.43933757e+12
5.27000000e+02	2.40746900e+12
5.28000000e+02	2.37564575e+12
5.29000000e+02	2.34387506e+12
5.30000000e+02	2.31216344e+12
5.31000000e+02	2.28051672e+12
5.32000000e+02	2.24894004e+12
5.33000000e+02	2.21743786e+12
5.34000000e+02	2.18601401e+12
5.35000000e+02	2.15467170e+12
5.36000000e+02	2.12341353e+12
5.37000000e+02	2.09224157e+12
5.38000000e+02	2.06115736e+12
5.39000000e+02	2.03016199e+12
5.40000000e+02	1.99925607e+12
5.41000000e+02	1.96843987e+12
5.42000000e+02	1.93771328e+12
5.43000000e+02	1.90707593e+12
5.44000000e+02	1.87652717e+12
5.45000000e+02	1.84606619e+12
5.46000000e+02	1.81569202e+12
5.47000000e+02	1.78540358e+12
5.48000000e+02	1.75519979e+12
5.49000000e+02	1.72507955e+12
5.50000000e+02	1.69504181e+12
5.51000000e+02	1.66508567e+12
5.52000000e+02	1.63521034e+12
5.53000000e+02	1.60541526e+12
5.54000000e+02	1.57570014e+12
5.55000000e+02	1.54606496e+12
5.56000000e+02	1.51651006e+12
5.57000000e+02	1.48703615e+12
5.58000000e+02	1.45764440e+12
5.59000000e+02	1.42833640e+12
5.60000000e+02	1.39911427e+12
5.61000000e+02	1.36998066e+12
5.62000000e+02	1.34093877e+12
5.63000000e+02	1.31199242e+12
5.64000000e+02	1.28314601e+12
5.65000000e+02	1.25440461e+12
5.66000000e+02	1.22577393e+12
5.67000000e+02	1.19726033e+12
5.68000000e+02	1.16887088e+12
5.69000000e+02	1.14061330e+12
5.70000000e+02	1.11249600e+12
5.71000000e+02	1.08452806e+12
5.72000000e+02	1.05671922e+12
5.73000000e+02	1.02907985e+12
5.74000000e+02	1.00162098e+12
5.75000000e+02	9.74354202e+11
5.76000000e+02	9.47291676e+11
5.77000000e+02	9.20446094e+11
5.78000000e+02	8.93830619e+11
5.79000000e+02	8.67458849e+11
5.80000000e+02	8.41344754e+11
5.81000000e+02	8.15502618e+11
5.82000000e+02	7.89946978e+11
5.83000000e+02	7.64692549e+11
5.84000000e+02	7.39754158e+11
5.85000000e+02	7.15146662e+11
5.86000000e+02	6.90884873e+11
5.87000000e+02	6.66983474e+11
5.88000000e+02	6.43456939e+11
5.89000000e+02	6.20319447e+11
5.90000000e+02	5.97584801e+11
5.91000000e+02	5.75266343e+11
5.92000000e+02	5.53376876e+11
5.93000000e+02	5.31928583e+11
5.94000000e+02	5.10932952e+11
5.95000000e+02	4.90400705e+11
5.96000000e+02	4.70341736e+11
5.97000000e+02	4.50765040e+11
5.98000000e+02	4.31678670e+11
5.99000000e+02	4.13089678e+11
6.00000000e+02	3.95004085e+11
6.01000000e+02	3.77426845e+11
6.02000000e+02	3.60361815e+11
6.03000000e+02	3.43811742e+11
6.04000000e+02	3.27778251e+11
6.05000000e+02	3.12261859e+11
6.06000000e+02	2.97261971e+11
6.07000000e+02	2.82776898e+11
6.08000000e+02	2.68803868e+11
6.09000000e+02	2.55339075e+11
6.10000000e+02	2.42377729e+11
6.11000000e+02	2.29914112e+11
6.12000000e+02	2.17941469e+11
6.13000000e+02	2.06452346e+11
6.14000000e+02	1.95438414e+11
6.15000000e+02	1.84890622e+11
6.16000000e+02	1.74799262e+11
6.17000000e+02	1.65154010e+11
6.18000000e+02	1.55944004e+11
6.19000000e+02	1.47157916e+11
6.20000000e+02	1.38784012e+11
6.21000000e+02	1.30810225e+11
6.22000000e+02	1.23224209e+11
6.23000000e+02	1.16013414e+11
6.24000000e+02	1.09165145e+11
6.25000000e+02	1.02666608e+11
6.26000000e+02	9.65049767e+10
6.27000000e+02	9.06674296e+10
6.28000000e+02	8.51412151e+10
6.29000000e+02	7.99136890e+10
6.30000000e+02	7.49723465e+10
6.31000000e+02	7.03048620e+10
6.32000000e+02	6.58991290e+10
6.33000000e+02	6.17432858e+10
6.34000000e+02	5.78257330e+10
6.35000000e+02	5.41351604e+10
6.36000000e+02	5.06605713e+10
6.37000000e+02	4.73912888e+10
6.38000000e+02	4.43169679e+10
6.39000000e+02	4.14276128e+10
6.40000000e+02	3.87135775e+10
6.41000000e+02	3.61655679e+10
6.42000000e+02	3.37746508e+10
6.43000000e+02	3.15322501e+10
6.44000000e+02	2.94301428e+10
6.45000000e+02	2.74604610e+10
6.46000000e+02	2.56156841e+10
6.47000000e+02	2.38886319e+10
6.48000000e+02	2.22724613e+10
6.49000000e+02	2.07606551e+10
6.50000000e+02	1.93470145e+10
6.51000000e+02	1.80256513e+10
6.52000000e+02	1.67909760e+10
6.53000000e+02	1.56376892e+10
6.54000000e+02	1.45607714e+10
6.55000000e+02	1.35554709e+10
6.56000000e+02	1.26172955e+10
6.57000000e+02	1.17420002e+10
6.58000000e+02	1.09255771e+10
6.59000000e+02	1.01642455e+10
6.60000000e+02	9.45444052e+09
6.61000000e+02	8.79280380e+09
6.62000000e+02	8.17617325e+09
6.63000000e+02	7.60157318e+09
6.64000000e+02	7.06620531e+09
6.65000000e+02	6.56743908e+09
6.66000000e+02	6.10280323e+09
6.67000000e+02	5.66997702e+09
6.68000000e+02	5.26678196e+09
6.69000000e+02	4.89117409e+09
6.70000000e+02	4.54123604e+09
6.71000000e+02	4.21517005e+09
6.72000000e+02	3.91129072e+09
6.73000000e+02	3.62801847e+09
6.74000000e+02	3.36387307e+09
6.75000000e+02	3.11746755e+09
6.76000000e+02	2.88750243e+09
6.77000000e+02	2.67276006e+09
6.78000000e+02	2.47209950e+09
6.79000000e+02	2.28445136e+09
6.80000000e+02	2.10881308e+09
6.81000000e+02	1.94424441e+09
6.82000000e+02	1.78986306e+09
6.83000000e+02	1.64484065e+09
6.84000000e+02	1.50839874e+09
6.85000000e+02	1.37980525e+09
6.86000000e+02	1.25837088e+09
6.87000000e+02	1.14344578e+09
6.88000000e+02	1.03441647e+09
6.89000000e+02	9.30702732e+08
6.90000000e+02	8.31754829e+08
6.91000000e+02	7.37050741e+08
6.92000000e+02	6.46093560e+08
6.93000000e+02	5.58408965e+08
6.94000000e+02	4.73542782e+08
6.95000000e+02	3.91058591e+08
6.96000000e+02	3.10535345e+08
6.97000000e+02	2.31564673e+08
6.98000000e+02	1.53729383e+08
6.99000000e+02	7.66699995e+07
7.00000000e+02	0.00000000e+00
