# Profil de FluxX au temps 1.700999999999984e-11 
# simu : /Volumes/MERCURE/JOBS/Zeq1_tanh_50mic_7p5e19_B0_20ps/GNU/FluxX@y-c.set
# col 0 : abscisse (um)
# col 1 : FluxX (W/cm2)
0.00000000e+00	0.00000000e+00
1.00000000e+00	1.19598212e+10
2.00000000e+00	2.39191952e+10
3.00000000e+00	3.58781308e+10
4.00000000e+00	4.78358456e+10
5.00000000e+00	5.97921755e+10
6.00000000e+00	7.17467732e+10
7.00000000e+00	8.36993132e+10
8.00000000e+00	9.56494452e+10
9.00000000e+00	1.07596827e+11
1.00000000e+01	1.19541120e+11
1.10000000e+01	1.31481981e+11
1.20000000e+01	1.43419069e+11
1.30000000e+01	1.55352042e+11
1.40000000e+01	1.67280566e+11
1.50000000e+01	1.79204295e+11
1.60000000e+01	1.91122895e+11
1.70000000e+01	2.03036023e+11
1.80000000e+01	2.14943348e+11
1.90000000e+01	2.26844530e+11
2.00000000e+01	2.38739230e+11
2.10000000e+01	2.50627118e+11
2.20000000e+01	2.62507855e+11
2.30000000e+01	2.74381108e+11
2.40000000e+01	2.86246544e+11
2.50000000e+01	2.98103831e+11
2.60000000e+01	3.09952637e+11
2.70000000e+01	3.21792631e+11
2.80000000e+01	3.33623483e+11
2.90000000e+01	3.45444866e+11
3.00000000e+01	3.57256451e+11
3.10000000e+01	3.69057911e+11
3.20000000e+01	3.80848920e+11
3.30000000e+01	3.92629156e+11
3.40000000e+01	4.04398293e+11
3.50000000e+01	4.16156011e+11
3.60000000e+01	4.27901988e+11
3.70000000e+01	4.39635903e+11
3.80000000e+01	4.51357442e+11
3.90000000e+01	4.63066285e+11
4.00000000e+01	4.74762117e+11
4.10000000e+01	4.86444624e+11
4.20000000e+01	4.98113494e+11
4.30000000e+01	5.09768415e+11
4.40000000e+01	5.21409079e+11
4.50000000e+01	5.33035177e+11
4.60000000e+01	5.44646403e+11
4.70000000e+01	5.56242450e+11
4.80000000e+01	5.67823018e+11
4.90000000e+01	5.79387803e+11
5.00000000e+01	5.90936507e+11
5.10000000e+01	6.02468831e+11
5.20000000e+01	6.13984479e+11
5.30000000e+01	6.25483154e+11
5.40000000e+01	6.36964567e+11
5.50000000e+01	6.48428425e+11
5.60000000e+01	6.59874439e+11
5.70000000e+01	6.71302322e+11
5.80000000e+01	6.82711789e+11
5.90000000e+01	6.94102555e+11
6.00000000e+01	7.05474341e+11
6.10000000e+01	7.16826867e+11
6.20000000e+01	7.28159855e+11
6.30000000e+01	7.39473031e+11
6.40000000e+01	7.50766120e+11
6.50000000e+01	7.62038853e+11
6.60000000e+01	7.73290960e+11
6.70000000e+01	7.84522174e+11
6.80000000e+01	7.95732231e+11
6.90000000e+01	8.06920868e+11
7.00000000e+01	8.18087826e+11
7.10000000e+01	8.29232846e+11
7.20000000e+01	8.40355671e+11
7.30000000e+01	8.51456051e+11
7.40000000e+01	8.62533732e+11
7.50000000e+01	8.73588467e+11
7.60000000e+01	8.84620010e+11
7.70000000e+01	8.95628115e+11
7.80000000e+01	9.06612542e+11
7.90000000e+01	9.17573051e+11
8.00000000e+01	9.28509406e+11
8.10000000e+01	9.39421374e+11
8.20000000e+01	9.50308721e+11
8.30000000e+01	9.61171220e+11
8.40000000e+01	9.72008643e+11
8.50000000e+01	9.82820767e+11
8.60000000e+01	9.93607370e+11
8.70000000e+01	1.00436823e+12
8.80000000e+01	1.01510314e+12
8.90000000e+01	1.02581188e+12
9.00000000e+01	1.03649424e+12
9.10000000e+01	1.04715001e+12
9.20000000e+01	1.05777898e+12
9.30000000e+01	1.06838096e+12
9.40000000e+01	1.07895575e+12
9.50000000e+01	1.08950314e+12
9.60000000e+01	1.10002294e+12
9.70000000e+01	1.11051497e+12
9.80000000e+01	1.12097903e+12
9.90000000e+01	1.13141493e+12
1.00000000e+02	1.14182250e+12
1.01000000e+02	1.15220156e+12
1.02000000e+02	1.16255192e+12
1.03000000e+02	1.17287342e+12
1.04000000e+02	1.18316588e+12
1.05000000e+02	1.19342913e+12
1.06000000e+02	1.20366302e+12
1.07000000e+02	1.21386737e+12
1.08000000e+02	1.22404204e+12
1.09000000e+02	1.23418686e+12
1.10000000e+02	1.24430168e+12
1.11000000e+02	1.25438635e+12
1.12000000e+02	1.26444073e+12
1.13000000e+02	1.27446468e+12
1.14000000e+02	1.28445805e+12
1.15000000e+02	1.29442071e+12
1.16000000e+02	1.30435252e+12
1.17000000e+02	1.31425335e+12
1.18000000e+02	1.32412309e+12
1.19000000e+02	1.33396160e+12
1.20000000e+02	1.34376877e+12
1.21000000e+02	1.35354448e+12
1.22000000e+02	1.36328862e+12
1.23000000e+02	1.37300107e+12
1.24000000e+02	1.38268174e+12
1.25000000e+02	1.39233051e+12
1.26000000e+02	1.40194730e+12
1.27000000e+02	1.41153200e+12
1.28000000e+02	1.42108453e+12
1.29000000e+02	1.43060480e+12
1.30000000e+02	1.44009272e+12
1.31000000e+02	1.44954821e+12
1.32000000e+02	1.45897120e+12
1.33000000e+02	1.46836161e+12
1.34000000e+02	1.47771938e+12
1.35000000e+02	1.48704444e+12
1.36000000e+02	1.49633674e+12
1.37000000e+02	1.50559621e+12
1.38000000e+02	1.51482280e+12
1.39000000e+02	1.52401646e+12
1.40000000e+02	1.53317714e+12
1.41000000e+02	1.54230481e+12
1.42000000e+02	1.55139941e+12
1.43000000e+02	1.56046093e+12
1.44000000e+02	1.56948933e+12
1.45000000e+02	1.57848459e+12
1.46000000e+02	1.58744669e+12
1.47000000e+02	1.59637561e+12
1.48000000e+02	1.60527134e+12
1.49000000e+02	1.61413386e+12
1.50000000e+02	1.62296319e+12
1.51000000e+02	1.63175932e+12
1.52000000e+02	1.64052225e+12
1.53000000e+02	1.64925200e+12
1.54000000e+02	1.65794857e+12
1.55000000e+02	1.66661200e+12
1.56000000e+02	1.67524230e+12
1.57000000e+02	1.68383950e+12
1.58000000e+02	1.69240363e+12
1.59000000e+02	1.70093474e+12
1.60000000e+02	1.70943286e+12
1.61000000e+02	1.71789805e+12
1.62000000e+02	1.72633035e+12
1.63000000e+02	1.73472982e+12
1.64000000e+02	1.74309652e+12
1.65000000e+02	1.75143052e+12
1.66000000e+02	1.75973189e+12
1.67000000e+02	1.76800071e+12
1.68000000e+02	1.77623706e+12
1.69000000e+02	1.78444102e+12
1.70000000e+02	1.79261269e+12
1.71000000e+02	1.80075216e+12
1.72000000e+02	1.80885954e+12
1.73000000e+02	1.81693493e+12
1.74000000e+02	1.82497844e+12
1.75000000e+02	1.83299019e+12
1.76000000e+02	1.84097031e+12
1.77000000e+02	1.84891892e+12
1.78000000e+02	1.85683614e+12
1.79000000e+02	1.86472214e+12
1.80000000e+02	1.87257705e+12
1.81000000e+02	1.88040099e+12
1.82000000e+02	1.88819414e+12
1.83000000e+02	1.89595666e+12
1.84000000e+02	1.90368870e+12
1.85000000e+02	1.91139044e+12
1.86000000e+02	1.91906206e+12
1.87000000e+02	1.92670372e+12
1.88000000e+02	1.93431563e+12
1.89000000e+02	1.94189797e+12
1.90000000e+02	1.94945093e+12
1.91000000e+02	1.95697471e+12
1.92000000e+02	1.96446953e+12
1.93000000e+02	1.97193559e+12
1.94000000e+02	1.97937311e+12
1.95000000e+02	1.98678232e+12
1.96000000e+02	1.99416343e+12
1.97000000e+02	2.00151668e+12
1.98000000e+02	2.00884231e+12
1.99000000e+02	2.01614055e+12
2.00000000e+02	2.02341167e+12
2.01000000e+02	2.03065591e+12
2.02000000e+02	2.03787354e+12
2.03000000e+02	2.04506480e+12
2.04000000e+02	2.05222997e+12
2.05000000e+02	2.05936933e+12
2.06000000e+02	2.06648314e+12
2.07000000e+02	2.07357169e+12
2.08000000e+02	2.08063527e+12
2.09000000e+02	2.08767417e+12
2.10000000e+02	2.09468869e+12
2.11000000e+02	2.10167910e+12
2.12000000e+02	2.10864572e+12
2.13000000e+02	2.11558887e+12
2.14000000e+02	2.12250884e+12
2.15000000e+02	2.12940599e+12
2.16000000e+02	2.13628061e+12
2.17000000e+02	2.14313301e+12
2.18000000e+02	2.14996353e+12
2.19000000e+02	2.15677250e+12
2.20000000e+02	2.16356026e+12
2.21000000e+02	2.17032712e+12
2.22000000e+02	2.17707346e+12
2.23000000e+02	2.18379959e+12
2.24000000e+02	2.19050587e+12
2.25000000e+02	2.19719266e+12
2.26000000e+02	2.20386033e+12
2.27000000e+02	2.21050922e+12
2.28000000e+02	2.21713970e+12
2.29000000e+02	2.22375214e+12
2.30000000e+02	2.23034690e+12
2.31000000e+02	2.23692434e+12
2.32000000e+02	2.24348483e+12
2.33000000e+02	2.25002875e+12
2.34000000e+02	2.25655646e+12
2.35000000e+02	2.26306835e+12
2.36000000e+02	2.26956479e+12
2.37000000e+02	2.27604615e+12
2.38000000e+02	2.28251282e+12
2.39000000e+02	2.28896517e+12
2.40000000e+02	2.29540358e+12
2.41000000e+02	2.30182843e+12
2.42000000e+02	2.30824011e+12
2.43000000e+02	2.31463899e+12
2.44000000e+02	2.32102546e+12
2.45000000e+02	2.32739989e+12
2.46000000e+02	2.33376268e+12
2.47000000e+02	2.34011419e+12
2.48000000e+02	2.34645481e+12
2.49000000e+02	2.35278491e+12
2.50000000e+02	2.35910488e+12
2.51000000e+02	2.36541509e+12
2.52000000e+02	2.37171590e+12
2.53000000e+02	2.37800771e+12
2.54000000e+02	2.38429086e+12
2.55000000e+02	2.39056574e+12
2.56000000e+02	2.39683272e+12
2.57000000e+02	2.40309214e+12
2.58000000e+02	2.40934438e+12
2.59000000e+02	2.41558979e+12
2.60000000e+02	2.42182873e+12
2.61000000e+02	2.42806155e+12
2.62000000e+02	2.43428860e+12
2.63000000e+02	2.44051021e+12
2.64000000e+02	2.44672674e+12
2.65000000e+02	2.45293851e+12
2.66000000e+02	2.45914586e+12
2.67000000e+02	2.46534912e+12
2.68000000e+02	2.47154860e+12
2.69000000e+02	2.47774462e+12
2.70000000e+02	2.48393749e+12
2.71000000e+02	2.49012753e+12
2.72000000e+02	2.49631502e+12
2.73000000e+02	2.50250027e+12
2.74000000e+02	2.50868356e+12
2.75000000e+02	2.51486517e+12
2.76000000e+02	2.52104538e+12
2.77000000e+02	2.52722445e+12
2.78000000e+02	2.53340266e+12
2.79000000e+02	2.53958024e+12
2.80000000e+02	2.54575746e+12
2.81000000e+02	2.55193454e+12
2.82000000e+02	2.55811172e+12
2.83000000e+02	2.56428923e+12
2.84000000e+02	2.57046728e+12
2.85000000e+02	2.57664608e+12
2.86000000e+02	2.58282582e+12
2.87000000e+02	2.58900670e+12
2.88000000e+02	2.59518889e+12
2.89000000e+02	2.60137258e+12
2.90000000e+02	2.60755792e+12
2.91000000e+02	2.61374507e+12
2.92000000e+02	2.61993416e+12
2.93000000e+02	2.62612534e+12
2.94000000e+02	2.63231873e+12
2.95000000e+02	2.63851444e+12
2.96000000e+02	2.64471258e+12
2.97000000e+02	2.65091324e+12
2.98000000e+02	2.65711649e+12
2.99000000e+02	2.66332242e+12
3.00000000e+02	2.66953108e+12
3.01000000e+02	2.67574253e+12
3.02000000e+02	2.68195680e+12
3.03000000e+02	2.68817391e+12
3.04000000e+02	2.69439389e+12
3.05000000e+02	2.70061674e+12
3.06000000e+02	2.70684244e+12
3.07000000e+02	2.71307098e+12
3.08000000e+02	2.71930233e+12
3.09000000e+02	2.72553643e+12
3.10000000e+02	2.73177324e+12
3.11000000e+02	2.73801267e+12
3.12000000e+02	2.74425465e+12
3.13000000e+02	2.75049909e+12
3.14000000e+02	2.75674586e+12
3.15000000e+02	2.76299485e+12
3.16000000e+02	2.76924592e+12
3.17000000e+02	2.77549892e+12
3.18000000e+02	2.78175369e+12
3.19000000e+02	2.78801005e+12
3.20000000e+02	2.79426780e+12
3.21000000e+02	2.80052675e+12
3.22000000e+02	2.80678667e+12
3.23000000e+02	2.81304733e+12
3.24000000e+02	2.81930848e+12
3.25000000e+02	2.82556985e+12
3.26000000e+02	2.83183116e+12
3.27000000e+02	2.83809213e+12
3.28000000e+02	2.84435244e+12
3.29000000e+02	2.85061177e+12
3.30000000e+02	2.85686978e+12
3.31000000e+02	2.86312611e+12
3.32000000e+02	2.86938040e+12
3.33000000e+02	2.87563225e+12
3.34000000e+02	2.88188126e+12
3.35000000e+02	2.88812701e+12
3.36000000e+02	2.89436907e+12
3.37000000e+02	2.90060698e+12
3.38000000e+02	2.90684028e+12
3.39000000e+02	2.91306847e+12
3.40000000e+02	2.91929106e+12
3.41000000e+02	2.92550753e+12
3.42000000e+02	2.93171734e+12
3.43000000e+02	2.93791993e+12
3.44000000e+02	2.94411473e+12
3.45000000e+02	2.95030115e+12
3.46000000e+02	2.95647858e+12
3.47000000e+02	2.96264640e+12
3.48000000e+02	2.96880396e+12
3.49000000e+02	2.97495059e+12
3.50000000e+02	2.98108563e+12
3.51000000e+02	2.98720835e+12
3.52000000e+02	2.99331805e+12
3.53000000e+02	2.99941398e+12
3.54000000e+02	3.00549539e+12
3.55000000e+02	3.01156150e+12
3.56000000e+02	3.01761150e+12
3.57000000e+02	3.02364459e+12
3.58000000e+02	3.02965993e+12
3.59000000e+02	3.03565665e+12
3.60000000e+02	3.04163388e+12
3.61000000e+02	3.04759073e+12
3.62000000e+02	3.05352627e+12
3.63000000e+02	3.05943956e+12
3.64000000e+02	3.06532964e+12
3.65000000e+02	3.07119554e+12
3.66000000e+02	3.07703625e+12
3.67000000e+02	3.08285074e+12
3.68000000e+02	3.08863798e+12
3.69000000e+02	3.09439690e+12
3.70000000e+02	3.10012640e+12
3.71000000e+02	3.10582538e+12
3.72000000e+02	3.11149271e+12
3.73000000e+02	3.11712724e+12
3.74000000e+02	3.12272778e+12
3.75000000e+02	3.12829314e+12
3.76000000e+02	3.13382211e+12
3.77000000e+02	3.13931344e+12
3.78000000e+02	3.14476586e+12
3.79000000e+02	3.15017809e+12
3.80000000e+02	3.15554881e+12
3.81000000e+02	3.16087671e+12
3.82000000e+02	3.16616042e+12
3.83000000e+02	3.17139856e+12
3.84000000e+02	3.17658975e+12
3.85000000e+02	3.18173255e+12
3.86000000e+02	3.18682551e+12
3.87000000e+02	3.19186719e+12
3.88000000e+02	3.19685608e+12
3.89000000e+02	3.20179067e+12
3.90000000e+02	3.20666944e+12
3.91000000e+02	3.21149082e+12
3.92000000e+02	3.21625323e+12
3.93000000e+02	3.22095509e+12
3.94000000e+02	3.22559477e+12
3.95000000e+02	3.23017062e+12
3.96000000e+02	3.23468099e+12
3.97000000e+02	3.23912418e+12
3.98000000e+02	3.24349850e+12
3.99000000e+02	3.24780221e+12
4.00000000e+02	3.25203358e+12
4.01000000e+02	3.25619083e+12
4.02000000e+02	3.26027218e+12
4.03000000e+02	3.26427582e+12
4.04000000e+02	3.26819993e+12
4.05000000e+02	3.27204267e+12
4.06000000e+02	3.27580217e+12
4.07000000e+02	3.27947656e+12
4.08000000e+02	3.28306394e+12
4.09000000e+02	3.28656239e+12
4.10000000e+02	3.28996998e+12
4.11000000e+02	3.29328478e+12
4.12000000e+02	3.29650481e+12
4.13000000e+02	3.29962809e+12
4.14000000e+02	3.30265265e+12
4.15000000e+02	3.30557647e+12
4.16000000e+02	3.30839754e+12
4.17000000e+02	3.31111381e+12
4.18000000e+02	3.31372327e+12
4.19000000e+02	3.31622383e+12
4.20000000e+02	3.31861345e+12
4.21000000e+02	3.32089005e+12
4.22000000e+02	3.32305155e+12
4.23000000e+02	3.32509585e+12
4.24000000e+02	3.32702086e+12
4.25000000e+02	3.32882446e+12
4.26000000e+02	3.33050456e+12
4.27000000e+02	3.33205902e+12
4.28000000e+02	3.33348574e+12
4.29000000e+02	3.33478258e+12
4.30000000e+02	3.33594743e+12
4.31000000e+02	3.33697815e+12
4.32000000e+02	3.33787261e+12
4.33000000e+02	3.33862870e+12
4.34000000e+02	3.33924427e+12
4.35000000e+02	3.33971721e+12
4.36000000e+02	3.34004540e+12
4.37000000e+02	3.34022672e+12
4.38000000e+02	3.34025906e+12
4.39000000e+02	3.34014031e+12
4.40000000e+02	3.33986839e+12
4.41000000e+02	3.33944119e+12
4.42000000e+02	3.33885664e+12
4.43000000e+02	3.33811267e+12
4.44000000e+02	3.33720723e+12
4.45000000e+02	3.33613827e+12
4.46000000e+02	3.33490376e+12
4.47000000e+02	3.33350168e+12
4.48000000e+02	3.33193003e+12
4.49000000e+02	3.33018683e+12
4.50000000e+02	3.32827011e+12
4.51000000e+02	3.32617793e+12
4.52000000e+02	3.32390836e+12
4.53000000e+02	3.32145949e+12
4.54000000e+02	3.31882945e+12
4.55000000e+02	3.31601636e+12
4.56000000e+02	3.31301840e+12
4.57000000e+02	3.30983375e+12
4.58000000e+02	3.30646063e+12
4.59000000e+02	3.30289728e+12
4.60000000e+02	3.29914197e+12
4.61000000e+02	3.29519301e+12
4.62000000e+02	3.29104873e+12
4.63000000e+02	3.28670749e+12
4.64000000e+02	3.28216769e+12
4.65000000e+02	3.27742776e+12
4.66000000e+02	3.27248616e+12
4.67000000e+02	3.26734140e+12
4.68000000e+02	3.26199202e+12
4.69000000e+02	3.25643660e+12
4.70000000e+02	3.25067374e+12
4.71000000e+02	3.24470212e+12
4.72000000e+02	3.23852044e+12
4.73000000e+02	3.23212743e+12
4.74000000e+02	3.22552189e+12
4.75000000e+02	3.21870265e+12
4.76000000e+02	3.21166860e+12
4.77000000e+02	3.20441867e+12
4.78000000e+02	3.19695184e+12
4.79000000e+02	3.18926715e+12
4.80000000e+02	3.18136369e+12
4.81000000e+02	3.17324059e+12
4.82000000e+02	3.16489706e+12
4.83000000e+02	3.15633236e+12
4.84000000e+02	3.14754581e+12
4.85000000e+02	3.13853678e+12
4.86000000e+02	3.12930474e+12
4.87000000e+02	3.11984919e+12
4.88000000e+02	3.11016971e+12
4.89000000e+02	3.10026595e+12
4.90000000e+02	3.09013765e+12
4.91000000e+02	3.07978461e+12
4.92000000e+02	3.06920670e+12
4.93000000e+02	3.05840388e+12
4.94000000e+02	3.04737622e+12
4.95000000e+02	3.03612382e+12
4.96000000e+02	3.02464692e+12
4.97000000e+02	3.01294583e+12
4.98000000e+02	3.00102096e+12
4.99000000e+02	2.98887281e+12
5.00000000e+02	2.97650199e+12
5.01000000e+02	2.96390922e+12
5.02000000e+02	2.95109531e+12
5.03000000e+02	2.93806120e+12
5.04000000e+02	2.92480793e+12
5.05000000e+02	2.91133668e+12
5.06000000e+02	2.89764872e+12
5.07000000e+02	2.88374546e+12
5.08000000e+02	2.86962845e+12
5.09000000e+02	2.85529936e+12
5.10000000e+02	2.84075999e+12
5.11000000e+02	2.82601229e+12
5.12000000e+02	2.81105834e+12
5.13000000e+02	2.79590037e+12
5.14000000e+02	2.78054076e+12
5.15000000e+02	2.76498203e+12
5.16000000e+02	2.74922686e+12
5.17000000e+02	2.73327807e+12
5.18000000e+02	2.71713867e+12
5.19000000e+02	2.70081179e+12
5.20000000e+02	2.68430074e+12
5.21000000e+02	2.66760898e+12
5.22000000e+02	2.65074014e+12
5.23000000e+02	2.63369800e+12
5.24000000e+02	2.61648652e+12
5.25000000e+02	2.59910981e+12
5.26000000e+02	2.58157212e+12
5.27000000e+02	2.56387789e+12
5.28000000e+02	2.54603169e+12
5.29000000e+02	2.52803826e+12
5.30000000e+02	2.50990249e+12
5.31000000e+02	2.49162940e+12
5.32000000e+02	2.47322416e+12
5.33000000e+02	2.45469207e+12
5.34000000e+02	2.43603858e+12
5.35000000e+02	2.41726925e+12
5.36000000e+02	2.39838974e+12
5.37000000e+02	2.37940585e+12
5.38000000e+02	2.36032346e+12
5.39000000e+02	2.34114856e+12
5.40000000e+02	2.32188720e+12
5.41000000e+02	2.30254554e+12
5.42000000e+02	2.28312975e+12
5.43000000e+02	2.26364611e+12
5.44000000e+02	2.24410090e+12
5.45000000e+02	2.22450044e+12
5.46000000e+02	2.20485108e+12
5.47000000e+02	2.18515917e+12
5.48000000e+02	2.16543106e+12
5.49000000e+02	2.14567305e+12
5.50000000e+02	2.12589146e+12
5.51000000e+02	2.10609252e+12
5.52000000e+02	2.08628244e+12
5.53000000e+02	2.06646734e+12
5.54000000e+02	2.04665327e+12
5.55000000e+02	2.02684619e+12
5.56000000e+02	2.00705196e+12
5.57000000e+02	1.98727631e+12
5.58000000e+02	1.96752488e+12
5.59000000e+02	1.94780314e+12
5.60000000e+02	1.92811645e+12
5.61000000e+02	1.90846999e+12
5.62000000e+02	1.88886881e+12
5.63000000e+02	1.86931778e+12
5.64000000e+02	1.84982158e+12
5.65000000e+02	1.83038475e+12
5.66000000e+02	1.81101161e+12
5.67000000e+02	1.79170633e+12
5.68000000e+02	1.77247285e+12
5.69000000e+02	1.75331495e+12
5.70000000e+02	1.73423619e+12
5.71000000e+02	1.71523995e+12
5.72000000e+02	1.69632940e+12
5.73000000e+02	1.67750753e+12
5.74000000e+02	1.65877712e+12
5.75000000e+02	1.64014077e+12
5.76000000e+02	1.62160086e+12
5.77000000e+02	1.60315961e+12
5.78000000e+02	1.58481905e+12
5.79000000e+02	1.56658101e+12
5.80000000e+02	1.54844717e+12
5.81000000e+02	1.53041901e+12
5.82000000e+02	1.51249785e+12
5.83000000e+02	1.49468487e+12
5.84000000e+02	1.47698105e+12
5.85000000e+02	1.45938726e+12
5.86000000e+02	1.44190420e+12
5.87000000e+02	1.42453243e+12
5.88000000e+02	1.40727240e+12
5.89000000e+02	1.39012441e+12
5.90000000e+02	1.37308865e+12
5.91000000e+02	1.35616519e+12
5.92000000e+02	1.33935400e+12
5.93000000e+02	1.32265495e+12
5.94000000e+02	1.30606780e+12
5.95000000e+02	1.28959223e+12
5.96000000e+02	1.27322785e+12
5.97000000e+02	1.25697418e+12
5.98000000e+02	1.24083066e+12
5.99000000e+02	1.22479668e+12
6.00000000e+02	1.20887157e+12
6.01000000e+02	1.19305459e+12
6.02000000e+02	1.17734496e+12
6.03000000e+02	1.16174186e+12
6.04000000e+02	1.14624442e+12
6.05000000e+02	1.13085173e+12
6.06000000e+02	1.11556287e+12
6.07000000e+02	1.10037686e+12
6.08000000e+02	1.08529271e+12
6.09000000e+02	1.07030943e+12
6.10000000e+02	1.05542597e+12
6.11000000e+02	1.04064130e+12
6.12000000e+02	1.02595437e+12
6.13000000e+02	1.01136410e+12
6.14000000e+02	9.96869442e+11
6.15000000e+02	9.82469311e+11
6.16000000e+02	9.68162635e+11
6.17000000e+02	9.53948336e+11
6.18000000e+02	9.39825342e+11
6.19000000e+02	9.25792580e+11
6.20000000e+02	9.11848986e+11
6.21000000e+02	8.97993498e+11
6.22000000e+02	8.84225062e+11
6.23000000e+02	8.70542633e+11
6.24000000e+02	8.56945173e+11
6.25000000e+02	8.43431656e+11
6.26000000e+02	8.30001063e+11
6.27000000e+02	8.16652386e+11
6.28000000e+02	8.03384630e+11
6.29000000e+02	7.90196809e+11
6.30000000e+02	7.77087947e+11
6.31000000e+02	7.64057081e+11
6.32000000e+02	7.51103257e+11
6.33000000e+02	7.38225535e+11
6.34000000e+02	7.25422981e+11
6.35000000e+02	7.12694674e+11
6.36000000e+02	7.00039701e+11
6.37000000e+02	6.87457159e+11
6.38000000e+02	6.74946151e+11
6.39000000e+02	6.62505792e+11
6.40000000e+02	6.50135202e+11
6.41000000e+02	6.37833510e+11
6.42000000e+02	6.25599848e+11
6.43000000e+02	6.13433349e+11
6.44000000e+02	6.01333152e+11
6.45000000e+02	5.89298398e+11
6.46000000e+02	5.77328241e+11
6.47000000e+02	5.65421835e+11
6.48000000e+02	5.53578336e+11
6.49000000e+02	5.41796889e+11
6.50000000e+02	5.30076627e+11
6.51000000e+02	5.18416683e+11
6.52000000e+02	5.06816191e+11
6.53000000e+02	4.95274291e+11
6.54000000e+02	4.83790123e+11
6.55000000e+02	4.72362817e+11
6.56000000e+02	4.60991489e+11
6.57000000e+02	4.49675244e+11
6.58000000e+02	4.38413175e+11
6.59000000e+02	4.27204355e+11
6.60000000e+02	4.16047840e+11
6.61000000e+02	4.04942683e+11
6.62000000e+02	3.93887939e+11
6.63000000e+02	3.82882660e+11
6.64000000e+02	3.71925871e+11
6.65000000e+02	3.61016564e+11
6.66000000e+02	3.50153719e+11
6.67000000e+02	3.39336320e+11
6.68000000e+02	3.28563325e+11
6.69000000e+02	3.17833645e+11
6.70000000e+02	3.07146180e+11
6.71000000e+02	2.96499845e+11
6.72000000e+02	2.85893523e+11
6.73000000e+02	2.75326061e+11
6.74000000e+02	2.64796291e+11
6.75000000e+02	2.54303037e+11
6.76000000e+02	2.43845093e+11
6.77000000e+02	2.33421247e+11
6.78000000e+02	2.23030265e+11
6.79000000e+02	2.12670813e+11
6.80000000e+02	2.02341727e+11
6.81000000e+02	1.92041585e+11
6.82000000e+02	1.81769188e+11
6.83000000e+02	1.71523071e+11
6.84000000e+02	1.61302014e+11
6.85000000e+02	1.51104595e+11
6.86000000e+02	1.40929409e+11
6.87000000e+02	1.30774979e+11
6.88000000e+02	1.20639907e+11
6.89000000e+02	1.10522802e+11
6.90000000e+02	1.00422276e+11
6.91000000e+02	9.03368881e+10
6.92000000e+02	8.02650745e+10
6.93000000e+02	7.02053337e+10
6.94000000e+02	6.01562202e+10
6.95000000e+02	5.01162385e+10
6.96000000e+02	4.00838633e+10
6.97000000e+02	3.00575796e+10
6.98000000e+02	2.00358465e+10
6.99000000e+02	1.00171519e+10
7.00000000e+02	0.00000000e+00
