# Profil de FluxX au temps 6.000000000000061e-12 
# simu : /Volumes/MERCURE/JOBS/Zeq1_tanh_50mic_7p5e19_B0_20ps/GNU/FluxX@y-c.set
# col 0 : abscisse (um)
# col 1 : FluxX (W/cm2)
0.00000000e+00	0.00000000e+00
1.00000000e+00	5.63550708e+06
2.00000000e+00	1.11857706e+07
3.00000000e+00	1.70026609e+07
4.00000000e+00	2.26654624e+07
5.00000000e+00	2.83516797e+07
6.00000000e+00	3.40794420e+07
7.00000000e+00	3.98604052e+07
8.00000000e+00	4.57044885e+07
9.00000000e+00	5.16211414e+07
1.00000000e+01	5.76198186e+07
1.10000000e+01	6.37100949e+07
1.20000000e+01	6.99016892e+07
1.30000000e+01	7.62044824e+07
1.40000000e+01	8.26285337e+07
1.50000000e+01	8.91840920e+07
1.60000000e+01	9.58816154e+07
1.70000000e+01	1.02731788e+08
1.80000000e+01	1.09745532e+08
1.90000000e+01	1.16934031e+08
2.00000000e+01	1.24308746e+08
2.10000000e+01	1.31881428e+08
2.20000000e+01	1.39664145e+08
2.30000000e+01	1.47669296e+08
2.40000000e+01	1.55909630e+08
2.50000000e+01	1.64398268e+08
2.60000000e+01	1.73148724e+08
2.70000000e+01	1.82174922e+08
2.80000000e+01	1.91491220e+08
2.90000000e+01	2.01112430e+08
3.00000000e+01	2.11053842e+08
3.10000000e+01	2.21331248e+08
3.20000000e+01	2.31960964e+08
3.30000000e+01	2.42959857e+08
3.40000000e+01	2.54345376e+08
3.50000000e+01	2.66135574e+08
3.60000000e+01	2.78349142e+08
3.70000000e+01	2.91005437e+08
3.80000000e+01	3.04124515e+08
3.90000000e+01	3.17727162e+08
4.00000000e+01	3.31834926e+08
4.10000000e+01	3.46470151e+08
4.20000000e+01	3.61656008e+08
4.30000000e+01	3.77416532e+08
4.40000000e+01	3.93776655e+08
4.50000000e+01	4.10762246e+08
4.60000000e+01	4.28400141e+08
4.70000000e+01	4.46718191e+08
4.80000000e+01	4.65745297e+08
4.90000000e+01	4.85511457e+08
5.00000000e+01	5.06047810e+08
5.10000000e+01	5.27386684e+08
5.20000000e+01	5.49561643e+08
5.30000000e+01	5.72607540e+08
5.40000000e+01	5.96560571e+08
5.50000000e+01	6.21458326e+08
5.60000000e+01	6.47339849e+08
5.70000000e+01	6.74245693e+08
5.80000000e+01	7.02217984e+08
5.90000000e+01	7.31300482e+08
6.00000000e+01	7.61538642e+08
6.10000000e+01	7.92979684e+08
6.20000000e+01	8.25672663e+08
6.30000000e+01	8.59668535e+08
6.40000000e+01	8.95020237e+08
6.50000000e+01	9.31782757e+08
6.60000000e+01	9.70013219e+08
6.70000000e+01	1.00977096e+09
6.80000000e+01	1.05111761e+09
6.90000000e+01	1.09411719e+09
7.00000000e+01	1.13883621e+09
7.10000000e+01	1.18534372e+09
7.20000000e+01	1.23371146e+09
7.30000000e+01	1.28401393e+09
7.40000000e+01	1.33632849e+09
7.50000000e+01	1.39073548e+09
7.60000000e+01	1.44731833e+09
7.70000000e+01	1.50616367e+09
7.80000000e+01	1.56736144e+09
7.90000000e+01	1.63100501e+09
8.00000000e+01	1.69719132e+09
8.10000000e+01	1.76602101e+09
8.20000000e+01	1.83759854e+09
8.30000000e+01	1.91203233e+09
8.40000000e+01	1.98943490e+09
8.50000000e+01	2.06992303e+09
8.60000000e+01	2.15361790e+09
8.70000000e+01	2.24064524e+09
8.80000000e+01	2.33113551e+09
8.90000000e+01	2.42522405e+09
9.00000000e+01	2.52305123e+09
9.10000000e+01	2.62476267e+09
9.20000000e+01	2.73050940e+09
9.30000000e+01	2.84044802e+09
9.40000000e+01	2.95474093e+09
9.50000000e+01	3.07355650e+09
9.60000000e+01	3.19706929e+09
9.70000000e+01	3.32546022e+09
9.80000000e+01	3.45891684e+09
9.90000000e+01	3.59763350e+09
1.00000000e+02	3.74181160e+09
1.01000000e+02	3.89165980e+09
1.02000000e+02	4.04739428e+09
1.03000000e+02	4.20923896e+09
1.04000000e+02	4.37742577e+09
1.05000000e+02	4.55219489e+09
1.06000000e+02	4.73379500e+09
1.07000000e+02	4.92248360e+09
1.08000000e+02	5.11852722e+09
1.09000000e+02	5.32220172e+09
1.10000000e+02	5.53379262e+09
1.11000000e+02	5.75359533e+09
1.12000000e+02	5.98191550e+09
1.13000000e+02	6.21906929e+09
1.14000000e+02	6.46538372e+09
1.15000000e+02	6.72119697e+09
1.16000000e+02	6.98685871e+09
1.17000000e+02	7.26273044e+09
1.18000000e+02	7.54918581e+09
1.19000000e+02	7.84661100e+09
1.20000000e+02	8.15540508e+09
1.21000000e+02	8.47598030e+09
1.22000000e+02	8.80876256e+09
1.23000000e+02	9.15419171e+09
1.24000000e+02	9.51272197e+09
1.25000000e+02	9.88482229e+09
1.26000000e+02	1.02709768e+10
1.27000000e+02	1.06716850e+10
1.28000000e+02	1.10874627e+10
1.29000000e+02	1.15188416e+10
1.30000000e+02	1.19663705e+10
1.31000000e+02	1.24306154e+10
1.32000000e+02	1.29121598e+10
1.33000000e+02	1.34116052e+10
1.34000000e+02	1.39295717e+10
1.35000000e+02	1.44666984e+10
1.36000000e+02	1.50236436e+10
1.37000000e+02	1.56010857e+10
1.38000000e+02	1.61997230e+10
1.39000000e+02	1.68202748e+10
1.40000000e+02	1.74634816e+10
1.41000000e+02	1.81301052e+10
1.42000000e+02	1.88209300e+10
1.43000000e+02	1.95367626e+10
1.44000000e+02	2.02784326e+10
1.45000000e+02	2.10467932e+10
1.46000000e+02	2.18427214e+10
1.47000000e+02	2.26671187e+10
1.48000000e+02	2.35209113e+10
1.49000000e+02	2.44050507e+10
1.50000000e+02	2.53205140e+10
1.51000000e+02	2.62683046e+10
1.52000000e+02	2.72494523e+10
1.53000000e+02	2.82650140e+10
1.54000000e+02	2.93160739e+10
1.55000000e+02	3.04037441e+10
1.56000000e+02	3.15291648e+10
1.57000000e+02	3.26935048e+10
1.58000000e+02	3.38979620e+10
1.59000000e+02	3.51437635e+10
1.60000000e+02	3.64321661e+10
1.61000000e+02	3.77644566e+10
1.62000000e+02	3.91419521e+10
1.63000000e+02	4.05660005e+10
1.64000000e+02	4.20379806e+10
1.65000000e+02	4.35593022e+10
1.66000000e+02	4.51314068e+10
1.67000000e+02	4.67557674e+10
1.68000000e+02	4.84338890e+10
1.69000000e+02	5.01673087e+10
1.70000000e+02	5.19575959e+10
1.71000000e+02	5.38063522e+10
1.72000000e+02	5.57152118e+10
1.73000000e+02	5.76858416e+10
1.74000000e+02	5.97199411e+10
1.75000000e+02	6.18192422e+10
1.76000000e+02	6.39855100e+10
1.77000000e+02	6.62205417e+10
1.78000000e+02	6.85261676e+10
1.79000000e+02	7.09042500e+10
1.80000000e+02	7.33566838e+10
1.81000000e+02	7.58853962e+10
1.82000000e+02	7.84923461e+10
1.83000000e+02	8.11795242e+10
1.84000000e+02	8.39489528e+10
1.85000000e+02	8.68026851e+10
1.86000000e+02	8.97428053e+10
1.87000000e+02	9.27714276e+10
1.88000000e+02	9.58906963e+10
1.89000000e+02	9.91027852e+10
1.90000000e+02	1.02409897e+11
1.91000000e+02	1.05814262e+11
1.92000000e+02	1.09318139e+11
1.93000000e+02	1.12923813e+11
1.94000000e+02	1.16633597e+11
1.95000000e+02	1.20449827e+11
1.96000000e+02	1.24374864e+11
1.97000000e+02	1.28411095e+11
1.98000000e+02	1.32560928e+11
1.99000000e+02	1.36826793e+11
2.00000000e+02	1.41211141e+11
2.01000000e+02	1.45716443e+11
2.02000000e+02	1.50345188e+11
2.03000000e+02	1.55099885e+11
2.04000000e+02	1.59983055e+11
2.05000000e+02	1.64997238e+11
2.06000000e+02	1.70144984e+11
2.07000000e+02	1.75428860e+11
2.08000000e+02	1.80851439e+11
2.09000000e+02	1.86415306e+11
2.10000000e+02	1.92123054e+11
2.11000000e+02	1.97977282e+11
2.12000000e+02	2.03980593e+11
2.13000000e+02	2.10135593e+11
2.14000000e+02	2.16444890e+11
2.15000000e+02	2.22911093e+11
2.16000000e+02	2.29536805e+11
2.17000000e+02	2.36324629e+11
2.18000000e+02	2.43277159e+11
2.19000000e+02	2.50396984e+11
2.20000000e+02	2.57686680e+11
2.21000000e+02	2.65148814e+11
2.22000000e+02	2.72785938e+11
2.23000000e+02	2.80600589e+11
2.24000000e+02	2.88595283e+11
2.25000000e+02	2.96772521e+11
2.26000000e+02	3.05134777e+11
2.27000000e+02	3.13684503e+11
2.28000000e+02	3.22424126e+11
2.29000000e+02	3.31356040e+11
2.30000000e+02	3.40482611e+11
2.31000000e+02	3.49806171e+11
2.32000000e+02	3.59329017e+11
2.33000000e+02	3.69053407e+11
2.34000000e+02	3.78981559e+11
2.35000000e+02	3.89115650e+11
2.36000000e+02	3.99457810e+11
2.37000000e+02	4.10010124e+11
2.38000000e+02	4.20774627e+11
2.39000000e+02	4.31753302e+11
2.40000000e+02	4.42948078e+11
2.41000000e+02	4.54360828e+11
2.42000000e+02	4.65993366e+11
2.43000000e+02	4.77847447e+11
2.44000000e+02	4.89924761e+11
2.45000000e+02	5.02226933e+11
2.46000000e+02	5.14755521e+11
2.47000000e+02	5.27512013e+11
2.48000000e+02	5.40497827e+11
2.49000000e+02	5.53714303e+11
2.50000000e+02	5.67162709e+11
2.51000000e+02	5.80844233e+11
2.52000000e+02	5.94759983e+11
2.53000000e+02	6.08910985e+11
2.54000000e+02	6.23298182e+11
2.55000000e+02	6.37922429e+11
2.56000000e+02	6.52784495e+11
2.57000000e+02	6.67885059e+11
2.58000000e+02	6.83224708e+11
2.59000000e+02	6.98803937e+11
2.60000000e+02	7.14623146e+11
2.61000000e+02	7.30682639e+11
2.62000000e+02	7.46982621e+11
2.63000000e+02	7.63523200e+11
2.64000000e+02	7.80304382e+11
2.65000000e+02	7.97326073e+11
2.66000000e+02	8.14588074e+11
2.67000000e+02	8.32090082e+11
2.68000000e+02	8.49831690e+11
2.69000000e+02	8.67812385e+11
2.70000000e+02	8.86031544e+11
2.71000000e+02	9.04488438e+11
2.72000000e+02	9.23182231e+11
2.73000000e+02	9.42111973e+11
2.74000000e+02	9.61276607e+11
2.75000000e+02	9.80674965e+11
2.76000000e+02	1.00030577e+12
2.77000000e+02	1.02016762e+12
2.78000000e+02	1.04025903e+12
2.79000000e+02	1.06057837e+12
2.80000000e+02	1.08112391e+12
2.81000000e+02	1.10189383e+12
2.82000000e+02	1.12288616e+12
2.83000000e+02	1.14409884e+12
2.84000000e+02	1.16552970e+12
2.85000000e+02	1.18717645e+12
2.86000000e+02	1.20903670e+12
2.87000000e+02	1.23110793e+12
2.88000000e+02	1.25338753e+12
2.89000000e+02	1.27587276e+12
2.90000000e+02	1.29856080e+12
2.91000000e+02	1.32144870e+12
2.92000000e+02	1.34453340e+12
2.93000000e+02	1.36781176e+12
2.94000000e+02	1.39128050e+12
2.95000000e+02	1.41493627e+12
2.96000000e+02	1.43877560e+12
2.97000000e+02	1.46279490e+12
2.98000000e+02	1.48699053e+12
2.99000000e+02	1.51135871e+12
3.00000000e+02	1.53589557e+12
3.01000000e+02	1.56059715e+12
3.02000000e+02	1.58545941e+12
3.03000000e+02	1.61047819e+12
3.04000000e+02	1.63564926e+12
3.05000000e+02	1.66096830e+12
3.06000000e+02	1.68643089e+12
3.07000000e+02	1.71203254e+12
3.08000000e+02	1.73776868e+12
3.09000000e+02	1.76363464e+12
3.10000000e+02	1.78962568e+12
3.11000000e+02	1.81573701e+12
3.12000000e+02	1.84196372e+12
3.13000000e+02	1.86830087e+12
3.14000000e+02	1.89474342e+12
3.15000000e+02	1.92128628e+12
3.16000000e+02	1.94792429e+12
3.17000000e+02	1.97465223e+12
3.18000000e+02	2.00146482e+12
3.19000000e+02	2.02835673e+12
3.20000000e+02	2.05532256e+12
3.21000000e+02	2.08235687e+12
3.22000000e+02	2.10945416e+12
3.23000000e+02	2.13660889e+12
3.24000000e+02	2.16381548e+12
3.25000000e+02	2.19106831e+12
3.26000000e+02	2.21836171e+12
3.27000000e+02	2.24568997e+12
3.28000000e+02	2.27304737e+12
3.29000000e+02	2.30042813e+12
3.30000000e+02	2.32782648e+12
3.31000000e+02	2.35523658e+12
3.32000000e+02	2.38265260e+12
3.33000000e+02	2.41006868e+12
3.34000000e+02	2.43747894e+12
3.35000000e+02	2.46487748e+12
3.36000000e+02	2.49225842e+12
3.37000000e+02	2.51961583e+12
3.38000000e+02	2.54694379e+12
3.39000000e+02	2.57423639e+12
3.40000000e+02	2.60148771e+12
3.41000000e+02	2.62869182e+12
3.42000000e+02	2.65584281e+12
3.43000000e+02	2.68293476e+12
3.44000000e+02	2.70996180e+12
3.45000000e+02	2.73691802e+12
3.46000000e+02	2.76379756e+12
3.47000000e+02	2.79059457e+12
3.48000000e+02	2.81730321e+12
3.49000000e+02	2.84391768e+12
3.50000000e+02	2.87043219e+12
3.51000000e+02	2.89684098e+12
3.52000000e+02	2.92313833e+12
3.53000000e+02	2.94931855e+12
3.54000000e+02	2.97537596e+12
3.55000000e+02	3.00130496e+12
3.56000000e+02	3.02709996e+12
3.57000000e+02	3.05275540e+12
3.58000000e+02	3.07826580e+12
3.59000000e+02	3.10362570e+12
3.60000000e+02	3.12882969e+12
3.61000000e+02	3.15387240e+12
3.62000000e+02	3.17874854e+12
3.63000000e+02	3.20345284e+12
3.64000000e+02	3.22798010e+12
3.65000000e+02	3.25232518e+12
3.66000000e+02	3.27648298e+12
3.67000000e+02	3.30044846e+12
3.68000000e+02	3.32421666e+12
3.69000000e+02	3.34778267e+12
3.70000000e+02	3.37114162e+12
3.71000000e+02	3.39428874e+12
3.72000000e+02	3.41721929e+12
3.73000000e+02	3.43992862e+12
3.74000000e+02	3.46241211e+12
3.75000000e+02	3.48466524e+12
3.76000000e+02	3.50668355e+12
3.77000000e+02	3.52846261e+12
3.78000000e+02	3.54999809e+12
3.79000000e+02	3.57128572e+12
3.80000000e+02	3.59232128e+12
3.81000000e+02	3.61310062e+12
3.82000000e+02	3.63361965e+12
3.83000000e+02	3.65387435e+12
3.84000000e+02	3.67386075e+12
3.85000000e+02	3.69357494e+12
3.86000000e+02	3.71301308e+12
3.87000000e+02	3.73217136e+12
3.88000000e+02	3.75104605e+12
3.89000000e+02	3.76963345e+12
3.90000000e+02	3.78792993e+12
3.91000000e+02	3.80593188e+12
3.92000000e+02	3.82363577e+12
3.93000000e+02	3.84103806e+12
3.94000000e+02	3.85813530e+12
3.95000000e+02	3.87492405e+12
3.96000000e+02	3.89140088e+12
3.97000000e+02	3.90756242e+12
3.98000000e+02	3.92340531e+12
3.99000000e+02	3.93892620e+12
4.00000000e+02	3.95412177e+12
4.01000000e+02	3.96898870e+12
4.02000000e+02	3.98352367e+12
4.03000000e+02	3.99772337e+12
4.04000000e+02	4.01158449e+12
4.05000000e+02	4.02510370e+12
4.06000000e+02	4.03827766e+12
4.07000000e+02	4.05110300e+12
4.08000000e+02	4.06357634e+12
4.09000000e+02	4.07569428e+12
4.10000000e+02	4.08745335e+12
4.11000000e+02	4.09885008e+12
4.12000000e+02	4.10988094e+12
4.13000000e+02	4.12054233e+12
4.14000000e+02	4.13083063e+12
4.15000000e+02	4.14074215e+12
4.16000000e+02	4.15027312e+12
4.17000000e+02	4.15941973e+12
4.18000000e+02	4.16817809e+12
4.19000000e+02	4.17654423e+12
4.20000000e+02	4.18451410e+12
4.21000000e+02	4.19208358e+12
4.22000000e+02	4.19924846e+12
4.23000000e+02	4.20600447e+12
4.24000000e+02	4.21234720e+12
4.25000000e+02	4.21827221e+12
4.26000000e+02	4.22377495e+12
4.27000000e+02	4.22885076e+12
4.28000000e+02	4.23349492e+12
4.29000000e+02	4.23770262e+12
4.30000000e+02	4.24146896e+12
4.31000000e+02	4.24478895e+12
4.32000000e+02	4.24765754e+12
4.33000000e+02	4.25006958e+12
4.34000000e+02	4.25201987e+12
4.35000000e+02	4.25350312e+12
4.36000000e+02	4.25451400e+12
4.37000000e+02	4.25504710e+12
4.38000000e+02	4.25509699e+12
4.39000000e+02	4.25465818e+12
4.40000000e+02	4.25372515e+12
4.41000000e+02	4.25229235e+12
4.42000000e+02	4.25035422e+12
4.43000000e+02	4.24790519e+12
4.44000000e+02	4.24493970e+12
4.45000000e+02	4.24145221e+12
4.46000000e+02	4.23743719e+12
4.47000000e+02	4.23288917e+12
4.48000000e+02	4.22780272e+12
4.49000000e+02	4.22217246e+12
4.50000000e+02	4.21599313e+12
4.51000000e+02	4.20925951e+12
4.52000000e+02	4.20196654e+12
4.53000000e+02	4.19410923e+12
4.54000000e+02	4.18568276e+12
4.55000000e+02	4.17668244e+12
4.56000000e+02	4.16710377e+12
4.57000000e+02	4.15694241e+12
4.58000000e+02	4.14619423e+12
4.59000000e+02	4.13485529e+12
4.60000000e+02	4.12292192e+12
4.61000000e+02	4.11039066e+12
4.62000000e+02	4.09725833e+12
4.63000000e+02	4.08352203e+12
4.64000000e+02	4.06917915e+12
4.65000000e+02	4.05422738e+12
4.66000000e+02	4.03866478e+12
4.67000000e+02	4.02248971e+12
4.68000000e+02	4.00570091e+12
4.69000000e+02	3.98829752e+12
4.70000000e+02	3.97027906e+12
4.71000000e+02	3.95164545e+12
4.72000000e+02	3.93239707e+12
4.73000000e+02	3.91253473e+12
4.74000000e+02	3.89205971e+12
4.75000000e+02	3.87097378e+12
4.76000000e+02	3.84927920e+12
4.77000000e+02	3.82697874e+12
4.78000000e+02	3.80407570e+12
4.79000000e+02	3.78057395e+12
4.80000000e+02	3.75647789e+12
4.81000000e+02	3.73179250e+12
4.82000000e+02	3.70652337e+12
4.83000000e+02	3.68067666e+12
4.84000000e+02	3.65425916e+12
4.85000000e+02	3.62727827e+12
4.86000000e+02	3.59974203e+12
4.87000000e+02	3.57165910e+12
4.88000000e+02	3.54303878e+12
4.89000000e+02	3.51389101e+12
4.90000000e+02	3.48422637e+12
4.91000000e+02	3.45405606e+12
4.92000000e+02	3.42339194e+12
4.93000000e+02	3.39224643e+12
4.94000000e+02	3.36063260e+12
4.95000000e+02	3.32856406e+12
4.96000000e+02	3.29605500e+12
4.97000000e+02	3.26312013e+12
4.98000000e+02	3.22977467e+12
4.99000000e+02	3.19603429e+12
5.00000000e+02	3.16191509e+12
5.01000000e+02	3.12743353e+12
5.02000000e+02	3.09260643e+12
5.03000000e+02	3.05745087e+12
5.04000000e+02	3.02198415e+12
5.05000000e+02	2.98622374e+12
5.06000000e+02	2.95018721e+12
5.07000000e+02	2.91389218e+12
5.08000000e+02	2.87735624e+12
5.09000000e+02	2.84059691e+12
5.10000000e+02	2.80363153e+12
5.11000000e+02	2.76647728e+12
5.12000000e+02	2.72915102e+12
5.13000000e+02	2.69166932e+12
5.14000000e+02	2.65404835e+12
5.15000000e+02	2.61630385e+12
5.16000000e+02	2.57845109e+12
5.17000000e+02	2.54050483e+12
5.18000000e+02	2.50247928e+12
5.19000000e+02	2.46438808e+12
5.20000000e+02	2.42624425e+12
5.21000000e+02	2.38806024e+12
5.22000000e+02	2.34984787e+12
5.23000000e+02	2.31161835e+12
5.24000000e+02	2.27338228e+12
5.25000000e+02	2.23514968e+12
5.26000000e+02	2.19693001e+12
5.27000000e+02	2.15873219e+12
5.28000000e+02	2.12056463e+12
5.29000000e+02	2.08243528e+12
5.30000000e+02	2.04435167e+12
5.31000000e+02	2.00632098e+12
5.32000000e+02	1.96835007e+12
5.33000000e+02	1.93044554e+12
5.34000000e+02	1.89261379e+12
5.35000000e+02	1.85486111e+12
5.36000000e+02	1.81719371e+12
5.37000000e+02	1.77961780e+12
5.38000000e+02	1.74213968e+12
5.39000000e+02	1.70476575e+12
5.40000000e+02	1.66750265e+12
5.41000000e+02	1.63035725e+12
5.42000000e+02	1.59333677e+12
5.43000000e+02	1.55644883e+12
5.44000000e+02	1.51970148e+12
5.45000000e+02	1.48310329e+12
5.46000000e+02	1.44666339e+12
5.47000000e+02	1.41039150e+12
5.48000000e+02	1.37429800e+12
5.49000000e+02	1.33839394e+12
5.50000000e+02	1.30269109e+12
5.51000000e+02	1.26720194e+12
5.52000000e+02	1.23193974e+12
5.53000000e+02	1.19691850e+12
5.54000000e+02	1.16215298e+12
5.55000000e+02	1.12765869e+12
5.56000000e+02	1.09345187e+12
5.57000000e+02	1.05954947e+12
5.58000000e+02	1.02596910e+12
5.59000000e+02	9.92729000e+11
5.60000000e+02	9.59847963e+11
5.61000000e+02	9.27345293e+11
5.62000000e+02	8.95240717e+11
5.63000000e+02	8.63554306e+11
5.64000000e+02	8.32306378e+11
5.65000000e+02	8.01517403e+11
5.66000000e+02	7.71207889e+11
5.67000000e+02	7.41398271e+11
5.68000000e+02	7.12108788e+11
5.69000000e+02	6.83359358e+11
5.70000000e+02	6.55169448e+11
5.71000000e+02	6.27557943e+11
5.72000000e+02	6.00543017e+11
5.73000000e+02	5.74141994e+11
5.74000000e+02	5.48371227e+11
5.75000000e+02	5.23245968e+11
5.76000000e+02	4.98780250e+11
5.77000000e+02	4.74986775e+11
5.78000000e+02	4.51876809e+11
5.79000000e+02	4.29460088e+11
5.80000000e+02	4.07744741e+11
5.81000000e+02	3.86737215e+11
5.82000000e+02	3.66442221e+11
5.83000000e+02	3.46862696e+11
5.84000000e+02	3.27999778e+11
5.85000000e+02	3.09852793e+11
5.86000000e+02	2.92419262e+11
5.87000000e+02	2.75694928e+11
5.88000000e+02	2.59673787e+11
5.89000000e+02	2.44348143e+11
5.90000000e+02	2.29708675e+11
5.91000000e+02	2.15744516e+11
5.92000000e+02	2.02443341e+11
5.93000000e+02	1.89791468e+11
5.94000000e+02	1.77773973e+11
5.95000000e+02	1.66374799e+11
5.96000000e+02	1.55576883e+11
5.97000000e+02	1.45362279e+11
5.98000000e+02	1.35712288e+11
5.99000000e+02	1.26607584e+11
6.00000000e+02	1.18028344e+11
6.01000000e+02	1.09954371e+11
6.02000000e+02	1.02365214e+11
6.03000000e+02	9.52402862e+10
6.04000000e+02	8.85589722e+10
6.05000000e+02	8.23007327e+10
6.06000000e+02	7.64452031e+10
6.07000000e+02	7.09722774e+10
6.08000000e+02	6.58621866e+10
6.09000000e+02	6.10955790e+10
6.10000000e+02	5.66535681e+10
6.11000000e+02	5.25177965e+10
6.12000000e+02	4.86704790e+10
6.13000000e+02	4.50944390e+10
6.14000000e+02	4.17731396e+10
6.15000000e+02	3.86907053e+10
6.16000000e+02	3.58319380e+10
6.17000000e+02	3.31823268e+10
6.18000000e+02	3.07280516e+10
6.19000000e+02	2.84559816e+10
6.20000000e+02	2.63536698e+10
6.21000000e+02	2.44093432e+10
6.22000000e+02	2.26118890e+10
6.23000000e+02	2.09508386e+10
6.24000000e+02	1.94163486e+10
6.25000000e+02	1.79991801e+10
6.26000000e+02	1.66906763e+10
6.27000000e+02	1.54827388e+10
6.28000000e+02	1.43678036e+10
6.29000000e+02	1.33388156e+10
6.30000000e+02	1.23892032e+10
6.31000000e+02	1.15128539e+10
6.32000000e+02	1.07040884e+10
6.33000000e+02	9.95763649e+09
6.34000000e+02	9.26861269e+09
6.35000000e+02	8.63249268e+09
6.36000000e+02	8.04509083e+09
6.37000000e+02	7.50253826e+09
6.38000000e+02	7.00126174e+09
6.39000000e+02	6.53796370e+09
6.40000000e+02	6.10960318e+09
6.41000000e+02	5.71337778e+09
6.42000000e+02	5.34670636e+09
6.43000000e+02	5.00721296e+09
6.44000000e+02	4.69271166e+09
6.45000000e+02	4.40119221e+09
6.46000000e+02	4.13080665e+09
6.47000000e+02	3.87985688e+09
6.48000000e+02	3.64678298e+09
6.49000000e+02	3.43015229e+09
6.50000000e+02	3.22864939e+09
6.51000000e+02	3.04106670e+09
6.52000000e+02	2.86629578e+09
6.53000000e+02	2.70331930e+09
6.54000000e+02	2.55120363e+09
6.55000000e+02	2.40909189e+09
6.56000000e+02	2.27619770e+09
6.57000000e+02	2.15179926e+09
6.58000000e+02	2.03523399e+09
6.59000000e+02	1.92589357e+09
6.60000000e+02	1.82321934e+09
6.61000000e+02	1.72669811e+09
6.62000000e+02	1.63585831e+09
6.63000000e+02	1.55026643e+09
6.64000000e+02	1.46952375e+09
6.65000000e+02	1.39326334e+09
6.66000000e+02	1.32114734e+09
6.67000000e+02	1.25286445e+09
6.68000000e+02	1.18812757e+09
6.69000000e+02	1.12667175e+09
6.70000000e+02	1.06825220e+09
6.71000000e+02	1.01264257e+09
6.72000000e+02	9.59633295e+08
6.73000000e+02	9.09030116e+08
6.74000000e+02	8.60652738e+08
6.75000000e+02	8.14333579e+08
6.76000000e+02	7.69916652e+08
6.77000000e+02	7.27256524e+08
6.78000000e+02	6.86217385e+08
6.79000000e+02	6.46672187e+08
6.80000000e+02	6.08501879e+08
6.81000000e+02	5.71594702e+08
6.82000000e+02	5.35845558e+08
6.83000000e+02	5.01155448e+08
6.84000000e+02	4.67430975e+08
6.85000000e+02	4.34583899e+08
6.86000000e+02	4.02530765e+08
6.87000000e+02	3.71192579e+08
6.88000000e+02	3.40494549e+08
6.89000000e+02	3.10365881e+08
6.90000000e+02	2.80739631e+08
6.91000000e+02	2.51552613e+08
6.92000000e+02	2.22745352e+08
6.93000000e+02	1.94262074e+08
6.94000000e+02	1.66050724e+08
6.95000000e+02	1.38062970e+08
6.96000000e+02	1.10254176e+08
6.97000000e+02	8.25829673e+07
6.98000000e+02	5.49919042e+07
6.99000000e+02	2.74760274e+07
7.00000000e+02	0.00000000e+00
