# Profil de Te au temps 1.100000000000014e-11 
# simu : /Volumes/MERCURE/JOBS/Zeq1_tanh_50mic_7p5e19_B0_20ps/GNU/Te@y-c.set
# col 0 : abscisse (um)
# col 1 : Te (keV)
5.00000000e-01	9.98963807e-01
1.50000000e+00	9.98962984e-01
2.50000000e+00	9.98961352e-01
3.50000000e+00	9.98958901e-01
4.50000000e+00	9.98955629e-01
5.50000000e+00	9.98951536e-01
6.50000000e+00	9.98946620e-01
7.50000000e+00	9.98940881e-01
8.50000000e+00	9.98934314e-01
9.50000000e+00	9.98926918e-01
1.05000000e+01	9.98918690e-01
1.15000000e+01	9.98909627e-01
1.25000000e+01	9.98899724e-01
1.35000000e+01	9.98888979e-01
1.45000000e+01	9.98877386e-01
1.55000000e+01	9.98864942e-01
1.65000000e+01	9.98851641e-01
1.75000000e+01	9.98837478e-01
1.85000000e+01	9.98822448e-01
1.95000000e+01	9.98806545e-01
2.05000000e+01	9.98789763e-01
2.15000000e+01	9.98772094e-01
2.25000000e+01	9.98753534e-01
2.35000000e+01	9.98734073e-01
2.45000000e+01	9.98713706e-01
2.55000000e+01	9.98692424e-01
2.65000000e+01	9.98670219e-01
2.75000000e+01	9.98647083e-01
2.85000000e+01	9.98623007e-01
2.95000000e+01	9.98597983e-01
3.05000000e+01	9.98572001e-01
3.15000000e+01	9.98545051e-01
3.25000000e+01	9.98517124e-01
3.35000000e+01	9.98488210e-01
3.45000000e+01	9.98458299e-01
3.55000000e+01	9.98427379e-01
3.65000000e+01	9.98395440e-01
3.75000000e+01	9.98362470e-01
3.85000000e+01	9.98328458e-01
3.95000000e+01	9.98293392e-01
4.05000000e+01	9.98257260e-01
4.15000000e+01	9.98220050e-01
4.25000000e+01	9.98181749e-01
4.35000000e+01	9.98142344e-01
4.45000000e+01	9.98101822e-01
4.55000000e+01	9.98060170e-01
4.65000000e+01	9.98017374e-01
4.75000000e+01	9.97973420e-01
4.85000000e+01	9.97928294e-01
4.95000000e+01	9.97881982e-01
5.05000000e+01	9.97834468e-01
5.15000000e+01	9.97785739e-01
5.25000000e+01	9.97735778e-01
5.35000000e+01	9.97684572e-01
5.45000000e+01	9.97632103e-01
5.55000000e+01	9.97578356e-01
5.65000000e+01	9.97523316e-01
5.75000000e+01	9.97466965e-01
5.85000000e+01	9.97409289e-01
5.95000000e+01	9.97350269e-01
6.05000000e+01	9.97289889e-01
6.15000000e+01	9.97228133e-01
6.25000000e+01	9.97164982e-01
6.35000000e+01	9.97100420e-01
6.45000000e+01	9.97034429e-01
6.55000000e+01	9.96966991e-01
6.65000000e+01	9.96898088e-01
6.75000000e+01	9.96827702e-01
6.85000000e+01	9.96755814e-01
6.95000000e+01	9.96682407e-01
7.05000000e+01	9.96607462e-01
7.15000000e+01	9.96530960e-01
7.25000000e+01	9.96452881e-01
7.35000000e+01	9.96373208e-01
7.45000000e+01	9.96291921e-01
7.55000000e+01	9.96209000e-01
7.65000000e+01	9.96124427e-01
7.75000000e+01	9.96038181e-01
7.85000000e+01	9.95950243e-01
7.95000000e+01	9.95860593e-01
8.05000000e+01	9.95769212e-01
8.15000000e+01	9.95676080e-01
8.25000000e+01	9.95581176e-01
8.35000000e+01	9.95484480e-01
8.45000000e+01	9.95385972e-01
8.55000000e+01	9.95285633e-01
8.65000000e+01	9.95183440e-01
8.75000000e+01	9.95079375e-01
8.85000000e+01	9.94973416e-01
8.95000000e+01	9.94865543e-01
9.05000000e+01	9.94755736e-01
9.15000000e+01	9.94643973e-01
9.25000000e+01	9.94530235e-01
9.35000000e+01	9.94414500e-01
9.45000000e+01	9.94296747e-01
9.55000000e+01	9.94176957e-01
9.65000000e+01	9.94055108e-01
9.75000000e+01	9.93931180e-01
9.85000000e+01	9.93805152e-01
9.95000000e+01	9.93677003e-01
1.00500000e+02	9.93546712e-01
1.01500000e+02	9.93414259e-01
1.02500000e+02	9.93279624e-01
1.03500000e+02	9.93142785e-01
1.04500000e+02	9.93003722e-01
1.05500000e+02	9.92862414e-01
1.06500000e+02	9.92718841e-01
1.07500000e+02	9.92572981e-01
1.08500000e+02	9.92424816e-01
1.09500000e+02	9.92274323e-01
1.10500000e+02	9.92121484e-01
1.11500000e+02	9.91966278e-01
1.12500000e+02	9.91808684e-01
1.13500000e+02	9.91648683e-01
1.14500000e+02	9.91486255e-01
1.15500000e+02	9.91321379e-01
1.16500000e+02	9.91154036e-01
1.17500000e+02	9.90984207e-01
1.18500000e+02	9.90811871e-01
1.19500000e+02	9.90637010e-01
1.20500000e+02	9.90459604e-01
1.21500000e+02	9.90279633e-01
1.22500000e+02	9.90097080e-01
1.23500000e+02	9.89911924e-01
1.24500000e+02	9.89724147e-01
1.25500000e+02	9.89533731e-01
1.26500000e+02	9.89340657e-01
1.27500000e+02	9.89144906e-01
1.28500000e+02	9.88946461e-01
1.29500000e+02	9.88745303e-01
1.30500000e+02	9.88541415e-01
1.31500000e+02	9.88334779e-01
1.32500000e+02	9.88125377e-01
1.33500000e+02	9.87913192e-01
1.34500000e+02	9.87698208e-01
1.35500000e+02	9.87480406e-01
1.36500000e+02	9.87259771e-01
1.37500000e+02	9.87036285e-01
1.38500000e+02	9.86809933e-01
1.39500000e+02	9.86580699e-01
1.40500000e+02	9.86348565e-01
1.41500000e+02	9.86113518e-01
1.42500000e+02	9.85875540e-01
1.43500000e+02	9.85634617e-01
1.44500000e+02	9.85390734e-01
1.45500000e+02	9.85143876e-01
1.46500000e+02	9.84894028e-01
1.47500000e+02	9.84641176e-01
1.48500000e+02	9.84385306e-01
1.49500000e+02	9.84126403e-01
1.50500000e+02	9.83864455e-01
1.51500000e+02	9.83599446e-01
1.52500000e+02	9.83331365e-01
1.53500000e+02	9.83060199e-01
1.54500000e+02	9.82785934e-01
1.55500000e+02	9.82508557e-01
1.56500000e+02	9.82228058e-01
1.57500000e+02	9.81944423e-01
1.58500000e+02	9.81657641e-01
1.59500000e+02	9.81367700e-01
1.60500000e+02	9.81074589e-01
1.61500000e+02	9.80778298e-01
1.62500000e+02	9.80478814e-01
1.63500000e+02	9.80176128e-01
1.64500000e+02	9.79870230e-01
1.65500000e+02	9.79561108e-01
1.66500000e+02	9.79248754e-01
1.67500000e+02	9.78933158e-01
1.68500000e+02	9.78614311e-01
1.69500000e+02	9.78292203e-01
1.70500000e+02	9.77966825e-01
1.71500000e+02	9.77638170e-01
1.72500000e+02	9.77306228e-01
1.73500000e+02	9.76970993e-01
1.74500000e+02	9.76632455e-01
1.75500000e+02	9.76290607e-01
1.76500000e+02	9.75945442e-01
1.77500000e+02	9.75596952e-01
1.78500000e+02	9.75245132e-01
1.79500000e+02	9.74889973e-01
1.80500000e+02	9.74531470e-01
1.81500000e+02	9.74169617e-01
1.82500000e+02	9.73804407e-01
1.83500000e+02	9.73435834e-01
1.84500000e+02	9.73063894e-01
1.85500000e+02	9.72688580e-01
1.86500000e+02	9.72309888e-01
1.87500000e+02	9.71927813e-01
1.88500000e+02	9.71542349e-01
1.89500000e+02	9.71153493e-01
1.90500000e+02	9.70761240e-01
1.91500000e+02	9.70365585e-01
1.92500000e+02	9.69966525e-01
1.93500000e+02	9.69564057e-01
1.94500000e+02	9.69158176e-01
1.95500000e+02	9.68748879e-01
1.96500000e+02	9.68336162e-01
1.97500000e+02	9.67920023e-01
1.98500000e+02	9.67500459e-01
1.99500000e+02	9.67077466e-01
2.00500000e+02	9.66651042e-01
2.01500000e+02	9.66221185e-01
2.02500000e+02	9.65787892e-01
2.03500000e+02	9.65351160e-01
2.04500000e+02	9.64910988e-01
2.05500000e+02	9.64467373e-01
2.06500000e+02	9.64020314e-01
2.07500000e+02	9.63569808e-01
2.08500000e+02	9.63115853e-01
2.09500000e+02	9.62658449e-01
2.10500000e+02	9.62197592e-01
2.11500000e+02	9.61733282e-01
2.12500000e+02	9.61265516e-01
2.13500000e+02	9.60794294e-01
2.14500000e+02	9.60319614e-01
2.15500000e+02	9.59841474e-01
2.16500000e+02	9.59359872e-01
2.17500000e+02	9.58874808e-01
2.18500000e+02	9.58386280e-01
2.19500000e+02	9.57894285e-01
2.20500000e+02	9.57398823e-01
2.21500000e+02	9.56899892e-01
2.22500000e+02	9.56397491e-01
2.23500000e+02	9.55891616e-01
2.24500000e+02	9.55382268e-01
2.25500000e+02	9.54869443e-01
2.26500000e+02	9.54353140e-01
2.27500000e+02	9.53833357e-01
2.28500000e+02	9.53310091e-01
2.29500000e+02	9.52783340e-01
2.30500000e+02	9.52253101e-01
2.31500000e+02	9.51719373e-01
2.32500000e+02	9.51182151e-01
2.33500000e+02	9.50641433e-01
2.34500000e+02	9.50097215e-01
2.35500000e+02	9.49549494e-01
2.36500000e+02	9.48998266e-01
2.37500000e+02	9.48443528e-01
2.38500000e+02	9.47885274e-01
2.39500000e+02	9.47323500e-01
2.40500000e+02	9.46758202e-01
2.41500000e+02	9.46189374e-01
2.42500000e+02	9.45617010e-01
2.43500000e+02	9.45041105e-01
2.44500000e+02	9.44461652e-01
2.45500000e+02	9.43878645e-01
2.46500000e+02	9.43292077e-01
2.47500000e+02	9.42701940e-01
2.48500000e+02	9.42108226e-01
2.49500000e+02	9.41510926e-01
2.50500000e+02	9.40910033e-01
2.51500000e+02	9.40305535e-01
2.52500000e+02	9.39697424e-01
2.53500000e+02	9.39085689e-01
2.54500000e+02	9.38470319e-01
2.55500000e+02	9.37851302e-01
2.56500000e+02	9.37228626e-01
2.57500000e+02	9.36602278e-01
2.58500000e+02	9.35972245e-01
2.59500000e+02	9.35338512e-01
2.60500000e+02	9.34701064e-01
2.61500000e+02	9.34059885e-01
2.62500000e+02	9.33414960e-01
2.63500000e+02	9.32766270e-01
2.64500000e+02	9.32113799e-01
2.65500000e+02	9.31457527e-01
2.66500000e+02	9.30797434e-01
2.67500000e+02	9.30133499e-01
2.68500000e+02	9.29465703e-01
2.69500000e+02	9.28794021e-01
2.70500000e+02	9.28118430e-01
2.71500000e+02	9.27438907e-01
2.72500000e+02	9.26755426e-01
2.73500000e+02	9.26067959e-01
2.74500000e+02	9.25376481e-01
2.75500000e+02	9.24680962e-01
2.76500000e+02	9.23981373e-01
2.77500000e+02	9.23277682e-01
2.78500000e+02	9.22569857e-01
2.79500000e+02	9.21857866e-01
2.80500000e+02	9.21141673e-01
2.81500000e+02	9.20421243e-01
2.82500000e+02	9.19696539e-01
2.83500000e+02	9.18967522e-01
2.84500000e+02	9.18234152e-01
2.85500000e+02	9.17496387e-01
2.86500000e+02	9.16754186e-01
2.87500000e+02	9.16007503e-01
2.88500000e+02	9.15256294e-01
2.89500000e+02	9.14500510e-01
2.90500000e+02	9.13740103e-01
2.91500000e+02	9.12975023e-01
2.92500000e+02	9.12205217e-01
2.93500000e+02	9.11430631e-01
2.94500000e+02	9.10651210e-01
2.95500000e+02	9.09866897e-01
2.96500000e+02	9.09077632e-01
2.97500000e+02	9.08283355e-01
2.98500000e+02	9.07484004e-01
2.99500000e+02	9.06679512e-01
3.00500000e+02	9.05869815e-01
3.01500000e+02	9.05054844e-01
3.02500000e+02	9.04234527e-01
3.03500000e+02	9.03408793e-01
3.04500000e+02	9.02577568e-01
3.05500000e+02	9.01740774e-01
3.06500000e+02	9.00898333e-01
3.07500000e+02	9.00050165e-01
3.08500000e+02	8.99196185e-01
3.09500000e+02	8.98336310e-01
3.10500000e+02	8.97470452e-01
3.11500000e+02	8.96598521e-01
3.12500000e+02	8.95720425e-01
3.13500000e+02	8.94836069e-01
3.14500000e+02	8.93945358e-01
3.15500000e+02	8.93048193e-01
3.16500000e+02	8.92144471e-01
3.17500000e+02	8.91234090e-01
3.18500000e+02	8.90316942e-01
3.19500000e+02	8.89392919e-01
3.20500000e+02	8.88461911e-01
3.21500000e+02	8.87523803e-01
3.22500000e+02	8.86578478e-01
3.23500000e+02	8.85625819e-01
3.24500000e+02	8.84665704e-01
3.25500000e+02	8.83698009e-01
3.26500000e+02	8.82722607e-01
3.27500000e+02	8.81739370e-01
3.28500000e+02	8.80748165e-01
3.29500000e+02	8.79748858e-01
3.30500000e+02	8.78741312e-01
3.31500000e+02	8.77725387e-01
3.32500000e+02	8.76700941e-01
3.33500000e+02	8.75667829e-01
3.34500000e+02	8.74625903e-01
3.35500000e+02	8.73575013e-01
3.36500000e+02	8.72515006e-01
3.37500000e+02	8.71445726e-01
3.38500000e+02	8.70367015e-01
3.39500000e+02	8.69278712e-01
3.40500000e+02	8.68180653e-01
3.41500000e+02	8.67072672e-01
3.42500000e+02	8.65954601e-01
3.43500000e+02	8.64826267e-01
3.44500000e+02	8.63687498e-01
3.45500000e+02	8.62538115e-01
3.46500000e+02	8.61377942e-01
3.47500000e+02	8.60206795e-01
3.48500000e+02	8.59024490e-01
3.49500000e+02	8.57830842e-01
3.50500000e+02	8.56625661e-01
3.51500000e+02	8.55408757e-01
3.52500000e+02	8.54179935e-01
3.53500000e+02	8.52938999e-01
3.54500000e+02	8.51685752e-01
3.55500000e+02	8.50419993e-01
3.56500000e+02	8.49141519e-01
3.57500000e+02	8.47850126e-01
3.58500000e+02	8.46545607e-01
3.59500000e+02	8.45227754e-01
3.60500000e+02	8.43896356e-01
3.61500000e+02	8.42551200e-01
3.62500000e+02	8.41192072e-01
3.63500000e+02	8.39818755e-01
3.64500000e+02	8.38431033e-01
3.65500000e+02	8.37028686e-01
3.66500000e+02	8.35611492e-01
3.67500000e+02	8.34179230e-01
3.68500000e+02	8.32731676e-01
3.69500000e+02	8.31268605e-01
3.70500000e+02	8.29789790e-01
3.71500000e+02	8.28295005e-01
3.72500000e+02	8.26784021e-01
3.73500000e+02	8.25256609e-01
3.74500000e+02	8.23712539e-01
3.75500000e+02	8.22151581e-01
3.76500000e+02	8.20573502e-01
3.77500000e+02	8.18978072e-01
3.78500000e+02	8.17365058e-01
3.79500000e+02	8.15734228e-01
3.80500000e+02	8.14085350e-01
3.81500000e+02	8.12418190e-01
3.82500000e+02	8.10732516e-01
3.83500000e+02	8.09028097e-01
3.84500000e+02	8.07304700e-01
3.85500000e+02	8.05562095e-01
3.86500000e+02	8.03800050e-01
3.87500000e+02	8.02018336e-01
3.88500000e+02	8.00216724e-01
3.89500000e+02	7.98394987e-01
3.90500000e+02	7.96552897e-01
3.91500000e+02	7.94690230e-01
3.92500000e+02	7.92806763e-01
3.93500000e+02	7.90902274e-01
3.94500000e+02	7.88976542e-01
3.95500000e+02	7.87029351e-01
3.96500000e+02	7.85060485e-01
3.97500000e+02	7.83069730e-01
3.98500000e+02	7.81056878e-01
3.99500000e+02	7.79021719e-01
4.00500000e+02	7.76964050e-01
4.01500000e+02	7.74883670e-01
4.02500000e+02	7.72780380e-01
4.03500000e+02	7.70653986e-01
4.04500000e+02	7.68504298e-01
4.05500000e+02	7.66331130e-01
4.06500000e+02	7.64134298e-01
4.07500000e+02	7.61913626e-01
4.08500000e+02	7.59668940e-01
4.09500000e+02	7.57400071e-01
4.10500000e+02	7.55106858e-01
4.11500000e+02	7.52789141e-01
4.12500000e+02	7.50446768e-01
4.13500000e+02	7.48079592e-01
4.14500000e+02	7.45687473e-01
4.15500000e+02	7.43270276e-01
4.16500000e+02	7.40827873e-01
4.17500000e+02	7.38360142e-01
4.18500000e+02	7.35866968e-01
4.19500000e+02	7.33348243e-01
4.20500000e+02	7.30803868e-01
4.21500000e+02	7.28233747e-01
4.22500000e+02	7.25637797e-01
4.23500000e+02	7.23015940e-01
4.24500000e+02	7.20368105e-01
4.25500000e+02	7.17694232e-01
4.26500000e+02	7.14994267e-01
4.27500000e+02	7.12268167e-01
4.28500000e+02	7.09515896e-01
4.29500000e+02	7.06737428e-01
4.30500000e+02	7.03932745e-01
4.31500000e+02	7.01101839e-01
4.32500000e+02	6.98244712e-01
4.33500000e+02	6.95361376e-01
4.34500000e+02	6.92451850e-01
4.35500000e+02	6.89516167e-01
4.36500000e+02	6.86554365e-01
4.37500000e+02	6.83566498e-01
4.38500000e+02	6.80552625e-01
4.39500000e+02	6.77512818e-01
4.40500000e+02	6.74447160e-01
4.41500000e+02	6.71355742e-01
4.42500000e+02	6.68238668e-01
4.43500000e+02	6.65096051e-01
4.44500000e+02	6.61928015e-01
4.45500000e+02	6.58734696e-01
4.46500000e+02	6.55516239e-01
4.47500000e+02	6.52272800e-01
4.48500000e+02	6.49004548e-01
4.49500000e+02	6.45711660e-01
4.50500000e+02	6.42394325e-01
4.51500000e+02	6.39052744e-01
4.52500000e+02	6.35687126e-01
4.53500000e+02	6.32297693e-01
4.54500000e+02	6.28884679e-01
4.55500000e+02	6.25448325e-01
4.56500000e+02	6.21988887e-01
4.57500000e+02	6.18506629e-01
4.58500000e+02	6.15001827e-01
4.59500000e+02	6.11474769e-01
4.60500000e+02	6.07925751e-01
4.61500000e+02	6.04355083e-01
4.62500000e+02	6.00763085e-01
4.63500000e+02	5.97150087e-01
4.64500000e+02	5.93516432e-01
4.65500000e+02	5.89862474e-01
4.66500000e+02	5.86188577e-01
4.67500000e+02	5.82495118e-01
4.68500000e+02	5.78782484e-01
4.69500000e+02	5.75051078e-01
4.70500000e+02	5.71301310e-01
4.71500000e+02	5.67533606e-01
4.72500000e+02	5.63748403e-01
4.73500000e+02	5.59946152e-01
4.74500000e+02	5.56127317e-01
4.75500000e+02	5.52292376e-01
4.76500000e+02	5.48441820e-01
4.77500000e+02	5.44576157e-01
4.78500000e+02	5.40695907e-01
4.79500000e+02	5.36801609e-01
4.80500000e+02	5.32893816e-01
4.81500000e+02	5.28973097e-01
4.82500000e+02	5.25040041e-01
4.83500000e+02	5.21095253e-01
4.84500000e+02	5.17139357e-01
4.85500000e+02	5.13172996e-01
4.86500000e+02	5.09196833e-01
4.87500000e+02	5.05211554e-01
4.88500000e+02	5.01217863e-01
4.89500000e+02	4.97216487e-01
4.90500000e+02	4.93208176e-01
4.91500000e+02	4.89193705e-01
4.92500000e+02	4.85173870e-01
4.93500000e+02	4.81149494e-01
4.94500000e+02	4.77121425e-01
4.95500000e+02	4.73090535e-01
4.96500000e+02	4.69057723e-01
4.97500000e+02	4.65023917e-01
4.98500000e+02	4.60990067e-01
4.99500000e+02	4.56957156e-01
5.00500000e+02	4.52926188e-01
5.01500000e+02	4.48898199e-01
5.02500000e+02	4.44874250e-01
5.03500000e+02	4.40855429e-01
5.04500000e+02	4.36842850e-01
5.05500000e+02	4.32837652e-01
5.06500000e+02	4.28841001e-01
5.07500000e+02	4.24854085e-01
5.08500000e+02	4.20878115e-01
5.09500000e+02	4.16914325e-01
5.10500000e+02	4.12963966e-01
5.11500000e+02	4.09028310e-01
5.12500000e+02	4.05108643e-01
5.13500000e+02	4.01206266e-01
5.14500000e+02	3.97322491e-01
5.15500000e+02	3.93458640e-01
5.16500000e+02	3.89616040e-01
5.17500000e+02	3.85796021e-01
5.18500000e+02	3.81999915e-01
5.19500000e+02	3.78229048e-01
5.20500000e+02	3.74484741e-01
5.21500000e+02	3.70768306e-01
5.22500000e+02	3.67081038e-01
5.23500000e+02	3.63424216e-01
5.24500000e+02	3.59799098e-01
5.25500000e+02	3.56206916e-01
5.26500000e+02	3.52648874e-01
5.27500000e+02	3.49126141e-01
5.28500000e+02	3.45639851e-01
5.29500000e+02	3.42191098e-01
5.30500000e+02	3.38780932e-01
5.31500000e+02	3.35410357e-01
5.32500000e+02	3.32080325e-01
5.33500000e+02	3.28791737e-01
5.34500000e+02	3.25545437e-01
5.35500000e+02	3.22342212e-01
5.36500000e+02	3.19182788e-01
5.37500000e+02	3.16067831e-01
5.38500000e+02	3.12997941e-01
5.39500000e+02	3.09973655e-01
5.40500000e+02	3.06995445e-01
5.41500000e+02	3.04063716e-01
5.42500000e+02	3.01178806e-01
5.43500000e+02	2.98340989e-01
5.44500000e+02	2.95550473e-01
5.45500000e+02	2.92807399e-01
5.46500000e+02	2.90111847e-01
5.47500000e+02	2.87463834e-01
5.48500000e+02	2.84863314e-01
5.49500000e+02	2.82310184e-01
5.50500000e+02	2.79804284e-01
5.51500000e+02	2.77345397e-01
5.52500000e+02	2.74933255e-01
5.53500000e+02	2.72567540e-01
5.54500000e+02	2.70247887e-01
5.55500000e+02	2.67973885e-01
5.56500000e+02	2.65745082e-01
5.57500000e+02	2.63560986e-01
5.58500000e+02	2.61421070e-01
5.59500000e+02	2.59324772e-01
5.60500000e+02	2.57271502e-01
5.61500000e+02	2.55260639e-01
5.62500000e+02	2.53291540e-01
5.63500000e+02	2.51363538e-01
5.64500000e+02	2.49475946e-01
5.65500000e+02	2.47628060e-01
5.66500000e+02	2.45819164e-01
5.67500000e+02	2.44048526e-01
5.68500000e+02	2.42315406e-01
5.69500000e+02	2.40619055e-01
5.70500000e+02	2.38958719e-01
5.71500000e+02	2.37333640e-01
5.72500000e+02	2.35743056e-01
5.73500000e+02	2.34186206e-01
5.74500000e+02	2.32662330e-01
5.75500000e+02	2.31170670e-01
5.76500000e+02	2.29710472e-01
5.77500000e+02	2.28280987e-01
5.78500000e+02	2.26881471e-01
5.79500000e+02	2.25511188e-01
5.80500000e+02	2.24169410e-01
5.81500000e+02	2.22855417e-01
5.82500000e+02	2.21568501e-01
5.83500000e+02	2.20307962e-01
5.84500000e+02	2.19073110e-01
5.85500000e+02	2.17863268e-01
5.86500000e+02	2.16677772e-01
5.87500000e+02	2.15515966e-01
5.88500000e+02	2.14377211e-01
5.89500000e+02	2.13260878e-01
5.90500000e+02	2.12166352e-01
5.91500000e+02	2.11093030e-01
5.92500000e+02	2.10040324e-01
5.93500000e+02	2.09007658e-01
5.94500000e+02	2.07994469e-01
5.95500000e+02	2.07000210e-01
5.96500000e+02	2.06024346e-01
5.97500000e+02	2.05066355e-01
5.98500000e+02	2.04125729e-01
5.99500000e+02	2.03201975e-01
6.00500000e+02	2.02294610e-01
6.01500000e+02	2.01403169e-01
6.02500000e+02	2.00527197e-01
6.03500000e+02	1.99666254e-01
6.04500000e+02	1.98819912e-01
6.05500000e+02	1.97987757e-01
6.06500000e+02	1.97169388e-01
6.07500000e+02	1.96364418e-01
6.08500000e+02	1.95572472e-01
6.09500000e+02	1.94793187e-01
6.10500000e+02	1.94026215e-01
6.11500000e+02	1.93271219e-01
6.12500000e+02	1.92527876e-01
6.13500000e+02	1.91795874e-01
6.14500000e+02	1.91074914e-01
6.15500000e+02	1.90364711e-01
6.16500000e+02	1.89664992e-01
6.17500000e+02	1.88975494e-01
6.18500000e+02	1.88295967e-01
6.19500000e+02	1.87626176e-01
6.20500000e+02	1.86965894e-01
6.21500000e+02	1.86314909e-01
6.22500000e+02	1.85673019e-01
6.23500000e+02	1.85040032e-01
6.24500000e+02	1.84415771e-01
6.25500000e+02	1.83800069e-01
6.26500000e+02	1.83192770e-01
6.27500000e+02	1.82593731e-01
6.28500000e+02	1.82002813e-01
6.29500000e+02	1.81419897e-01
6.30500000e+02	1.80844869e-01
6.31500000e+02	1.80277628e-01
6.32500000e+02	1.79718076e-01
6.33500000e+02	1.79166145e-01
6.34500000e+02	1.78621736e-01
6.35500000e+02	1.78084838e-01
6.36500000e+02	1.77555317e-01
6.37500000e+02	1.77033172e-01
6.38500000e+02	1.76518355e-01
6.39500000e+02	1.76010848e-01
6.40500000e+02	1.75510628e-01
6.41500000e+02	1.75017672e-01
6.42500000e+02	1.74531989e-01
6.43500000e+02	1.74053557e-01
6.44500000e+02	1.73582408e-01
6.45500000e+02	1.73118526e-01
6.46500000e+02	1.72661957e-01
6.47500000e+02	1.72212697e-01
6.48500000e+02	1.71770798e-01
6.49500000e+02	1.71336274e-01
6.50500000e+02	1.70909174e-01
6.51500000e+02	1.70489531e-01
6.52500000e+02	1.70077390e-01
6.53500000e+02	1.69672802e-01
6.54500000e+02	1.69275804e-01
6.55500000e+02	1.68886467e-01
6.56500000e+02	1.68504820e-01
6.57500000e+02	1.68130944e-01
6.58500000e+02	1.67764868e-01
6.59500000e+02	1.67406674e-01
6.60500000e+02	1.67056397e-01
6.61500000e+02	1.66714110e-01
6.62500000e+02	1.66379861e-01
6.63500000e+02	1.66053710e-01
6.64500000e+02	1.65735718e-01
6.65500000e+02	1.65425930e-01
6.66500000e+02	1.65124416e-01
6.67500000e+02	1.64831213e-01
6.68500000e+02	1.64546388e-01
6.69500000e+02	1.64269978e-01
6.70500000e+02	1.64002044e-01
6.71500000e+02	1.63742626e-01
6.72500000e+02	1.63491773e-01
6.73500000e+02	1.63249530e-01
6.74500000e+02	1.63015933e-01
6.75500000e+02	1.62791031e-01
6.76500000e+02	1.62574851e-01
6.77500000e+02	1.62367440e-01
6.78500000e+02	1.62168823e-01
6.79500000e+02	1.61979038e-01
6.80500000e+02	1.61798112e-01
6.81500000e+02	1.61626070e-01
6.82500000e+02	1.61462948e-01
6.83500000e+02	1.61308761e-01
6.84500000e+02	1.61163533e-01
6.85500000e+02	1.61027290e-01
6.86500000e+02	1.60900046e-01
6.87500000e+02	1.60781822e-01
6.88500000e+02	1.60672633e-01
6.89500000e+02	1.60572492e-01
6.90500000e+02	1.60481415e-01
6.91500000e+02	1.60399413e-01
6.92500000e+02	1.60326495e-01
6.93500000e+02	1.60262673e-01
6.94500000e+02	1.60207953e-01
6.95500000e+02	1.60162342e-01
6.96500000e+02	1.60125846e-01
6.97500000e+02	1.60098473e-01
6.98500000e+02	1.60080207e-01
6.99500000e+02	1.60071091e-01
