# Profil de ElecX au temps 1.209999999999997e-12 
# simu : /Volumes/MERCURE/JOBS/tanh_10mic_Zeq2_B0/GNU/ElecX@y-c.set
# col 0 : abscisse (um)
# col 1 : ElecX (V/m)
0.000000	0.000000
0.200000	128.253884
0.400000	-129.949254
0.600000	155.628652
0.800000	522.724672
1.000000	233.500081
1.200000	-105.051737
1.400000	-45.942370
1.600000	173.581038
1.800000	342.602040
2.000000	418.069570
2.200000	434.865414
2.400000	433.360805
2.600000	436.546312
2.800000	451.905295
3.000000	478.746112
3.200000	513.718829
3.400000	553.546593
3.600000	595.908846
3.800000	639.456248
4.000000	683.551944
4.200000	728.000932
4.400000	772.850763
4.600000	818.264419
4.800000	864.447635
5.000000	911.610792
5.200000	959.949912
5.400000	1009.640325
5.600000	1060.835247
5.800000	1113.668307
6.000000	1168.256523
6.200000	1224.705431
6.400000	1283.112399
6.600000	1343.569997
6.800000	1406.169841
7.000000	1471.003539
7.200000	1538.165305
7.400000	1607.752434
7.600000	1679.866880
7.800000	1754.614888
8.000000	1832.107392
8.200000	1912.460581
8.400000	1995.795749
8.600000	2082.238755
8.800000	2171.920924
9.000000	2264.978726
9.200000	2361.553423
9.400000	2461.792163
9.600000	2565.847093
9.800000	2673.875787
10.000000	2786.042181
10.200000	2902.515256
10.400000	3023.471040
10.600000	3149.091466
10.800000	3279.565024
11.000000	3415.087460
11.200000	3555.861068
11.400000	3702.096195
11.600000	3854.010403
11.800000	4011.829130
12.000000	4175.786883
12.200000	4346.125619
12.400000	4523.096455
12.600000	4706.960764
12.800000	4897.987490
13.000000	5096.457310
13.200000	5302.659699
13.400000	5516.895509
13.600000	5739.476104
13.800000	5970.724298
14.000000	6210.974598
14.200000	6460.573204
14.400000	6719.879532
14.600000	6989.265105
14.800000	7269.115308
15.000000	7559.829223
15.200000	7861.819974
15.400000	8175.515855
15.600000	8501.359484
15.800000	8839.810309
16.000000	9191.343195
16.200000	9556.449896
16.400000	9935.639736
16.600000	10329.439463
16.800000	10738.394734
17.000000	11163.069678
17.200000	11604.047982
17.400000	12061.934256
17.600000	12537.353158
17.800000	13030.951218
18.000000	13543.396656
18.200000	14075.381088
18.400000	14627.619164
18.600000	15200.850176
18.800000	15795.837550
19.000000	16413.371172
19.200000	17054.266917
19.400000	17719.367896
19.600000	18409.545364
19.800000	19125.698747
20.000000	19868.758080
20.200000	20639.682801
20.400000	21439.464200
20.600000	22269.125545
20.800000	23129.722911
21.000000	24022.346944
21.200000	24948.122371
21.400000	25908.210039
21.600000	26903.807541
21.800000	27936.150302
22.000000	29006.512031
22.200000	30116.206251
22.400000	31266.587294
22.600000	32459.051168
22.800000	33695.036222
23.000000	34976.025477
23.200000	36303.545253
23.400000	37679.169787
23.600000	39104.518721
23.800000	40581.260363
24.000000	42111.112336
24.200000	43695.842578
24.400000	45337.270254
24.600000	47037.267474
24.800000	48797.759819
25.000000	50620.727634
25.200000	52508.208054
25.400000	54462.294395
25.600000	56485.139522
25.800000	58578.954391
26.000000	60746.012514
26.200000	62988.647153
26.400000	65309.257101
26.600000	67710.303144
26.800000	70194.312549
27.000000	72763.879374
27.200000	75421.664865
27.400000	78170.399234
27.600000	81012.882975
27.800000	83951.987268
28.000000	86990.656123
28.200000	90131.906308
28.400000	93378.829795
28.600000	96734.592908
28.800000	100202.440146
29.000000	103785.691891
29.200000	107487.748236
29.400000	111312.088696
29.600000	115262.273114
29.800000	119341.942966
30.000000	123554.821717
30.200000	127904.716691
30.400000	132395.519182
30.600000	137031.204515
30.800000	141815.834561
31.000000	146753.557218
31.200000	151848.607244
31.400000	157105.307087
31.600000	162528.067453
31.800000	168121.387717
32.000000	173889.856100
32.200000	179838.151402
32.400000	185971.041279
32.600000	192293.384255
32.800000	198810.129099
33.000000	205526.315964
33.200000	212447.074482
33.400000	219577.626872
33.600000	226923.284325
33.800000	234489.450724
34.000000	242281.618975
34.200000	250305.372939
34.400000	258566.386993
34.600000	267070.424266
34.800000	275823.337547
35.000000	284831.068488
35.200000	294099.646142
35.400000	303635.187170
35.600000	313443.894901
35.800000	323532.057591
36.000000	333906.049092
36.200000	344572.325170
36.400000	355537.426155
36.600000	366807.971189
36.800000	378390.660828
37.000000	390292.273269
37.200000	402519.663829
37.400000	415079.762132
37.600000	427979.572821
37.800000	441226.170731
38.000000	454826.701683
38.200000	468788.378154
38.400000	483118.479469
38.600000	497824.347898
38.800000	512913.386716
39.000000	528393.059137
39.200000	544270.884124
39.400000	560554.435115
39.600000	577251.336920
39.800000	594369.262807
40.000000	611915.932665
40.200000	629899.109482
40.400000	648326.595735
40.600000	667206.232895
40.800000	686545.894990
41.000000	706353.488491
41.200000	726636.947516
41.400000	747404.231196
41.600000	768663.319742
41.800000	790422.212626
42.000000	812688.923082
42.200000	835471.476957
42.400000	858777.907403
42.600000	882616.252575
42.800000	906994.551575
43.000000	931920.841497
43.200000	957403.153166
43.400000	983449.507981
43.600000	1010067.914619
43.800000	1037266.365452
44.000000	1065052.832219
44.200000	1093435.263657
44.400000	1122421.581626
44.600000	1152019.677306
44.800000	1182237.407646
45.000000	1213082.593304
45.200000	1244563.013366
45.400000	1276686.404343
45.600000	1309460.454450
45.800000	1342892.802506
46.000000	1376991.033966
46.200000	1411762.678287
46.400000	1447215.205502
46.600000	1483356.024192
46.800000	1520192.478493
47.000000	1557731.845339
47.200000	1595981.332172
47.400000	1634948.074925
47.600000	1674639.135738
47.800000	1715061.500654
48.000000	1756222.078013
48.200000	1798127.696747
48.400000	1840785.104963
48.600000	1884200.968589
48.800000	1928381.869556
49.000000	1973334.306301
49.200000	2019064.691128
49.400000	2065579.351116
49.600000	2112884.527146
49.800000	2160986.374131
50.000000	2209890.959832
50.200000	2259604.267617
50.400000	2310132.194186
50.600000	2361480.552555
50.800000	2413655.072033
51.000000	2466661.399442
51.200000	2520505.101516
51.400000	2575191.665723
51.600000	2630726.502499
51.800000	2687114.949032
52.000000	2744362.268998
52.200000	2802473.658898
52.400000	2861454.247668
52.600000	2921309.103881
52.800000	2982043.235980
53.000000	3043661.598961
53.200000	3106169.096940
53.400000	3169570.589109
53.600000	3233870.893261
53.800000	3299074.792681
54.000000	3365187.039913
54.200000	3432212.363840
54.400000	3500155.475030
54.600000	3569021.072636
54.800000	3638813.850327
55.000000	3709538.504648
55.200000	3781199.740526
55.400000	3853802.280178
55.600000	3927350.869865
55.800000	4001850.289626
56.000000	4077305.359444
56.200000	4153720.949996
56.400000	4231101.990166
56.600000	4309453.477075
56.800000	4388780.484940
57.000000	4469088.175671
57.200000	4550381.807778
57.400000	4632666.747332
57.600000	4715948.478259
57.800000	4800232.612979
58.000000	4885524.903550
58.200000	4971831.252250
58.400000	5059157.723767
58.600000	5147510.556417
58.800000	5236896.173417
59.000000	5327321.195874
59.200000	5418792.453969
59.400000	5511317.000486
59.600000	5604902.121409
59.800000	5699555.351188
60.000000	5795284.482984
60.200000	5892097.583740
60.400000	5990003.005885
60.600000	6089009.401154
60.800000	6189125.734560
61.000000	6290361.296477
61.200000	6392725.717209
61.400000	6496228.981022
61.600000	6600881.438933
61.800000	6706693.822631
62.000000	6813677.259878
62.200000	6921843.286859
62.400000	7031203.862341
62.600000	7141771.383061
62.800000	7253558.696542
63.000000	7366579.115899
63.200000	7480846.433199
63.400000	7596374.935428
63.600000	7713179.416373
63.800000	7831275.192375
64.000000	7950678.115726
64.200000	8071404.589316
64.400000	8193471.579704
64.600000	8316896.632721
64.800000	8441697.885133
65.000000	8567894.080770
65.200000	8695504.583127
65.400000	8824549.388513
65.600000	8955049.140257
65.800000	9087025.142830
66.000000	9220499.373136
66.200000	9355494.494766
66.400000	9492033.870800
66.600000	9630141.576317
66.800000	9769842.410480
67.000000	9911161.908776
67.200000	10054126.354720
67.400000	10198762.792035
67.600000	10345099.034562
67.800000	10493163.677817
68.000000	10642986.109411
68.200000	10794596.518485
68.400000	10948025.905347
68.600000	11103306.089905
68.800000	11260469.720439
69.000000	11419550.280965
69.200000	11580582.098131
69.400000	11743600.346776
69.600000	11908641.056879
69.800000	12075741.115841
70.000000	12244938.273747
70.200000	12416271.144967
70.400000	12589779.209982
70.600000	12765502.814630
70.800000	12943483.170606
71.000000	13123762.351628
71.200000	13306383.290048
71.400000	13491389.771477
71.600000	13678826.427633
71.800000	13868738.727353
72.000000	14061172.965630
72.200000	14256176.251435
72.400000	14453796.491554
72.600000	14654082.375780
72.800000	14857083.353565
73.000000	15062849.616718
73.200000	15271432.070021
73.400000	15482882.307073
73.600000	15697252.578041
73.800000	15914595.757077
74.000000	16134965.304693
74.200000	16358415.228485
74.400000	16585000.039049
74.600000	16814774.702296
74.800000	17047794.589902
75.000000	17284115.422284
75.200000	17523793.211080
75.400000	17766884.194722
75.600000	18013444.772810
75.800000	18263531.430864
76.000000	18517200.667235
76.200000	18774508.909256
76.400000	19035512.428696
76.600000	19300267.250648
76.800000	19568829.057084
77.000000	19841253.087734
77.200000	20117594.032519
77.400000	20397905.922579
77.600000	20682242.013567
77.800000	20970654.665025
78.000000	21263195.214958
78.200000	21559913.849157
78.400000	21860859.464919
78.600000	22166079.531553
78.800000	22475619.944862
79.000000	22789524.877956
79.200000	23107836.626489
79.400000	23430595.450966
79.600000	23757839.414792
79.800000	24089604.218224
80.000000	24425923.027424
80.200000	24766826.304892
80.400000	25112341.630235
80.600000	25462493.524507
80.800000	25817303.268175
81.000000	26176788.719957
81.200000	26540964.131279
81.400000	26909839.963007
81.600000	27283422.698400
81.800000	27661714.657944
82.000000	28044713.813180
82.200000	28432413.601977
82.400000	28824802.744801
82.600000	29221865.062120
82.800000	29623579.294338
83.000000	30029918.924547
83.200000	30440852.004320
83.400000	30856340.981937
83.600000	31276342.536865
83.800000	31700807.416108
84.000000	32129680.277854
84.200000	32562899.538376
84.400000	33000397.226552
84.600000	33442098.842107
84.800000	33887923.222842
85.000000	34337782.416215
85.200000	34791581.558769
85.400000	35249218.762036
85.600000	35710585.006500
85.800000	36175564.040720
86.000000	36644032.289132
86.200000	37115858.765667
86.400000	37590904.994829
86.600000	38069024.937313
86.800000	38550064.923635
87.000000	39033863.591225
87.200000	39520251.826899
87.400000	40009052.712534
87.600000	40500081.474518
87.800000	40993145.434012
88.000000	41488043.958187
88.200000	41984568.411230
88.400000	42482502.102730
88.600000	42981620.232498
88.800000	43481689.831491
89.000000	43982469.692649
89.200000	44483710.297410
89.400000	44985153.728324
89.600000	45486533.569841
89.800000	45987574.796243
90.000000	46487993.642061
90.200000	46987497.455264
90.400000	47485784.530215
90.600000	47982543.920671
90.800000	48477455.229563
91.000000	48970188.376715
91.200000	49460403.341133
91.400000	49947749.880968
91.600000	50431867.229380
91.800000	50912383.767340
92.000000	51388916.675744
92.200000	51861071.569626
92.400000	52328442.115415
92.600000	52790609.638644
92.800000	53247142.724659
93.000000	53697596.819559
93.200000	54141513.839238
93.400000	54578421.794481
93.600000	55007834.441996
93.800000	55429250.972794
94.000000	55842155.749889
94.200000	56246018.109960
94.400000	56640292.241819
94.600000	57024417.159066
94.800000	57397816.784104
95.000000	57759900.158053
95.200000	58110061.799236
95.400000	58447682.223678
95.600000	58772128.649894
95.800000	59082755.902910
96.000000	59378907.536454
96.200000	59659917.187489
96.400000	59925110.178860
96.600000	60173805.378727
96.800000	60405317.329547
97.000000	60618958.647524
97.200000	60814042.696908
97.400000	60989886.535206
97.600000	61145814.119760
97.800000	61281159.763459
98.000000	61395271.820114
98.200000	61487516.571972
98.400000	61557282.291132
98.600000	61603983.433981
98.800000	61627064.927022
99.000000	61626006.495101
99.200000	61600326.977326
99.400000	61549588.574621
99.600000	61473400.966890
99.800000	61371425.238132
100.000000	61243377.546548
100.200000	61089032.477449
100.400000	60908226.019562
100.600000	60700858.109707
100.800000	60466894.694856
101.000000	60206369.269822
101.200000	59919383.855051
101.400000	59606109.389970
101.600000	59266785.525578
101.800000	58901719.813846
102.000000	58511286.301011
102.200000	58095923.533820
102.400000	57656132.024757
102.600000	57192471.222905
102.800000	56705555.963191
103.000000	56196052.571354
103.200000	55664674.593628
103.400000	55112178.237385
103.600000	54539357.636691
103.800000	53947039.932094
104.000000	53336080.320940
104.200000	52707357.094488
104.400000	52061766.730873
104.600000	51400219.127632
104.800000	50723633.007150
105.000000	50032931.551447
105.200000	49329038.304007
105.400000	48612873.374032
105.600000	47885349.965722
105.800000	47147371.251371
106.000000	46399827.599680
106.200000	45643594.159559
106.400000	44879528.800517
106.600000	44108470.398509
106.800000	43331237.456007
107.000000	42548627.038112
107.200000	41761414.006612
107.400000	40970350.526968
107.600000	40176165.825823
107.800000	39379566.174649
108.000000	38581235.071740
108.200000	37781833.598991
108.400000	36982000.927233
108.600000	36182354.948174
108.800000	35383493.005754
109.000000	34585992.711849
109.200000	33790412.815791
109.400000	32997294.120414
109.600000	32207160.416892
109.800000	31420519.429006
110.000000	30637863.746139
110.200000	29859671.737366
110.400000	29086408.428988
110.600000	28318526.334479
110.800000	27556466.230961
111.000000	26800657.866452
111.200000	26051520.593945
111.400000	25309463.922312
111.600000	24574887.975572
111.800000	23848183.859588
112.000000	23129733.925091
112.200000	22419911.930692
112.400000	21719083.089647
112.600000	21027604.015255
112.800000	20345822.551484
113.000000	19674077.496170
113.200000	19012698.212675
113.400000	18362004.141121
113.600000	17722304.211378
113.800000	17093896.158451
114.000000	16477065.757489
114.200000	15872085.984992
114.400000	15279216.114309
114.600000	14698700.760155
114.800000	14130768.890564
115.000000	13575632.814036
115.200000	13033487.160655
115.400000	12504507.879865
115.600000	11988851.261116
115.800000	11486653.002992
116.000000	10998027.349378
116.200000	10523066.297635
116.400000	10061838.910430
116.600000	9614390.735604
116.800000	9180743.346582
117.000000	8760894.025962
117.200000	8354815.585358
117.400000	7962456.345038
117.600000	7583740.266535
117.800000	7218567.246784
118.000000	6866813.572776
118.200000	6528332.530810
118.400000	6202955.172412
118.600000	5890491.219407
118.800000	5590730.111364
119.000000	5303442.168748
119.200000	5028379.874916
119.400000	4765279.247141
119.600000	4513861.292636
119.800000	4273833.526239
120.000000	4044891.534822
120.200000	3826720.573822
120.400000	3618997.174169
120.600000	3421390.749132
120.800000	3233565.181177
121.000000	3055180.374085
121.200000	2885893.760746
121.400000	2725361.742076
121.600000	2573241.065711
121.800000	2429190.114231
122.000000	2292870.239890
122.200000	2163946.621053
122.400000	2042089.478300
122.600000	1926975.759741
122.800000	1818287.628346
123.000000	1715716.188046
123.200000	1618960.006217
123.400000	1527726.674242
123.600000	1441732.676209
123.800000	1360704.415100
124.000000	1284377.206696
124.200000	1212496.881368
124.400000	1144819.654503
124.600000	1081111.779685
124.800000	1021149.366392
125.000000	964718.218069
125.200000	911614.925668
125.400000	861645.773991
125.600000	814626.084064
125.800000	770380.849641
126.000000	728744.564173
126.200000	689560.032404
126.400000	652678.763210
126.600000	617960.820769
126.800000	585273.762956
127.000000	554492.948131
127.200000	525501.150243
127.400000	498187.710348
127.600000	472448.928150
127.800000	448187.208633
128.000000	425310.894872
128.200000	403734.123137
128.400000	383376.168632
128.600000	364161.516878
128.800000	346019.301296
129.000000	328883.159443
129.200000	312690.971889
129.400000	297384.500132
129.600000	282909.310707
129.800000	269214.359927
130.000000	256251.937803
130.200000	243977.337358
130.400000	232348.735414
130.600000	221326.964220
130.800000	210875.349450
131.000000	200959.548992
131.200000	191547.377606
131.400000	182608.687135
131.600000	174115.196397
131.800000	166040.393207
132.000000	158359.380297
132.200000	151048.790370
132.400000	144086.649736
132.600000	137452.303321
132.800000	131126.295121
133.000000	125090.299367
133.200000	119327.017790
133.400000	113820.116017
133.600000	108554.134039
133.800000	103514.427112
134.000000	98687.088002
134.200000	94058.891141
134.400000	89617.224489
134.600000	85350.036216
134.800000	81245.773679
135.000000	77293.333100
135.200000	73482.003529
135.400000	69801.418206
135.600000	66241.503102
135.800000	62792.429644
136.000000	59444.566999
136.200000	56188.437337
136.400000	53014.671823
136.600000	49913.970992
136.800000	46877.068745
137.000000	43894.702423
137.200000	40957.593832
137.400000	38056.444004
137.600000	35181.951867
137.800000	32324.883151
138.000000	29476.267551
138.200000	26627.929671
138.400000	23773.633396
138.600000	20909.929675
138.800000	18027.757802
139.000000	15064.374933
139.200000	11877.428458
139.400000	9350.230004
139.600000	5985.997213
139.800000	3095.726515
140.000000	0.000000
