-3.465000000000000000e+02 2.478560000000000000e+10
-3.395000000000000000e+02 7.436800000000000000e+10
-3.325000000000000000e+02 1.239930000000000000e+11
-3.255000000000000000e+02 1.737070000000000000e+11
-3.185000000000000000e+02 2.235800000000000000e+11
-3.115000000000000000e+02 2.737170000000000000e+11
-3.045000000000000000e+02 3.242680000000000000e+11
-2.975000000000000000e+02 3.754320000000000000e+11
-2.905000000000000000e+02 4.274640000000000000e+11
-2.835000000000000000e+02 4.806800000000000000e+11
-2.765000000000000000e+02 5.354620000000000000e+11
-2.695000000000000000e+02 5.922550000000000000e+11
-2.625000000000000000e+02 6.515690000000000000e+11
-2.555000000000000000e+02 7.139790000000000000e+11
-2.485000000000000000e+02 7.801160000000000000e+11
-2.415000000000000000e+02 8.506670000000000000e+11
-2.345000000000000000e+02 9.263640000000000000e+11
-2.275000000000000000e+02 1.007980000000000000e+12
-2.205000000000000000e+02 1.096310000000000000e+12
-2.135000000000000000e+02 1.192190000000000000e+12
-2.065000000000000000e+02 1.296430000000000000e+12
-1.995000000000000000e+02 1.409860000000000000e+12
-1.925000000000000000e+02 1.533290000000000000e+12
-1.855000000000000000e+02 1.667480000000000000e+12
-1.785000000000000000e+02 1.813150000000000000e+12
-1.715000000000000000e+02 1.970910000000000000e+12
-1.645000000000000000e+02 2.141300000000000000e+12
-1.575000000000000000e+02 2.324670000000000000e+12
-1.505000000000000000e+02 2.521200000000000000e+12
-1.435000000000000000e+02 2.730840000000000000e+12
-1.365000000000000000e+02 2.953220000000000000e+12
-1.295000000000000000e+02 3.187600000000000000e+12
-1.225000000000000000e+02 3.432810000000000000e+12
-1.155000000000000000e+02 3.687130000000000000e+12
-1.085000000000000000e+02 3.948220000000000000e+12
-1.015000000000000000e+02 4.213050000000000000e+12
-9.450000000000000000e+01 4.477810000000000000e+12
-8.750000000000000000e+01 4.737850000000000000e+12
-8.050000000000000000e+01 4.987670000000000000e+12
-7.350000000000000000e+01 5.220970000000000000e+12
-6.650000000000000000e+01 5.430730000000000000e+12
-5.950000000000000000e+01 5.609510000000000000e+12
-5.250000000000000000e+01 5.749730000000000000e+12
-4.550000000000000000e+01 5.844250000000000000e+12
-3.850000000000000000e+01 5.886940000000000000e+12
-3.150000000000000000e+01 5.873390000000000000e+12
-2.450000000000000000e+01 5.801480000000000000e+12
-1.750000000000000000e+01 5.671650000000000000e+12
-1.050000000000000000e+01 5.486700000000000000e+12
-3.500000000000000000e+00 5.251210000000000000e+12
3.500000000000000000e+00 4.970710000000000000e+12
1.050000000000000000e+01 4.651100000000000000e+12
1.750000000000000000e+01 4.298500000000000000e+12
2.450000000000000000e+01 3.919690000000000000e+12
3.150000000000000000e+01 3.522590000000000000e+12
3.850000000000000000e+01 3.116800000000000000e+12
4.550000000000000000e+01 2.713810000000000000e+12
5.250000000000000000e+01 2.326460000000000000e+12
5.950000000000000000e+01 1.967500000000000000e+12
6.650000000000000000e+01 1.647460000000000000e+12
7.350000000000000000e+01 1.372560000000000000e+12
8.050000000000000000e+01 1.143910000000000000e+12
8.750000000000000000e+01 9.581880000000000000e+11
9.450000000000000000e+01 8.094400000000000000e+11
1.015000000000000000e+02 6.908460000000000000e+11
1.085000000000000000e+02 5.960240000000000000e+11
1.155000000000000000e+02 5.196170000000000000e+11
1.225000000000000000e+02 4.574070000000000000e+11
1.295000000000000000e+02 4.061740000000000000e+11
1.365000000000000000e+02 3.634920000000000000e+11
1.435000000000000000e+02 3.275210000000000000e+11
1.505000000000000000e+02 2.968540000000000000e+11
1.575000000000000000e+02 2.703970000000000000e+11
1.645000000000000000e+02 2.472850000000000000e+11
1.715000000000000000e+02 2.268270000000000000e+11
1.785000000000000000e+02 2.084610000000000000e+11
1.855000000000000000e+02 1.917340000000000000e+11
1.925000000000000000e+02 1.762770000000000000e+11
1.995000000000000000e+02 1.618000000000000000e+11
2.065000000000000000e+02 1.480830000000000000e+11
2.135000000000000000e+02 1.349750000000000000e+11
2.205000000000000000e+02 1.223830000000000000e+11
2.275000000000000000e+02 1.102710000000000000e+11
2.345000000000000000e+02 9.864460000000000000e+10
2.415000000000000000e+02 8.754500000000000000e+10
2.485000000000000000e+02 7.703050000000000000e+10
2.555000000000000000e+02 6.716610000000000000e+10
2.625000000000000000e+02 5.801220000000000000e+10
2.695000000000000000e+02 4.961550000000000000e+10
2.765000000000000000e+02 4.200340000000000000e+10
2.835000000000000000e+02 3.518120000000000000e+10
2.905000000000000000e+02 2.913210000000000000e+10
2.975000000000000000e+02 2.381840000000000000e+10
3.045000000000000000e+02 1.918460000000000000e+10
3.115000000000000000e+02 1.516050000000000000e+10
3.185000000000000000e+02 1.166540000000000000e+10
3.255000000000000000e+02 8.610210000000000000e+09
3.325000000000000000e+02 5.901060000000000000e+09
3.395000000000000000e+02 3.440740000000000000e+09
3.465000000000000000e+02 1.130250000000000000e+09
