-3.430000000000000000e+02 1.275384033614647675e+10
-3.360000000000000000e+02 2.550710121707522964e+10
-3.290000000000000000e+02 3.936815117279367828e+10
-3.220000000000000000e+02 5.433609500145229340e+10
-3.150000000000000000e+02 6.985541979603778076e+10
-3.080000000000000000e+02 8.869651806643247986e+10
-3.010000000000000000e+02 1.080854677434180756e+11
-2.940000000000000000e+02 1.313455131408878174e+11
-2.870000000000000000e+02 1.573636992552370911e+11
-2.800000000000000000e+02 1.861351669635057068e+11
-2.730000000000000000e+02 2.193151555749892883e+11
-2.660000000000000000e+02 2.568934852214704895e+11
-2.590000000000000000e+02 2.988593265178612671e+11
-2.520000000000000000e+02 3.468574254585894775e+11
-2.450000000000000000e+02 4.003128266243032837e+11
-2.380000000000000000e+02 4.614129459852791138e+11
-2.310000000000000000e+02 5.290189808426760864e+11
-2.240000000000000000e+02 6.064012263398421631e+11
-2.170000000000000000e+02 6.924011344662790527e+11
-2.100000000000000000e+02 7.891570227349439697e+11
-2.030000000000000000e+02 8.976795322234528809e+11
-1.960000000000000000e+02 1.020601084144810425e+12
-1.890000000000000000e+02 1.156677841972563721e+12
-1.820000000000000000e+02 1.311205760952677979e+12
-1.750000000000000000e+02 1.482298457216900146e+12
-1.680000000000000000e+02 1.675110129631792725e+12
-1.610000000000000000e+02 1.889233198369779297e+12
-1.540000000000000000e+02 2.128509548415135498e+12
-1.470000000000000000e+02 2.393353546338726074e+12
-1.400000000000000000e+02 2.687236350431640625e+12
-1.330000000000000000e+02 3.010673850224045410e+12
-1.260000000000000000e+02 3.365482546502184570e+12
-1.190000000000000000e+02 3.753072166613694336e+12
-1.120000000000000000e+02 4.173271829619504883e+12
-1.050000000000000000e+02 4.626315980781717773e+12
-9.800000000000000000e+01 5.109552581780648438e+12
-9.100000000000000000e+01 5.621939005246397461e+12
-8.400000000000000000e+01 6.157106947681686523e+12
-7.700000000000000000e+01 6.709854670124870117e+12
-7.000000000000000000e+01 7.270306778965411133e+12
-6.300000000000000000e+01 7.828718633141054688e+12
-5.600000000000000000e+01 8.369102447637899414e+12
-4.900000000000000000e+01 8.876892456087800781e+12
-4.200000000000000000e+01 9.330860470051824219e+12
-3.500000000000000000e+01 9.710453007249187500e+12
-2.800000000000000000e+01 9.993530184619876953e+12
-2.100000000000000000e+01 1.015734223405002930e+13
-1.400000000000000000e+01 1.018183679473145117e+13
-7.000000000000000000e+00 1.004938070830619727e+13
0.000000000000000000e+00 9.747714697699216797e+12
7.000000000000000000e+00 9.273093104000884766e+12
1.400000000000000000e+01 8.628632852548300781e+12
2.100000000000000000e+01 7.829025638008731445e+12
2.800000000000000000e+01 6.901622158533921875e+12
3.500000000000000000e+01 5.886428101056657227e+12
4.200000000000000000e+01 4.835037752986860352e+12
4.900000000000000000e+01 3.807879721506292969e+12
5.600000000000000000e+01 2.866827761873346680e+12
6.300000000000000000e+01 2.062964808177977295e+12
7.000000000000000000e+01 1.425008493548081299e+12
7.700000000000000000e+01 9.534734979728897705e+11
8.400000000000000000e+01 6.257266416293074951e+11
9.100000000000000000e+01 4.081636288916146851e+11
9.800000000000000000e+01 2.678478780089032593e+11
1.050000000000000000e+02 1.783068411455015869e+11
1.120000000000000000e+02 1.210685232864938507e+11
1.190000000000000000e+02 8.400510068501387024e+10
1.260000000000000000e+02 5.955583446819052124e+10
1.330000000000000000e+02 4.307361771223920441e+10
1.400000000000000000e+02 3.170842081347683716e+10
1.470000000000000000e+02 2.371422131737716293e+10
1.540000000000000000e+02 1.796996678663782501e+10
1.610000000000000000e+02 1.376897991002440071e+10
1.680000000000000000e+02 1.064484719024673843e+10
1.750000000000000000e+02 8.329195863296896935e+09
1.820000000000000000e+02 6.549675578535687447e+09
1.890000000000000000e+02 5.187342090550381660e+09
1.960000000000000000e+02 4.160163957491510868e+09
2.030000000000000000e+02 3.354210664942311764e+09
2.100000000000000000e+02 2.724804328432744503e+09
2.170000000000000000e+02 2.255179294869817257e+09
2.240000000000000000e+02 1.878783088152182817e+09
2.310000000000000000e+02 1.594169540581153393e+09
2.380000000000000000e+02 1.362104053510998249e+09
2.450000000000000000e+02 1.182009230422569990e+09
2.520000000000000000e+02 1.040755023756473184e+09
2.590000000000000000e+02 9.127161357526381016e+08
2.660000000000000000e+02 8.230822763498505354e+08
2.730000000000000000e+02 7.210786891997809410e+08
2.800000000000000000e+02 6.319855626370227337e+08
2.870000000000000000e+02 5.683556682581048012e+08
2.940000000000000000e+02 4.796265381941084266e+08
3.010000000000000000e+02 4.162813080888204575e+08
3.080000000000000000e+02 3.530359164544827342e+08
3.150000000000000000e+02 2.898752873931464553e+08
3.220000000000000000e+02 2.141869551960574687e+08
3.290000000000000000e+02 1.763454207599906623e+08
3.360000000000000000e+02 1.007510222113200426e+08
3.430000000000000000e+02 6.296281478803820908e+07
