-1.551969266478802467e+02 3.061015910275367089e+06
-1.548512764771722914e+02 6.125894385618889704e+06
-1.545056263064643076e+02 9.200739914123151451e+06
-1.541599761357563523e+02 1.229019125103640184e+07
-1.538143259650483685e+02 1.539913331458329596e+07
-1.534686757943404132e+02 1.853248913780059665e+07
-1.531230256236324294e+02 2.169522291998024657e+07
-1.527773754529244457e+02 2.489234701764818281e+07
-1.524317252822164619e+02 2.812892866362623498e+07
-1.520860751115084781e+02 3.141009805726424232e+07
-1.517404249408005228e+02 3.474105512770568579e+07
-1.513947747700925390e+02 3.812707840702854842e+07
-1.510491245993845837e+02 4.157353213026939332e+07
-1.507034744286765999e+02 4.508587538606459647e+07
-1.503578242579686446e+02 4.866966994347150624e+07
-1.500121740872606608e+02 5.233058882043413818e+07
-1.496665239165526771e+02 5.607442535222768039e+07
-1.493208737458447217e+02 5.990710173851756006e+07
-1.489752235751367095e+02 6.383467845259083062e+07
-1.486295734044287542e+02 6.786336361237971485e+07
-1.482839232337207704e+02 7.199952194643142819e+07
-1.479382730630128151e+02 7.624968519455881417e+07
-1.475926228923048313e+02 8.062056164937162399e+07
-1.472469727215968760e+02 8.511904712847697735e+07
-1.469013225508888922e+02 8.975223437572236359e+07
-1.465556723801809085e+02 9.452742473836641014e+07
-1.462100222094729247e+02 9.945213922310280800e+07
-1.458643720387649694e+02 1.045341293840010464e+08
-1.455187218680569856e+02 1.097813896474712193e+08
-1.451730716973490019e+02 1.152021694315625578e+08
-1.448274215266410465e+02 1.208049848316061348e+08
-1.444817713559330628e+02 1.265986322592012584e+08
-1.441361211852251074e+02 1.325922016424922496e+08
-1.437904710145171236e+02 1.387950895928114951e+08
-1.434448208438091683e+02 1.452170138498644829e+08
-1.430991706731011845e+02 1.518680274045037925e+08
-1.427535205023932008e+02 1.587585343780197799e+08
-1.424078703316852454e+02 1.658993047010048628e+08
-1.420622201609772617e+02 1.733014898893319070e+08
-1.417165699902692779e+02 1.809766406352248788e+08
-1.413709198195613226e+02 1.889367230203915834e+08
-1.410252696488533388e+02 1.971941362373845577e+08
-1.406796194781453551e+02 2.057617310697612166e+08
-1.403339693074373713e+02 2.146528287858106196e+08
-1.399883191367293875e+02 2.238812400052787364e+08
-1.396426689660214322e+02 2.334612857954975367e+08
-1.392970187953134484e+02 2.434078175528097749e+08
-1.389513686246054647e+02 2.537362391911690831e+08
-1.386057184538975093e+02 2.644625291445386112e+08
-1.382600682831895256e+02 2.756032630749768615e+08
-1.379144181124815702e+02 2.871756385386917591e+08
-1.375687679417735865e+02 2.991974988137795329e+08
-1.372231177710656311e+02 3.116873584239953160e+08
-1.368774676003576474e+02 3.246644300236517787e+08
-1.365318174296496920e+02 3.381486510284355283e+08
-1.361861672589417083e+02 3.521607122349168062e+08
-1.358405170882337245e+02 3.667220862358374596e+08
-1.354948669175257407e+02 3.818550587567557096e+08
-1.351492167468177854e+02 3.975827583829340935e+08
-1.348035665761098016e+02 4.139291897302579284e+08
-1.344579164054018179e+02 4.309192659978342652e+08
-1.341122662346938625e+02 4.485788443417882323e+08
-1.337666160639858788e+02 4.669347602797652483e+08
-1.334209658932779234e+02 4.860148650989165306e+08
-1.330753157225699397e+02 5.058480637685594559e+08
-1.327296655518619843e+02 5.264643539508132935e+08
-1.323840153811540006e+02 5.478948665832571983e+08
-1.320383652104460168e+02 5.701719080102119446e+08
-1.316927150397380331e+02 5.933290027852764130e+08
-1.313470648690300493e+02 6.174009383393396139e+08
-1.310014146983220940e+02 6.424238115919566154e+08
-1.306557645276141102e+02 6.684350760751824379e+08
-1.303101143569061549e+02 6.954735911506898403e+08
-1.299644641861981711e+02 7.235796727891690731e+08
-1.296188140154901873e+02 7.527951455807057619e+08
-1.292731638447822320e+02 7.831633973700513840e+08
-1.289275136740742482e+02 8.147294340495553017e+08
-1.285818635033662645e+02 8.475399379979838133e+08
-1.282362133326582807e+02 8.816433261867058277e+08
-1.278905631619503254e+02 9.170898119212609529e+08
-1.275449129912423416e+02 9.539314673047850132e+08
-1.271992628205343863e+02 9.922222888500305414e+08
-1.268536126498264025e+02 1.032018263160863519e+09
-1.265079624791184472e+02 1.073377436081413984e+09
-1.261623123084104634e+02 1.116359984384857178e+09
-1.258166621377024796e+02 1.161028287124915361e+09
-1.254710119669945101e+02 1.207447001959012270e+09
-1.251253617962865405e+02 1.255683141443770409e+09
-1.247797116255785710e+02 1.305806153529537678e+09
-1.244340614548705872e+02 1.357888001882126570e+09
-1.240884112841626319e+02 1.412003251115810633e+09
-1.237427611134546481e+02 1.468229152408920765e+09
-1.233971109427466644e+02 1.526645732358264923e+09
-1.230514607720386806e+02 1.587335884168810606e+09
-1.227058106013307253e+02 1.650385461430738926e+09
-1.223601604306227415e+02 1.715883373770654917e+09
-1.220145102599147577e+02 1.783921685614680767e+09
-1.216688600892067882e+02 1.854595718045824289e+09
-1.213232099184988186e+02 1.928004151385792732e+09
-1.209775597477908491e+02 2.004249132623757124e+09
-1.206319095770828653e+02 2.083436384105198383e+09
-1.202862594063749100e+02 2.165675315062664032e+09
-1.199406092356669262e+02 2.251079137033577442e+09
-1.195949590649589567e+02 2.339764979773596287e+09
-1.192493088942509729e+02 2.431854011959653854e+09
-1.189036587235430034e+02 2.527471564481471539e+09
-1.185580085528350338e+02 2.626747254744087219e+09
-1.182123583821270500e+02 2.729815115865515232e+09
-1.178667082114190947e+02 2.836813727703401089e+09
-1.175210580407111109e+02 2.947886350492133141e+09
-1.171754078700031414e+02 3.063181062105361462e+09
-1.168297576992951718e+02 3.182850897352902412e+09
-1.164841075285872023e+02 3.307053990438591480e+09
-1.161384573578792185e+02 3.435953719798026562e+09
-1.157928071871712632e+02 3.569718856574753761e+09
-1.154471570164632794e+02 3.708523715353792191e+09
-1.151015068457552957e+02 3.852548306764105797e+09
-1.147558566750473119e+02 4.001978494503509045e+09
-1.144102065043393281e+02 4.157006153822900295e+09
-1.140645563336313728e+02 4.317829332382780075e+09
-1.137189061629233890e+02 4.484652415181020737e+09
-1.133732559922154195e+02 4.657686289888154030e+09
-1.130276058215074499e+02 4.837148516334953308e+09
-1.126819556507994804e+02 5.023263497965158463e+09
-1.123363054800914966e+02 5.216262654219663620e+09
-1.119906553093835129e+02 5.416384597629536629e+09
-1.116450051386755575e+02 5.623875310514691353e+09
-1.112993549679675738e+02 5.838988325352048874e+09
-1.109537047972596042e+02 6.061984906331330299e+09
-1.106080546265516347e+02 6.293134232535849571e+09
-1.102624044558436651e+02 6.532713583248064995e+09
-1.099167542851356814e+02 6.781008524429049492e+09
-1.095711041144277260e+02 7.038313096972852707e+09
-1.092254539437197423e+02 7.304930005097805023e+09
-1.088798037730117585e+02 7.581170807017873764e+09
-1.085341536023037889e+02 7.867356106078332901e+09
-1.081885034315958194e+02 8.163815741646015167e+09
-1.078428532608878498e+02 8.470888981965330124e+09
-1.074972030901798661e+02 8.788924715964731216e+09
-1.071515529194719107e+02 9.118281646327638626e+09
-1.068059027487639270e+02 9.459328480735528946e+09
-1.064602525780559432e+02 9.812444124121578217e+09
-1.061146024073479595e+02 1.017801787007607841e+10
-1.057689522366400041e+02 1.055644959006706619e+10
-1.054233020659320204e+02 1.094814992308355141e+10
-1.050776518952240366e+02 1.135354046248559189e+10
-1.047320017245160813e+02 1.177305394165581131e+10
-1.043863515538080975e+02 1.220713441772384644e+10
-1.040407013831001279e+02 1.265623745186396790e+10
-1.036950512123921442e+02 1.312083028815649414e+10
-1.033494010416841888e+02 1.360139202811530304e+10
-1.030037508709762051e+02 1.409841380274471092e+10
-1.026581007002682355e+02 1.461239893995649719e+10
-1.023124505295602660e+02 1.514386312835907364e+10
-1.019668003588522822e+02 1.569333457626907158e+10
-1.016211501881443127e+02 1.626135416589525986e+10
-1.012755000174363289e+02 1.684847560152068329e+10
-1.009298498467283736e+02 1.745526555329613495e+10
-1.005841996760203898e+02 1.808230379299397659e+10
-1.002385495053124203e+02 1.873018332515646744e+10
-9.989289933460445070e+01 1.939951050941708755e+10
-9.954724916389648115e+01 2.009090517670253754e+10
-9.920159899318849739e+01 2.080500073676727676e+10
-9.885594882248054205e+01 2.154244427752686691e+10
-9.851029865177255829e+01 2.230389665628512192e+10
-9.816464848106457453e+01 2.309003258052642822e+10
-9.781899831035659076e+01 2.390154068000324249e+10
-9.747334813964860700e+01 2.473912356862720490e+10
-9.712769796894065166e+01 2.560349789475043869e+10
-9.678204779823266790e+01 2.649539438259756851e+10
-9.643639762752469835e+01 2.741555785959420776e+10
-9.609074745681672880e+01 2.836474727366293716e+10
-9.574509728610875925e+01 2.934373569801617432e+10
-9.539944711540077549e+01 3.035331032229074097e+10
-9.505379694469279173e+01 3.139427243141162872e+10
-9.470814677398483639e+01 3.246743737052988434e+10
-9.436249660327685262e+01 3.357363449613214111e+10
-9.401684643256889728e+01 3.471370711258707428e+10
-9.367119626186091352e+01 3.588851239450323486e+10
-9.332554609115294397e+01 3.709892129385132599e+10
-9.297989592044496021e+01 3.834581843096463013e+10
-9.263424574973700487e+01 3.963010197148298645e+10
-9.228859557902902111e+01 4.095268348556989288e+10
-9.194294540832105156e+01 4.231448779244886017e+10
-9.159729523761308201e+01 4.371645278732147980e+10
-9.125164506690509825e+01 4.515952925269548035e+10
-9.090599489619712870e+01 4.664468065179502869e+10
-9.056034472548914493e+01 4.817288290556816101e+10
-9.021469455478118959e+01 4.974512415310564423e+10
-8.986904438407320583e+01 5.136240449405404663e+10
-8.952339421336522207e+01 5.302573571369111633e+10
-8.917774404265723831e+01 5.473614099227014923e+10
-8.883209387194928297e+01 5.649465459503086853e+10
-8.848644370124129921e+01 5.830232154683039856e+10
-8.814079353053331545e+01 6.016019728939390564e+10
-8.779514335982536011e+01 6.206934732094233704e+10
-8.744949318911737635e+01 6.403084682016320038e+10
-8.710384301840940680e+01 6.604578025366661072e+10
-8.675819284770142303e+01 6.811524096714507294e+10
-8.641254267699346769e+01 7.024033076062173462e+10
-8.606689250628548393e+01 7.242215944923786926e+10
-8.572124233557752859e+01 7.466184440865640259e+10
-8.537559216486954483e+01 7.696051010575074768e+10
-8.502994199416156107e+01 7.931928761685113525e+10
-8.468429182345359152e+01 8.173931413190751648e+10
-8.433864165274562197e+01 8.422173244623785400e+10
-8.399299148203765242e+01 8.676769044050982666e+10
-8.364734131132966866e+01 8.937834055086466980e+10
-8.330169114062171332e+01 9.205483922762040710e+10
-8.295604096991372955e+01 9.479834638474914551e+10
-8.261039079920576000e+01 9.761002484314825439e+10
-8.226474062849777624e+01 1.004910397635836945e+11
-8.191909045778982090e+01 1.034425580760640869e+11
-8.157344028708182293e+01 1.064657479022523499e+11
-8.122779011637385338e+01 1.095617779752064972e+11
-8.088213994566588383e+01 1.127318170556162109e+11
-8.053648977495790007e+01 1.159770333464802094e+11
-8.019083960424994473e+01 1.192985939077278137e+11
-7.984518943354196097e+01 1.226976640716325684e+11
-7.949953926283399142e+01 1.261754068609782257e+11
-7.915388909212600765e+01 1.297329824105778656e+11
-7.880823892141803810e+01 1.333715473941870117e+11
-7.846258875071005434e+01 1.370922544573004303e+11
-7.811693858000208479e+01 1.408962516594211731e+11
-7.777128840929411524e+01 1.447846819245085449e+11
-7.742563823858614569e+01 1.487586825024989624e+11
-7.707998806787817614e+01 1.528193844447120667e+11
-7.673433789717020659e+01 1.569679120908326111e+11
-7.638868772646222283e+01 1.612053825741870117e+11
-7.604303755575423907e+01 1.655329053408444214e+11
-7.569738738504626951e+01 1.699515816902663574e+11
-7.535173721433829996e+01 1.744625043339042969e+11
-7.500608704363033041e+01 1.790667569746665955e+11
-7.466043687292236086e+01 1.837654139106258545e+11
-7.431478670221437710e+01 1.885595396624178162e+11
-7.396913653150640755e+01 1.934501886252103882e+11
-7.362348636079843800e+01 1.984384047471743469e+11
-7.327783619009045424e+01 2.035252212370690308e+11
-7.293218601938248469e+01 2.087116602995837402e+11
-7.258653584867450093e+01 2.139987329012477722e+11
-7.224088567796653138e+01 2.193874385670690002e+11
-7.189523550725856182e+01 2.248787652090312500e+11
-7.154958533655059227e+01 2.304736889879509888e+11
-7.120393516584262272e+01 2.361731742076642456e+11
-7.085828499513463896e+01 2.419781732440598145e+11
-7.051263482442666941e+01 2.478896265090165100e+11
-7.016698465371868565e+01 2.539084624471961365e+11
-6.982133448301071610e+01 2.600355975710432739e+11
-6.947568431230273234e+01 2.662719365282153320e+11
-6.913003414159476279e+01 2.726183722060232849e+11
-6.878438397088679324e+01 2.790757858700430298e+11
-6.843873380017882369e+01 2.856450473388386230e+11
-6.809308362947085413e+01 2.923270151908068237e+11
-6.774743345876287037e+01 2.991225370062897339e+11
-6.740178328805490082e+01 3.060324496429108887e+11
-6.705613311734693127e+01 3.130575795418394775e+11
-6.671048294663896172e+01 3.201987430652960205e+11
-6.636483277593099217e+01 3.274567468648547363e+11
-6.601918260522300841e+01 3.348323882748865967e+11
-6.567353243451502465e+01 3.423264557352915649e+11
-6.532788226380705510e+01 3.499397292395578613e+11
-6.498223209309908555e+01 3.576729808015942383e+11
-6.463658192239111600e+01 3.655269749474658813e+11
-6.429093175168313223e+01 3.735024692222606201e+11
-6.394528158097516268e+01 3.816002147140247192e+11
-6.359963141026719313e+01 3.898209565913201904e+11
-6.325398123955922358e+01 3.981654346499896240e+11
-6.290833106885123982e+01 4.066343838652498779e+11
-6.256268089814327027e+01 4.152285349513823242e+11
-6.221703072743529361e+01 4.239486149198194580e+11
-6.187138055672732406e+01 4.327953476326482544e+11
-6.152573038601934030e+01 4.417694543539899292e+11
-6.118008021531137075e+01 4.508716542842094116e+11
-6.083443004460339409e+01 4.601026650854239502e+11
-6.048877987389542454e+01 4.694632033866812744e+11
-6.014312970318745499e+01 4.789539852617052612e+11
-5.979747953247947834e+01 4.885757266875860596e+11
-5.945182936177150168e+01 4.983291439643374634e+11
-5.910617919106352502e+01 5.082149541002125854e+11
-5.876052902035555547e+01 5.182338751596967163e+11
-5.841487884964758592e+01 5.283866265586298218e+11
-5.806922867893960927e+01 5.386739293126727295e+11
-5.772357850823163972e+01 5.490965062329038086e+11
-5.737792833752365596e+01 5.596550820544307861e+11
-5.703227816681568640e+01 5.703503835011096191e+11
-5.668662799610770975e+01 5.811831392846350098e+11
-5.634097782539974020e+01 5.921540800217044678e+11
-5.599532765469175644e+01 6.032639380725017090e+11
-5.564967748398378689e+01 6.145134472935625000e+11
-5.530402731327581733e+01 6.259033427002587891e+11
-5.495837714256784068e+01 6.374343600319184570e+11
-5.461272697185987113e+01 6.491072352161118164e+11
-5.426707680115189447e+01 6.609227037278865967e+11
-5.392142663044392492e+01 6.728814998385010986e+11
-5.357577645973595537e+01 6.849843557483585205e+11
-5.323012628902797161e+01 6.972320005961502686e+11
-5.288447611832000206e+01 7.096251593490678711e+11
-5.253882594761201830e+01 7.221645515643366699e+11
-5.219317577690404875e+01 7.348508900087528076e+11
-5.184752560619607209e+01 7.476848791470646973e+11
-5.150187543548810254e+01 7.606672134901719971e+11
-5.115622526478013299e+01 7.737985757930352783e+11
-5.081057509407215633e+01 7.870796351056297607e+11
-5.046492492336418678e+01 8.005110446708565674e+11
-5.011927475265621013e+01 8.140934396653071289e+11
-4.977362458194824058e+01 8.278274347833634033e+11
-4.942797441124027102e+01 8.417136216551900635e+11
-4.908232424053228726e+01 8.557525661061708984e+11
-4.873667406982430350e+01 8.699448052426149902e+11
-4.839102389911633395e+01 8.842908443713116455e+11
-4.804537372840836440e+01 8.987911537490252686e+11
-4.769972355770038774e+01 9.134461651555660400e+11
-4.735407338699241819e+01 9.282562682977919922e+11
-4.700842321628444864e+01 9.432218070337597656e+11
-4.666277304557647199e+01 9.583430754206468506e+11
-4.631712287486850244e+01 9.736203135895579834e+11
-4.597147270416052578e+01 9.890537034408272705e+11
-4.562582253345254912e+01 1.004643364165710449e+12
-4.528017236274457247e+01 1.020389347586486084e+12
-4.493452219203660292e+01 1.036291633324230591e+12
-4.458887202132861916e+01 1.052350123792696533e+12
-4.424322185062064960e+01 1.068564639016307129e+12
-4.389757167991268005e+01 1.084934911281132690e+12
-4.355192150920470340e+01 1.101460579612442871e+12
-4.320627133849673385e+01 1.118141184089640869e+12
-4.286062116778876430e+01 1.134976159991323242e+12
-4.251497099708078053e+01 1.151964831785298096e+12
-4.216932082637281098e+01 1.169106406962931641e+12
-4.182367065566483433e+01 1.186399969711788818e+12
-4.147802048495686478e+01 1.203844474449802490e+12
-4.113237031424888812e+01 1.221438739212894287e+12
-4.078672014354091147e+01 1.239181438901095215e+12
-4.044106997283294191e+01 1.257071098397035645e+12
-4.009541980212497236e+01 1.275106085558214111e+12
-3.974976963141699571e+01 1.293284604087503418e+12
-3.940411946070901905e+01 1.311604686291247314e+12
-3.905846929000104240e+01 1.330064185739828369e+12
-3.871281911929307284e+01 1.348660769830861084e+12
-3.836716894858510329e+01 1.367391912262823730e+12
-3.802151877787711953e+01 1.386254885431167236e+12
-3.767586860716914998e+01 1.405246752766393311e+12
-3.733021843646118043e+01 1.424364361014396729e+12
-3.698456826575320378e+01 1.443604332468249023e+12
-3.663891809504522712e+01 1.462963057173031982e+12
-3.629326792433725046e+01 1.482436685118440918e+12
-3.594761775362928091e+01 1.502021118422755615e+12
-3.560196758292131136e+01 1.521712003529359619e+12
-3.525631741221333471e+01 1.541504723430931641e+12
-3.491066724150535805e+01 1.561394389944972168e+12
-3.456501707079738139e+01 1.581375836048052734e+12
-3.421936690008941184e+01 1.601443608289853516e+12
-3.387371672938143519e+01 1.621591959313757812e+12
-3.352806655867346564e+01 1.641814840505593994e+12
-3.318241638796549609e+01 1.662105894784053467e+12
-3.283676621725751232e+01 1.682458449556674561e+12
-3.249111604654954277e+01 1.702865509890891846e+12
-3.214546587584156612e+01 1.723319751891619629e+12
-3.179981570513359657e+01 1.743813516332326416e+12
-3.145416553442561991e+01 1.764338802580156982e+12
-3.110851536371764681e+01 1.784887262824647949e+12
-3.076286519300967015e+01 1.805450196653257080e+12
-3.041721502230169705e+01 1.826018546012432373e+12
-3.007156485159372750e+01 1.846582890585382080e+12
-2.972591468088575084e+01 1.867133443631882324e+12
-2.938026451017777774e+01 1.887660048318961426e+12
-2.903461433946980463e+01 1.908152174595358643e+12
-2.868896416876182798e+01 1.928598916644456055e+12
-2.834331399805385487e+01 1.948988990977472412e+12
-2.799766382734587822e+01 1.969310735199452881e+12
-2.765201365663790867e+01 1.989552107501439941e+12
-2.730636348592993556e+01 2.009700686935424805e+12
-2.696071331522196246e+01 2.029743674516257324e+12
-2.661506314451398580e+01 2.049667895225482910e+12
-2.626941297380600915e+01 2.069459800941834961e+12
-2.592376280309803604e+01 2.089105474385710693e+12
-2.557811263239006649e+01 2.108590634125352783e+12
-2.523246246168209339e+01 2.127900640699033447e+12
-2.488681229097412029e+01 2.147020503914717529e+12
-2.454116212026614363e+01 2.165934891412633789e+12
-2.419551194955816698e+01 2.184628138515268311e+12
-2.384986177885019387e+01 2.203084259450348633e+12
-2.350421160814222432e+01 2.221286960002046387e+12
-2.315856143743425122e+01 2.239219651642059082e+12
-2.281291126672627456e+01 2.256865467215696289e+12
-2.246726109601830146e+01 2.274207278212351074e+12
-2.212161092531032480e+01 2.291227713699330078e+12
-2.177596075460235170e+01 2.307909180948491699e+12
-2.143031058389438215e+01 2.324233887809622070e+12
-2.108466041318640549e+01 2.340183866861963867e+12
-2.073901024247843239e+01 2.355741001381948730e+12
-2.039336007177045573e+01 2.370887053151836426e+12
-2.004770990106248618e+01 2.385603692129428711e+12
-1.970205973035450953e+01 2.399872527972367676e+12
-1.935640955964653642e+01 2.413675143426813965e+12
-1.901075938893855977e+01 2.426993129562420410e+12
-1.866510921823059022e+01 2.439808122836395508e+12
-1.831945904752261356e+01 2.452101843946452637e+12
-1.797380887681464046e+01 2.463856138376613770e+12
-1.762815870610666735e+01 2.475053018621477539e+12
-1.728250853539869070e+01 2.485674707992789551e+12
-1.693685836469071759e+01 2.495703685864093750e+12
-1.659120819398274804e+01 2.505122734263965332e+12
-1.624555802327477139e+01 2.513914985665791016e+12
-1.589990785256679828e+01 2.522063971812006836e+12
-1.555425768185882340e+01 2.529553673397977539e+12
-1.520860751115084852e+01 2.536368570399117676e+12
-1.486295734044287542e+01 2.542493692815555176e+12
-1.451730716973490232e+01 2.547914671631270996e+12
-1.417165699902692744e+01 2.552617789674815430e+12
-1.382600682831895433e+01 2.556590032137554199e+12
-1.348035665761098123e+01 2.559819136451894043e+12
-1.313470648690300457e+01 2.562293641209423828e+12
-1.278905631619503325e+01 2.564002933832843262e+12
-1.244340614548706014e+01 2.564937296616901855e+12
-1.209775597477908349e+01 2.565087950867334961e+12
-1.175210580407111216e+01 2.564447098761607422e+12
-1.140645563336313728e+01 2.563007962608263184e+12
-1.106080546265516240e+01 2.560764821199176758e+12
-1.071515529194719107e+01 2.557713042889042480e+12
-1.036950512123921619e+01 2.553849115145029785e+12
-1.002385495053124309e+01 2.549170670271744141e+12
-9.678204779823268211e+00 2.543676507041976074e+12
-9.332554609115295108e+00 2.537366608014772949e+12
-8.986904438407320228e+00 2.530242152351735840e+12
-8.641254267699345348e+00 2.522305523970180176e+12
-8.295604096991374021e+00 2.513560314930222656e+12
-7.949953926283399142e+00 2.504011323971699707e+12
-7.604303755575424262e+00 2.493664550218773438e+12
-7.258653584867451158e+00 2.482527182054047363e+12
-6.913003414159477167e+00 2.470607581241876953e+12
-6.567353243451502287e+00 2.457915262509615234e+12
-6.221703072743530072e+00 2.444460868684548340e+12
-5.876052902035556080e+00 2.430256141672353027e+12
-5.530402731327581201e+00 2.415313889561253418e+12
-5.184752560619608097e+00 2.399647950177636719e+12
-4.839102389911634106e+00 2.383273151436075195e+12
-4.493452219203660114e+00 2.366205268870836426e+12
-4.147802048495687011e+00 2.348460980785025391e+12
-3.802151877787712131e+00 2.330057821433028320e+12
-3.456501707079738583e+00 2.311014132640924316e+12
-3.110851536371765036e+00 2.291349014296291016e+12
-2.765201365663790600e+00 2.271082274148847656e+12
-2.419551194955817053e+00 2.250234377279921387e+12
-2.073901024247843505e+00 2.228826395590440430e+12
-1.728250853539869292e+00 2.206879957673536621e+12
-1.382600682831895300e+00 2.184417199313859619e+12
-1.036950512123921753e+00 2.161460714827456543e+12
-6.913003414159476501e-01 2.138033509470705811e+12
-3.456501707079738250e-01 2.114158953019035889e+12
0.000000000000000000e+00 2.089860734568238770e+12
3.456501707079738250e-01 2.065162818596571777e+12
6.913003414159476501e-01 2.040089402243114502e+12
1.036950512123921753e+00 2.014664873726375977e+12
1.382600682831895300e+00 1.988913771801859863e+12
1.728250853539869292e+00 1.962860746102824707e+12
2.073901024247843505e+00 1.936530518180827148e+12
2.419551194955817053e+00 1.909947843059106934e+12
2.765201365663790600e+00 1.883137471145707764e+12
3.110851536371765036e+00 1.856124110288807861e+12
3.456501707079738583e+00 1.828932387788332275e+12
3.802151877787712131e+00 1.801586812261892578e+12
4.147802048495687011e+00 1.774111735206128174e+12
4.493452219203660114e+00 1.746531312151159912e+12
4.839102389911634106e+00 1.718869463402185059e+12
5.184752560619608097e+00 1.691149834355680420e+12
5.530402731327581201e+00 1.663395755408744385e+12
5.876052902035556080e+00 1.635630201541617676e+12
6.221703072743530072e+00 1.607875751738626465e+12
6.567353243451502287e+00 1.580154548400499756e+12
6.913003414159477167e+00 1.552488256962792725e+12
7.258653584867451158e+00 1.524898025934454102e+12
7.604303755575424262e+00 1.497404447646781738e+12
7.949953926283399142e+00 1.470027520010924072e+12
8.295604096991374021e+00 1.442786609543108643e+12
8.641254267699345348e+00 1.415700416001767334e+12
8.986904438407320228e+00 1.388786938917958740e+12
9.332554609115295108e+00 1.362063446307156006e+12
9.678204779823268211e+00 1.335546445847240723e+12
1.002385495053124309e+01 1.309251658778619629e+12
1.036950512123921619e+01 1.283193996745156982e+12
1.071515529194719107e+01 1.257387541799506348e+12
1.106080546265516240e+01 1.231845529693746338e+12
1.140645563336313728e+01 1.206580336622907715e+12
1.175210580407111216e+01 1.181603469488047607e+12
1.209775597477908349e+01 1.156925559730316650e+12
1.244340614548706014e+01 1.132556360746470947e+12
1.278905631619503325e+01 1.108504748854445557e+12
1.313470648690300457e+01 1.084778727780123901e+12
1.348035665761098123e+01 1.061385436513453735e+12
1.382600682831895433e+01 1.038331160441508545e+12
1.417165699902692744e+01 1.015621345610008301e+12
1.451730716973490232e+01 9.932606159247717285e+11
1.486295734044287542e+01 9.712527930981217041e+11
1.520860751115084852e+01 9.496009191347956543e+11
1.555425768185882340e+01 9.283072811293570557e+11
1.589990785256679828e+01 9.073734381510644531e+11
1.624555802327477139e+01 8.868002499789622803e+11
1.659120819398274804e+01 8.665879074474505615e+11
1.693685836469071759e+01 8.467359641754244385e+11
1.728250853539869070e+01 8.272433694452537842e+11
1.762815870610666735e+01 8.081085020078591309e+11
1.797380887681464046e+01 7.893292046015124512e+11
1.831945904752261356e+01 7.709028189810672607e+11
1.866510921823059022e+01 7.528262212578686523e+11
1.901075938893855977e+01 7.350958573710892334e+11
1.935640955964653642e+01 7.177077785237338867e+11
1.970205973035450953e+01 7.006576764181071777e+11
2.004770990106248618e+01 6.839409181467518311e+11
2.039336007177045573e+01 6.675525806079582520e+11
2.073901024247843239e+01 6.514874843193638916e+11
2.108466041318640549e+01 6.357402265171217041e+11
2.143031058389438215e+01 6.203052134410496826e+11
2.177596075460235170e+01 6.051766917149440918e+11
2.212161092531032480e+01 5.903487787380234375e+11
2.246726109601830146e+01 5.758154920147740479e+11
2.281291126672627456e+01 5.615707773586582031e+11
2.315856143743425122e+01 5.476085359117847290e+11
2.350421160814222432e+01 5.339226499296001587e+11
2.384986177885019387e+01 5.205070072891720581e+11
2.419551194955816698e+01 5.073555246827779541e+11
2.454116212026614363e+01 4.944621694648830566e+11
2.488681229097412029e+01 4.818209801300419922e+11
2.523246246168209339e+01 4.694260853991147461e+11
2.557811263239006649e+01 4.572717219009475708e+11
2.592376280309803604e+01 4.453522504386537476e+11
2.626941297380600915e+01 4.336621708358930664e+11
2.661506314451398580e+01 4.221961353626387939e+11
2.696071331522196246e+01 4.109489607435993042e+11
2.730636348592993556e+01 3.999156387572231445e+11
2.765201365663790867e+01 3.890913454364418945e+11
2.799766382734587822e+01 3.784714488872652588e+11
2.834331399805385487e+01 3.680515157436513062e+11
2.868896416876182798e+01 3.578273162806503906e+11
2.903461433946980463e+01 3.477948282126135864e+11
2.938026451017777774e+01 3.379502392047418213e+11
2.972591468088575084e+01 3.282899481302827148e+11
3.007156485159372750e+01 3.188105651088745728e+11
3.041721502230169705e+01 3.095089103650513306e+11
3.076286519300967015e+01 3.003820119476730957e+11
3.110851536371764681e+01 2.914271023542385864e+11
3.145416553442561991e+01 2.826416141084832153e+11
3.179981570513359657e+01 2.740231743415057068e+11
3.214546587584156612e+01 2.655695984297848206e+11
3.249111604654954277e+01 2.572788827449197388e+11
3.283676621725751232e+01 2.491491965752243652e+11
3.318241638796549609e+01 2.411788732808809814e+11
3.352806655867346564e+01 2.333664007469562378e+11
3.387371672938143519e+01 2.257104112005249023e+11
3.421936690008941184e+01 2.182096704616957397e+11
3.456501707079738139e+01 2.108630667009178772e+11
3.491066724150535805e+01 2.036695987752248840e+11
3.525631741221333471e+01 1.966283642193874817e+11
3.560196758292131136e+01 1.897385469693948059e+11
3.594761775362928091e+01 1.829994048963228149e+11
3.629326792433725046e+01 1.764102572293711243e+11
3.663891809504522712e+01 1.699704719484172668e+11
3.698456826575320378e+01 1.636794532259360962e+11
3.733021843646118043e+01 1.575366289960437927e+11
3.767586860716914998e+01 1.515414387305034180e+11
3.802151877787711953e+01 1.456933214977047729e+11
3.836716894858510329e+01 1.399917043790733032e+11
3.871281911929307284e+01 1.344359913152309113e+11
3.905846929000104240e+01 1.290255524502201080e+11
3.940411946070901905e+01 1.237597140389217834e+11
3.974976963141699571e+01 1.186377489785340729e+11
4.009541980212497236e+01 1.136588680193883209e+11
4.044106997283294191e+01 1.088222117046441193e+11
4.078672014354091147e+01 1.041268430842516937e+11
4.113237031424888812e+01 9.957174124041340637e+10
4.147802048495686478e+01 9.515579565570057678e+10
4.182367065566483433e+01 9.087780144818688965e+10
4.216932082637281098e+01 8.673645549031410217e+10
4.251497099708078053e+01 8.273035342086531067e+10
4.286062116778876430e+01 7.885798755243373108e+10
4.320627133849673385e+01 7.511774566842631531e+10
4.355192150920470340e+01 7.150791069689112854e+10
4.389757167991268005e+01 6.802666124138691711e+10
4.424322185062064960e+01 6.467207294161548615e+10
4.458887202132861916e+01 6.144212063056798553e+10
4.493452219203660292e+01 5.833468124846319580e+10
4.528017236274457247e+01 5.534753746857444763e+10
4.562582253345254912e+01 5.247838198460593414e+10
4.597147270416052578e+01 4.972482240510276031e+10
4.631712287486850244e+01 4.708438669656449890e+10
4.666277304557647199e+01 4.455452911442585754e+10
4.700842321628444864e+01 4.213263655786230469e+10
4.735407338699241819e+01 3.981603528383443451e+10
4.769972355770038774e+01 3.760199791430342865e+10
4.804537372840836440e+01 3.548775067090319824e+10
4.839102389911633395e+01 3.347048077173748016e+10
4.873667406982430350e+01 3.154734392660567093e+10
4.908232424053228726e+01 2.971547186851677704e+10
4.942797441124027102e+01 2.797197986225480652e+10
4.977362458194824058e+01 2.631397413361640167e+10
5.011927475265621013e+01 2.473855916640657043e+10
5.046492492336418678e+01 2.324284481826195526e+10
5.081057509407215633e+01 2.182395321076225662e+10
5.115622526478013299e+01 2.047902535336223602e+10
5.150187543548810254e+01 1.920522746558362961e+10
5.184752560619607209e+01 1.799975696667530441e+10
5.219317577690404875e+01 1.685984810665522766e+10
5.253882594761201830e+01 1.578277721725199699e+10
5.288447611832000206e+01 1.476586756643819618e+10
5.323012628902797161e+01 1.380649380414478683e+10
5.357577645973595537e+01 1.290208599166245270e+10
5.392142663044392492e+01 1.205013321101992798e+10
5.426707680115189447e+01 1.124818675460144234e+10
5.461272697185987113e+01 1.049386289899020767e+10
5.495837714256784068e+01 9.784845270024271011e+09
5.530402731327581733e+01 9.118886809176750183e+09
5.564967748398378689e+01 8.493811353951539993e+09
5.599532765469175644e+01 7.907514847244824409e+09
5.634097782539974020e+01 7.357966192492439270e+09
5.668662799610770975e+01 6.843207773018377304e+09
5.703227816681568640e+01 6.361355655490288734e+09
5.737792833752365596e+01 5.910599497907988548e+09
5.772357850823163972e+01 5.489202183762810707e+09
5.806922867893960927e+01 5.095499203914588928e+09
5.841487884964758592e+01 4.727897808294795036e+09
5.876052902035555547e+01 4.384875949137473106e+09
5.910617919106352502e+01 4.064981037465113640e+09
5.945182936177150168e+01 3.766828533822610378e+09
5.979747953247947834e+01 3.489100393886478424e+09
6.014312970318745499e+01 3.230543388669419289e+09
6.048877987389542454e+01 2.989967318235751629e+09
6.083443004460339409e+01 2.766243137005184174e+09
6.118008021531137075e+01 2.558301007434984684e+09
6.152573038601934030e+01 2.365128298216589451e+09
6.187138055672732406e+01 2.185767541611304760e+09
6.221703072743529361e+01 2.019314363766921759e+09
6.256268089814327027e+01 1.864915400481154919e+09
6.290833106885123982e+01 1.721766210031797886e+09
6.325398123955922358e+01 1.589109193335406303e+09
6.359963141026719313e+01 1.466231530874994755e+09
6.394528158097516268e+01 1.352463144601659060e+09
6.429093175168313223e+01 1.247174692226883173e+09
6.463658192239111600e+01 1.149775600268680096e+09
6.498223209309908555e+01 1.059712141308428764e+09
6.532788226380705510e+01 9.764655601939519644e+08
6.567353243451502465e+01 8.995502530741453171e+08
6.601918260522300841e+01 8.285120024335993528e+08
6.636483277593099217e+01 7.629262706525014639e+08
6.671048294663896172e+01 7.023965539725043774e+08
6.705613311734693127e+01 6.465527982774890661e+08
6.740178328805490082e+01 5.950498775283823013e+08
6.774743345876287037e+01 5.475661351882053614e+08
6.809308362947085413e+01 5.038019887729538679e+08
6.843873380017882369e+01 4.634785970577504039e+08
6.878438397088679324e+01 4.263365893533576727e+08
6.913003414159476279e+01 3.921348558761063814e+08
6.947568431230273234e+01 3.606493981153830290e+08
6.982133448301071610e+01 3.316722377346010804e+08
7.016698465371868565e+01 3.050103826483821869e+08
7.051263482442666941e+01 2.804848484074777961e+08
7.085828499513463896e+01 2.579297333193971217e+08
7.120393516584262272e+01 2.371913453794380128e+08
7.154958533655059227e+01 2.181273790727568567e+08
7.189523550725856182e+01 2.006061401878329515e+08
7.224088567796653138e+01 1.845058165811316669e+08
7.258653584867450093e+01 1.697137930089714527e+08
7.293218601938248469e+01 1.561260080033966899e+08
7.327783619009045424e+01 1.436463508367060721e+08
7.362348636079843800e+01 1.321860967083269358e+08
7.396913653150640755e+01 1.216633782679041624e+08
7.431478670221437710e+01 1.120026915509704500e+08
7.466043687292236086e+01 1.031344347379680276e+08
7.500608704363033041e+01 9.499447785028631985e+07
7.535173721433829996e+01 8.752376182972134650e+07
7.569738738504626951e+01 8.066792545639039576e+07
7.604303755575423907e+01 7.437695851516045630e+07
7.638868772646222283e+01 6.860487993758752942e+07
7.673433789717020659e+01 6.330943947675044090e+07
7.707998806787817614e+01 5.845184177032902092e+07
7.742563823858614569e+01 5.399649168954702467e+07
7.777128840929411524e+01 4.991075983635611087e+07
7.811693858000208479e+01 4.616476747374691814e+07
7.846258875071005434e+01 4.273118992052731663e+07
7.880823892141803810e+01 3.958507785736650229e+07
7.915388909212600765e+01 3.670369601861160994e+07
7.949953926283399142e+01 3.406637874176491797e+07
7.984518943354196097e+01 3.165440206450724229e+07
8.019083960424994473e+01 2.945087207495671511e+07
8.053648977495790007e+01 2.744062881228763983e+07
8.088213994566588383e+01 2.561016492047493532e+07
8.122779011637385338e+01 2.394755696074924618e+07
8.157344028708182293e+01 2.244240533178688958e+07
8.191909045778982090e+01 2.108577496203292534e+07
8.226474062849777624e+01 1.987012152413948998e+07
8.261039079920576000e+01 1.878917453021213785e+07
8.295604096991372955e+01 1.783772482674396411e+07
8.330169114062171332e+01 1.701122099894254655e+07
8.364734131132966866e+01 1.630500632160815224e+07
8.399299148203765242e+01 1.571290984847525507e+07
8.433864165274562197e+01 1.522474125707002915e+07
8.468429182345359152e+01 1.482210953397821076e+07
8.502994199416156107e+01 1.447249311418875679e+07
8.537559216486954483e+01 1.412787493681724742e+07
8.572124233557752859e+01 1.378245615777789243e+07
8.606689250628548393e+01 1.367481214436105080e+07
8.641254267699346769e+01 1.230895382391899265e+07
8.675819284770142303e+01 1.121441272838111967e+07
8.710384301840940680e+01 1.014113129394701496e+07
8.744949318911737635e+01 9.090240976541487500e+06
8.779514335982536011e+01 8.102880070111526176e+06
8.814079353053331545e+01 7.201686016764740460e+06
8.848644370124129921e+01 6.393408094970033504e+06
8.883209387194928297e+01 5.675748682577097788e+06
8.917774404265723831e+01 5.042021369788929820e+06
8.952339421336522207e+01 4.483849866184333339e+06
8.986904438407320583e+01 3.992607915267478209e+06
9.021469455478118959e+01 3.560125304104462732e+06
9.056034472548914493e+01 3.178988916047172155e+06
9.090599489619712870e+01 2.842630374461329542e+06
9.125164506690509825e+01 2.545307398356805556e+06
9.159729523761308201e+01 2.282037052675935905e+06
9.194294540832105156e+01 2.048511578151159920e+06
9.228859557902902111e+01 1.841012334005838726e+06
9.263424574973700487e+01 1.656329183360539610e+06
9.297989592044496021e+01 1.491688296642372152e+06
9.332554609115294397e+01 1.344689109308868647e+06
9.367119626186091352e+01 1.213250081581187202e+06
9.401684643256889728e+01 1.095562427434381098e+06
9.436249660327685262e+01 9.900508306742176646e+05
9.470814677398483639e+01 8.953401645188909024e+05
9.505379694469279173e+01 8.102273149366814177e+05
9.539944711540077549e+01 7.336573098786084447e+05
9.574509728610875925e+01 6.647030714545709779e+05
9.609074745681672880e+01 6.025482076456758659e+05
9.643639762752469835e+01 5.464723568998567061e+05
9.678204779823266790e+01 4.958386758785591228e+05
9.712769796894065166e+01 4.500831309014610015e+05
9.747334813964860700e+01 4.087053084871586761e+05
9.781899831035659076e+01 3.712605100529582123e+05
9.816464848106457453e+01 3.373529323548068060e+05
9.851029865177255829e+01 3.066297710125562153e+05
9.885594882248054205e+01 2.787761086610139464e+05
9.920159899318849739e+01 2.535104730375686777e+05
9.954724916389648115e+01 2.305809679834233248e+05
9.989289933460445070e+01 2.097618966047677386e+05
1.002385495053124203e+02 1.908508063092696830e+05
1.005841996760203898e+02 1.736658995181437640e+05
1.009298498467283736e+02 1.580437584545032878e+05
1.012755000174363289e+02 1.438373440390033065e+05
1.016211501881443127e+02 1.309142308734973340e+05
1.019668003588522822e+02 1.191550492961980781e+05
1.023124505295602660e+02 1.084521072933842079e+05
1.026581007002682355e+02 9.870816923953632067e+04
1.030037508709762051e+02 8.983537305184017168e+04
1.033494010416841888e+02 8.175426770133008540e+04
1.036950512123921442e+02 7.439295756709815760e+04
1.040407013831001279e+02 6.768633947264269227e+04
1.043863515538080975e+02 6.157542299707190250e+04
1.047320017245160813e+02 5.600672348291974049e+04
1.050776518952240366e+02 5.093171894008630625e+04
1.054233020659320204e+02 4.630636552085506264e+04
1.057689522366400041e+02 4.209066219375844230e+04
1.061146024073479595e+02 3.824826135027254350e+04
1.064602525780559432e+02 3.474611933865291940e+04
1.068059027487639270e+02 3.155418299713724264e+04
1.071515529194719107e+02 2.864510730549085929e+04
1.074972030901798661e+02 2.599400241148858186e+04
1.078428532608878498e+02 2.357820473006726752e+04
1.081885034315958194e+02 2.137707204895511313e+04
1.085341536023037889e+02 1.937179772123153452e+04
1.088798037730117585e+02 1.754524316410258689e+04
1.092254539437197423e+02 1.588178651111178988e+04
1.095711041144277260e+02 1.436718575683410199e+04
1.099167542851356814e+02 1.298845410434683436e+04
1.102624044558436651e+02 1.173374707877368201e+04
1.106080546265516347e+02 1.059226036496039524e+04
1.109537047972596042e+02 9.554135773506264741e+03
1.112993549679675738e+02 8.610376593773484274e+03
1.116450051386755575e+02 7.752769350569059498e+03
1.119906553093835129e+02 6.973812947569589596e+03
1.123363054800914966e+02 6.266654153318137105e+03
1.126819556507994804e+02 5.625027944483793362e+03
1.130276058215074499e+02 5.043203539903261117e+03
1.133732559922154195e+02 4.515934869963236451e+03
1.137189061629233890e+02 4.038415756966901881e+03
1.140645563336313728e+02 3.606238560462834357e+03
1.144102065043393281e+02 3.215356859982372043e+03
1.147558566750473119e+02 2.862051590093677987e+03
1.151015068457552957e+02 2.542899642134550049e+03
1.154471570164632794e+02 2.254746340494438300e+03
1.157928071871712632e+02 1.994679410740664707e+03
1.161384573578792185e+02 1.760005727526132432e+03
1.164841075285872023e+02 1.548230390579164123e+03
1.168297576992951718e+02 1.357037028328752285e+03
1.171754078700031414e+02 1.184270002468382017e+03
1.175210580407111109e+02 1.027918294240901332e+03
1.178667082114190947e+02 8.860995901052253885e+02
1.182123583821270500e+02 7.570468866355371347e+02
1.185580085528350338e+02 6.390945479325000633e+02
1.189036587235430034e+02 5.306656083145844605e+02
1.192493088942509729e+02 4.302599373339805879e+02
1.195949590649589567e+02 3.364423647179845602e+02
1.199406092356669262e+02 2.478315080067786766e+02
1.202862594063749100e+02 1.630886004004521226e+02
1.206319095770828653e+02 8.090669764408252718e+01
