-1.553697517332342386e+02 9.999994242323159144e-01
-1.550241015625262548e+02 9.999994232580778908e-01
-1.546784513918182995e+02 9.999994213220879669e-01
-1.543328012211103442e+02 9.999994184330399660e-01
-1.539871510504023604e+02 9.999994145938019274e-01
-1.536415008796943766e+02 9.999994098027928935e-01
-1.532958507089864213e+02 9.999994040552669938e-01
-1.529502005382784375e+02 9.999993973440539641e-01
-1.526045503675704538e+02 9.999993896599619347e-01
-1.522589001968624700e+02 9.999993809919870413e-01
-1.519132500261545147e+02 9.999993713273939155e-01
-1.515675998554465309e+02 9.999993606517769695e-01
-1.512219496847385471e+02 9.999993489490559551e-01
-1.508762995140305918e+02 9.999993362014919507e-01
-1.505306493433226365e+02 9.999993223896539440e-01
-1.501849991726146527e+02 9.999993074924039549e-01
-1.498393490019066689e+02 9.999992914868849336e-01
-1.494936988311986852e+02 9.999992743484670266e-01
-1.491480486604907014e+02 9.999992560507350303e-01
-1.488023984897827177e+02 9.999992365654378768e-01
-1.484567483190747623e+02 9.999992158624618765e-01
-1.481110981483668070e+02 9.999991939097668814e-01
-1.477654479776588232e+02 9.999991706733628583e-01
-1.474197978069508395e+02 9.999991461172529350e-01
-1.470741476362428841e+02 9.999991202033698956e-01
-1.467284974655349004e+02 9.999990928915469812e-01
-1.463828472948269166e+02 9.999990641394358448e-01
-1.460371971241189613e+02 9.999990339024599217e-01
-1.456915469534109775e+02 9.999990021337439305e-01
-1.453458967827029937e+02 9.999989687840429298e-01
-1.450002466119950100e+02 9.999989338016759266e-01
-1.446545964412870546e+02 9.999988971324569320e-01
-1.443089462705790993e+02 9.999988587195990375e-01
-1.439632960998711155e+02 9.999988185036450261e-01
-1.436176459291631318e+02 9.999987764223808862e-01
-1.432719957584551764e+02 9.999987324107429965e-01
-1.429263455877471927e+02 9.999986864007268661e-01
-1.425806954170392373e+02 9.999986383212899899e-01
-1.422350452463312536e+02 9.999985880982510400e-01
-1.418893950756232698e+02 9.999985356541649661e-01
-1.415437449049152860e+02 9.999984809082509418e-01
-1.411980947342073307e+02 9.999984237762329364e-01
-1.408524445634993469e+02 9.999983641702590020e-01
-1.405067943927913632e+02 9.999983019987449540e-01
-1.401611442220833794e+02 9.999982371662610170e-01
-1.398154940513754241e+02 9.999981695734049270e-01
-1.394698438806674403e+02 9.999980991166379507e-01
-1.391241937099594566e+02 9.999980256881608742e-01
-1.387785435392514728e+02 9.999979491757620131e-01
-1.384328933685435175e+02 9.999978694626509013e-01
-1.380872431978355621e+02 9.999977864272889816e-01
-1.377415930271275784e+02 9.999976999432560465e-01
-1.373959428564195946e+02 9.999976098790259726e-01
-1.370502926857116393e+02 9.999975160978349376e-01
-1.367046425150036839e+02 9.999974184574529357e-01
-1.363589923442957001e+02 9.999973168100190213e-01
-1.360133421735877164e+02 9.999972110018249261e-01
-1.356676920028797326e+02 9.999971008731119992e-01
-1.353220418321717489e+02 9.999969862578600432e-01
-1.349763916614637935e+02 9.999968669835539448e-01
-1.346307414907558098e+02 9.999967428709589656e-01
-1.342850913200478544e+02 9.999966137338950345e-01
-1.339394411493398707e+02 9.999964793789608564e-01
-1.335937909786318869e+02 9.999963396053068720e-01
-1.332481408079239316e+02 9.999961942043579244e-01
-1.329024906372159762e+02 9.999960429595439182e-01
-1.325568404665079925e+02 9.999958856460179346e-01
-1.322111902958000087e+02 9.999957220303620220e-01
-1.318655401250920249e+02 9.999955518702928758e-01
-1.315198899543840412e+02 9.999953749143539738e-01
-1.311742397836760574e+02 9.999951909015929452e-01
-1.308285896129681021e+02 9.999949995612240627e-01
-1.304829394422601467e+02 9.999948006123029476e-01
-1.301372892715521630e+02 9.999945937633678561e-01
-1.297916391008441792e+02 9.999943787120729732e-01
-1.294459889301361954e+02 9.999941551448160437e-01
-1.291003387594282401e+02 9.999939227363698890e-01
-1.287546885887202563e+02 9.999936811494659628e-01
-1.284090384180122726e+02 9.999934300343878979e-01
-1.280633882473043172e+02 9.999931690285619457e-01
-1.277177380765963335e+02 9.999928977561178822e-01
-1.273720879058883639e+02 9.999926158274430321e-01
-1.270264377351803944e+02 9.999923228387219698e-01
-1.266807875644724248e+02 9.999920183714670063e-01
-1.263351373937644553e+02 9.999917019920339101e-01
-1.259894872230564715e+02 9.999913732511099829e-01
-1.256438370523484878e+02 9.999910316832180124e-01
-1.252981868816405324e+02 9.999906768061739282e-01
-1.249525367109325487e+02 9.999903081205558930e-01
-1.246068865402245791e+02 9.999899251091399766e-01
-1.242612363695166096e+02 9.999895272363239496e-01
-1.239155861988086400e+02 9.999891139475519664e-01
-1.235699360281006562e+02 9.999886846686929509e-01
-1.232242858573926725e+02 9.999882388054349702e-01
-1.228786356866847029e+02 9.999877757426489655e-01
-1.225329855159767334e+02 9.999872948437320552e-01
-1.221873353452687496e+02 9.999867954499470635e-01
-1.218416851745607801e+02 9.999862768797179724e-01
-1.214960350038527963e+02 9.999857384279640105e-01
-1.211503848331448410e+02 9.999851793653459220e-01
-1.208047346624368572e+02 9.999845989375528710e-01
-1.204590844917288877e+02 9.999839963645369423e-01
-1.201134343210209181e+02 9.999833708397479759e-01
-1.197677841503129343e+02 9.999827215293418670e-01
-1.194221339796049648e+02 9.999820475713738777e-01
-1.190764838088969952e+02 9.999813480749789596e-01
-1.187308336381890115e+02 9.999806221195229883e-01
-1.183851834674810419e+02 9.999798687537420072e-01
-1.180395332967730724e+02 9.999790869948719241e-01
-1.176938831260651028e+02 9.999782758277400152e-01
-1.173482329553571333e+02 9.999774342038578734e-01
-1.170025827846491495e+02 9.999765610404719451e-01
-1.166569326139411942e+02 9.999756552196349402e-01
-1.163112824432332104e+02 9.999747155871989701e-01
-1.159656322725252409e+02 9.999737409518669740e-01
-1.156199821018172713e+02 9.999727300841398936e-01
-1.152743319311092876e+02 9.999716817153269099e-01
-1.149286817604013038e+02 9.999705945364799620e-01
-1.145830315896933200e+02 9.999694671973319293e-01
-1.142373814189853505e+02 9.999682983052169405e-01
-1.138917312482773809e+02 9.999670864239599277e-01
-1.135460810775693972e+02 9.999658300727698457e-01
-1.132004309068614418e+02 9.999645277250939213e-01
-1.128547807361534581e+02 9.999631778074680177e-01
-1.125091305654454885e+02 9.999617786983410195e-01
-1.121634803947375048e+02 9.999603287268808982e-01
-1.118178302240295352e+02 9.999588261717750060e-01
-1.114721800533215657e+02 9.999572692600020574e-01
-1.111265298826135961e+02 9.999556561655820186e-01
-1.107808797119056123e+02 9.999539850083278836e-01
-1.104352295411976570e+02 9.999522538525800197e-01
-1.100895793704896732e+02 9.999504607058850025e-01
-1.097439291997817037e+02 9.999486035177279630e-01
-1.093982790290737341e+02 9.999466801781700109e-01
-1.090526288583657504e+02 9.999446885165459431e-01
-1.087069786876577666e+02 9.999426263000879000e-01
-1.083613285169498113e+02 9.999404912325748906e-01
-1.080156783462418275e+02 9.999382809529289151e-01
-1.076700281755338580e+02 9.999359930338439506e-01
-1.073243780048258884e+02 9.999336249803579824e-01
-1.069787278341179189e+02 9.999311742284309190e-01
-1.066330776634099351e+02 9.999286381435199544e-01
-1.062874274927019513e+02 9.999260140191089663e-01
-1.059417773219939818e+02 9.999232990752718875e-01
-1.055961271512860122e+02 9.999204904571699082e-01
-1.052504769805780285e+02 9.999175852335748793e-01
-1.049048268098700589e+02 9.999145803953639611e-01
-1.045591766391620894e+02 9.999114728540099417e-01
-1.042135264684541198e+02 9.999082594400519053e-01
-1.038678762977461361e+02 9.999049369015469146e-01
-1.035222261270381665e+02 9.999015019025279116e-01
-1.031765759563301970e+02 9.998979510214349720e-01
-1.028309257856222132e+02 9.998942807495369012e-01
-1.024852756149142579e+02 9.998904874893389527e-01
-1.021396254442062741e+02 9.998865675529859942e-01
-1.017939752734982903e+02 9.998825171606250395e-01
-1.014483251027903208e+02 9.998783324387968685e-01
-1.011026749320823512e+02 9.998740094187540395e-01
-1.007570247613743817e+02 9.998695440348209784e-01
-1.004113745906664121e+02 9.998649321226948938e-01
-1.000657244199584284e+02 9.998601694177529087e-01
-9.972007424925047303e+01 9.998552515533239982e-01
-9.937442407854248927e+01 9.998501740589489373e-01
-9.902877390783451972e+01 9.998449323586199311e-01
-9.868312373712655017e+01 9.998395217689949321e-01
-9.833747356641856641e+01 9.998339374975589999e-01
-9.799182339571058264e+01 9.998281746408239634e-01
-9.764617322500259888e+01 9.998222281824179491e-01
-9.730052305429462933e+01 9.998160929911950046e-01
-9.695487288358665978e+01 9.998097638193089720e-01
-9.660922271287867602e+01 9.998032353002038741e-01
-9.626357254217072068e+01 9.997965019466189540e-01
-9.591792237146273692e+01 9.997895581485239935e-01
-9.557227220075476737e+01 9.997823981709809127e-01
-9.522662203004678361e+01 9.997750161520140288e-01
-9.488097185933881406e+01 9.997674061003559709e-01
-9.453532168863084451e+01 9.997595618931960360e-01
-9.418967151792287495e+01 9.997514772738089750e-01
-9.384402134721490540e+01 9.997431458491440326e-01
-9.349837117650693585e+01 9.997345610873249466e-01
-9.315272100579895209e+01 9.997257163150888859e-01
-9.280707083509098254e+01 9.997166047150980450e-01
-9.246142066438301299e+01 9.997072193231910653e-01
-9.211577049367502923e+01 9.996975530255218789e-01
-9.177012032296707389e+01 9.996875985555959687e-01
-9.142447015225909013e+01 9.996773484911759544e-01
-9.107881998155110637e+01 9.996667952510760458e-01
-9.073316981084313682e+01 9.996559310918159413e-01
-9.038751964013516726e+01 9.996447481041569327e-01
-9.004186946942719771e+01 9.996332382094529345e-01
-8.969621929871921395e+01 9.996213931558649568e-01
-8.935056912801123019e+01 9.996092045144129301e-01
-8.900491895730326064e+01 9.995966636748179202e-01
-8.865926878659529109e+01 9.995837618411970160e-01
-8.831361861588730733e+01 9.995704900275209637e-01
-8.796796844517933778e+01 9.995568390528929426e-01
-8.762231827447136823e+01 9.995427995365709917e-01
-8.727666810376339868e+01 9.995283618927839342e-01
-8.693101793305541491e+01 9.995135163252749644e-01
-8.658536776234744536e+01 9.994982528216039830e-01
-8.623971759163947581e+01 9.994825611471720439e-01
-8.589406742093150626e+01 9.994664308389450413e-01
-8.554841725022353671e+01 9.994498511988960665e-01
-8.520276707951555295e+01 9.994328112871260217e-01
-8.485711690880756919e+01 9.994152999146459493e-01
-8.451146673809961385e+01 9.993973056358198548e-01
-8.416581656739163009e+01 9.993788167404420442e-01
-8.382016639668366054e+01 9.993598212454679608e-01
-8.347451622597569099e+01 9.993403068863159211e-01
-8.312886605526772144e+01 9.993202611077820485e-01
-8.278321588455975188e+01 9.992996710545359873e-01
-8.243756571385176812e+01 9.992785235611619798e-01
-8.209191554314379857e+01 9.992568051417719532e-01
-8.174626537243582902e+01 9.992345019791010197e-01
-8.140061520172784526e+01 9.992115999131699899e-01
-8.105496503101986150e+01 9.991880844294029895e-01
-8.070931486031189195e+01 9.991639406462279327e-01
-8.036366468960392240e+01 9.991391533021559690e-01
-8.001801451889595285e+01 9.991137067422870555e-01
-7.967236434818798330e+01 9.990875849042459844e-01
-7.932671417747999953e+01 9.990607713035279946e-01
-7.898106400677201577e+01 9.990332490182279868e-01
-7.863541383606404622e+01 9.990050006731769905e-01
-7.828976366535607667e+01 9.989760084233819670e-01
-7.794411349464809291e+01 9.989462539368568761e-01
-7.759846332394013757e+01 9.989157183767578552e-01
-7.725281315323215381e+01 9.988843823828188473e-01
-7.690716298252419847e+01 9.988522260520918961e-01
-7.656151281181621471e+01 9.988192289189639084e-01
-7.621586264110823095e+01 9.987853699344119152e-01
-7.587021247040024718e+01 9.987506274445260290e-01
-7.552456229969229184e+01 9.987149791682519151e-01
-7.517891212898430808e+01 9.986784021743400075e-01
-7.483326195827635274e+01 9.986408728574849292e-01
-7.448761178756836898e+01 9.986023669136819825e-01
-7.414196161686038522e+01 9.985628593147048981e-01
-7.379631144615242988e+01 9.985223242817669043e-01
-7.345066127544444612e+01 9.984807352583309203e-01
-7.310501110473646236e+01 9.984380648820030402e-01
-7.275936093402849281e+01 9.983942849555970112e-01
-7.241371076332052326e+01 9.983493664172400361e-01
-7.206806059261253949e+01 9.983032793096069391e-01
-7.172241042190458415e+01 9.982559927482169693e-01
-7.137676025119660039e+01 9.982074748887780347e-01
-7.103111008048863084e+01 9.981576928936108928e-01
-7.068545990978066129e+01 9.981066128970749185e-01
-7.033980973907267753e+01 9.980541999700438538e-01
-6.999415956836469377e+01 9.980004180834000094e-01
-6.964850939765672422e+01 9.979452300704999557e-01
-6.930285922694875467e+01 9.978885975886919724e-01
-6.895720905624077091e+01 9.978304810797269386e-01
-6.861155888553281557e+01 9.977708397292319731e-01
-6.826590871482483180e+01 9.977096314250609721e-01
-6.792025854411686225e+01 9.976468127146500553e-01
-6.757460837340889270e+01 9.975823387612620108e-01
-6.722895820270090894e+01 9.975161632991909055e-01
-6.688330803199295360e+01 9.974482385878439272e-01
-6.653765786128496984e+01 9.973785153647339863e-01
-6.619200769057700029e+01 9.973069427973539902e-01
-6.584635751986901653e+01 9.972334684339319022e-01
-6.550070734916104698e+01 9.971580381530189552e-01
-6.515505717845306322e+01 9.970805961119280081e-01
-6.480940700774510788e+01 9.970010846940209337e-01
-6.446375683703712411e+01 9.969194444547599954e-01
-6.411810666632914035e+01 9.968356140665849408e-01
-6.377245649562117791e+01 9.967495302625589693e-01
-6.342680632491320836e+01 9.966611277787469358e-01
-6.308115615420523170e+01 9.965703392953559892e-01
-6.273550598349725504e+01 9.964770953765850203e-01
-6.238985581278927839e+01 9.963813244091339616e-01
-6.204420564208130884e+01 9.962829525394349961e-01
-6.169855547137333218e+01 9.961819036094519131e-01
-6.135290530066535553e+01 9.960780990911790589e-01
-6.100725512995738598e+01 9.959714580196470379e-01
-6.066160495924940932e+01 9.958618969245449648e-01
-6.031595478854143977e+01 9.957493297603379201e-01
-5.997030461783346311e+01 9.956336678348669533e-01
-5.962465444712549356e+01 9.955148197364519502e-01
-5.927900427641750980e+01 9.953926912593630272e-01
-5.893335410570954025e+01 9.952671853277069713e-01
-5.858770393500157070e+01 9.951382019176379101e-01
-5.824205376429360115e+01 9.950056379779109728e-01
-5.789640359358562449e+01 9.948693873486119665e-01
-5.755075342287764784e+01 9.947293406781929637e-01
-5.720510325216967118e+01 9.945853853385989707e-01
-5.685945308146169452e+01 9.944374053385649503e-01
-5.651380291075372497e+01 9.942852812349269875e-01
-5.616815274004574832e+01 9.941288900419709140e-01
-5.582250256933777166e+01 9.939681051387659894e-01
-5.547685239862980211e+01 9.938027961743248762e-01
-5.513120222792183256e+01 9.936328289706899408e-01
-5.478555205721385590e+01 9.934580654237430419e-01
-5.443990188650587925e+01 9.932783634017730012e-01
-5.409425171579790970e+01 9.930935766416879584e-01
-5.374860154508994015e+01 9.929035546428449654e-01
-5.340295137438196349e+01 9.927081425583749175e-01
-5.305730120367398683e+01 9.925071810840360165e-01
-5.271165103296601018e+01 9.923005063444110263e-01
-5.236600086225803352e+01 9.920879497764929500e-01
-5.202035069155006397e+01 9.918693380104920410e-01
-5.167470052084208731e+01 9.916444927478968996e-01
-5.132905035013411776e+01 9.914132306366278957e-01
-5.098340017942614111e+01 9.911753631432900224e-01
-5.063775000871817156e+01 9.909306964224329217e-01
-5.029209983801020201e+01 9.906790311827159412e-01
-4.994644966730222535e+01 9.904201625499928774e-01
-4.960079949659425580e+01 9.901538799271798474e-01
-4.925514932588627914e+01 9.898799668508909688e-01
-4.890949915517829538e+01 9.895982008447409273e-01
-4.856384898447031873e+01 9.893083532693279780e-01
-4.821819881376234918e+01 9.890101891687619329e-01
-4.787254864305437252e+01 9.887034671137440167e-01
-4.752689847234640297e+01 9.883879390411349775e-01
-4.718124830163843342e+01 9.880633500899519417e-01
-4.683559813093046387e+01 9.877294384338120015e-01
-4.648994796022248721e+01 9.873859351096858639e-01
-4.614429778951451055e+01 9.870325638430769155e-01
-4.579864761880654100e+01 9.866690408694540615e-01
-4.545299744809855724e+01 9.862950747520559114e-01
-4.510734727739058769e+01 9.859103661959759402e-01
-4.476169710668261104e+01 9.855146078585519387e-01
-4.441604693597463438e+01 9.851074841561009432e-01
-4.407039676526666483e+01 9.846886710669540133e-01
-4.372474659455869528e+01 9.842578359309029912e-01
-4.337909642385071862e+01 9.838146372450119470e-01
-4.303344625314274907e+01 9.833587244559299778e-01
-4.268779608243477242e+01 9.828897377487090248e-01
-4.234214591172679576e+01 9.824073078322319574e-01
-4.199649574101881910e+01 9.819110557213169832e-01
-4.165084557031084955e+01 9.814005925156739085e-01
-4.130519539960288000e+01 9.808755191757299041e-01
-4.095954522889489624e+01 9.803354262955439324e-01
-4.061389505818692669e+01 9.797798938729680440e-01
-4.026824488747895714e+01 9.792084910771770012e-01
-3.992259471677098759e+01 9.786207760138319056e-01
-3.957694454606300383e+01 9.780162954880229353e-01
-3.923129437535503428e+01 9.773945847653370267e-01
-3.888564420464705762e+01 9.767551673311829497e-01
-3.853999403393908807e+01 9.760975546487998811e-01
-3.819434386323111141e+01 9.754212459161909488e-01
-3.784869369252313476e+01 9.747257278223189214e-01
-3.750304352181516521e+01 9.740104743030090217e-01
-3.715739335110718855e+01 9.732749462969100263e-01
-3.681174318039921900e+01 9.725185915019549654e-01
-3.646609300969123524e+01 9.717408441328558855e-01
-3.612044283898326569e+01 9.709411246800659923e-01
-3.577479266827529614e+01 9.701188396708320116e-01
-3.542914249756732659e+01 9.692733814328700070e-01
-3.508349232685934282e+01 9.684041278613400028e-01
-3.473784215615137327e+01 9.675104421897599005e-01
-3.439219198544339662e+01 9.665916727656358454e-01
-3.404654181473541996e+01 9.656471528314889419e-01
-3.370089164402745041e+01 9.646762003121909235e-01
-3.335524147331948086e+01 9.636781176094290080e-01
-3.300959130261150420e+01 9.626521914042389660e-01
-3.266394113190352755e+01 9.615976924685549765e-01
-3.231829096119555800e+01 9.605138754869099182e-01
-3.197264079048758134e+01 9.593999788892519920e-01
-3.162699061977960824e+01 9.582552246961439923e-01
-3.128134044907163513e+01 9.570788183775419400e-01
-3.093569027836365848e+01 9.558699487264019634e-01
-3.059004010765568182e+01 9.546277877485679353e-01
-3.024438993694771227e+01 9.533514905702489273e-01
-2.989873976623973917e+01 9.520401953647439353e-01
-2.955308959553176607e+01 9.506930232998099806e-01
-2.920743942482378941e+01 9.493090785075120053e-01
-2.886178925411581631e+01 9.478874480781629419e-01
-2.851613908340784320e+01 9.464272020801809404e-01
-2.817048891269986655e+01 9.449273936078009806e-01
-2.782483874199189344e+01 9.433870588585979711e-01
-2.747918857128392034e+01 9.418052172428159619e-01
-2.713353840057595079e+01 9.401808715267290228e-01
-2.678788822986797413e+01 9.385130080121789620e-01
-2.644223805915999748e+01 9.368005967546400026e-01
-2.609658788845202082e+01 9.350425918221418886e-01
-2.575093771774405127e+01 9.332379315975809497e-01
-2.540528754703608172e+01 9.313855391268719419e-01
-2.505963737632810506e+01 9.294843225156689259e-01
-2.471398720562013196e+01 9.275331753772200205e-01
-2.436833703491215530e+01 9.255309773342399460e-01
-2.402268686420418220e+01 9.234765945775500473e-01
-2.367703669349620910e+01 9.213688804844128999e-01
-2.333138652278823599e+01 9.192066762995280138e-01
-2.298573635208026289e+01 9.169888118816489353e-01
-2.264008618137228979e+01 9.147141065189069442e-01
-2.229443601066431313e+01 9.123813698159189967e-01
-2.194878583995633647e+01 9.099894026557590054e-01
-2.160313566924836692e+01 9.075369982399679181e-01
-2.125748549854039382e+01 9.050229432097049997e-01
-2.091183532783242072e+01 9.024460188511650438e-01
-2.056618515712444406e+01 8.998050023883690240e-01
-2.022053498641647096e+01 8.970986683664099459e-01
-1.987488481570849785e+01 8.943257901281519429e-01
-1.952923464500052120e+01 8.914851413873460251e-01
-1.918358447429254809e+01 8.885754979009798937e-01
-1.883793430358457499e+01 8.855956392436499236e-01
-1.849228413287660189e+01 8.825443506865289223e-01
-1.814663396216862878e+01 8.794204251833939168e-01
-1.780098379146065213e+01 8.762226654659969194e-01
-1.745533362075267902e+01 8.729498862507779622e-01
-1.710968345004470592e+01 8.696009165588010070e-01
-1.676403327933673282e+01 8.661746021504219684e-01
-1.641838310862875971e+01 8.626698080759129805e-01
-1.607273293792078306e+01 8.590854213429659492e-01
-1.572708276721280996e+01 8.554203537015990788e-01
-1.538143259650483685e+01 8.516735445465840604e-01
-1.503578242579686197e+01 8.478439639370609626e-01
-1.469013225508888887e+01 8.439306157324980573e-01
-1.434448208438091399e+01 8.399325408437190443e-01
-1.399883191367294089e+01 8.358488205970139306e-01
-1.365318174296496778e+01 8.316785802088529911e-01
-1.330753157225699290e+01 8.274209923680000411e-01
-1.296188140154901802e+01 8.230752809211869803e-01
-1.261623123084104670e+01 8.186407246577128705e-01
-1.227058106013307182e+01 8.141166611876070602e-01
-1.192493088942509871e+01 8.095024909071268926e-01
-1.157928071871712561e+01 8.047976810445449658e-01
-1.123363054800914895e+01 8.000017697782649817e-01
-1.088798037730117585e+01 7.951143704183339933e-01
-1.054233020659320275e+01 7.901351756415599947e-01
-1.019668003588522964e+01 7.850639617692810601e-01
-9.851029865177256539e+00 7.799005930759770333e-01
-9.505379694469281660e+00 7.746450261157530326e-01
-9.159729523761306780e+00 7.692973140526739861e-01
-8.814079353053333676e+00 7.638576109799160019e-01
-8.468429182345360573e+00 7.583261762115149907e-01
-8.122779011637387470e+00 7.527033785294819923e-01
-7.777128840929411702e+00 7.469897003679329961e-01
-7.431478670221437710e+00 7.411857419148359938e-01
-7.085828499513464607e+00 7.352922251109239582e-01
-6.740178328805489727e+00 7.293099975242789412e-01
-6.394528158097516624e+00 7.232400360782099691e-01
-6.048877987389543520e+00 7.170834506090519866e-01
-5.703227816681568640e+00 7.108414872296668907e-01
-5.357577645973594649e+00 7.045155314736989416e-01
-5.011927475265620657e+00 6.981071111949179731e-01
-4.666277304557647554e+00 6.916178991953879640e-01
-4.320627133849673562e+00 6.850497155557589979e-01
-3.974976963141699571e+00 6.784045296405899483e-01
-3.629326792433725579e+00 6.716844617514899918e-01
-3.283676621725751588e+00 6.648917844007319333e-01
-2.938026451017777596e+00 6.580289231781749626e-01
-2.592376280309803604e+00 6.510984571846679669e-01
-2.246726109601830501e+00 6.441031190055780398e-01
-1.901075938893856510e+00 6.370457941988579842e-01
-1.555425768185882296e+00 6.299295202730249565e-01
-1.209775597477908526e+00 6.227574851316389770e-01
-8.641254267699347569e-01 6.155330249623349737e-01
-5.184752560619607653e-01 6.082596215501910875e-01
-1.728250853539869125e-01 6.009408989972579995e-01
1.728250853539869125e-01 5.935806198323489991e-01
5.184752560619607653e-01 5.861826804977730010e-01
8.641254267699347569e-01 5.787511062026460262e-01
1.209775597477908526e+00 5.712900451355279463e-01
1.555425768185882296e+00 5.638037620326900035e-01
1.901075938893856510e+00 5.562966311020139942e-01
2.246726109601830501e+00 5.487731283066900057e-01
2.592376280309803604e+00 5.412378230170890037e-01
2.938026451017777596e+00 5.336953690438169806e-01
3.283676621725751588e+00 5.261504950697549754e-01
3.629326792433725579e+00 5.186079945038519767e-01
3.974976963141699571e+00 5.110727147845769425e-01
4.320627133849673562e+00 5.035495461662159444e-01
4.666277304557647554e+00 4.960434100264589641e-01
5.011927475265620657e+00 4.885592467391519644e-01
5.357577645973594649e+00 4.811020031612999737e-01
5.703227816681568640e+00 4.736766197885429741e-01
6.048877987389543520e+00 4.662880176384119890e-01
6.394528158097516624e+00 4.589410849253010016e-01
6.740178328805489727e+00 4.516406635955310112e-01
7.085828499513464607e+00 4.443915357947940126e-01
7.431478670221437710e+00 4.371984103437689950e-01
7.777128840929411702e+00 4.300659093005400058e-01
8.122779011637387470e+00 4.229985546907229499e-01
8.468429182345360573e+00 4.160007554876639646e-01
8.814079353053333676e+00 4.090767949257810288e-01
9.159729523761306780e+00 4.022308182299729751e-01
9.505379694469281660e+00 3.954668208429809595e-01
9.851029865177256539e+00 3.887886372305549565e-01
1.019668003588522964e+01 3.821999303414129745e-01
1.054233020659320275e+01 3.757041817950059759e-01
1.088798037730117585e+01 3.693046828653749336e-01
1.123363054800914895e+01 3.630045263235869846e-01
1.157928071871712561e+01 3.568065991946039461e-01
1.192493088942509871e+01 3.507135764772119635e-01
1.227058106013307182e+01 3.447279158673420274e-01
1.261623123084104670e+01 3.388518535166519796e-01
1.296188140154901802e+01 3.330874008489329574e-01
1.330753157225699290e+01 3.274363424475029705e-01
1.365318174296496778e+01 3.219002350169730131e-01
1.399883191367294089e+01 3.164804074130759814e-01
1.434448208438091399e+01 3.111779617245269969e-01
1.469013225508888887e+01 3.059937753815040185e-01
1.503578242579686197e+01 3.009285042562829804e-01
1.538143259650483685e+01 2.959825867130709276e-01
1.572708276721280996e+01 2.911562485562222968e-01
1.607273293792078306e+01 2.864495088189953909e-01
1.641838310862875971e+01 2.818621863287573692e-01
1.676403327933673282e+01 2.773939069793447953e-01
1.710968345004470592e+01 2.730441116370140864e-01
1.745533362075267902e+01 2.688120646032339245e-01
1.780098379146065213e+01 2.646968625554321775e-01
1.814663396216862878e+01 2.606974438857072029e-01
1.849228413287660189e+01 2.568125983574627846e-01
1.883793430358457499e+01 2.530409770008297254e-01
1.918358447429254809e+01 2.493811021695575836e-01
1.952923464500052120e+01 2.458313776847330934e-01
1.987488481570849785e+01 2.423900989940789841e-01
2.022053498641647096e+01 2.390554632796385859e-01
2.056618515712444406e+01 2.358255794512754966e-01
2.091183532783242072e+01 2.326984779684167781e-01
2.125748549854039382e+01 2.296721204378658066e-01
2.160313566924836692e+01 2.267444089410710906e-01
2.194878583995633647e+01 2.239131950499626822e-01
2.229443601066431313e+01 2.211762884961902820e-01
2.264008618137228979e+01 2.185314654642855070e-01
2.298573635208026289e+01 2.159764764847844909e-01
2.333138652278823599e+01 2.135090539086914874e-01
2.367703669349620910e+01 2.111269189497318177e-01
2.402268686420418220e+01 2.088277882855716083e-01
2.436833703491215530e+01 2.066093802136250990e-01
2.471398720562013196e+01 2.044694203610772087e-01
2.505963737632810506e+01 2.024056469523939084e-01
2.540528754703608172e+01 2.004158156408618885e-01
2.575093771774405127e+01 1.984977039135041865e-01
2.609658788845202082e+01 1.966491150812109123e-01
2.644223805915999748e+01 1.948678818679538960e-01
2.678788822986797413e+01 1.931518696146924119e-01
2.713353840057595079e+01 1.914989791149188936e-01
2.747918857128392034e+01 1.899071490998312794e-01
2.782483874199189344e+01 1.883743583918771891e-01
2.817048891269986655e+01 1.868986277458662137e-01
2.851613908340784320e+01 1.854780213971117808e-01
2.886178925411581631e+01 1.841106483360419876e-01
2.920743942482378941e+01 1.827946633285934819e-01
2.955308959553176607e+01 1.815282677013368984e-01
2.989873976623973917e+01 1.803097099098374956e-01
3.024438993694771227e+01 1.791372859081638014e-01
3.059004010765568182e+01 1.780093393367880028e-01
3.093569027836365848e+01 1.769242615453902046e-01
3.128134044907163513e+01 1.758804914662679963e-01
3.162699061977960824e+01 1.748765153532111094e-01
3.197264079048758134e+01 1.739108663998662208e-01
3.231829096119555800e+01 1.729821242507379175e-01
3.266394113190352755e+01 1.720889144171112162e-01
3.300959130261150420e+01 1.712299076093114769e-01
3.335524147331948086e+01 1.704038189958939076e-01
3.370089164402745041e+01 1.696094073995373097e-01
3.404654181473541996e+01 1.688454744386453932e-01
3.439219198544339662e+01 1.681108636228910991e-01
3.473784215615137327e+01 1.674044594102438721e-01
3.508349232685934282e+01 1.667251862323544942e-01
3.542914249756732659e+01 1.660720074945306046e-01
3.577479266827529614e+01 1.654439245559589100e-01
3.612044283898326569e+01 1.648399756952933781e-01
3.646609300969123524e+01 1.642592350662138156e-01
3.681174318039921900e+01 1.637008116470990704e-01
3.715739335110718855e+01 1.631638481885534786e-01
3.750304352181516521e+01 1.626475201621337685e-01
3.784869369252313476e+01 1.621510347132630037e-01
3.819434386323111141e+01 1.616736296210289081e-01
3.853999403393908807e+01 1.612145722672674031e-01
3.888564420464705762e+01 1.607731586170919880e-01
3.923129437535503428e+01 1.603487122127888742e-01
3.957694454606300383e+01 1.599405831828035751e-01
3.992259471677098759e+01 1.595481472673594969e-01
4.026824488747895714e+01 1.591708048621122140e-01
4.061389505818692669e+01 1.588079800810731079e-01
4.095954522889489624e+01 1.584591198398963841e-01
4.130519539960288000e+01 1.581236929605387143e-01
4.165084557031084955e+01 1.578011892981608932e-01
4.199649574101881910e+01 1.574911188910569082e-01
4.234214591172679576e+01 1.571930111342952074e-01
4.268779608243477242e+01 1.569064139776622790e-01
4.303344625314274907e+01 1.566308931484083067e-01
4.337909642385071862e+01 1.563660313992239759e-01
4.372474659455869528e+01 1.561114277817660101e-01
4.407039676526666483e+01 1.558666969459853724e-01
4.441604693597463438e+01 1.556314684654191149e-01
4.476169710668261104e+01 1.554053861885165977e-01
4.510734727739058769e+01 1.551881076159953854e-01
4.545299744809855724e+01 1.549793033041196866e-01
4.579864761880654100e+01 1.547786562937337740e-01
4.614429778951451055e+01 1.545858615647750789e-01
4.648994796022248721e+01 1.544006255159255936e-01
4.683559813093046387e+01 1.542226654689488885e-01
4.718124830163843342e+01 1.540517091972354036e-01
4.752689847234640297e+01 1.538874944779446141e-01
4.787254864305437252e+01 1.537297686671189878e-01
4.821819881376234918e+01 1.535782882970369856e-01
4.856384898447031873e+01 1.534328186950460748e-01
4.890949915517829538e+01 1.532931336230360930e-01
4.925514932588627914e+01 1.531590149367026699e-01
4.960079949659425580e+01 1.530302522636864948e-01
4.994644966730222535e+01 1.529066426996621986e-01
5.029209983801020201e+01 1.527879905214422906e-01
5.063775000871817156e+01 1.526741069161113018e-01
5.098340017942614111e+01 1.525648097252373103e-01
5.132905035013411776e+01 1.524599232032003981e-01
5.167470052084208731e+01 1.523592777886940974e-01
5.202035069155006397e+01 1.522627098884642982e-01
5.236600086225803352e+01 1.521700616723891952e-01
5.271165103296601018e+01 1.520811808790288877e-01
5.305730120367398683e+01 1.519959206307968935e-01
5.340295137438196349e+01 1.519141392579665961e-01
5.374860154508994015e+01 1.518357001307570897e-01
5.409425171579790970e+01 1.517604714987975112e-01
5.443990188650587925e+01 1.516883263373114965e-01
5.478555205721385590e+01 1.516191421994022015e-01
5.513120222792183256e+01 1.515528010739024822e-01
5.547685239862980211e+01 1.514891892482718161e-01
5.582250256933777166e+01 1.514281971760859935e-01
5.616815274004574832e+01 1.513697193486947812e-01
5.651380291075372497e+01 1.513136541707124083e-01
5.685945308146169452e+01 1.512599038390034789e-01
5.720510325216967118e+01 1.512083742248850060e-01
5.755075342287764784e+01 1.511589747593262145e-01
5.789640359358562449e+01 1.511116183209198216e-01
5.824205376429360115e+01 1.510662211264739707e-01
5.858770393500157070e+01 1.510227026240747727e-01
5.893335410570954025e+01 1.509809853885120123e-01
5.927900427641750980e+01 1.509409950189758987e-01
5.962465444712549356e+01 1.509026600389622996e-01
5.997030461783346311e+01 1.508659117983303100e-01
6.031595478854143977e+01 1.508306843774822881e-01
6.066160495924940932e+01 1.507969144936353034e-01
6.100725512995738598e+01 1.507645414091735858e-01
6.135290530066535553e+01 1.507335068420868063e-01
6.169855547137333218e+01 1.507037548784712078e-01
6.204420564208130884e+01 1.506752318871207030e-01
6.238985581278927839e+01 1.506478864361966707e-01
6.273550598349725504e+01 1.506216692120027900e-01
6.308115615420523170e+01 1.505965329398555874e-01
6.342680632491320836e+01 1.505724323070623816e-01
6.377245649562117791e+01 1.505493238880133144e-01
6.411810666632914035e+01 1.505271660713918824e-01
6.446375683703712411e+01 1.505059189895006921e-01
6.480940700774510788e+01 1.504855444496858985e-01
6.515505717845306322e+01 1.504660058678745083e-01
6.550070734916104698e+01 1.504472682042009013e-01
6.584635751986901653e+01 1.504292979007043896e-01
6.619200769057700029e+01 1.504120628210715016e-01
6.653765786128496984e+01 1.503955321924193844e-01
6.688330803199295360e+01 1.503796765490829079e-01
6.722895820270090894e+01 1.503644676783764955e-01
6.757460837340889270e+01 1.503498785682879091e-01
6.792025854411686225e+01 1.503358833570833941e-01
6.826590871482483180e+01 1.503224572847682017e-01
6.861155888553281557e+01 1.503095766463698191e-01
6.895720905624077091e+01 1.502972187470045795e-01
6.930285922694875467e+01 1.502853618586766915e-01
6.964850939765672422e+01 1.502739851787560921e-01
6.999415956836469377e+01 1.502630687900964046e-01
7.033980973907267753e+01 1.502525936227211978e-01
7.068545990978066129e+01 1.502425414170522056e-01
7.103111008048863084e+01 1.502328946886136163e-01
7.137676025119660039e+01 1.502236366941422929e-01
7.172241042190458415e+01 1.502147513990735872e-01
7.206806059261253949e+01 1.502062234463217016e-01
7.241371076332052326e+01 1.501980381263151032e-01
7.275936093402849281e+01 1.501901813482005021e-01
7.310501110473646236e+01 1.501826396121632989e-01
7.345066127544444612e+01 1.501753999827833974e-01
7.379631144615242988e+01 1.501684500633554686e-01
7.414196161686038522e+01 1.501617779710800182e-01
7.448761178756836898e+01 1.501553723130467921e-01
7.483326195827635274e+01 1.501492221628844825e-01
7.517891212898430808e+01 1.501433170379615767e-01
7.552456229969229184e+01 1.501376468769806960e-01
7.587021247040024718e+01 1.501322020177836003e-01
7.621586264110823095e+01 1.501269731751419811e-01
7.656151281181621471e+01 1.501219514182443038e-01
7.690716298252419847e+01 1.501171281475196795e-01
7.725281315323215381e+01 1.501124950703175143e-01
7.759846332394013757e+01 1.501080441748001981e-01
7.794411349464809291e+01 1.501037677012233007e-01
7.828976366535607667e+01 1.500996581094419802e-01
7.863541383606404622e+01 1.500957080410923183e-01
7.898106400677201577e+01 1.500919102742753752e-01
7.932671417747999953e+01 1.500882576676919877e-01
7.967236434818798330e+01 1.500847430899424906e-01
8.001801451889595285e+01 1.500813593278358671e-01
8.036366468960392240e+01 1.500780989647934882e-01
8.070931486031189195e+01 1.500749542163384853e-01
8.105496503101986150e+01 1.500719167034420820e-01
8.140061520172784526e+01 1.500689771350239010e-01
8.174626537243582902e+01 1.500661248564833794e-01
8.209191554314379857e+01 1.500633471989075984e-01
8.243756571385176812e+01 1.500606285298745901e-01
8.278321588455975188e+01 1.500579488563466846e-01
8.312886605526772144e+01 1.500552817583981902e-01
8.347451622597569099e+01 1.500525913421078827e-01
8.382016639668366054e+01 1.500498278237714922e-01
8.416581656739163009e+01 1.500469214292566855e-01
8.451146673809961385e+01 1.500437749435766799e-01
8.485711690880756919e+01 1.500402577051412889e-01
8.520276707951555295e+01 1.500362111194502857e-01
8.554841725022353671e+01 1.500314931616976988e-01
8.589406742093150626e+01 1.500261156735945012e-01
8.623971759163947581e+01 1.500205014215348909e-01
8.658536776234744536e+01 1.500155550095852719e-01
8.693101793305541491e+01 1.500116474815415823e-01
8.727666810376339868e+01 1.500087238218690000e-01
8.762231827447136823e+01 1.500065827297523968e-01
8.796796844517933778e+01 1.500050203871279852e-01
8.831361861588730733e+01 1.500038740161393214e-01
8.865926878659529109e+01 1.500030244898394038e-01
8.900491895730326064e+01 1.500023875419468078e-01
8.935056912801123019e+01 1.500019041644276852e-01
8.969621929871921395e+01 1.500015329700747080e-01
9.004186946942719771e+01 1.500012447130205928e-01
9.038751964013516726e+01 1.500010185128174689e-01
9.073316981084313682e+01 1.500008392888587117e-01
9.107881998155110637e+01 1.500006960196418881e-01
9.142447015225909013e+01 1.500005805556350047e-01
9.177012032296707389e+01 1.500004868027556004e-01
9.211577049367502923e+01 1.500004101549851920e-01
9.246142066438301299e+01 1.500003470957591845e-01
9.280707083509098254e+01 1.500002949147732079e-01
9.315272100579895209e+01 1.500002515045656126e-01
9.349837117650693585e+01 1.500002152128240007e-01
9.384402134721490540e+01 1.500001847340420025e-01
9.418967151792287495e+01 1.500001590292572018e-01
9.453532168863084451e+01 1.500001372660380028e-01
9.488097185933881406e+01 1.500001187732060981e-01
9.522662203004678361e+01 1.500001030063956020e-01
9.557227220075476737e+01 1.500000895216424823e-01
9.591792237146273692e+01 1.500000779549816865e-01
9.626357254217072068e+01 1.500000680065748937e-01
9.660922271287867602e+01 1.500000594282749899e-01
9.695487288358665978e+01 1.500000520138284055e-01
9.730052305429462933e+01 1.500000455911055797e-01
9.764617322500259888e+01 1.500000400159019753e-01
9.799182339571058264e+01 1.500000351669716903e-01
9.833747356641856641e+01 1.500000309420219113e-01
9.868312373712655017e+01 1.500000272544735058e-01
9.902877390783451972e+01 1.500000240308211052e-01
9.937442407854248927e+01 1.500000212084793005e-01
9.972007424925047303e+01 1.500000187340138902e-01
1.000657244199584284e+02 1.500000165616865722e-01
1.004113745906664121e+02 1.500000146522475208e-01
1.007570247613743817e+02 1.500000129719390729e-01
1.011026749320823512e+02 1.500000114916610894e-01
1.014483251027903208e+02 1.500000101862758728e-01
1.017939752734982903e+02 1.500000090340268821e-01
1.021396254442062741e+02 1.500000080160446836e-01
1.024852756149142579e+02 1.500000071159381942e-01
1.028309257856222132e+02 1.500000063194421029e-01
1.031765759563301970e+02 1.500000056141226057e-01
1.035222261270381665e+02 1.500000049891239140e-01
1.038678762977461361e+02 1.500000044349555084e-01
1.042135264684541198e+02 1.500000039433080079e-01
1.045591766391620894e+02 1.500000035068974058e-01
1.049048268098700589e+02 1.500000031193289007e-01
1.052504769805780285e+02 1.500000027749822940e-01
1.055961271512860122e+02 1.500000024689139011e-01
1.059417773219939818e+02 1.500000021967689001e-01
1.062874274927019513e+02 1.500000019547070018e-01
1.066330776634099351e+02 1.500000017393393892e-01
1.069787278341179189e+02 1.500000015476729842e-01
1.073243780048258884e+02 1.500000013770596829e-01
1.076700281755338580e+02 1.500000012251589132e-01
1.080156783462418275e+02 1.500000010898955016e-01
1.083613285169498113e+02 1.500000009694316960e-01
1.087069786876577666e+02 1.500000008621369951e-01
1.090526288583657504e+02 1.500000007665654167e-01
1.093982790290737341e+02 1.500000006814317111e-01
1.097439291997817037e+02 1.500000006055955959e-01
1.100895793704896732e+02 1.500000005380422163e-01
1.104352295411976570e+02 1.500000004778700158e-01
1.107808797119056123e+02 1.500000004242762197e-01
1.111265298826135961e+02 1.500000003765470935e-01
1.114721800533215657e+02 1.500000003340472843e-01
1.118178302240295352e+02 1.500000002962103840e-01
1.121634803947375048e+02 1.500000002625323792e-01
1.125091305654454885e+02 1.500000002325647952e-01
1.128547807361534581e+02 1.500000002059073967e-01
1.132004309068614418e+02 1.500000001822034690e-01
1.135460810775693972e+02 1.500000001611357103e-01
1.138917312482773809e+02 1.500000001424210971e-01
1.142373814189853505e+02 1.500000001258079974e-01
1.145830315896933200e+02 1.500000001110716741e-01
1.149286817604013038e+02 1.500000000980120929e-01
1.152743319311092876e+02 1.500000000864516181e-01
1.156199821018172713e+02 1.500000000762314878e-01
1.159656322725252409e+02 1.500000000672110922e-01
1.163112824432332104e+02 1.500000000592655869e-01
1.166569326139411942e+02 1.500000000522843102e-01
1.170025827846491495e+02 1.500000000461690908e-01
1.173482329553571333e+02 1.500000000408338863e-01
1.176938831260651028e+02 1.500000000362018970e-01
1.180395332967730724e+02 1.500000000322067872e-01
1.183851834674810419e+02 1.500000000287916024e-01
1.187308336381890115e+02 1.500000000259059107e-01
1.190764838088969952e+02 1.500000000235076902e-01
1.194221339796049648e+02 1.500000000215612750e-01
1.197677841503129343e+02 1.500000000200381878e-01
1.201134343210209181e+02 1.500000000189153082e-01
1.204590844917288877e+02 1.500000000181760940e-01
1.208047346624368572e+02 1.500000000178091930e-01
