# x  rho Te j Ex q corrE ne Zbar
0.050019531 1 548.41803 6.1808473e+16 -3.5647973e+20 2.3217346e+20 99 1.428e+29 1
0.050058594 1 545.25408 3.5331266e+16 -3.5653735e+20 2.2866864e+20 99 1.428e+29 1
0.050097656 1 542.09062 1.5748855e+16 -3.5653676e+20 2.2520942e+20 99 1.428e+29 1
0.050136719 1 538.92797 2.1778306e+15 -3.5648057e+20 2.2179217e+20 99 1.428e+29 1
0.050175781 1 535.76643 -6.2475688e+15 -3.5637144e+20 2.1841336e+20 99 1.428e+29 1
0.050214844 1 532.6063 -1.0375458e+16 -3.5621207e+20 2.150695e+20 99 1.428e+29 1
0.050253906 1 529.4479 -1.1036303e+16 -3.560052e+20 2.1175721e+20 99 1.428e+29 1
0.050292969 1 526.29152 -9.0429256e+15 -3.5575361e+20 2.084732e+20 99 1.428e+29 1
0.050332031 1 523.13748 -5.1904977e+15 -3.5546011e+20 2.0521424e+20 99 1.428e+29 1
0.050371094 1 519.98607 -2.5654508e+14 -3.5512758e+20 2.0197718e+20 99 1.428e+29 1
0.050410156 1 516.83762 4.9990538e+15 -3.5475891e+20 1.9875897e+20 99 1.428e+29 1
0.050449219 1 513.69241 9.8340676e+15 -3.5435705e+20 1.9555663e+20 99 1.428e+29 1
0.050488281 1 510.55076 1.3523912e+16 -3.5392497e+20 1.9236725e+20 99 1.428e+29 1
0.050527344 1 507.41298 1.5361651e+16 -3.5346572e+20 1.8918802e+20 99 1.428e+29 1
0.050566406 1 504.27937 1.4657995e+16 -3.5298235e+20 1.8601621e+20 99 1.428e+29 1
0.050605469 1 501.15024 1.07413e+16 -3.5247796e+20 1.8284915e+20 99 1.428e+29 1
0.050644531 1 498.02589 2.9575727e+15 -3.5195572e+20 1.7968427e+20 99 1.428e+29 1
0.050683594 1 494.90663 -9.3295359e+15 -3.514188e+20 1.7651908e+20 99 1.428e+29 1
0.050722656 1 491.79276 -2.6738726e+16 -3.5087044e+20 1.7335117e+20 99 1.428e+29 1
0.050761719 1 488.6846 -4.9871052e+16 -3.5031391e+20 1.701782e+20 99 1.428e+29 1
0.056269531 1 185.27021 -1.0299553e+16 -1.2269446e+20 5.217085e+18 99 1.428e+29 1
0.056308594 1 184.19088 -5.9011459e+15 -1.212186e+20 5.0902815e+18 99 1.428e+29 1
0.056347656 1 183.12382 -2.7116444e+15 -1.1978147e+20 4.9650592e+18 99 1.428e+29 1
0.056386719 1 182.06892 -5.1901032e+14 -1.1837742e+20 4.8416753e+18 99 1.428e+29 1
0.056425781 1 181.02608 8.6999513e+14 -1.1700142e+20 4.7203585e+18 99 1.428e+29 1
0.056464844 1 179.99519 1.6298115e+15 -1.1564905e+20 4.6013096e+18 99 1.428e+29 1
0.056503906 1 178.97615 1.9160789e+15 -1.143165e+20 4.4847012e+18 99 1.428e+29 1
0.056542969 1 177.96886 1.8656382e+15 -1.1300059e+20 4.3706778e+18 99 1.428e+29 1
0.056582031 1 176.97321 1.5965306e+15 -1.1169875e+20 4.2593556e+18 99 1.428e+29 1
0.056621094 1 175.9891 1.2079981e+15 -1.1040901e+20 4.150823e+18 99 1.428e+29 1
0.056660156 1 175.01643 7.8048345e+14 -1.0913004e+20 4.0451401e+18 99 1.428e+29 1
0.056699219 1 174.05509 3.7562973e+14 -1.078611e+20 3.9423387e+18 99 1.428e+29 1
0.056738281 1 173.10498 3.628081e+13 -1.0660209e+20 3.8424228e+18 99 1.428e+29 1
0.056777344 1 172.16599 -2.1351885e+14 -1.0535351e+20 3.745368e+18 99 1.428e+29 1
0.056816406 1 171.23803 -3.6852419e+14 -1.0411646e+20 3.651122e+18 99 1.428e+29 1
0.056855469 1 170.32098 -4.4228951e+14 -1.028927e+20 3.5596042e+18 99 1.428e+29 1
0.056894531 1 169.41475 -4.6716851e+14 -1.0168456e+20 3.470706e+18 99 1.428e+29 1
0.056933594 1 168.51924 -4.9431428e+14 -1.00495e+20 3.3842906e+18 99 1.428e+29 1
0.056972656 1 167.63433 -5.9367926e+14 -9.9327608e+19 3.300193e+18 99 1.428e+29 1
0.057011719 1 166.75992 -8.540153e+14 -9.8186571e+19 3.2182203e+18 99 1.428e+29 1
0.043769531 1 913.63806 -1.4342831e+16 -1.237514e+20 2.8862973e+20 99 1.428e+29 1
0.043808594 1 912.53389 -7.4283845e+15 -1.2515286e+20 2.9110918e+20 99 1.428e+29 1
0.043847656 1 911.41714 -1.8754971e+15 -1.2656794e+20 2.9357411e+20 99 1.428e+29 1
0.043886719 1 910.2877 2.2925156e+15 -1.2799675e+20 2.9602387e+20 99 1.428e+29 1
0.043925781 1 909.14546 5.0974674e+15 -1.2943931e+20 2.9845815e+20 99 1.428e+29 1
0.043964844 1 907.99032 6.6063016e+15 -1.3089556e+20 3.0087706e+20 99 1.428e+29 1
0.044003906 1 906.82219 6.931091e+15 -1.3236534e+20 3.032811e+20 99 1.428e+29 1
0.044042969 1 905.64097 6.2290384e+15 -1.3384841e+20 3.0567115e+20 99 1.428e+29 1
0.044082031 1 904.44654 4.702476e+15 -1.3534444e+20 3.0804849e+20 99 1.428e+29 1
0.044121094 1 903.23881 2.5988656e+15 -1.3685299e+20 3.1041476e+20 99 1.428e+29 1
0.044160156 1 902.01768 2.1079885e+14 -1.3837357e+20 3.1277203e+20 99 1.428e+29 1
0.044199219 1 900.78304 -2.1240031e+15 -1.3990555e+20 3.1512272e+20 99 1.428e+29 1
0.044238281 1 899.5348 -4.0226893e+15 -1.4144825e+20 3.1746968e+20 99 1.428e+29 1
0.044277344 1 898.27285 -5.0572794e+15 -1.4300087e+20 3.1981611e+20 99 1.428e+29 1
0.044316406 1 896.9971 -4.7546633e+15 -1.4456256e+20 3.2216561e+20 99 1.428e+29 1
0.044355469 1 895.70743 -2.596601e+15 -1.4613233e+20 3.245222e+20 99 1.428e+29 1
0.044394531 1 894.40375 1.9802767e+15 -1.4770915e+20 3.2689024e+20 99 1.428e+29 1
0.044433594 1 893.08596 9.5844689e+15 -1.4929185e+20 3.2927452e+20 99 1.428e+29 1
0.044472656 1 891.75395 2.0869604e+16 -1.5087921e+20 3.3168019e+20 99 1.428e+29 1
0.044511719 1 890.40762 3.6534442e+16 -1.5246991e+20 3.341128e+20 99 1.428e+29 1
0.053144531 1 319.40799 2.7863188e+15 -2.6313657e+20 4.4121574e+19 99 1.428e+29 1
0.053183594 1 317.08295 1.8580134e+15 -2.6124919e+20 4.3005214e+19 99 1.428e+29 1
0.053222656 1 314.77488 1.5158508e+15 -2.5935046e+20 4.1915903e+19 99 1.428e+29 1
0.053261719 1 312.4838 1.5282554e+15 -2.5744324e+20 4.0852472e+19 99 1.428e+29 1
0.053300781 1 310.2097 1.7033717e+15 -2.5552996e+20 3.9813879e+19 99 1.428e+29 1
0.053339844 1 307.95261 1.8890642e+15 -2.5361265e+20 3.879921e+19 99 1.428e+29 1
0.053378906 1 305.71255 1.9729175e+15 -2.5169295e+20 3.780768e+19 99 1.428e+29 1
0.053417969 1 303.48951 1.8822363e+15 -2.4977207e+20 3.6838633e+19 99 1.428e+29 1
0.053457031 1 301.28352 1.5840452e+15 -2.478508e+20 3.589154e+19 99 1.428e+29 1
0.053496094 1 299.09458 1.085089e+15 -2.4592955e+20 3.4965999e+19 99 1.428e+29 1
0.053535156 1 296.92272 4.3183259e+14 -2.440083e+20 3.406174e+19 99 1.428e+29 1
0.053574219 1 294.76794 -2.8953933e+14 -2.4208663e+20 3.3178617e+19 99 1.428e+29 1
0.053613281 1 292.63026 -9.531218e+14 -2.401637e+20 3.2316615e+19 99 1.428e+29 1
0.053652344 1 290.50969 -1.3932899e+15 -2.3823827e+20 3.1475845e+19 99 1.428e+29 1
0.053691406 1 288.40624 -1.4046986e+15 -2.3630868e+20 3.065655e+19 99 1.428e+29 1
0.053730469 1 286.31992 -7.4228286e+14 -2.3437288e+20 2.9859096e+19 99 1.428e+29 1
0.053769531 1 284.25076 8.787424e+14 -2.3242839e+20 2.9083982e+19 99 1.428e+29 1
0.053808594 1 282.19876 3.7828823e+15 -2.3047233e+20 2.8331832e+19 99 1.428e+29 1
0.053847656 1 280.16393 8.3343621e+15 -2.285014e+20 2.76034e+19 99 1.428e+29 1
0.053886719 1 278.14629 1.4937127e+16 -2.2651192e+20 2.6899567e+19 99 1.428e+29 1
0.046894531 1 778.25034 -3.9277624e+16 -2.6494602e+20 4.1343406e+20 99 1.428e+29 1
0.046933594 1 775.89219 -1.9968043e+16 -2.6679228e+20 4.1337757e+20 99 1.428e+29 1
0.046972656 1 773.51721 -6.3914783e+15 -2.6864424e+20 4.1321416e+20 99 1.428e+29 1
0.047011719 1 771.12549 2.4999672e+15 -2.704992e+20 4.1295157e+20 99 1.428e+29 1
0.047050781 1 768.71713 7.6629483e+15 -2.7235464e+20 4.1259689e+20 99 1.428e+29 1
0.047089844 1 766.29221 9.9628801e+15 -2.7420825e+20 4.1215657e+20 99 1.428e+29 1
0.047128906 1 763.85083 1.0173937e+16 -2.7605789e+20 4.1163638e+20 99 1.428e+29 1
0.047167969 1 761.39309 8.979055e+15 -2.7790165e+20 4.1104145e+20 99 1.428e+29 1
0.047207031 1 758.91907 6.9699273e+15 -2.7973778e+20 4.1037627e+20 99 1.428e+29 1
0.047246094 1 756.42888 4.6470084e+15 -2.8156474e+20 4.0964467e+20 99 1.428e+29 1
0.047285156 1 753.9226 2.4195122e+15 -2.8338118e+20 4.0884981e+20 99 1.428e+29 1
0.047324219 1 751.40033 6.0541239e+14 -2.8518595e+20 4.0799422e+20 99 1.428e+29 1
0.047363281 1 748.86217 -5.6855752e+14 -2.8697809e+20 4.0707976e+20 99 1.428e+29 1
0.047402344 1 746.30819 -9.6690433e+14 -2.8875684e+20 4.0610766e+20 99 1.428e+29 1
0.047441406 1 743.73851 -5.4537509e+14 -2.9052161e+20 4.0507848e+20 99 1.428e+29 1
0.047480469 1 741.1532 6.4904294e+14 -2.9227204e+20 4.0399212e+20 99 1.428e+29 1
0.047519531 1 738.55237 2.4781223e+15 -2.9400793e+20 4.0284786e+20 99 1.428e+29 1
0.047558594 1 735.93611 4.7123951e+15 -2.9572929e+20 4.0164429e+20 99 1.428e+29 1
0.047597656 1 733.30451 7.0311535e+15 -2.9743634e+20 4.0037937e+20 99 1.428e+29 1
0.047636719 1 730.65767 9.0224493e+15 -2.9912946e+20 3.990504e+20 99 1.428e+29 1
0.051582031 1 425.21072 4.7009036e+16 -3.2909431e+20 1.1332129e+20 99 1.428e+29 1
0.051621094 1 422.29546 2.6445357e+16 -3.2790648e+20 1.108628e+20 99 1.428e+29 1
0.051660156 1 419.39194 1.1951336e+16 -3.2666229e+20 1.0846423e+20 99 1.428e+29 1
0.051699219 1 416.50033 2.4270514e+15 -3.2536795e+20 1.0612109e+20 99 1.428e+29 1
0.051738281 1 413.62082 -3.1331579e+15 -3.2402917e+20 1.0382921e+20 99 1.428e+29 1
0.051777344 1 410.75359 -5.6406906e+15 -3.2265121e+20 1.0158482e+20 99 1.428e+29 1
0.051816406 1 407.89882 -5.912684e+15 -3.2123882e+20 9.9384527e+19 99 1.428e+29 1
0.051855469 1 405.0567 -4.6720137e+15 -3.1979626e+20 9.7225281e+19 99 1.428e+29 1
0.051894531 1 402.22741 -2.5472938e+15 -3.1832733e+20 9.5104422e+19 99 1.428e+29 1
0.051933594 1 399.41113 -7.2876795e+13 -3.1683532e+20 9.3019659e+19 99 1.428e+29 1
0.051972656 1 396.60804 2.3111466e+15 -3.1532306e+20 9.096907e+19 99 1.428e+29 1
0.052011719 1 393.81832 4.2589472e+15 -3.1379287e+20 8.8951102e+19 99 1.428e+29 1
0.052050781 1 391.04216 5.5189573e+15 -3.122466e+20 8.6964577e+19 99 1.428e+29 1
0.052089844 1 388.27973 5.9338711e+15 -3.1068561e+20 8.5008686e+19 99 1.428e+29 1
0.052128906 1 385.53123 5.4406441e+15 -3.0911079e+20 8.308299e+19 99 1.428e+29 1
0.052167969 1 382.79683 4.0704937e+15 -3.0752253e+20 8.1187423e+19 99 1.428e+29 1
0.052207031 1 380.07672 1.9488987e+15 -3.0592074e+20 7.9322289e+19 99 1.428e+29 1
0.052246094 1 377.37107 -7.0440028e+14 -3.0430483e+20 7.7488262e+19 99 1.428e+29 1
0.052285156 1 374.68007 -3.5754012e+15 -3.0267376e+20 7.568639e+19 99 1.428e+29 1
0.052324219 1 372.0039 -6.2558404e+15 -3.0102598e+20 7.3918089e+19 99 1.428e+29 1
0.045332031 1 858.66981 -3.601388e+16 -1.8887552e+20 3.7697364e+20 99 1.428e+29 1
0.045371094 1 856.98649 -1.9030267e+16 -1.9067094e+20 3.7890398e+20 99 1.428e+29 1
0.045410156 1 855.28689 -6.2096111e+15 -1.9248102e+20 3.8076422e+20 99 1.428e+29 1
0.045449219 1 853.57093 2.8667313e+15 -1.9430488e+20 3.825571e+20 99 1.428e+29 1
0.045488281 1 851.83859 8.6347924e+15 -1.9614159e+20 3.8428555e+20 99 1.428e+29 1
0.045527344 1 850.08982 1.1547991e+16 -1.9799017e+20 3.8595262e+20 99 1.428e+29 1
0.045566406 1 848.32456 1.2077131e+16 -1.9984957e+20 3.8756151e+20 99 1.428e+29 1
0.045605469 1 846.54276 1.0710405e+16 -2.0171872e+20 3.8911559e+20 99 1.428e+29 1
0.045644531 1 844.74439 7.9533924e+15 -2.0359647e+20 3.9061836e+20 99 1.428e+29 1
0.045683594 1 842.9294 4.3290577e+15 -2.0548162e+20 3.9207348e+20 99 1.428e+29 1
0.045722656 1 841.09772 3.7775315e+14 -2.0737295e+20 3.9348474e+20 99 1.428e+29 1
0.045761719 1 839.24933 -3.3427822e+15 -2.0926914e+20 3.9485611e+20 99 1.428e+29 1
0.045800781 1 837.38417 -6.2574227e+15 -2.1116885e+20 3.9619167e+20 99 1.428e+29 1
0.045839844 1 835.50219 -7.7736559e+15 -2.1307068e+20 3.9749568e+20 99 1.428e+29 1
0.045878906 1 833.60335 -7.2815828e+15 -2.1497318e+20 3.9877254e+20 99 1.428e+29 1
0.045917969 1 831.6876 -4.1539173e+15 -2.1687483e+20 4.000268e+20 99 1.428e+29 1
0.045957031 1 829.75489 2.2540132e+15 -2.1877409e+20 4.0126314e+20 99 1.428e+29 1
0.045996094 1 827.80517 1.2604268e+16 -2.2066933e+20 4.0248641e+20 99 1.428e+29 1
0.046035156 1 825.83841 2.7576294e+16 -2.2255891e+20 4.0370161e+20 99 1.428e+29 1
0.046074219 1 823.85454 4.7866923e+16 -2.244411e+20 4.0491387e+20 99 1.428e+29 1
0.054707031 1 239.66285 -1.4188892e+16 -1.8737025e+20 1.5231986e+19 99 1.428e+29 1
0.054746094 1 238.01157 -7.5787768e+15 -1.854809e+20 1.4839836e+19 99 1.428e+29 1
0.054785156 1 236.37636 -2.704537e+15 -1.8361966e+20 1.4454583e+19 99 1.428e+29 1
0.054824219 1 234.75712 6.6184926e+14 -1.8178442e+20 1.4076462e+19 99 1.428e+29 1
0.054863281 1 233.15377 2.7425661e+15 -1.7997307e+20 1.3705701e+19 99 1.428e+29 1
0.054902344 1 231.56623 3.7539599e+15 -1.7818345e+20 1.3342523e+19 99 1.428e+29 1
0.054941406 1 229.99442 3.9065396e+15 -1.7641342e+20 1.2987146e+19 99 1.428e+29 1
0.054980469 1 228.43824 3.4049763e+15 -1.7466079e+20 1.2639785e+19 99 1.428e+29 1
0.055019531 1 226.89762 2.4481035e+15 -1.7292338e+20 1.2300647e+19 99 1.428e+29 1
0.055058594 1 225.37246 1.2289171e+15 -1.7119895e+20 1.1969935e+19 99 1.428e+29 1
0.055097656 1 223.86269 -6.5424712e+13 -1.6948528e+20 1.1647847e+19 99 1.428e+29 1
0.055136719 1 222.36822 -1.2536014e+15 -1.677801e+20 1.1334578e+19 99 1.428e+29 1
0.055175781 1 220.88897 -2.1601299e+15 -1.6608115e+20 1.1030314e+19 99 1.428e+29 1
0.055214844 1 219.42484 -2.6153651e+15 -1.6438614e+20 1.073524e+19 99 1.428e+29 1
0.055253906 1 217.97577 -2.4554993e+15 -1.6269274e+20 1.0449532e+19 99 1.428e+29 1
0.055292969 1 216.54165 -1.5225626e+15 -1.6099863e+20 1.0173363e+19 99 1.428e+29 1
0.055332031 1 215.12241 3.3557745e+14 -1.5930145e+20 9.9069028e+18 99 1.428e+29 1
0.055371094 1 213.71796 3.2652154e+15 -1.5759883e+20 9.6503128e+18 99 1.428e+29 1
0.055410156 1 212.32822 7.4068084e+15 -1.5588839e+20 9.4037509e+18 99 1.428e+29 1
0.055449219 1 210.95311 1.2894976e+16 -1.5416771e+20 9.16737e+18 99 1.428e+29 1
0.048457031 1 671.86292 8.4740797e+15 -3.3047151e+20 3.5729324e+20 99 1.428e+29 1
0.048496094 1 668.92555 6.6892283e+15 -3.3172091e+20 3.5471229e+20 99 1.428e+29 1
0.048535156 1 665.97715 4.2578403e+15 -3.3294737e+20 3.5208227e+20 99 1.428e+29 1
0.048574219 1 663.01796 1.7592184e+15 -3.3414847e+20 3.4940797e+20 99 1.428e+29 1
0.048613281 1 660.04826 -3.5031085e+14 -3.3532224e+20 3.4669339e+20 99 1.428e+29 1
0.048652344 1 657.0683 -1.737398e+15 -3.3646709e+20 3.4394179e+20 99 1.428e+29 1
0.048691406 1 654.07835 -2.1916699e+15 -3.3758181e+20 3.4115566e+20 99 1.428e+29 1
0.048730469 1 651.07865 -1.6257303e+15 -3.3866561e+20 3.3833671e+20 99 1.428e+29 1
0.048769531 1 648.06949 -7.515942e+13 -3.3971809e+20 3.3548592e+20 99 1.428e+29 1
0.048808594 1 645.0511 2.3014857e+15 -3.4073925e+20 3.3260346e+20 99 1.428e+29 1
0.048847656 1 642.02376 5.2226716e+15 -3.4172949e+20 3.2968878e+20 99 1.428e+29 1
0.048886719 1 638.98772 8.2838879e+15 -3.4268959e+20 3.2674054e+20 99 1.428e+29 1
0.048925781 1 635.94325 1.0957648e+16 -3.4362074e+20 3.2375663e+20 99 1.428e+29 1
0.048964844 1 632.8906 1.2593488e+16 -3.4452454e+20 3.207342e+20 99 1.428e+29 1
0.049003906 1 629.83004 1.2417968e+16 -3.4540298e+20 3.1766962e+20 99 1.428e+29 1
0.049042969 1 626.76183 9.5346706e+15 -3.4625842e+20 3.1455848e+20 99 1.428e+29 1
0.049082031 1 623.68621 2.9242032e+15 -3.4709366e+20 3.1139564e+20 99 1.428e+29 1
0.049121094 1 620.60347 -8.5558047e+15 -3.4791188e+20 3.0817518e+20 99 1.428e+29 1
0.049160156 1 617.51384 -2.61707e+16 -3.4871664e+20 3.048904e+20 99 1.428e+29 1
0.049199219 1 614.41761 -5.1308806e+16 -3.4951192e+20 3.0153385e+20 99 1.428e+29 1
0.050800781 1 485.58239 -4.935156e+16 -3.4962877e+20 1.6715493e+20 99 1.428e+29 1
0.050839844 1 482.48616 -2.5801214e+16 -3.488147e+20 1.6427701e+20 99 1.428e+29 1
0.050878906 1 479.39653 -8.5606864e+15 -3.4799281e+20 1.6139149e+20 99 1.428e+29 1
0.050917969 1 476.31379 3.2230997e+15 -3.4716064e+20 1.5850428e+20 99 1.428e+29 1
0.050957031 1 473.23817 1.0378014e+16 -3.4631573e+20 1.5562099e+20 99 1.428e+29 1
0.050996094 1 470.16996 1.3706718e+16 -3.4545559e+20 1.5274693e+20 99 1.428e+29 1
0.051035156 1 467.1094 1.3986667e+16 -3.4457771e+20 1.498871e+20 99 1.428e+29 1
0.051074219 1 464.05675 1.1970109e+16 -3.4367954e+20 1.4704621e+20 99 1.428e+29 1
0.051113281 1 461.01228 8.3840829e+15 -3.4275853e+20 1.4422867e+20 99 1.428e+29 1
0.051152344 1 457.97624 3.9304213e+15 -3.4181207e+20 1.4143856e+20 99 1.428e+29 1
0.051191406 1 454.9489 -7.1425071e+14 -3.4083755e+20 1.3867969e+20 99 1.428e+29 1
0.051230469 1 451.93051 -4.8985156e+15 -3.3983234e+20 1.3595556e+20 99 1.428e+29 1
0.051269531 1 448.92135 -7.9961634e+15 -3.3879376e+20 1.3326937e+20 99 1.428e+29 1
0.051308594 1 445.92165 -9.4061912e+15 -3.3771912e+20 1.30624e+20 99 1.428e+29 1
0.051347656 1 442.9317 -8.552804e+15 -3.366057e+20 1.2802204e+20 99 1.428e+29 1
0.051386719 1 439.95174 -4.8854138e+15 -3.3545077e+20 1.2546579e+20 99 1.428e+29 1
0.051425781 1 436.98204 2.1213595e+15 -3.3425155e+20 1.2295724e+20 99 1.428e+29 1
0.051464844 1 434.02285 1.2967689e+16 -3.3300526e+20 1.2049807e+20 99 1.428e+29 1
0.051503906 1 431.07445 2.812854e+16 -3.3170907e+20 1.1808967e+20 99 1.428e+29 1
0.051542969 1 428.13708 4.805367e+16 -3.3036015e+20 1.1573311e+20 99 1.428e+29 1
0.044550781 1 889.04689 3.706976e+16 -1.5409702e+20 3.3639149e+20 99 1.428e+29 1
0.044589844 1 887.67178 2.1763363e+16 -1.5576186e+20 3.3850979e+20 99 1.428e+29 1
0.044628906 1 886.28204 1.0194013e+16 -1.5743103e+20 3.4064754e+20 99 1.428e+29 1
0.044667969 1 884.87759 1.9802089e+15 -1.5910505e+20 3.428001e+20 99 1.428e+29 1
0.044707031 1 883.45835 -3.272784e+15 -1.6078444e+20 3.4496278e+20 99 1.428e+29 1
0.044746094 1 882.02423 -5.972938e+15 -1.6246979e+20 3.4713078e+20 99 1.428e+29 1
0.044785156 1 880.57516 -6.5414611e+15 -1.6416166e+20 3.4929922e+20 99 1.428e+29 1
0.044824219 1 879.11103 -5.4127975e+15 -1.6586068e+20 3.5146317e+20 99 1.428e+29 1
0.044863281 1 877.63178 -3.0346276e+15 -1.6756746e+20 3.5361757e+20 99 1.428e+29 1
0.044902344 1 876.13731 1.3213214e+14 -1.6928267e+20 3.557573e+20 99 1.428e+29 1
0.044941406 1 874.62754 3.6133291e+15 -1.7100696e+20 3.5787718e+20 99 1.428e+29 1
0.044980469 1 873.10238 6.9215746e+15 -1.7274105e+20 3.599719e+20 99 1.428e+29 1
0.045019531 1 871.56176 9.5562437e+15 -1.7448565e+20 3.6203611e+20 99 1.428e+29 1
0.045058594 1 870.00558 1.1003475e+16 -1.762415e+20 3.6406435e+20 99 1.428e+29 1
0.045097656 1 868.43377 1.0736172e+16 -1.7800937e+20 3.6605109e+20 99 1.428e+29 1
0.045136719 1 866.84623 8.2140018e+15 -1.7979003e+20 3.6799073e+20 99 1.428e+29 1
0.045175781 1 865.24288 2.8833938e+15 -1.815843e+20 3.6987755e+20 99 1.428e+29 1
0.045214844 1 863.62364 -5.8224569e+15 -1.83393e+20 3.7170578e+20 99 1.428e+29 1
0.045253906 1 861.98843 -1.8483592e+16 -1.8521699e+20 3.7346955e+20 99 1.428e+29 1
0.045292969 1 860.33715 -3.569329e+16 -1.8705715e+20 3.7516294e+20 99 1.428e+29 1
0.053925781 1 276.14546 1.5285377e+16 -2.2458462e+20 2.6194618e+19 99 1.428e+29 1
0.053964844 1 274.16159 8.8824327e+15 -2.2272613e+20 2.5487068e+19 99 1.428e+29 1
0.054003906 1 272.19483 4.084549e+15 -2.2085578e+20 2.4802014e+19 99 1.428e+29 1
0.054042969 1 270.24511 7.1069681e+14 -2.1897517e+20 2.4138347e+19 99 1.428e+29 1
0.054082031 1 268.3124 -1.4219233e+15 -2.1708601e+20 2.3494987e+19 99 1.428e+29 1
0.054121094 1 266.39665 -2.4978804e+15 -2.151901e+20 2.2870892e+19 99 1.428e+29 1
0.054160156 1 264.49781 -2.7035137e+15 -2.1328934e+20 2.2265049e+19 99 1.428e+29 1
0.054199219 1 262.61583 -2.2269319e+15 -2.1138574e+20 2.167648e+19 99 1.428e+29 1
0.054238281 1 260.75067 -1.2580138e+15 -2.094814e+20 2.1104242e+19 99 1.428e+29 1
0.054277344 1 258.90228 1.1592025e+13 -2.0757852e+20 2.0547422e+19 99 1.428e+29 1
0.054316406 1 257.0706 1.3884672e+15 -2.0567941e+20 2.0005142e+19 99 1.428e+29 1
0.054355469 1 255.25561 2.6774234e+15 -2.0378647e+20 1.9476557e+19 99 1.428e+29 1
0.054394531 1 253.45724 3.6815027e+15 -2.0190221e+20 1.8960854e+19 99 1.428e+29 1
0.054433594 1 251.67544 4.2019769e+15 -2.0002922e+20 1.8457256e+19 99 1.428e+29 1
0.054472656 1 249.91018 4.0383485e+15 -1.9817023e+20 1.7965016e+19 99 1.428e+29 1
0.054511719 1 248.16141 2.9883496e+15 -1.9632802e+20 1.7483423e+19 99 1.428e+29 1
0.054550781 1 246.42907 8.4794289e+14 -1.9450551e+20 1.7011797e+19 99 1.428e+29 1
0.054589844 1 244.71311 -2.588679e+15 -1.927057e+20 1.6549493e+19 99 1.428e+29 1
0.054628906 1 243.01351 -7.5290933e+15 -1.9093169e+20 1.6095897e+19 99 1.428e+29 1
0.054667969 1 241.33019 -1.4182647e+16 -1.891867e+20 1.565043e+19 99 1.428e+29 1
0.047675781 1 727.9961 7.6832931e+15 -3.00814e+20 3.9763227e+20 99 1.428e+29 1
0.047714844 1 725.31993 4.7192893e+15 -3.0248595e+20 3.9613828e+20 99 1.428e+29 1
0.047753906 1 722.62893 2.9967556e+15 -3.0413926e+20 3.9459318e+20 99 1.428e+29 1
0.047792969 1 719.92328 2.1958322e+15 -3.0577402e+20 3.9299484e+20 99 1.428e+29 1
0.047832031 1 717.20317 2.0362063e+15 -3.0739026e+20 3.9134145e+20 99 1.428e+29 1
0.047871094 1 714.46877 2.2771129e+15 -3.089879e+20 3.896316e+20 99 1.428e+29 1
0.047910156 1 711.72027 2.7173343e+15 -3.1056684e+20 3.8786418e+20 99 1.428e+29 1
0.047949219 1 708.95784 3.1952003e+15 -3.1212688e+20 3.8603848e+20 99 1.428e+29 1
0.047988281 1 706.18168 3.5885879e+15 -3.1366774e+20 3.8415412e+20 99 1.428e+29 1
0.048027344 1 703.39196 3.8149219e+15 -3.151891e+20 3.8221108e+20 99 1.428e+29 1
0.048066406 1 700.58887 3.8311743e+15 -3.1669053e+20 3.8020971e+20 99 1.428e+29 1
0.048105469 1 697.77259 3.6338646e+15 -3.1817155e+20 3.7815069e+20 99 1.428e+29 1
0.048144531 1 694.9433 3.2590597e+15 -3.1963161e+20 3.7603507e+20 99 1.428e+29 1
0.048183594 1 692.10118 2.7823739e+15 -3.2107009e+20 3.7386426e+20 99 1.428e+29 1
0.048222656 1 689.24641 2.3189692e+15 -3.2248629e+20 3.7164e+20 99 1.428e+29 1
0.048261719 1 686.37918 2.0235546e+15 -3.2387943e+20 3.6936442e+20 99 1.428e+29 1
0.048300781 1 683.49967 2.090387e+15 -3.2524868e+20 3.6703998e+20 99 1.428e+29 1
0.048339844 1 680.60806 2.7532704e+15 -3.2659312e+20 3.646695e+20 99 1.428e+29 1
0.048378906 1 677.70454 4.2855564e+15 -3.2791176e+20 3.6225616e+20 99 1.428e+29 1
0.048417969 1 674.78928 7.000144e+15 -3.2920356e+20 3.5980349e+20 99 1.428e+29 1
0.052363281 1 369.34233 -5.1754218e+15 -2.9934038e+20 7.2197409e+19 99 1.428e+29 1
0.052402344 1 366.69549 -1.7734374e+15 -2.9762477e+20 7.0518474e+19 99 1.428e+29 1
0.052441406 1 364.06389 5.0824221e+14 -2.9590064e+20 6.8867282e+19 99 1.428e+29 1
0.052480469 1 361.44763 1.8908888e+15 -2.9416736e+20 6.7244415e+19 99 1.428e+29 1
0.052519531 1 358.8468 2.5754175e+15 -2.9242438e+20 6.5650371e+19 99 1.428e+29 1
0.052558594 1 356.26149 2.7423865e+15 -2.9067124e+20 6.4085556e+19 99 1.428e+29 1
0.052597656 1 353.69181 2.5519971e+15 -2.8890758e+20 6.2550287e+19 99 1.428e+29 1
0.052636719 1 351.13783 2.1440937e+15 -2.8713314e+20 6.1044792e+19 99 1.428e+29 1
0.052675781 1 348.59967 1.6381641e+15 -2.8534772e+20 5.956921e+19 99 1.428e+29 1
0.052714844 1 346.0774 1.133339e+15 -2.8355125e+20 5.812359e+19 99 1.428e+29 1
0.052753906 1 343.57112 7.0839239e+14 -2.8174371e+20 5.6707894e+19 99 1.428e+29 1
0.052792969 1 341.08093 4.2174127e+14 -2.7992521e+20 5.5321992e+19 99 1.428e+29 1
0.052832031 1 338.60691 3.1144591e+14 -2.7809593e+20 5.3965665e+19 99 1.428e+29 1
0.052871094 1 336.14917 3.9520966e+14 -2.7625613e+20 5.2638608e+19 99 1.428e+29 1
0.052910156 1 333.70779 6.7037905e+14 -2.7440618e+20 5.1340422e+19 99 1.428e+29 1
0.052949219 1 331.28287 1.1139438e+15 -2.7254654e+20 5.0070623e+19 99 1.428e+29 1
0.052988281 1 328.87451 1.6825366e+15 -2.7067776e+20 4.8828635e+19 99 1.428e+29 1
0.053027344 1 326.48279 2.3124335e+15 -2.6880047e+20 4.7613795e+19 99 1.428e+29 1
0.053066406 1 324.10781 2.9195536e+15 -2.6691539e+20 4.6425348e+19 99 1.428e+29 1
0.053105469 1 321.74966 3.3994591e+15 -2.6502335e+20 4.5262452e+19 99 1.428e+29 1
0.046113281 1 821.85371 4.7845515e+16 -2.2636379e+20 4.0590046e+20 99 1.428e+29 1
0.046152344 1 819.83607 2.7487646e+16 -2.283272e+20 4.0666202e+20 99 1.428e+29 1
0.046191406 1 817.80124 1.2442791e+16 -2.3028269e+20 4.0741972e+20 99 1.428e+29 1
0.046230469 1 815.74924 2.0403413e+15 -2.3223103e+20 4.0816636e+20 99 1.428e+29 1
0.046269531 1 813.68008 -4.3799529e+15 -2.3417299e+20 4.0889495e+20 99 1.428e+29 1
0.046308594 1 811.59376 -7.4679786e+15 -2.3610933e+20 4.0959873e+20 99 1.428e+29 1
0.046347656 1 809.49031 -7.8632621e+15 -2.3804083e+20 4.1027115e+20 99 1.428e+29 1
0.046386719 1 807.36974 -6.1949684e+15 -2.3996823e+20 4.1090587e+20 99 1.428e+29 1
0.046425781 1 805.23206 -3.081901e+15 -2.418923e+20 4.1149678e+20 99 1.428e+29 1
0.046464844 1 803.07728 8.6749739e+14 -2.4381382e+20 4.1203797e+20 99 1.428e+29 1
0.046503906 1 800.90542 5.0551456e+15 -2.4573352e+20 4.1252378e+20 99 1.428e+29 1
0.046542969 1 798.71648 8.8933237e+15 -2.4765219e+20 4.1294872e+20 99 1.428e+29 1
0.046582031 1 796.51049 1.1804673e+16 -2.4957057e+20 4.1330756e+20 99 1.428e+29 1
0.046621094 1 794.28745 1.3222195e+16 -2.5148943e+20 4.1359527e+20 99 1.428e+29 1
0.046660156 1 792.04739 1.2589255e+16 -2.5340953e+20 4.1380702e+20 99 1.428e+29 1
0.046699219 1 789.7903 9.3595772e+15 -2.5533161e+20 4.1393823e+20 99 1.428e+29 1
0.046738281 1 787.5162 2.9972474e+15 -2.5725645e+20 4.1398452e+20 99 1.428e+29 1
0.046777344 1 785.22512 -7.0232867e+15 -2.5918479e+20 4.1394172e+20 99 1.428e+29 1
0.046816406 1 782.91705 -2.1217217e+16 -2.6111739e+20 4.1380589e+20 99 1.428e+29 1
0.046855469 1 780.59201 -4.0089372e+16 -2.63055e+20 4.135733e+20 99 1.428e+29 1
0.055488281 1 209.59238 1.2724731e+16 -1.5253904e+20 8.9248244e+18 99 1.428e+29 1
0.055527344 1 208.24605 7.0859099e+15 -1.5100256e+20 8.6764776e+18 99 1.428e+29 1
0.055566406 1 206.91404 2.9723602e+15 -1.4945615e+20 8.438268e+18 99 1.428e+29 1
0.055605469 1 205.59625 1.7181158e+14 -1.4790232e+20 8.209445e+18 99 1.428e+29 1
0.055644531 1 204.29257 -1.5205335e+15 -1.4634357e+20 7.9892949e+18 99 1.428e+29 1
0.055683594 1 203.0029 -2.3019991e+15 -1.4478242e+20 7.777141e+18 99 1.428e+29 1
0.055722656 1 201.72715 -2.3624357e+15 -1.4322139e+20 7.5723434e+18 99 1.428e+29 1
0.055761719 1 200.4652 -1.8842207e+15 -1.4166301e+20 7.3742993e+18 99 1.428e+29 1
0.055800781 1 199.21696 -1.0422578e+15 -1.4010982e+20 7.1824426e+18 99 1.428e+29 1
0.055839844 1 197.98232 -3.9775505e+12 -1.3856435e+20 6.996244e+18 99 1.428e+29 1
0.055878906 1 196.76119 1.0706631e+15 -1.3702916e+20 6.8152115e+18 99 1.428e+29 1
0.055917969 1 195.55346 2.0291805e+15 -1.3550681e+20 6.6388896e+18 99 1.428e+29 1
0.055957031 1 194.35903 2.7265644e+15 -1.3399985e+20 6.4668599e+18 99 1.428e+29 1
0.055996094 1 193.17781 3.025278e+15 -1.3251086e+20 6.2987409e+18 99 1.428e+29 1
0.056035156 1 192.00968 2.7952578e+15 -1.3104241e+20 6.1341878e+18 99 1.428e+29 1
0.056074219 1 190.85454 1.9139137e+15 -1.2959708e+20 5.9728931e+18 99 1.428e+29 1
0.056113281 1 189.7123 2.6612922e+14 -1.2817747e+20 5.8145858e+18 99 1.428e+29 1
0.056152344 1 188.58286 -2.255739e+15 -1.2678616e+20 5.659032e+18 99 1.428e+29 1
0.056191406 1 187.46611 -5.7518608e+15 -1.2542577e+20 5.5060347e+18 99 1.428e+29 1
0.056230469 1 186.36194 -1.0314933e+16 -1.2409889e+20 5.3554336e+18 99 1.428e+29 1
0.042988281 1 933.24008 5.1893303e+15 -9.7933911e+19 2.4110501e+20 99 1.428e+29 1
0.043027344 1 932.36567 4.6630439e+15 -9.9116748e+19 2.4343068e+20 99 1.428e+29 1
0.043066406 1 931.48076 3.6503944e+15 -1.0031063e+20 2.4575979e+20 99 1.428e+29 1
0.043105469 1 930.58525 2.4307359e+15 -1.0151541e+20 2.4809471e+20 99 1.428e+29 1
0.043144531 1 929.67902 1.2328676e+15 -1.0273099e+20 2.5043728e+20 99 1.428e+29 1
0.043183594 1 928.76197 2.3503336e+14 -1.0395733e+20 2.5278885e+20 99 1.428e+29 1
0.043222656 1 927.83401 -4.3507795e+14 -1.0519444e+20 2.5515029e+20 99 1.428e+29 1
0.043261719 1 926.89502 -7.0033258e+14 -1.0644237e+20 2.5752195e+20 99 1.428e+29 1
0.043300781 1 925.94491 -5.3415189e+14 -1.0770122e+20 2.5990368e+20 99 1.428e+29 1
0.043339844 1 924.98357 3.9487684e+13 -1.0897116e+20 2.6229485e+20 99 1.428e+29 1
0.043378906 1 924.0109 9.4605457e+14 -1.1025239e+20 2.6469429e+20 99 1.428e+29 1
0.043417969 1 923.02679 2.0604621e+15 -1.1154515e+20 2.6710038e+20 99 1.428e+29 1
0.043457031 1 922.03114 3.2070685e+15 -1.1284976e+20 2.6951097e+20 99 1.428e+29 1
0.043496094 1 921.02385 4.159677e+15 -1.1416656e+20 2.719234e+20 99 1.428e+29 1
0.043535156 1 920.00481 4.6415355e+15 -1.1549597e+20 2.7433455e+20 99 1.428e+29 1
0.043574219 1 918.97392 4.3253369e+15 -1.1683843e+20 2.7674077e+20 99 1.428e+29 1
0.043613281 1 917.93108 2.8332192e+15 -1.1819445e+20 2.791379e+20 99 1.428e+29 1
0.043652344 1 916.87618 -2.6323497e+14 -1.1956458e+20 2.8152132e+20 99 1.428e+29 1
0.043691406 1 915.80912 -5.442998e+15 -1.2094942e+20 2.8388588e+20 99 1.428e+29 1
0.043730469 1 914.72979 -1.3235597e+16 -1.2234963e+20 2.8622594e+20 99 1.428e+29 1
0.049238281 1 611.3154 -5.2555628e+16 -3.502049e+20 2.9831089e+20 99 1.428e+29 1
0.049277344 1 608.20724 -2.8219616e+16 -3.5078895e+20 2.9523098e+20 99 1.428e+29 1
0.049316406 1 605.09337 -9.8816611e+15 -3.5135696e+20 2.9209072e+20 99 1.428e+29 1
0.049355469 1 601.97411 3.0921482e+15 -3.5190725e+20 2.8889668e+20 99 1.428e+29 1
0.049394531 1 598.84976 1.135204e+16 -3.5243801e+20 2.8565535e+20 99 1.428e+29 1
0.049433594 1 595.72063 1.556456e+16 -3.5294731e+20 2.8237316e+20 99 1.428e+29 1
0.049472656 1 592.58702 1.6412572e+16 -3.5343311e+20 2.7905643e+20 99 1.428e+29 1
0.049511719 1 589.44924 1.4595257e+16 -3.5389328e+20 2.7571143e+20 99 1.428e+29 1
0.049550781 1 586.30759 1.0828116e+16 -3.5432554e+20 2.7234435e+20 99 1.428e+29 1
0.049589844 1 583.16238 5.8429649e+15 -3.5472753e+20 2.6896128e+20 99 1.428e+29 1
0.049628906 1 580.01393 3.8793928e+14 -3.5509677e+20 2.6556826e+20 99 1.428e+29 1
0.049667969 1 576.86252 -4.7725082e+15 -3.5543065e+20 2.6217123e+20 99 1.428e+29 1
0.049707031 1 573.70848 -8.8576068e+15 -3.5572646e+20 2.5877608e+20 99 1.428e+29 1
0.049746094 1 570.5521 -1.1070268e+16 -3.5598139e+20 2.5538859e+20 99 1.428e+29 1
0.049785156 1 567.3937 -1.0597086e+16 -3.5619249e+20 2.5201447e+20 99 1.428e+29 1
0.049824219 1 564.23357 -6.6083361e+15 -3.5635672e+20 2.4865938e+20 99 1.428e+29 1
0.049863281 1 561.07203 1.7420232e+15 -3.5647091e+20 2.4532887e+20 99 1.428e+29 1
0.049902344 1 557.90938 1.5316352e+16 -3.565318e+20 2.4202842e+20 99 1.428e+29 1
0.049941406 1 554.74592 3.4993327e+16 -3.5653599e+20 2.3876344e+20 99 1.428e+29 1
0.049980469 1 551.58197 6.1667944e+16 -3.5647999e+20 2.3553927e+20 99 1.428e+29 1
