-3.465000000000000000e+02 7.355220000000000091e-01
-3.395000000000000000e+02 7.354400000000000936e-01
-3.325000000000000000e+02 7.352779999999999871e-01
-3.255000000000000000e+02 7.350339999999999652e-01
-3.185000000000000000e+02 7.347089999999999455e-01
-3.115000000000000000e+02 7.343020000000000103e-01
-3.045000000000000000e+02 7.338139999999999663e-01
-2.975000000000000000e+02 7.332440000000000069e-01
-2.905000000000000000e+02 7.325920000000000210e-01
-2.835000000000000000e+02 7.318579999999998975e-01
-2.765000000000000000e+02 7.310420000000000806e-01
-2.695000000000000000e+02 7.301429999999999865e-01
-2.625000000000000000e+02 7.291609999999999481e-01
-2.555000000000000000e+02 7.280959999999999654e-01
-2.485000000000000000e+02 7.269479999999999276e-01
-2.415000000000000000e+02 7.257149999999999990e-01
-2.345000000000000000e+02 7.243990000000000151e-01
-2.275000000000000000e+02 7.229980000000000295e-01
-2.205000000000000000e+02 7.215119999999999312e-01
-2.135000000000000000e+02 7.199400000000000244e-01
-2.065000000000000000e+02 7.182830000000000048e-01
-1.995000000000000000e+02 7.165390000000000370e-01
-1.925000000000000000e+02 7.147080000000000100e-01
-1.855000000000000000e+02 7.127890000000000059e-01
-1.785000000000000000e+02 7.107820000000000249e-01
-1.715000000000000000e+02 7.086860000000000381e-01
-1.645000000000000000e+02 7.065009999999999346e-01
-1.575000000000000000e+02 7.042249999999999899e-01
-1.505000000000000000e+02 7.018590000000000106e-01
-1.435000000000000000e+02 6.994000000000000217e-01
-1.365000000000000000e+02 6.968490000000000517e-01
-1.295000000000000000e+02 6.942039999999999322e-01
-1.225000000000000000e+02 6.914640000000000786e-01
-1.155000000000000000e+02 6.886290000000000466e-01
-1.085000000000000000e+02 6.856980000000000297e-01
-1.015000000000000000e+02 6.826699999999999990e-01
-9.450000000000000000e+01 6.795419999999999794e-01
-8.750000000000000000e+01 6.763149999999999995e-01
-8.050000000000000000e+01 6.729880000000000306e-01
-7.350000000000000000e+01 6.695579999999999865e-01
-6.650000000000000000e+01 6.660239999999999494e-01
-5.950000000000000000e+01 6.623859999999999193e-01
-5.250000000000000000e+01 6.586420000000000607e-01
-4.550000000000000000e+01 6.547899999999999832e-01
-3.850000000000000000e+01 6.508289999999999909e-01
-3.150000000000000000e+01 6.467559999999999976e-01
-2.450000000000000000e+01 6.425720000000000320e-01
-1.750000000000000000e+01 6.382729999999999793e-01
-1.050000000000000000e+01 6.338590000000000613e-01
-3.500000000000000000e+00 6.293260000000000520e-01
3.500000000000000000e+00 6.246730000000000338e-01
1.050000000000000000e+01 6.198989999999999778e-01
1.750000000000000000e+01 6.149999999999999911e-01
2.450000000000000000e+01 6.099750000000000449e-01
3.150000000000000000e+01 6.048219999999999708e-01
3.850000000000000000e+01 5.995369999999999866e-01
4.550000000000000000e+01 5.941180000000000350e-01
5.250000000000000000e+01 5.885639999999999761e-01
5.950000000000000000e+01 5.828699999999999992e-01
6.650000000000000000e+01 5.770340000000000469e-01
7.350000000000000000e+01 5.710539999999999505e-01
8.050000000000000000e+01 5.649249999999998995e-01
8.750000000000000000e+01 5.586449999999999472e-01
9.450000000000000000e+01 5.522110000000000074e-01
1.015000000000000000e+02 5.456190000000000762e-01
1.085000000000000000e+02 5.388640000000000096e-01
1.155000000000000000e+02 5.319450000000000012e-01
1.225000000000000000e+02 5.248559999999999892e-01
1.295000000000000000e+02 5.175950000000000273e-01
1.365000000000000000e+02 5.101569999999999716e-01
1.435000000000000000e+02 5.025370000000000115e-01
1.505000000000000000e+02 4.947329999999999783e-01
1.575000000000000000e+02 4.867389999999999772e-01
1.645000000000000000e+02 4.785530000000000062e-01
1.715000000000000000e+02 4.701700000000000323e-01
1.785000000000000000e+02 4.615869999999999695e-01
1.855000000000000000e+02 4.528010000000000090e-01
1.925000000000000000e+02 4.438090000000000090e-01
1.995000000000000000e+02 4.346079999999999943e-01
2.065000000000000000e+02 4.251989999999999936e-01
2.135000000000000000e+02 4.155820000000000070e-01
2.205000000000000000e+02 4.057569999999999788e-01
2.275000000000000000e+02 3.957309999999999994e-01
2.345000000000000000e+02 3.855099999999999638e-01
2.415000000000000000e+02 3.751050000000000217e-01
2.485000000000000000e+02 3.645329999999999959e-01
2.555000000000000000e+02 3.538179999999999659e-01
2.625000000000000000e+02 3.429920000000000191e-01
2.695000000000000000e+02 3.321000000000000063e-01
2.765000000000000000e+02 3.212010000000000143e-01
2.835000000000000000e+02 3.103740000000000387e-01
2.905000000000000000e+02 2.997210000000000152e-01
2.975000000000000000e+02 2.893740000000000201e-01
3.045000000000000000e+02 2.794989999999999974e-01
3.115000000000000000e+02 2.702999999999999847e-01
3.185000000000000000e+02 2.620140000000000247e-01
3.255000000000000000e+02 2.549069999999999947e-01
3.325000000000000000e+02 2.492570000000000063e-01
3.395000000000000000e+02 2.453199999999999825e-01
3.465000000000000000e+02 2.432949999999999835e-01
