-3.430000000000000000e+02 2.603061769697273731e+09
-3.360000000000000000e+02 5.138719558066250801e+09
-3.290000000000000000e+02 7.729837230074831009e+09
-3.220000000000000000e+02 1.027729306947353554e+10
-3.150000000000000000e+02 1.284041696438834000e+10
-3.080000000000000000e+02 1.535210820815026855e+10
-3.010000000000000000e+02 1.787145976903844833e+10
-2.940000000000000000e+02 2.036296745215667725e+10
-2.870000000000000000e+02 2.282278262432134247e+10
-2.800000000000000000e+02 2.524710726973653030e+10
-2.730000000000000000e+02 2.766289060770070648e+10
-2.660000000000000000e+02 3.003523169449649429e+10
-2.590000000000000000e+02 3.236045132611946869e+10
-2.520000000000000000e+02 3.463495773850644684e+10
-2.450000000000000000e+02 3.691493191298043823e+10
-2.380000000000000000e+02 3.907669625849370575e+10
-2.310000000000000000e+02 4.123614059101728058e+10
-2.240000000000000000e+02 4.332981473644800568e+10
-2.170000000000000000e+02 4.538329415667734528e+10
-2.100000000000000000e+02 4.733543835974953461e+10
-2.030000000000000000e+02 4.926878678568676758e+10
-1.960000000000000000e+02 5.112247113670707703e+10
-1.890000000000000000e+02 5.292109009881942749e+10
-1.820000000000000000e+02 5.463354799554178619e+10
-1.750000000000000000e+02 5.628407570333501434e+10
-1.680000000000000000e+02 5.784254039110424805e+10
-1.610000000000000000e+02 5.935859048748400879e+10
-1.540000000000000000e+02 6.075060145126818848e+10
-1.470000000000000000e+02 6.211864709173770905e+10
-1.400000000000000000e+02 6.335755685737931061e+10
-1.330000000000000000e+02 6.454017347053813934e+10
-1.260000000000000000e+02 6.563808704958947754e+10
-1.190000000000000000e+02 6.662526423132452393e+10
-1.120000000000000000e+02 6.752388406204016113e+10
-1.050000000000000000e+02 6.833173899705680084e+10
-9.800000000000000000e+01 6.909073206825971985e+10
-9.100000000000000000e+01 6.970996330237940979e+10
-8.400000000000000000e+01 7.023386226656204224e+10
-7.700000000000000000e+01 7.070256603195170593e+10
-7.000000000000000000e+01 7.107221633916192627e+10
-6.300000000000000000e+01 7.132381444320996094e+10
-5.600000000000000000e+01 7.149812586700549316e+10
-4.900000000000000000e+01 7.159497504830090332e+10
-4.200000000000000000e+01 7.159722237176817322e+10
-3.500000000000000000e+01 7.154319629854154968e+10
-2.800000000000000000e+01 7.136626686041699219e+10
-2.100000000000000000e+01 7.115802357350627136e+10
-1.400000000000000000e+01 7.085651355759625244e+10
-7.000000000000000000e+00 7.053375041861611938e+10
0.000000000000000000e+00 7.014972735048387146e+10
7.000000000000000000e+00 6.971616520523399353e+10
1.400000000000000000e+01 6.928823466184457397e+10
2.100000000000000000e+01 6.883477003526046753e+10
2.800000000000000000e+01 6.838456614528990173e+10
3.500000000000000000e+01 6.797744393017541504e+10
4.200000000000000000e+01 6.760020043719200897e+10
4.900000000000000000e+01 6.725504262539988708e+10
5.600000000000000000e+01 6.700251897536187744e+10
6.300000000000000000e+01 6.681606714550271606e+10
7.000000000000000000e+01 6.670604124573764801e+10
7.700000000000000000e+01 6.671553135237802124e+10
8.400000000000000000e+01 6.682326831734934998e+10
9.100000000000000000e+01 6.705358043359778595e+10
9.800000000000000000e+01 6.742122282683000183e+10
1.050000000000000000e+02 6.792067430029689789e+10
1.120000000000000000e+02 6.847497874298104095e+10
1.190000000000000000e+02 6.908448164279595947e+10
1.260000000000000000e+02 6.966371673905348206e+10
1.330000000000000000e+02 7.020896319533045959e+10
1.400000000000000000e+02 7.069263414983895874e+10
1.470000000000000000e+02 7.104988911801354980e+10
1.540000000000000000e+02 7.125363809436088562e+10
1.610000000000000000e+02 7.117668255931076050e+10
1.680000000000000000e+02 7.074374507049743652e+10
1.750000000000000000e+02 6.984883425978079224e+10
1.820000000000000000e+02 6.843836951461753845e+10
1.890000000000000000e+02 6.650248209703742218e+10
1.960000000000000000e+02 6.407315430329003906e+10
2.030000000000000000e+02 6.118766812227314758e+10
2.100000000000000000e+02 5.793861232696295166e+10
2.170000000000000000e+02 5.441619092180590820e+10
2.240000000000000000e+02 5.067361276651052856e+10
2.310000000000000000e+02 4.680689426678945160e+10
2.380000000000000000e+02 4.287503842446736145e+10
2.450000000000000000e+02 3.893292646070350647e+10
2.520000000000000000e+02 3.503183209665518951e+10
2.590000000000000000e+02 3.122016640149586105e+10
2.660000000000000000e+02 2.753402501666698837e+10
2.730000000000000000e+02 2.401199795067614746e+10
2.800000000000000000e+02 2.068298226115745544e+10
2.870000000000000000e+02 1.757478493139151382e+10
2.940000000000000000e+02 1.470605337375122261e+10
3.010000000000000000e+02 1.209048094164981079e+10
3.080000000000000000e+02 9.732715197893241882e+09
3.150000000000000000e+02 7.631705281200642586e+09
3.220000000000000000e+02 5.770469075838395119e+09
3.290000000000000000e+02 4.120045642712956429e+09
3.360000000000000000e+02 2.643256332820335388e+09
3.430000000000000000e+02 1.290404656298718691e+09
