5.000000000000000000e+00 7.082991823577043833e+05
1.000000000000000000e+01 1.417598685758618405e+06
1.500000000000000000e+01 2.128910840004585218e+06
2.000000000000000000e+01 2.843268766829755623e+06
2.500000000000000000e+01 3.561730902770602610e+06
3.000000000000000000e+01 4.285382994652715512e+06
3.500000000000000000e+01 5.015337049787558615e+06
4.000000000000000000e+01 5.752730851189278066e+06
4.500000000000000000e+01 6.498725883836218156e+06
5.000000000000000000e+01 7.254506910327384248e+06
5.500000000000000000e+01 8.021281268977355212e+06
6.000000000000000000e+01 8.800279253415752202e+06
6.500000000000000000e+01 9.592754466628061607e+06
7.000000000000000000e+01 1.039998463389843702e+07
7.500000000000000000e+01 1.122327303336741216e+07
8.000000000000000000e+01 1.206395028436163068e+07
8.500000000000000000e+01 1.292337537181035802e+07
9.000000000000000000e+01 1.380293796059933491e+07
9.500000000000000000e+01 1.470406032453606650e+07
1.000000000000000000e+02 1.562819926121363416e+07
1.050000000000000000e+02 1.657684838094546087e+07
1.100000000000000000e+02 1.755154065407015756e+07
1.150000000000000000e+02 1.855385011400391161e+07
1.200000000000000000e+02 1.958539503828448430e+07
1.250000000000000000e+02 2.064784005436896533e+07
1.300000000000000000e+02 2.174289902157661319e+07
1.350000000000000000e+02 2.287233749386868998e+07
1.400000000000000000e+02 2.403797572420132160e+07
1.450000000000000000e+02 2.524169152004773542e+07
1.500000000000000000e+02 2.648542323950282112e+07
1.550000000000000000e+02 2.777117282022714242e+07
1.600000000000000000e+02 2.910100914807420596e+07
1.650000000000000000e+02 3.047707105919780210e+07
1.700000000000000000e+02 3.190157118683471158e+07
1.750000000000000000e+02 3.337679916128852963e+07
1.800000000000000000e+02 3.490512531281004101e+07
1.850000000000000000e+02 3.648900478683301061e+07
1.900000000000000000e+02 3.813098090353672951e+07
1.950000000000000000e+02 3.983369005545982718e+07
2.000000000000000000e+02 4.159986499649375677e+07
2.050000000000000000e+02 4.343233996131479740e+07
2.100000000000000000e+02 4.533405473072393239e+07
2.150000000000000000e+02 4.730805968559815735e+07
2.200000000000000000e+02 4.935752026310439408e+07
2.250000000000000000e+02 5.148572264248645306e+07
2.300000000000000000e+02 5.369607855989528447e+07
2.350000000000000000e+02 5.599213055271312594e+07
2.400000000000000000e+02 5.837755801425072551e+07
2.450000000000000000e+02 6.085618342696810514e+07
2.500000000000000000e+02 6.343197763789104670e+07
2.550000000000000000e+02 6.610906651234421134e+07
2.600000000000000000e+02 6.889173758980716765e+07
2.650000000000000000e+02 7.178444742746493220e+07
2.700000000000000000e+02 7.479182772502464056e+07
2.750000000000000000e+02 7.791869332937303185e+07
2.800000000000000000e+02 8.117005022791314125e+07
2.850000000000000000e+02 8.455110318953929842e+07
2.900000000000000000e+02 8.806726400063808262e+07
2.950000000000000000e+02 9.172416073956981301e+07
3.000000000000000000e+02 9.552764642256034911e+07
3.050000000000000000e+02 9.948380904737266898e+07
3.100000000000000000e+02 1.035989807170085609e+08
3.150000000000000000e+02 1.078797482389387637e+08
3.200000000000000000e+02 1.123329646613658071e+08
3.250000000000000000e+02 1.169657584196189791e+08
3.300000000000000000e+02 1.217855471449256390e+08
3.350000000000000000e+02 1.268000477173190713e+08
3.400000000000000000e+02 1.320172896397924572e+08
3.450000000000000000e+02 1.374456278519475758e+08
3.500000000000000000e+02 1.430937553764967024e+08
3.550000000000000000e+02 1.489707178828999996e+08
3.600000000000000000e+02 1.550859275186230838e+08
3.650000000000000000e+02 1.614491775889761746e+08
3.700000000000000000e+02 1.680706582508731186e+08
3.750000000000000000e+02 1.749609721746721566e+08
3.800000000000000000e+02 1.821311511922638714e+08
3.850000000000000000e+02 1.895926732501519620e+08
3.900000000000000000e+02 1.973574804463574588e+08
3.950000000000000000e+02 2.054379978102875650e+08
4.000000000000000000e+02 2.138471522060457170e+08
4.050000000000000000e+02 2.225983928110443652e+08
4.100000000000000000e+02 2.317057121026759148e+08
4.150000000000000000e+02 2.411836677624590099e+08
4.200000000000000000e+02 2.510474058794638515e+08
4.250000000000000000e+02 2.613126841114788353e+08
4.300000000000000000e+02 2.719958980352517962e+08
4.350000000000000000e+02 2.831141054692144394e+08
4.400000000000000000e+02 2.946850549928125739e+08
4.450000000000000000e+02 3.067272141259990335e+08
4.500000000000000000e+02 3.192597981676260233e+08
4.550000000000000000e+02 3.323028020587322116e+08
4.600000000000000000e+02 3.458770314312090278e+08
4.650000000000000000e+02 3.600041369837266207e+08
4.700000000000000000e+02 3.747066489571240544e+08
4.750000000000000000e+02 3.900080127090587020e+08
4.800000000000000000e+02 4.059326277328189015e+08
4.850000000000000000e+02 4.225058850415936112e+08
4.900000000000000000e+02 4.397542096593521237e+08
4.950000000000000000e+02 4.577051009662714601e+08
5.000000000000000000e+02 4.763871783440439105e+08
5.050000000000000000e+02 4.958302256304554343e+08
5.100000000000000000e+02 5.160652387110624313e+08
5.150000000000000000e+02 5.371244749377659559e+08
5.200000000000000000e+02 5.590415041241061687e+08
5.250000000000000000e+02 5.818512610135453939e+08
5.300000000000000000e+02 6.055901018218182325e+08
5.350000000000000000e+02 6.302958597828223705e+08
5.400000000000000000e+02 6.560079060375927687e+08
5.450000000000000000e+02 6.827672109190148115e+08
5.500000000000000000e+02 7.106164085426585674e+08
5.550000000000000000e+02 7.395998632354584932e+08
5.600000000000000000e+02 7.697637396951507330e+08
5.650000000000000000e+02 8.011560746141310930e+08
5.700000000000000000e+02 8.338268524691545963e+08
5.750000000000000000e+02 8.678280832581287622e+08
5.800000000000000000e+02 9.032138836621954441e+08
5.850000000000000000e+02 9.400405621183445454e+08
5.900000000000000000e+02 9.783667059891049862e+08
5.950000000000000000e+02 1.018253273245368242e+09
6.000000000000000000e+02 1.059763687709249616e+09
6.050000000000000000e+02 1.102963936943504572e+09
6.100000000000000000e+02 1.147922675992144585e+09
6.150000000000000000e+02 1.194711333132100344e+09
6.200000000000000000e+02 1.243404220822947979e+09
6.250000000000000000e+02 1.294078651811879158e+09
6.300000000000000000e+02 1.346815057786400557e+09
6.350000000000000000e+02 1.401697114858405590e+09
6.400000000000000000e+02 1.458811871654169083e+09
6.450000000000000000e+02 1.518249885046896458e+09
6.500000000000000000e+02 1.580105358629182816e+09
6.550000000000000000e+02 1.644476288158028841e+09
6.600000000000000000e+02 1.711464612078077316e+09
6.650000000000000000e+02 1.781176367666884422e+09
6.700000000000000000e+02 1.853721853990128756e+09
6.750000000000000000e+02 1.929215799779612303e+09
6.800000000000000000e+02 2.007777539097796679e+09
6.850000000000000000e+02 2.089531192681620836e+09
6.900000000000000000e+02 2.174605856784011364e+09
6.950000000000000000e+02 2.263135798843262672e+09
7.000000000000000000e+02 2.355260660992173672e+09
7.050000000000000000e+02 2.451125670188745022e+09
7.100000000000000000e+02 2.550881858032685757e+09
7.150000000000000000e+02 2.654686286514767647e+09
7.200000000000000000e+02 2.762702284039208889e+09
7.250000000000000000e+02 2.875099689625934601e+09
7.300000000000000000e+02 2.992055105473597527e+09
7.350000000000000000e+02 3.113752160106337070e+09
7.400000000000000000e+02 3.240381779856791973e+09
7.450000000000000000e+02 3.372142470853527069e+09
7.500000000000000000e+02 3.509240611808677673e+09
7.550000000000000000e+02 3.651890755693200111e+09
7.600000000000000000e+02 3.800315944391449451e+09
7.650000000000000000e+02 3.954748032774529934e+09
7.700000000000000000e+02 4.115428025348482132e+09
7.750000000000000000e+02 4.282606424448892117e+09
7.800000000000000000e+02 4.456543590510263443e+09
7.850000000000000000e+02 4.637510114753732681e+09
7.900000000000000000e+02 4.825787205619464874e+09
7.950000000000000000e+02 5.021667087175856590e+09
8.000000000000000000e+02 5.225453412191396713e+09
8.050000000000000000e+02 5.437461688553091049e+09
8.100000000000000000e+02 5.658019719749513626e+09
8.150000000000000000e+02 5.887468061220470428e+09
8.200000000000000000e+02 6.126160489768548965e+09
8.250000000000000000e+02 6.374464489625187874e+09
8.300000000000000000e+02 6.632761754424955368e+09
8.350000000000000000e+02 6.901448703209181786e+09
8.400000000000000000e+02 7.180937015120537758e+09
8.450000000000000000e+02 7.471654179090753555e+09
8.500000000000000000e+02 7.774044060532737732e+09
8.550000000000000000e+02 8.088567485550048828e+09
8.600000000000000000e+02 8.415702842982973099e+09
8.650000000000000000e+02 8.755946702396209717e+09
8.700000000000000000e+02 9.109814451955060959e+09
8.750000000000000000e+02 9.477840952541067123e+09
8.800000000000000000e+02 9.860581211363815308e+09
8.850000000000000000e+02 1.025861107324377251e+10
8.900000000000000000e+02 1.067252793002254677e+10
8.950000000000000000e+02 1.110295144922024536e+10
9.000000000000000000e+02 1.155052432009068298e+10
9.050000000000000000e+02 1.201591301927265358e+10
9.100000000000000000e+02 1.249980859378698921e+10
9.150000000000000000e+02 1.300292746234524918e+10
9.200000000000000000e+02 1.352601223525969505e+10
9.250000000000000000e+02 1.406983255126035118e+10
9.300000000000000000e+02 1.463518593188015938e+10
9.350000000000000000e+02 1.522289865296717644e+10
9.400000000000000000e+02 1.583382663213466835e+10
9.450000000000000000e+02 1.646885633253858376e+10
9.500000000000000000e+02 1.712890568098122025e+10
9.550000000000000000e+02 1.781492500097995758e+10
9.600000000000000000e+02 1.852789795874382019e+10
9.650000000000000000e+02 1.926884252130479813e+10
9.700000000000000000e+02 2.003881192640953827e+10
9.750000000000000000e+02 2.083889566120332336e+10
9.800000000000000000e+02 2.167022045027474594e+10
9.850000000000000000e+02 2.253395124992353821e+10
9.900000000000000000e+02 2.343129224750037384e+10
9.950000000000000000e+02 2.436348786330866241e+10
1.000000000000000000e+03 2.533182375502320480e+10
1.005000000000000000e+03 2.633762781812538147e+10
1.010000000000000000e+03 2.738227118530567932e+10
1.015000000000000000e+03 2.846716921707733917e+10
1.020000000000000000e+03 2.959378248427441406e+10
1.025000000000000000e+03 3.076361773736616516e+10
1.030000000000000000e+03 3.197822885932405090e+10
1.035000000000000000e+03 3.323921779992256165e+10
1.040000000000000000e+03 3.454823548609803772e+10
1.045000000000000000e+03 3.590698270414191437e+10
1.050000000000000000e+03 3.731721095099014282e+10
1.055000000000000000e+03 3.878072324781063080e+10
1.060000000000000000e+03 4.029937491360685730e+10
1.065000000000000000e+03 4.187507429002240753e+10
1.070000000000000000e+03 4.350978341628501892e+10
1.075000000000000000e+03 4.520551864423729706e+10
1.080000000000000000e+03 4.696435119124239349e+10
1.085000000000000000e+03 4.878840762154415131e+10
1.090000000000000000e+03 5.067987025183868408e+10
1.095000000000000000e+03 5.264097747219629669e+10
1.100000000000000000e+03 5.467402397729969788e+10
1.105000000000000000e+03 5.678136089945622253e+10
1.110000000000000000e+03 5.896539583486696625e+10
1.115000000000000000e+03 6.122859275848362732e+10
1.120000000000000000e+03 6.357347181529624176e+10
1.125000000000000000e+03 6.600260898365853119e+10
1.130000000000000000e+03 6.851863559958289337e+10
1.135000000000000000e+03 7.112423773443212891e+10
1.140000000000000000e+03 7.382215541926091003e+10
1.145000000000000000e+03 7.661518170273995972e+10
1.150000000000000000e+03 7.950616153912503052e+10
1.155000000000000000e+03 8.249799049394129944e+10
1.160000000000000000e+03 8.559361326097273254e+10
1.165000000000000000e+03 8.879602198012243652e+10
1.170000000000000000e+03 9.210825435101210022e+10
1.175000000000000000e+03 9.553339153018685913e+10
1.180000000000000000e+03 9.907455580872366333e+10
1.185000000000000000e+03 1.027349080595989532e+11
1.190000000000000000e+03 1.065176449497229309e+11
1.195000000000000000e+03 1.104259959104285278e+11
1.200000000000000000e+03 1.144632198597322845e+11
1.205000000000000000e+03 1.186326016741696930e+11
1.210000000000000000e+03 1.229374484021458435e+11
1.215000000000000000e+03 1.273810852209424896e+11
1.220000000000000000e+03 1.319668511314803925e+11
1.225000000000000000e+03 1.366980943918629303e+11
1.230000000000000000e+03 1.415781676908250122e+11
1.235000000000000000e+03 1.466104230613756104e+11
1.240000000000000000e+03 1.517982065399920654e+11
1.245000000000000000e+03 1.571448525759953308e+11
1.250000000000000000e+03 1.626536781975402527e+11
1.255000000000000000e+03 1.683279769440011292e+11
1.260000000000000000e+03 1.741710125753393250e+11
1.265000000000000000e+03 1.801860125714838257e+11
1.270000000000000000e+03 1.863761614372893677e+11
1.275000000000000000e+03 1.927445938295989075e+11
1.280000000000000000e+03 1.992943875287394714e+11
1.285000000000000000e+03 2.060285562748646240e+11
1.290000000000000000e+03 2.129500424957365417e+11
1.295000000000000000e+03 2.200617099529652710e+11
1.300000000000000000e+03 2.273663363381586304e+11
1.305000000000000000e+03 2.348666058517734375e+11
1.310000000000000000e+03 2.425651018008085327e+11
1.315000000000000000e+03 2.504642992547068176e+11
1.320000000000000000e+03 2.585665578010176086e+11
1.325000000000000000e+03 2.668741144443370972e+11
1.330000000000000000e+03 2.753890766972366333e+11
1.335000000000000000e+03 2.841134159102966309e+11
1.340000000000000000e+03 2.930489608954776611e+11
1.345000000000000000e+03 3.021973918949073486e+11
1.350000000000000000e+03 3.115602349526561279e+11
1.355000000000000000e+03 3.211388567460498047e+11
1.360000000000000000e+03 3.309344599371087646e+11
1.365000000000000000e+03 3.409480791034218750e+11
1.370000000000000000e+03 3.511805773110201416e+11
1.375000000000000000e+03 3.616326433906264038e+11
1.380000000000000000e+03 3.723047899784504395e+11
1.385000000000000000e+03 3.831973523844599609e+11
1.390000000000000000e+03 3.943104883489514771e+11
1.395000000000000000e+03 4.056441787450307007e+11
1.400000000000000000e+03 4.171982292862031250e+11
1.405000000000000000e+03 4.289722732929857788e+11
1.410000000000000000e+03 4.409657755709509888e+11
1.415000000000000000e+03 4.531780374479401855e+11
1.420000000000000000e+03 4.656082030137820435e+11
1.425000000000000000e+03 4.782552666023455200e+11
1.430000000000000000e+03 4.911180815472441406e+11
1.435000000000000000e+03 5.041953702393859863e+11
1.440000000000000000e+03 5.174857355046104736e+11
1.445000000000000000e+03 5.309876733140472412e+11
1.450000000000000000e+03 5.446995868304949341e+11
1.455000000000000000e+03 5.586198017860924072e+11
1.460000000000000000e+03 5.727465831756618652e+11
1.465000000000000000e+03 5.870781532415158691e+11
1.470000000000000000e+03 6.016127107152543945e+11
1.475000000000000000e+03 6.163484512690758057e+11
1.480000000000000000e+03 6.312835891215778809e+11
1.485000000000000000e+03 6.464163797267768555e+11
1.490000000000000000e+03 6.617451434706809082e+11
1.495000000000000000e+03 6.772682902786702881e+11
1.500000000000000000e+03 6.929843450353087158e+11
1.505000000000000000e+03 7.088919736976890869e+11
1.510000000000000000e+03 7.249900099811787109e+11
1.515000000000000000e+03 7.412774824770885010e+11
1.520000000000000000e+03 7.577536420578312988e+11
1.525000000000000000e+03 7.744179894125183105e+11
1.530000000000000000e+03 7.912703025485141602e+11
1.535000000000000000e+03 8.083106640844239502e+11
1.540000000000000000e+03 8.255394881560230713e+11
1.545000000000000000e+03 8.429575467474176025e+11
1.550000000000000000e+03 8.605659952582780762e+11
1.555000000000000000e+03 8.783663971121129150e+11
1.560000000000000000e+03 8.963607472103314209e+11
1.565000000000000000e+03 9.145514940340076904e+11
1.570000000000000000e+03 9.329415602010183105e+11
1.575000000000000000e+03 9.515343612835700684e+11
1.580000000000000000e+03 9.703338226984588623e+11
1.585000000000000000e+03 9.893443944883353271e+11
1.590000000000000000e+03 1.008571063819437256e+12
1.595000000000000000e+03 1.028019365029612671e+12
1.600000000000000000e+03 1.047695387075388306e+12
1.605000000000000000e+03 1.067605778230735229e+12
1.610000000000000000e+03 1.087757747915975708e+12
1.615000000000000000e+03 1.108159065540251465e+12
1.620000000000000000e+03 1.128818056261610596e+12
1.625000000000000000e+03 1.149743593588596191e+12
1.630000000000000000e+03 1.170945088760079346e+12
1.635000000000000000e+03 1.192432476865652588e+12
1.640000000000000000e+03 1.214216199684730957e+12
1.645000000000000000e+03 1.236307185243384033e+12
1.650000000000000000e+03 1.258716824110289795e+12
1.655000000000000000e+03 1.281456942471875977e+12
1.660000000000000000e+03 1.304539772048104248e+12
1.665000000000000000e+03 1.327977916930128418e+12
1.670000000000000000e+03 1.351784317439570312e+12
1.675000000000000000e+03 1.375972211129126221e+12
1.680000000000000000e+03 1.400555091059915527e+12
1.685000000000000000e+03 1.425546661508182617e+12
1.690000000000000000e+03 1.450960791268854736e+12
1.695000000000000000e+03 1.476811464736555908e+12
1.700000000000000000e+03 1.503112730954954102e+12
1.705000000000000000e+03 1.529878650838614990e+12
1.710000000000000000e+03 1.557123242772744629e+12
1.715000000000000000e+03 1.584860426811734375e+12
1.720000000000000000e+03 1.613103967691418701e+12
1.725000000000000000e+03 1.641867416877266846e+12
1.730000000000000000e+03 1.671164053870898193e+12
1.735000000000000000e+03 1.701006826990897461e+12
1.740000000000000000e+03 1.731408293843904053e+12
1.745000000000000000e+03 1.762380561693040039e+12
1.750000000000000000e+03 1.793935227924727783e+12
1.755000000000000000e+03 1.826083320802974609e+12
1.760000000000000000e+03 1.858835240692045166e+12
1.765000000000000000e+03 1.892200701913385986e+12
1.770000000000000000e+03 1.926188675390416992e+12
1.775000000000000000e+03 1.960807332220053955e+12
1.780000000000000000e+03 1.996063988294921631e+12
1.785000000000000000e+03 2.031965050082156738e+12
1.790000000000000000e+03 2.068515961651791260e+12
1.795000000000000000e+03 2.105721153029084473e+12
1.800000000000000000e+03 2.143583989930439453e+12
1.805000000000000000e+03 2.182106724924814941e+12
1.810000000000000000e+03 2.221290450050574707e+12
1.815000000000000000e+03 2.261135050899607910e+12
1.820000000000000000e+03 2.301639162171569824e+12
1.825000000000000000e+03 2.342800124684392578e+12
1.830000000000000000e+03 2.384613943819793457e+12
1.835000000000000000e+03 2.427075249373034180e+12
1.840000000000000000e+03 2.470177256765750000e+12
1.845000000000000000e+03 2.513911729580074219e+12
1.850000000000000000e+03 2.558268943363783691e+12
1.855000000000000000e+03 2.603237650655730469e+12
1.860000000000000000e+03 2.648805047183890625e+12
1.865000000000000000e+03 2.694956739186649414e+12
1.870000000000000000e+03 2.741676711814223633e+12
1.875000000000000000e+03 2.788947298574219238e+12
1.880000000000000000e+03 2.836749151793043457e+12
1.885000000000000000e+03 2.885061214074413574e+12
1.890000000000000000e+03 2.933860690751351562e+12
1.895000000000000000e+03 2.983123023338753906e+12
1.900000000000000000e+03 3.032821864012035156e+12
1.905000000000000000e+03 3.082929051154606934e+12
1.910000000000000000e+03 3.133414586034166016e+12
1.915000000000000000e+03 3.184246610688206055e+12
1.920000000000000000e+03 3.235391387122515137e+12
1.925000000000000000e+03 3.286813277945416016e+12
1.930000000000000000e+03 3.338474728584602051e+12
1.935000000000000000e+03 3.390336251256109375e+12
1.940000000000000000e+03 3.442356410879974121e+12
1.945000000000000000e+03 3.494491813157560059e+12
1.950000000000000000e+03 3.546697095051721191e+12
1.955000000000000000e+03 3.598924917932284180e+12
1.960000000000000000e+03 3.651125963673423828e+12
1.965000000000000000e+03 3.703248934008549805e+12
1.970000000000000000e+03 3.755240553472410156e+12
1.975000000000000000e+03 3.807045576276113770e+12
1.980000000000000000e+03 3.858606797483046387e+12
1.985000000000000000e+03 3.909865068865502441e+12
1.990000000000000000e+03 3.960759319841587402e+12
1.995000000000000000e+03 4.011226583900967285e+12
2.000000000000000000e+03 4.061202030941635742e+12
2.005000000000000000e+03 4.110619005946888672e+12
2.010000000000000000e+03 4.159409074438730957e+12
2.015000000000000000e+03 4.207502075147503906e+12
2.020000000000000000e+03 4.254826180337543457e+12
2.025000000000000000e+03 4.301307964227682129e+12
2.030000000000000000e+03 4.346872479940099609e+12
2.035000000000000000e+03 4.391443345402015625e+12
2.040000000000000000e+03 4.434942838614615234e+12
2.045000000000000000e+03 4.477292002686125000e+12
2.050000000000000000e+03 4.518410761011134766e+12
2.055000000000000000e+03 4.558218042950752930e+12
2.060000000000000000e+03 4.596631920347348633e+12
2.065000000000000000e+03 4.633569755173420898e+12
2.070000000000000000e+03 4.668948358580762695e+12
2.075000000000000000e+03 4.702684161579480469e+12
2.080000000000000000e+03 4.734693397529284180e+12
2.085000000000000000e+03 4.764892296582727539e+12
2.090000000000000000e+03 4.793197292163522461e+12
2.095000000000000000e+03 4.819525239508106445e+12
2.100000000000000000e+03 4.843793646237155273e+12
2.105000000000000000e+03 4.865920914854498047e+12
2.110000000000000000e+03 4.885826597000357422e+12
2.115000000000000000e+03 4.903431659207669922e+12
2.120000000000000000e+03 4.918658759826156250e+12
2.125000000000000000e+03 4.931432536691032227e+12
2.130000000000000000e+03 4.941679905018733398e+12
2.135000000000000000e+03 4.949330364909515625e+12
2.140000000000000000e+03 4.954316317733901367e+12
2.145000000000000000e+03 4.956573390564092773e+12
2.150000000000000000e+03 4.956040767694947266e+12
2.155000000000000000e+03 4.952661528174443359e+12
2.160000000000000000e+03 4.946382988132716797e+12
2.165000000000000000e+03 4.937157046561805664e+12
2.170000000000000000e+03 4.924940533059457031e+12
2.175000000000000000e+03 4.909695555898671875e+12
2.180000000000000000e+03 4.891389848637594727e+12
2.185000000000000000e+03 4.869997113325194336e+12
2.190000000000000000e+03 4.845497358201309570e+12
2.195000000000000000e+03 4.817877227626974609e+12
2.200000000000000000e+03 4.787130321819531250e+12
2.205000000000000000e+03 4.753257503806055664e+12
2.210000000000000000e+03 4.716267190849474609e+12
2.215000000000000000e+03 4.676175627448393555e+12
2.220000000000000000e+03 4.633007136865662109e+12
2.225000000000000000e+03 4.586794348006674805e+12
2.230000000000000000e+03 4.537578394345800781e+12
2.235000000000000000e+03 4.485409081500987305e+12
2.240000000000000000e+03 4.430345019973411133e+12
2.245000000000000000e+03 4.372453719521976074e+12
2.250000000000000000e+03 4.311811641622717285e+12
2.255000000000000000e+03 4.248504206486851074e+12
2.260000000000000000e+03 4.182625751177231445e+12
2.265000000000000000e+03 4.114279435482897461e+12
2.270000000000000000e+03 4.043577092388677246e+12
2.275000000000000000e+03 3.970639020216866211e+12
2.280000000000000000e+03 3.895593713831409668e+12
2.285000000000000000e+03 3.818577532680895508e+12
2.290000000000000000e+03 3.739734303923752441e+12
2.295000000000000000e+03 3.659214859429708984e+12
2.300000000000000000e+03 3.577176506087218750e+12
2.305000000000000000e+03 3.493782429567401855e+12
2.310000000000000000e+03 3.409201032497487793e+12
2.315000000000000000e+03 3.323605208880937500e+12
2.320000000000000000e+03 3.237171557552187012e+12
2.325000000000000000e+03 3.150079538467915527e+12
2.330000000000000000e+03 3.062510576696038086e+12
2.335000000000000000e+03 2.974647120050873047e+12
2.340000000000000000e+03 2.886671657420742188e+12
2.345000000000000000e+03 2.798765705914018066e+12
2.350000000000000000e+03 2.711108775990941406e+12
2.355000000000000000e+03 2.623877324714354980e+12
2.360000000000000000e+03 2.537243708121766602e+12
2.365000000000000000e+03 2.451375144453571289e+12
2.370000000000000000e+03 2.366432700543553711e+12
2.375000000000000000e+03 2.282570314053272949e+12
2.380000000000000000e+03 2.199933864387937500e+12
2.385000000000000000e+03 2.118660305043325684e+12
2.390000000000000000e+03 2.038876869782093506e+12
2.395000000000000000e+03 1.960700364415539307e+12
2.400000000000000000e+03 1.884236555065337646e+12
2.405000000000000000e+03 1.809579662606947754e+12
2.410000000000000000e+03 1.736811971563801514e+12
2.415000000000000000e+03 1.666003560052747803e+12
2.420000000000000000e+03 1.597212155506670898e+12
2.425000000000000000e+03 1.530483118860619385e+12
2.430000000000000000e+03 1.465849557730974121e+12
2.435000000000000000e+03 1.403332566892312500e+12
2.440000000000000000e+03 1.342941592126544922e+12
2.445000000000000000e+03 1.284674911336340088e+12
2.450000000000000000e+03 1.228520224743434082e+12
2.455000000000000000e+03 1.174455344086089355e+12
2.460000000000000000e+03 1.122448969040621826e+12
2.465000000000000000e+03 1.072461537665635376e+12
2.470000000000000000e+03 1.024446136540838501e+12
2.475000000000000000e+03 9.783494554705662842e+11
2.480000000000000000e+03 9.341127711643200684e+11
2.485000000000000000e+03 8.916729441949019775e+11
2.490000000000000000e+03 8.509634137649577637e+11
2.495000000000000000e+03 8.119151753674273682e+11
2.500000000000000000e+03 7.744577272782401123e+11
2.505000000000000000e+03 7.385199729357541504e+11
2.510000000000000000e+03 7.040310676011756592e+11
2.515000000000000000e+03 6.709211992102644043e+11
2.520000000000000000e+03 6.391222949723632812e+11
2.525000000000000000e+03 6.085686469991862793e+11
2.530000000000000000e+03 5.791974520062310791e+11
2.535000000000000000e+03 5.509492618799633789e+11
2.540000000000000000e+03 5.237683436060133667e+11
2.545000000000000000e+03 4.976029486722225952e+11
2.550000000000000000e+03 4.724054935714613037e+11
2.555000000000000000e+03 4.481326544086130371e+11
2.560000000000000000e+03 4.247453798524879761e+11
2.565000000000000000e+03 4.022088277574578247e+11
2.570000000000000000e+03 3.804922317070070801e+11
2.575000000000000000e+03 3.595687045043685913e+11
2.580000000000000000e+03 3.394149862562017212e+11
2.585000000000000000e+03 3.200111451692165527e+11
2.590000000000000000e+03 3.013402395133813477e+11
2.595000000000000000e+03 2.833879494034757690e+11
2.600000000000000000e+03 2.661421871192514648e+11
2.605000000000000000e+03 2.495926946270162659e+11
2.610000000000000000e+03 2.337306367843758240e+11
2.615000000000000000e+03 2.185481984087875366e+11
2.620000000000000000e+03 2.040381929690419617e+11
2.625000000000000000e+03 1.901936901219395142e+11
2.630000000000000000e+03 1.770076686648749390e+11
2.635000000000000000e+03 1.644727007171505432e+11
2.640000000000000000e+03 1.525806720854509277e+11
2.645000000000000000e+03 1.413225428254771118e+11
2.650000000000000000e+03 1.306881509974742432e+11
2.655000000000000000e+03 1.206660615495534821e+11
2.660000000000000000e+03 1.112434611721456604e+11
2.665000000000000000e+03 1.024060988771808777e+11
2.670000000000000000e+03 9.413827099586369324e+10
2.675000000000000000e+03 8.642284828819317627e+10
2.680000000000000000e+03 7.924134194602856445e+10
2.685000000000000000e+03 7.257400447530484009e+10
2.690000000000000000e+03 6.639996078665751648e+10
2.695000000000000000e+03 6.069736432441918945e+10
2.700000000000000000e+03 5.544357273519009399e+10
2.705000000000000000e+03 5.061533742363748169e+10
2.710000000000000000e+03 4.618900136369923401e+10
2.715000000000000000e+03 4.214069971999933624e+10
2.720000000000000000e+03 3.844655817096821594e+10
2.725000000000000000e+03 3.508288429323467255e+10
2.730000000000000000e+03 3.202634793948838806e+10
2.735000000000000000e+03 2.925414719338088989e+10
2.740000000000000000e+03 2.674415718521291733e+10
2.745000000000000000e+03 2.447505977267455292e+10
2.750000000000000000e+03 2.242645280359019852e+10
2.755000000000000000e+03 2.057893835897019958e+10
2.760000000000000000e+03 1.891419000231705093e+10
2.765000000000000000e+03 1.741499961916263199e+10
2.770000000000000000e+03 1.606530490678509331e+10
2.775000000000000000e+03 1.485019896089740181e+10
2.780000000000000000e+03 1.375592369964677620e+10
2.785000000000000000e+03 1.276984906949946213e+10
2.790000000000000000e+03 1.188044009371606445e+10
2.795000000000000000e+03 1.107721386327100945e+10
2.800000000000000000e+03 1.035068853900263023e+10
2.805000000000000000e+03 9.692326346101228714e+09
2.810000000000000000e+03 9.094472407402259827e+09
2.815000000000000000e+03 8.550291093680745125e+09
2.820000000000000000e+03 8.053701377349292755e+09
2.825000000000000000e+03 7.599312471625127792e+09
2.830000000000000000e+03 7.182360829046947479e+09
2.835000000000000000e+03 6.798649369477589607e+09
2.840000000000000000e+03 6.444489613700549126e+09
2.845000000000000000e+03 6.116647219399423599e+09
2.850000000000000000e+03 5.812291255299239159e+09
2.855000000000000000e+03 5.528947408171433449e+09
2.860000000000000000e+03 5.264455196951379776e+09
2.865000000000000000e+03 5.016929168484195709e+09
2.870000000000000000e+03 4.784723969673200607e+09
2.875000000000000000e+03 4.566403128987770081e+09
2.880000000000000000e+03 4.360711335555662155e+09
2.885000000000000000e+03 4.166549973605289459e+09
2.890000000000000000e+03 3.982955651920625210e+09
2.895000000000000000e+03 3.809081460576848030e+09
2.900000000000000000e+03 3.644180687863248825e+09
2.905000000000000000e+03 3.487592737389690399e+09
2.910000000000000000e+03 3.338730997618238926e+09
2.915000000000000000e+03 3.197072431256622314e+09
2.920000000000000000e+03 3.062148670015552998e+09
2.925000000000000000e+03 2.933538418398802280e+09
2.930000000000000000e+03 2.810860989672661304e+09
2.935000000000000000e+03 2.693770815936926365e+09
2.940000000000000000e+03 2.581952792118644714e+09
2.945000000000000000e+03 2.475118331084552765e+09
2.950000000000000000e+03 2.373002022602634907e+09
2.955000000000000000e+03 2.275358803338990211e+09
2.960000000000000000e+03 2.181961557893685818e+09
2.965000000000000000e+03 2.092599082701860428e+09
2.970000000000000000e+03 2.007074354291742802e+09
2.975000000000000000e+03 1.925203052937878132e+09
2.980000000000000000e+03 1.846812299972793579e+09
2.985000000000000000e+03 1.771739573964470387e+09
2.990000000000000000e+03 1.699831776256494522e+09
2.995000000000000000e+03 1.630944421607840776e+09
3.000000000000000000e+03 1.564940933607780695e+09
3.005000000000000000e+03 1.501692027855563879e+09
3.010000000000000000e+03 1.441075169000066519e+09
3.015000000000000000e+03 1.382974090021357536e+09
3.020000000000000000e+03 1.327278364169610977e+09
3.025000000000000000e+03 1.273883021506673098e+09
3.030000000000000000e+03 1.222688203524163246e+09
3.035000000000000000e+03 1.173598850403272629e+09
3.040000000000000000e+03 1.126524416433500528e+09
3.045000000000000000e+03 1.081378609718076706e+09
3.050000000000000000e+03 1.038079153111510038e+09
3.055000000000000000e+03 9.965475638457983732e+08
3.060000000000000000e+03 9.567089495856605768e+08
3.065000000000000000e+03 9.184918191404441595e+08
3.070000000000000000e+03 8.818279059740289450e+08
3.075000000000000000e+03 8.466520036935197115e+08
3.080000000000000000e+03 8.129018119324775934e+08
3.085000000000000000e+03 7.805177919206190109e+08
3.090000000000000000e+03 7.494430308042984009e+08
3.095000000000000000e+03 7.196231139801518917e+08
3.100000000000000000e+03 6.910060047865105867e+08
3.105000000000000000e+03 6.635419310769573450e+08
3.110000000000000000e+03 6.371832779352509975e+08
3.115000000000000000e+03 6.118844863929024935e+08
3.120000000000000000e+03 5.876019574797648191e+08
3.125000000000000000e+03 5.642939614569413662e+08
3.130000000000000000e+03 5.419205517502827644e+08
3.135000000000000000e+03 5.204434833074479103e+08
3.140000000000000000e+03 4.998261352073804736e+08
3.145000000000000000e+03 4.800334371684488654e+08
3.150000000000000000e+03 4.610317996888828278e+08
3.155000000000000000e+03 4.427890476723349690e+08
3.160000000000000000e+03 4.252743573606233597e+08
3.165000000000000000e+03 4.084581963679454923e+08
3.170000000000000000e+03 3.923122665741674304e+08
3.175000000000000000e+03 3.768094497056896091e+08
3.180000000000000000e+03 3.619237556815617681e+08
3.185000000000000000e+03 3.476302733186039329e+08
3.190000000000000000e+03 3.339051233288458586e+08
3.195000000000000000e+03 3.207254136292467713e+08
3.200000000000000000e+03 3.080691966262894869e+08
3.205000000000000000e+03 2.959154286532498002e+08
3.210000000000000000e+03 2.842439311507143378e+08
3.215000000000000000e+03 2.730353535586403012e+08
3.220000000000000000e+03 2.622711380121832788e+08
3.225000000000000000e+03 2.519334857028719783e+08
3.230000000000000000e+03 2.420053246419585347e+08
3.235000000000000000e+03 2.324702790057594180e+08
3.240000000000000000e+03 2.233126397580883801e+08
3.245000000000000000e+03 2.145173365510790348e+08
3.250000000000000000e+03 2.060699109167321622e+08
3.255000000000000000e+03 1.979564906326857507e+08
3.260000000000000000e+03 1.901637652743405402e+08
3.265000000000000000e+03 1.826789628728722632e+08
3.270000000000000000e+03 1.754898274507444799e+08
3.275000000000000000e+03 1.685845976506738663e+08
3.280000000000000000e+03 1.619519863010276854e+08
3.285000000000000000e+03 1.555811608153744638e+08
3.290000000000000000e+03 1.494617244119060636e+08
3.295000000000000000e+03 1.435836981719476581e+08
3.300000000000000000e+03 1.379375039247272611e+08
3.305000000000000000e+03 1.325139478334758729e+08
3.310000000000000000e+03 1.273042047368021160e+08
3.315000000000000000e+03 1.222998031837882251e+08
3.320000000000000000e+03 1.174926111534616947e+08
3.325000000000000000e+03 1.128748222226717174e+08
3.330000000000000000e+03 1.084389426249853522e+08
3.335000000000000000e+03 1.041777787975051850e+08
3.340000000000000000e+03 1.000844256963726878e+08
3.345000000000000000e+03 9.615225578166013956e+07
3.350000000000000000e+03 9.237490883453078568e+07
3.355000000000000000e+03 8.874628270733277500e+07
3.360000000000000000e+03 8.526052513703043759e+07
3.365000000000000000e+03 8.191202722657671571e+07
3.370000000000000000e+03 7.869541909283037484e+07
3.375000000000000000e+03 7.560556872092813253e+07
3.380000000000000000e+03 7.263758570035673678e+07
3.385000000000000000e+03 6.978683258894260228e+07
3.390000000000000000e+03 6.704894869976793975e+07
3.395000000000000000e+03 6.441989419112874568e+07
3.400000000000000000e+03 6.189602800525484234e+07
3.405000000000000000e+03 5.947424278805290163e+07
3.410000000000000000e+03 5.715219785560997576e+07
3.415000000000000000e+03 5.492872091214644164e+07
3.420000000000000000e+03 5.280450398364361376e+07
3.425000000000000000e+03 5.078331280567452312e+07
3.430000000000000000e+03 4.887409140683101863e+07
3.435000000000000000e+03 4.709461191706608981e+07
3.440000000000000000e+03 4.547772815911526978e+07
3.445000000000000000e+03 4.408181304748426378e+07
3.450000000000000000e+03 4.300730010099902749e+07
3.455000000000000000e+03 4.242030781572706997e+07
3.460000000000000000e+03 4.257895709708631784e+07
3.465000000000000000e+03 4.384088417226950079e+07
3.470000000000000000e+03 4.658891663074842840e+07
3.475000000000000000e+03 5.093730747807481885e+07
3.480000000000000000e+03 5.601782293863816559e+07
3.485000000000000000e+03 5.881837184774249047e+07
3.490000000000000000e+03 5.346163748638814688e+07
3.495000000000000000e+03 3.357725636047483236e+07
