1.000000000000000000e+00 3.135891938137495664e-03
2.000000000000000000e+00 6.271668121797820301e-03
3.000000000000000000e+00 9.407212062915027220e-03
4.000000000000000000e+00 1.254240602724323271e-02
5.000000000000000000e+00 1.567713022647650514e-02
6.000000000000000000e+00 1.881126223830124553e-02
7.000000000000000000e+00 2.194467633753995756e-02
8.000000000000000000e+00 2.507724291449010823e-02
9.000000000000000000e+00 2.820882765722840940e-02
1.000000000000000000e+01 3.133929116163584883e-02
1.100000000000000000e+01 3.446848821414926628e-02
1.200000000000000000e+01 3.759626713146882460e-02
1.300000000000000000e+01 4.072246930676790694e-02
1.400000000000000000e+01 4.384692861003021414e-02
1.500000000000000000e+01 4.696947081480366826e-02
1.600000000000000000e+01 5.008991309131607950e-02
1.700000000000000000e+01 5.320806350780058619e-02
1.800000000000000000e+01 5.632372061138055802e-02
1.900000000000000000e+01 5.943667287434796498e-02
2.000000000000000000e+01 6.254669837309365099e-02
2.100000000000000000e+01 6.565356432706524747e-02
2.200000000000000000e+01 6.875702676497853771e-02
2.300000000000000000e+01 7.185683017381518101e-02
2.400000000000000000e+01 7.495270720488669824e-02
2.500000000000000000e+01 7.804437841380407193e-02
2.600000000000000000e+01 8.113155195881847914e-02
2.700000000000000000e+01 8.421392351229922690e-02
2.800000000000000000e+01 8.729117600689347001e-02
2.900000000000000000e+01 9.036297948224222831e-02
3.000000000000000000e+01 9.342899114132041660e-02
3.100000000000000000e+01 9.648885508723917259e-02
3.200000000000000000e+01 9.954220247530350119e-02
3.300000000000000000e+01 1.025886515410537742e-01
3.400000000000000000e+01 1.056278074639845493e-01
3.500000000000000000e+01 1.086592627565096253e-01
3.600000000000000000e+01 1.116825972609044454e-01
3.700000000000000000e+01 1.146973782651051071e-01
3.800000000000000000e+01 1.177031609963741232e-01
3.900000000000000000e+01 1.206994885604951578e-01
4.000000000000000000e+01 1.236858925839727091e-01
4.100000000000000000e+01 1.266618933863445096e-01
4.200000000000000000e+01 1.296270003906060952e-01
4.300000000000000000e+01 1.325807126378332756e-01
4.400000000000000000e+01 1.355225193225482738e-01
4.500000000000000000e+01 1.384519001239523095e-01
4.600000000000000000e+01 1.413683260031255162e-01
4.700000000000000000e+01 1.442712597521985940e-01
4.800000000000000000e+01 1.471601564927108308e-01
4.900000000000000000e+01 1.500344645837356494e-01
5.000000000000000000e+01 1.528936263015646668e-01
5.100000000000000000e+01 1.557370784191259572e-01
5.200000000000000000e+01 1.585642533175678770e-01
5.300000000000000000e+01 1.613745796030564283e-01
5.400000000000000000e+01 1.641674829960477477e-01
5.500000000000000000e+01 1.669423872977888190e-01
5.600000000000000000e+01 1.696987153648347457e-01
5.700000000000000000e+01 1.724358899022110925e-01
5.800000000000000000e+01 1.751533346172241823e-01
5.900000000000000000e+01 1.778504751721121102e-01
6.000000000000000000e+01 1.805267401214338541e-01
6.100000000000000000e+01 1.831815621871054900e-01
6.200000000000000000e+01 1.858143790674953166e-01
6.300000000000000000e+01 1.884246347569002722e-01
6.400000000000000000e+01 1.910117804812223041e-01
6.500000000000000000e+01 1.935752758874586810e-01
6.600000000000000000e+01 1.961145901857385687e-01
6.700000000000000000e+01 1.986292031734811225e-01
6.800000000000000000e+01 2.011186064867603596e-01
6.900000000000000000e+01 2.035823046875629982e-01
7.000000000000000000e+01 2.060198163220600676e-01
7.100000000000000000e+01 2.084306751783600309e-01
7.200000000000000000e+01 2.108144312413030852e-01
7.300000000000000000e+01 2.131706520518466819e-01
7.400000000000000000e+01 2.154989234083091731e-01
7.500000000000000000e+01 2.177988509296479858e-01
7.600000000000000000e+01 2.200700606846199558e-01
7.700000000000000000e+01 2.223122004772520866e-01
7.800000000000000000e+01 2.245249408155862159e-01
7.900000000000000000e+01 2.267079758495502417e-01
8.000000000000000000e+01 2.288610244277194394e-01
8.100000000000000000e+01 2.309838308843744914e-01
8.200000000000000000e+01 2.330761661144324370e-01
8.300000000000000000e+01 2.351378282775923867e-01
8.400000000000000000e+01 2.371686437394305291e-01
8.500000000000000000e+01 2.391684677406294146e-01
8.600000000000000000e+01 2.411371852373027092e-01
8.700000000000000000e+01 2.430747116110283657e-01
8.800000000000000000e+01 2.449809931626265591e-01
8.900000000000000000e+01 2.468560078732748575e-01
9.000000000000000000e+01 2.486997659010448947e-01
9.100000000000000000e+01 2.505123100549953019e-01
9.200000000000000000e+01 2.522937163746017952e-01
9.300000000000000000e+01 2.540440942509464284e-01
9.400000000000000000e+01 2.557635870552360524e-01
9.500000000000000000e+01 2.574523723698660116e-01
9.600000000000000000e+01 2.591106619513028897e-01
9.700000000000000000e+01 2.607387023587506847e-01
9.800000000000000000e+01 2.623367746023157476e-01
9.900000000000000000e+01 2.639051946550987626e-01
1.000000000000000000e+02 2.654443129666783641e-01
1.010000000000000000e+02 2.669545149172612430e-01
1.020000000000000000e+02 2.684362202999285296e-01
1.030000000000000000e+02 2.698898833881910320e-01
1.040000000000000000e+02 2.713159926384542397e-01
1.050000000000000000e+02 2.727150703444294333e-01
1.060000000000000000e+02 2.740876725528734181e-01
1.070000000000000000e+02 2.754343882735410531e-01
1.080000000000000000e+02 2.767558395161545115e-01
1.090000000000000000e+02 2.780526804148373832e-01
1.100000000000000000e+02 2.793255968968028635e-01
1.110000000000000000e+02 2.805753061079411248e-01
1.120000000000000000e+02 2.818025556644094820e-01
1.130000000000000000e+02 2.830081231825837818e-01
1.140000000000000000e+02 2.841928152522054662e-01
1.150000000000000000e+02 2.853574670819388759e-01
1.160000000000000000e+02 2.865029414458061252e-01
1.170000000000000000e+02 2.876301279372772135e-01
1.180000000000000000e+02 2.887399420494623503e-01
1.190000000000000000e+02 2.898333245114965151e-01
1.200000000000000000e+02 2.909112400942729382e-01
1.210000000000000000e+02 2.919746768577710094e-01
1.220000000000000000e+02 2.930246451810911701e-01
1.230000000000000000e+02 2.940621766614162080e-01
1.240000000000000000e+02 2.950883232549634250e-01
1.250000000000000000e+02 2.961041562600941757e-01
1.260000000000000000e+02 2.971107651368554148e-01
1.270000000000000000e+02 2.981092566813546840e-01
1.280000000000000000e+02 2.991007538774921870e-01
1.290000000000000000e+02 3.000863948420461891e-01
1.300000000000000000e+02 3.010673317473207544e-01
1.310000000000000000e+02 3.020447299395460083e-01
1.320000000000000000e+02 3.030197667360389202e-01
1.330000000000000000e+02 3.039936303800798156e-01
1.340000000000000000e+02 3.049675191450046952e-01
1.350000000000000000e+02 3.059426401499616976e-01
1.360000000000000000e+02 3.069202084987888712e-01
1.370000000000000000e+02 3.079014461020339044e-01
1.380000000000000000e+02 3.088875809218052382e-01
1.390000000000000000e+02 3.098798458697243352e-01
1.400000000000000000e+02 3.108794777970516066e-01
1.410000000000000000e+02 3.118877167041439469e-01
1.420000000000000000e+02 3.129058048368466016e-01
1.430000000000000000e+02 3.139349857558387247e-01
1.440000000000000000e+02 3.149765034209214276e-01
1.450000000000000000e+02 3.160316015745635032e-01
1.460000000000000000e+02 3.171015227188137553e-01
1.470000000000000000e+02 3.181875075325349966e-01
1.480000000000000000e+02 3.192907940263428057e-01
1.490000000000000000e+02 3.204126168510210704e-01
1.500000000000000000e+02 3.215542067595015263e-01
1.510000000000000000e+02 3.227167898093351583e-01
1.520000000000000000e+02 3.239015868283687261e-01
1.530000000000000000e+02 3.251098128678633903e-01
1.540000000000000000e+02 3.263426766084360220e-01
1.550000000000000000e+02 3.276013800027959277e-01
1.560000000000000000e+02 3.288871176794160300e-01
1.570000000000000000e+02 3.302010765419651772e-01
1.580000000000000000e+02 3.315444354482415257e-01
1.590000000000000000e+02 3.329183648136515017e-01
1.600000000000000000e+02 3.343240262659388229e-01
1.610000000000000000e+02 3.357625724906800890e-01
1.620000000000000000e+02 3.372351467923108692e-01
1.630000000000000000e+02 3.387428830780249700e-01
1.640000000000000000e+02 3.402869056267706638e-01
1.650000000000000000e+02 3.418683287940139648e-01
1.660000000000000000e+02 3.434882571730590306e-01
1.670000000000000000e+02 3.451477853085299086e-01
1.680000000000000000e+02 3.468479978399338082e-01
1.690000000000000000e+02 3.485899692913944636e-01
1.700000000000000000e+02 3.503747642377896820e-01
1.710000000000000000e+02 3.522034373385426465e-01
1.720000000000000000e+02 3.540770334394251484e-01
1.730000000000000000e+02 3.559965875804120827e-01
1.740000000000000000e+02 3.579631252786425466e-01
1.750000000000000000e+02 3.599776626930271672e-01
1.760000000000000000e+02 3.620412066190948908e-01
1.770000000000000000e+02 3.641547549765308256e-01
1.780000000000000000e+02 3.663192969976294400e-01
1.790000000000000000e+02 3.685358132875112824e-01
1.800000000000000000e+02 3.708052763956806719e-01
1.810000000000000000e+02 3.731286510324498540e-01
1.820000000000000000e+02 3.755068943406101312e-01
1.830000000000000000e+02 3.779409563604521072e-01
1.840000000000000000e+02 3.804317802947040361e-01
1.850000000000000000e+02 3.829803031088068188e-01
1.860000000000000000e+02 3.855874556502137951e-01
1.870000000000000000e+02 3.882541633836085748e-01
1.880000000000000000e+02 3.909813466347562549e-01
1.890000000000000000e+02 3.937699211701054525e-01
1.900000000000000000e+02 3.966207985667929425e-01
1.910000000000000000e+02 3.995348868829747269e-01
1.920000000000000000e+02 4.025130909497741105e-01
1.930000000000000000e+02 4.055563130197248345e-01
1.940000000000000000e+02 4.086654533301276038e-01
1.950000000000000000e+02 4.118414105352982135e-01
1.960000000000000000e+02 4.150850823674480661e-01
1.970000000000000000e+02 4.183973660208169520e-01
1.980000000000000000e+02 4.217791589976250810e-01
1.990000000000000000e+02 4.252313594704500432e-01
2.000000000000000000e+02 4.287548669187579709e-01
2.010000000000000000e+02 4.323505827436002202e-01
2.020000000000000000e+02 4.360194109541603580e-01
2.030000000000000000e+02 4.397622584974192339e-01
2.040000000000000000e+02 4.435800363140662284e-01
2.050000000000000000e+02 4.474736595248736681e-01
2.060000000000000000e+02 4.514440482694040968e-01
2.070000000000000000e+02 4.554921284213138688e-01
2.080000000000000000e+02 4.596188320072180367e-01
2.090000000000000000e+02 4.638250979947551866e-01
2.100000000000000000e+02 4.681118728750656710e-01
2.110000000000000000e+02 4.724801113978752687e-01
2.120000000000000000e+02 4.769307771091504389e-01
2.130000000000000000e+02 4.814648430290301984e-01
2.140000000000000000e+02 4.860832925026348228e-01
2.150000000000000000e+02 4.907871195022776023e-01
2.160000000000000000e+02 4.955773296305709397e-01
2.170000000000000000e+02 5.004549406264600098e-01
2.180000000000000000e+02 5.054209831044567114e-01
2.190000000000000000e+02 5.104765011042705636e-01
2.200000000000000000e+02 5.156225529708322597e-01
2.210000000000000000e+02 5.208602118981172646e-01
2.220000000000000000e+02 5.261905665933898080e-01
2.230000000000000000e+02 5.316147221158878944e-01
2.240000000000000000e+02 5.371338003771899405e-01
2.250000000000000000e+02 5.427489409585040114e-01
2.260000000000000000e+02 5.484613017830026749e-01
2.270000000000000000e+02 5.542720598361547957e-01
2.280000000000000000e+02 5.601824117602640651e-01
2.290000000000000000e+02 5.661935746471734587e-01
2.300000000000000000e+02 5.723067868221950460e-01
2.310000000000000000e+02 5.785233083562297818e-01
2.320000000000000000e+02 5.848444218689388130e-01
2.330000000000000000e+02 5.912714333962538760e-01
2.340000000000000000e+02 5.978056727833533923e-01
2.350000000000000000e+02 6.044484947270940545e-01
2.360000000000000000e+02 6.112012792816516882e-01
2.370000000000000000e+02 6.180654326517018848e-01
2.380000000000000000e+02 6.250423879985821385e-01
2.390000000000000000e+02 6.321336058996636087e-01
2.400000000000000000e+02 6.393405755951676595e-01
2.410000000000000000e+02 6.466648150730189837e-01
2.420000000000000000e+02 6.541078722558369973e-01
2.430000000000000000e+02 6.616713256644576324e-01
2.440000000000000000e+02 6.693567850373539629e-01
2.450000000000000000e+02 6.771658921138805631e-01
2.460000000000000000e+02 6.851003214300812605e-01
2.470000000000000000e+02 6.931617811234919158e-01
2.480000000000000000e+02 7.013520133166669668e-01
2.490000000000000000e+02 7.096727955072490435e-01
2.500000000000000000e+02 7.181259406102512566e-01
2.510000000000000000e+02 7.267132982799177077e-01
2.520000000000000000e+02 7.354367552527597551e-01
2.530000000000000000e+02 7.442982364354422398e-01
2.540000000000000000e+02 7.532997053674009846e-01
2.550000000000000000e+02 7.624431651799681298e-01
2.560000000000000000e+02 7.717306592460223547e-01
2.570000000000000000e+02 7.811642719576994409e-01
2.580000000000000000e+02 7.907461295588316119e-01
2.590000000000000000e+02 8.004784007406589019e-01
2.600000000000000000e+02 8.103632976037133950e-01
2.610000000000000000e+02 8.204030761431744256e-01
2.620000000000000000e+02 8.306000373863194897e-01
2.630000000000000000e+02 8.409565277338915124e-01
2.640000000000000000e+02 8.514749400318405437e-01
2.650000000000000000e+02 8.621577140828605712e-01
2.660000000000000000e+02 8.730073377221120312e-01
2.670000000000000000e+02 8.840263471381315519e-01
2.680000000000000000e+02 8.952173279982127418e-01
2.690000000000000000e+02 9.065829160210231441e-01
2.700000000000000000e+02 9.181257977363164180e-01
2.710000000000000000e+02 9.298487112530978704e-01
2.720000000000000000e+02 9.417544470006605772e-01
2.730000000000000000e+02 9.538458484818216343e-01
2.740000000000000000e+02 9.661258129062444411e-01
2.750000000000000000e+02 9.785972921673886660e-01
2.760000000000000000e+02 9.912632931940510428e-01
2.770000000000000000e+02 1.004126879089054070e+00
2.780000000000000000e+02 1.017191169516334481e+00
2.790000000000000000e+02 1.030459341634772041e+00
2.800000000000000000e+02 1.043934630646241146e+00
2.810000000000000000e+02 1.057620330632768724e+00
2.820000000000000000e+02 1.071519795194503244e+00
2.830000000000000000e+02 1.085636438057731024e+00
2.840000000000000000e+02 1.099973733981446156e+00
2.850000000000000000e+02 1.114535219179233705e+00
2.860000000000000000e+02 1.129324492206665642e+00
2.870000000000000000e+02 1.144345214349446360e+00
2.880000000000000000e+02 1.159601110650588129e+00
2.890000000000000000e+02 1.175095970154534042e+00
2.900000000000000000e+02 1.190833646837221815e+00
2.910000000000000000e+02 1.206818060010887761e+00
2.920000000000000000e+02 1.223053195078274369e+00
2.930000000000000000e+02 1.239543104050366829e+00
2.940000000000000000e+02 1.256291906090115207e+00
2.950000000000000000e+02 1.273303788164207306e+00
2.960000000000000000e+02 1.290583005470796296e+00
2.970000000000000000e+02 1.308133882083102550e+00
2.980000000000000000e+02 1.325960811389971017e+00
2.990000000000000000e+02 1.344068256567534814e+00
3.000000000000000000e+02 1.362460751048622409e+00
3.010000000000000000e+02 1.381142899077340003e+00
3.020000000000000000e+02 1.400119375942969757e+00
3.030000000000000000e+02 1.419394928493422858e+00
3.040000000000000000e+02 1.438974375514753934e+00
3.050000000000000000e+02 1.458862607992608806e+00
3.060000000000000000e+02 1.479064589483672698e+00
3.070000000000000000e+02 1.499585356354451893e+00
3.080000000000000000e+02 1.520430018088009483e+00
3.090000000000000000e+02 1.541603757399104380e+00
3.100000000000000000e+02 1.563111830497532884e+00
3.110000000000000000e+02 1.584959567152713911e+00
3.120000000000000000e+02 1.607152370889301851e+00
3.130000000000000000e+02 1.629695718893102052e+00
3.140000000000000000e+02 1.652595162092650893e+00
3.150000000000000000e+02 1.675856325188770368e+00
3.160000000000000000e+02 1.699484906413155194e+00
3.170000000000000000e+02 1.723486677519271870e+00
3.180000000000000000e+02 1.747867483485006312e+00
3.190000000000000000e+02 1.772633242346475235e+00
3.200000000000000000e+02 1.797789944770584736e+00
3.210000000000000000e+02 1.823343653819437860e+00
3.220000000000000000e+02 1.849300504422987546e+00
3.230000000000000000e+02 1.875666702768030936e+00
3.240000000000000000e+02 1.902448526004529850e+00
3.250000000000000000e+02 1.929652321325828312e+00
3.260000000000000000e+02 1.957284505284600629e+00
3.270000000000000000e+02 1.985351563135097086e+00
3.280000000000000000e+02 2.013860047774718165e+00
3.290000000000000000e+02 2.042816578760801693e+00
3.300000000000000000e+02 2.072227841481316446e+00
3.310000000000000000e+02 2.102100585613178918e+00
3.320000000000000000e+02 2.132441624272194858e+00
3.330000000000000000e+02 2.163257832259282143e+00
3.340000000000000000e+02 2.194556145011979265e+00
3.350000000000000000e+02 2.226343556653980649e+00
3.360000000000000000e+02 2.258627118628629304e+00
3.370000000000000000e+02 2.291413937709826598e+00
3.380000000000000000e+02 2.324711174288315529e+00
3.390000000000000000e+02 2.358526040133827273e+00
3.400000000000000000e+02 2.392865796419480606e+00
3.410000000000000000e+02 2.427737751443376890e+00
3.420000000000000000e+02 2.463149258081073878e+00
3.430000000000000000e+02 2.499107711526832976e+00
3.440000000000000000e+02 2.535620546302599365e+00
3.450000000000000000e+02 2.572695233722987140e+00
3.460000000000000000e+02 2.610339278736274249e+00
3.470000000000000000e+02 2.648560217076981971e+00
3.480000000000000000e+02 2.687365611719128022e+00
3.490000000000000000e+02 2.726763049706187214e+00
3.500000000000000000e+02 2.766760138537998515e+00
3.510000000000000000e+02 2.807364502388136174e+00
3.520000000000000000e+02 2.848583778373465769e+00
3.530000000000000000e+02 2.890425612336358530e+00
3.540000000000000000e+02 2.932897654857513192e+00
3.550000000000000000e+02 2.976007556677042309e+00
3.560000000000000000e+02 3.019762964345723333e+00
3.570000000000000000e+02 3.064171515377396293e+00
3.580000000000000000e+02 3.109240833416348604e+00
3.590000000000000000e+02 3.154978523195007600e+00
3.600000000000000000e+02 3.201392165332991091e+00
3.610000000000000000e+02 3.248489310783798878e+00
3.620000000000000000e+02 3.296277475454005401e+00
3.630000000000000000e+02 3.344764134267368405e+00
3.640000000000000000e+02 3.393956715305380456e+00
3.650000000000000000e+02 3.443862593689410723e+00
3.660000000000000000e+02 3.494489085222138858e+00
3.670000000000000000e+02 3.545843440002627300e+00
3.680000000000000000e+02 3.597932835704463095e+00
3.690000000000000000e+02 3.650764370787907165e+00
3.700000000000000000e+02 3.704345057539002006e+00
3.710000000000000000e+02 3.758681814782746322e+00
3.720000000000000000e+02 3.813781460742265317e+00
3.730000000000000000e+02 3.869650705375260458e+00
3.740000000000000000e+02 3.926296142810217660e+00
3.750000000000000000e+02 3.983724243589783054e+00
3.760000000000000000e+02 4.041941346520165013e+00
3.770000000000000000e+02 4.100953650764315839e+00
3.780000000000000000e+02 4.160767207498847320e+00
3.790000000000000000e+02 4.221387911533084569e+00
3.800000000000000000e+02 4.282821492773590144e+00
3.810000000000000000e+02 4.345073507617515318e+00
3.820000000000000000e+02 4.408149330089629281e+00
3.830000000000000000e+02 4.472054143104714719e+00
3.840000000000000000e+02 4.536792929315368816e+00
3.850000000000000000e+02 4.602370462109718119e+00
3.860000000000000000e+02 4.668791296375422561e+00
3.870000000000000000e+02 4.736059759188947282e+00
3.880000000000000000e+02 4.804179940528716664e+00
3.890000000000000000e+02 4.873155683697679486e+00
3.900000000000000000e+02 4.942990575855985114e+00
3.910000000000000000e+02 5.013687938449996828e+00
3.920000000000000000e+02 5.085250817435703397e+00
3.930000000000000000e+02 5.157681973776115036e+00
3.940000000000000000e+02 5.230983873256636940e+00
3.950000000000000000e+02 5.305158677060409111e+00
3.960000000000000000e+02 5.380208231588376577e+00
3.970000000000000000e+02 5.456134058591112890e+00
3.980000000000000000e+02 5.532937345111474947e+00
3.990000000000000000e+02 5.610618933340065340e+00
4.000000000000000000e+02 5.689179310602644257e+00
4.010000000000000000e+02 5.768618598909687201e+00
4.020000000000000000e+02 5.848936544703945195e+00
4.030000000000000000e+02 5.930132508505354672e+00
4.040000000000000000e+02 6.012205454061862575e+00
4.050000000000000000e+02 6.095153937970535729e+00
4.060000000000000000e+02 6.178976098569757269e+00
4.070000000000000000e+02 6.263669644880152099e+00
4.080000000000000000e+02 6.349231845432178112e+00
4.090000000000000000e+02 6.435659516536930802e+00
4.100000000000000000e+02 6.522949010570399331e+00
4.110000000000000000e+02 6.611096203663102244e+00
4.120000000000000000e+02 6.700096483147079063e+00
4.130000000000000000e+02 6.789944734484802069e+00
4.140000000000000000e+02 6.880635327693623182e+00
4.150000000000000000e+02 6.972162103192864890e+00
4.160000000000000000e+02 7.064518357006955185e+00
4.170000000000000000e+02 7.157696825185208667e+00
4.180000000000000000e+02 7.251689667437044129e+00
4.190000000000000000e+02 7.346488449874171600e+00
4.200000000000000000e+02 7.442084126095954488e+00
4.210000000000000000e+02 7.538467019857844065e+00
4.220000000000000000e+02 7.635626800627622224e+00
4.230000000000000000e+02 7.733552465087422334e+00
4.240000000000000000e+02 7.832232311597363328e+00
4.250000000000000000e+02 7.931653915413339639e+00
4.260000000000000000e+02 8.031804101603015056e+00
4.270000000000000000e+02 8.132668916036271511e+00
4.280000000000000000e+02 8.234233594236867404e+00
4.290000000000000000e+02 8.336482527821454269e+00
4.300000000000000000e+02 8.439399228702875178e+00
4.310000000000000000e+02 8.542966290419185427e+00
4.320000000000000000e+02 8.647165346753363124e+00
4.330000000000000000e+02 8.751977027016186739e+00
4.340000000000000000e+02 8.857380908499022709e+00
4.350000000000000000e+02 8.963355465000354627e+00
4.360000000000000000e+02 9.069878011996253875e+00
4.370000000000000000e+02 9.176924647620557707e+00
4.380000000000000000e+02 9.284470189664995488e+00
4.390000000000000000e+02 9.392488108179147588e+00
4.400000000000000000e+02 9.500950453371219240e+00
4.410000000000000000e+02 9.609827778841600221e+00
4.420000000000000000e+02 9.719089059546032416e+00
4.430000000000000000e+02 9.828701604742764886e+00
4.440000000000000000e+02 9.938630965208160362e+00
4.450000000000000000e+02 1.004884083497693048e+01
4.460000000000000000e+02 1.015929294703387420e+01
4.470000000000000000e+02 1.026994696314061883e+01
4.480000000000000000e+02 1.038076035735484837e+01
4.490000000000000000e+02 1.049168829329281394e+01
4.500000000000000000e+02 1.060268349502357488e+01
4.510000000000000000e+02 1.071369611147091838e+01
4.520000000000000000e+02 1.082467357447872836e+01
4.530000000000000000e+02 1.093556045033848356e+01
4.540000000000000000e+02 1.104629828512755374e+01
4.550000000000000000e+02 1.115682544399628462e+01
4.560000000000000000e+02 1.126707694434842466e+01
4.570000000000000000e+02 1.137698428381703231e+01
4.580000000000000000e+02 1.148647526283593123e+01
4.590000000000000000e+02 1.159547380288814189e+01
4.600000000000000000e+02 1.170389976074806526e+01
4.610000000000000000e+02 1.181166873963158892e+01
4.620000000000000000e+02 1.191869189816979713e+01
4.630000000000000000e+02 1.202487575845270307e+01
4.640000000000000000e+02 1.213012201400746193e+01
4.650000000000000000e+02 1.223432733983332454e+01
4.660000000000000000e+02 1.233738320542867406e+01
4.670000000000000000e+02 1.243917569334057482e+01
4.680000000000000000e+02 1.253958532497440359e+01
4.690000000000000000e+02 1.263848689627034183e+01
4.700000000000000000e+02 1.273574932561128392e+01
4.710000000000000000e+02 1.283123551771432780e+01
4.720000000000000000e+02 1.292480224529536414e+01
4.730000000000000000e+02 1.301630005389521649e+01
4.740000000000000000e+02 1.310557319204278670e+01
4.750000000000000000e+02 1.319245957227627208e+01
4.760000000000000000e+02 1.327679076655274670e+01
4.770000000000000000e+02 1.335839204158636662e+01
4.780000000000000000e+02 1.343708243889371801e+01
4.790000000000000000e+02 1.351267490482039690e+01
4.800000000000000000e+02 1.358497647664344044e+01
4.810000000000000000e+02 1.365378853004799176e+01
4.820000000000000000e+02 1.371890709440956435e+01
4.830000000000000000e+02 1.378012324127915811e+01
4.840000000000000000e+02 1.383722355314024277e+01
4.850000000000000000e+02 1.388999067659449516e+01
4.860000000000000000e+02 1.393820396757186053e+01
4.870000000000000000e+02 1.398164023187947791e+01
4.880000000000000000e+02 1.402007456689345410e+01
4.890000000000000000e+02 1.405328130759525251e+01
4.900000000000000000e+02 1.408103508007614124e+01
4.910000000000000000e+02 1.410311196378865084e+01
4.920000000000000000e+02 1.411929076335102629e+01
4.930000000000000000e+02 1.412935438764364804e+01
4.940000000000000000e+02 1.413309133358761649e+01
4.950000000000000000e+02 1.413029726852105128e+01
4.960000000000000000e+02 1.412077670364476312e+01
4.970000000000000000e+02 1.410434474775963132e+01
4.980000000000000000e+02 1.408082892832733357e+01
4.990000000000000000e+02 1.405007106359350821e+01
5.000000000000000000e+02 1.401192916699226743e+01
5.010000000000000000e+02 1.396627936173440609e+01
5.020000000000000000e+02 1.391301778130630851e+01
5.030000000000000000e+02 1.385206242818940581e+01
5.040000000000000000e+02 1.378335496196283039e+01
5.050000000000000000e+02 1.370686238510318411e+01
5.060000000000000000e+02 1.362257859402702564e+01
5.070000000000000000e+02 1.353052576265851670e+01
5.080000000000000000e+02 1.343075552499186642e+01
5.090000000000000000e+02 1.332334992527223960e+01
5.100000000000000000e+02 1.320842210534450167e+01
5.110000000000000000e+02 1.308611670242421177e+01
5.120000000000000000e+02 1.295660993367585867e+01
5.130000000000000000e+02 1.282010934946654857e+01
5.140000000000000000e+02 1.267685324198918195e+01
5.150000000000000000e+02 1.252710970303315108e+01
5.160000000000000000e+02 1.237117533107628553e+01
5.170000000000000000e+02 1.220937359550126722e+01
5.180000000000000000e+02 1.204205287287242498e+01
5.190000000000000000e+02 1.186958417791997000e+01
5.200000000000000000e+02 1.169235861862593850e+01
5.210000000000000000e+02 1.151078461143229248e+01
5.220000000000000000e+02 1.132528489802141181e+01
5.230000000000000000e+02 1.113629340978003590e+01
5.240000000000000000e+02 1.094425202939495456e+01
5.250000000000000000e+02 1.074960730113399698e+01
5.260000000000000000e+02 1.055280714171425238e+01
5.270000000000000000e+02 1.035429760325794923e+01
5.280000000000000000e+02 1.015451973731270385e+01
5.290000000000000000e+02 9.953906605785688200e+00
5.300000000000000000e+02 9.752880479982069417e+00
5.310000000000000000e+02 9.551850263494330306e+00
5.320000000000000000e+02 9.351209168658380477e+00
5.330000000000000000e+02 9.151332669532493469e+00
5.340000000000000000e+02 8.952576747678167024e+00
5.350000000000000000e+02 8.755276440237704350e+00
5.360000000000000000e+02 8.559744692837940150e+00
5.370000000000000000e+02 8.366271514424223454e+00
5.380000000000000000e+02 8.175123424554696427e+00
5.390000000000000000e+02 7.986543179727899400e+00
5.400000000000000000e+02 7.800749760533753907e+00
5.410000000000000000e+02 7.617938598260460381e+00
5.420000000000000000e+02 7.438282017487122033e+00
5.430000000000000000e+02 7.261929868887440520e+00
5.440000000000000000e+02 7.089010326213927016e+00
5.450000000000000000e+02 6.919630820860874998e+00
5.460000000000000000e+02 6.753879087839779416e+00
5.470000000000000000e+02 6.591824298417143346e+00
5.480000000000000000e+02 6.433518255326933222e+00
5.490000000000000000e+02 6.278996628838285687e+00
5.500000000000000000e+02 6.128280213701073009e+00
5.510000000000000000e+02 5.981376188852110865e+00
5.520000000000000000e+02 5.838279364618241374e+00
5.530000000000000000e+02 5.698973403547394234e+00
5.540000000000000000e+02 5.563432003891553457e+00
5.550000000000000000e+02 5.431620036349543490e+00
5.560000000000000000e+02 5.303494626859740713e+00
5.570000000000000000e+02 5.179006179992040160e+00
5.580000000000000000e+02 5.058099338951075552e+00
5.590000000000000000e+02 4.940713879880933135e+00
5.600000000000000000e+02 4.826785539273785730e+00
5.610000000000000000e+02 4.716246774287093935e+00
5.620000000000000000e+02 4.609027456885203655e+00
5.630000000000000000e+02 4.505055503367298542e+00
5.640000000000000000e+02 4.404257441220615910e+00
5.650000000000000000e+02 4.306558916218694577e+00
5.660000000000000000e+02 4.211885142421501804e+00
5.670000000000000000e+02 4.120161298371117553e+00
5.680000000000000000e+02 4.031312872872289788e+00
5.690000000000000000e+02 3.945265963499333672e+00
5.700000000000000000e+02 3.861947531584646764e+00
5.710000000000000000e+02 3.781285616663537574e+00
5.720000000000000000e+02 3.703209513803314756e+00
5.730000000000000000e+02 3.627649917076408048e+00
5.740000000000000000e+02 3.554539031879047073e+00
5.750000000000000000e+02 3.483810659201626247e+00
5.760000000000000000e+02 3.415400254438656358e+00
5.770000000000000000e+02 3.349244963226160277e+00
5.780000000000000000e+02 3.285283636795971685e+00
5.790000000000000000e+02 3.223456828852144351e+00
5.800000000000000000e+02 3.163706776282209088e+00
5.810000000000000000e+02 3.105977365370944820e+00
5.820000000000000000e+02 3.050214085490699834e+00
5.830000000000000000e+02 2.996363971843357898e+00
5.840000000000000000e+02 2.944375538797093572e+00
5.850000000000000000e+02 2.894198705369558144e+00
5.860000000000000000e+02 2.845784714119656833e+00
5.870000000000000000e+02 2.799086044809816709e+00
5.880000000000000000e+02 2.754056324015357937e+00
5.890000000000000000e+02 2.710650231847580915e+00
5.900000000000000000e+02 2.668823406837037560e+00
5.910000000000000000e+02 2.628532350111667082e+00
5.920000000000000000e+02 2.589734329625136056e+00
5.930000000000000000e+02 2.552387285636417591e+00
5.940000000000000000e+02 2.516449738010154924e+00
5.950000000000000000e+02 2.481880696356967952e+00
5.960000000000000000e+02 2.448639573687129811e+00
5.970000000000000000e+02 2.416686104154231796e+00
5.980000000000000000e+02 2.385980265773105291e+00
5.990000000000000000e+02 2.356482208416320834e+00
6.000000000000000000e+02 2.328152187718874444e+00
6.010000000000000000e+02 2.300950505317058248e+00
6.020000000000000000e+02 2.274837455823402355e+00
6.030000000000000000e+02 2.249773280667884290e+00
6.040000000000000000e+02 2.225718129261043732e+00
6.050000000000000000e+02 2.202632027423185423e+00
6.060000000000000000e+02 2.180474853359716025e+00
6.070000000000000000e+02 2.159206320972256066e+00
6.080000000000000000e+02 2.138785970671547076e+00
6.090000000000000000e+02 2.119173167435579597e+00
6.100000000000000000e+02 2.100327105917442871e+00
6.110000000000000000e+02 2.082206822539022451e+00
6.120000000000000000e+02 2.064771214062039562e+00
6.130000000000000000e+02 2.047979062321530819e+00
6.140000000000000000e+02 2.031789065066118116e+00
6.150000000000000000e+02 2.016159871838547613e+00
6.160000000000000000e+02 2.001050125208278185e+00
6.170000000000000000e+02 1.986418506222429770e+00
6.180000000000000000e+02 1.972223783875151293e+00
6.190000000000000000e+02 1.958424868228385129e+00
6.200000000000000000e+02 1.944980866229351069e+00
6.210000000000000000e+02 1.931851140101155329e+00
6.220000000000000000e+02 1.918995367611646241e+00
6.230000000000000000e+02 1.906373603597286692e+00
6.240000000000000000e+02 1.893946342568008090e+00
6.250000000000000000e+02 1.881674581452469130e+00
6.260000000000000000e+02 1.869519882479540485e+00
6.270000000000000000e+02 1.857444435329665744e+00
6.280000000000000000e+02 1.845411118442068288e+00
6.290000000000000000e+02 1.833383558984196471e+00
6.300000000000000000e+02 1.821326191046888088e+00
6.310000000000000000e+02 1.809204311747881100e+00
6.320000000000000000e+02 1.796984135155522688e+00
6.330000000000000000e+02 1.784632843400044244e+00
6.340000000000000000e+02 1.772118635034150902e+00
6.350000000000000000e+02 1.759410770302755278e+00
6.360000000000000000e+02 1.746479613085300420e+00
6.370000000000000000e+02 1.733296669600586037e+00
6.380000000000000000e+02 1.719834623425092079e+00
6.390000000000000000e+02 1.706067367000626334e+00
6.400000000000000000e+02 1.691970029439161971e+00
6.410000000000000000e+02 1.677519000609774658e+00
6.420000000000000000e+02 1.662691951492030862e+00
6.430000000000000000e+02 1.647467850843797210e+00
6.440000000000000000e+02 1.631826978035850306e+00
6.450000000000000000e+02 1.615750932454619537e+00
6.460000000000000000e+02 1.599222639086360420e+00
6.470000000000000000e+02 1.582226350735677745e+00
6.480000000000000000e+02 1.564747646800373593e+00
6.490000000000000000e+02 1.546773428659259819e+00
6.500000000000000000e+02 1.528291912051074286e+00
6.510000000000000000e+02 1.509292616226769690e+00
6.520000000000000000e+02 1.489766350317034416e+00
6.530000000000000000e+02 1.469705196905540578e+00
6.540000000000000000e+02 1.449102493026841021e+00
6.550000000000000000e+02 1.427952808722940725e+00
6.560000000000000000e+02 1.406251923429314488e+00
6.570000000000000000e+02 1.383996800105511404e+00
6.580000000000000000e+02 1.361185557708113558e+00
6.590000000000000000e+02 1.337817441732841006e+00
6.600000000000000000e+02 1.313892793292870786e+00
6.610000000000000000e+02 1.289413016882224650e+00
6.620000000000000000e+02 1.264380546716066256e+00
6.630000000000000000e+02 1.238798812295229812e+00
6.640000000000000000e+02 1.212672202821064804e+00
6.650000000000000000e+02 1.186006030974136483e+00
6.660000000000000000e+02 1.158806496009109566e+00
6.670000000000000000e+02 1.131080646307014881e+00
6.680000000000000000e+02 1.102836341441824519e+00
6.690000000000000000e+02 1.074082213971077726e+00
6.700000000000000000e+02 1.044827630638394123e+00
6.710000000000000000e+02 1.015082653468711849e+00
6.720000000000000000e+02 9.848580002903766228e-01
6.730000000000000000e+02 9.541650048128723638e-01
6.740000000000000000e+02 9.230155762345957360e-01
6.750000000000000000e+02 8.914221578240579813e-01
6.760000000000000000e+02 8.593976848927402656e-01
6.770000000000000000e+02 8.269555412929734395e-01
6.780000000000000000e+02 7.941095146837175989e-01
6.790000000000000000e+02 7.608737501662081737e-01
6.800000000000000000e+02 7.272627022738628044e-01
6.810000000000000000e+02 6.932910854392581035e-01
6.820000000000000000e+02 6.589738234682580575e-01
6.830000000000000000e+02 6.243259989519898134e-01
6.840000000000000000e+02 5.893628045508176871e-01
6.850000000000000000e+02 5.540994988033943747e-01
6.860000000000000000e+02 5.185513707411305573e-01
6.870000000000000000e+02 4.827337188857691586e-01
6.880000000000000000e+02 4.466618516291052110e-01
6.890000000000000000e+02 4.103511175232524288e-01
6.900000000000000000e+02 3.738169739489814458e-01
6.910000000000000000e+02 3.370751014109138466e-01
6.920000000000000000e+02 3.001415672249837518e-01
6.930000000000000000e+02 2.630330352701915619e-01
6.940000000000000000e+02 2.257670084488065110e-01
6.950000000000000000e+02 1.883620780388749749e-01
6.960000000000000000e+02 1.508381413998075848e-01
6.970000000000000000e+02 1.132165409089154612e-01
6.980000000000000000e+02 7.552007701512901405e-02
6.990000000000000000e+02 3.777286109017235355e-02
