0.000000000000000000e+00 0.000000000000000000e+00
1.000000000000000000e+01 2.019641895674773306e+07
2.000000000000000000e+01 4.039881057255309820e+07
3.000000000000000000e+01 6.061315019718796015e+07
4.000000000000000000e+01 8.084541921849802136e+07
5.000000000000000000e+01 1.011016074865152240e+08
6.000000000000000000e+01 1.213877164892882854e+08
7.000000000000000000e+01 1.417097620586305559e+08
8.000000000000000000e+01 1.620737776339351535e+08
9.000000000000000000e+01 1.824858166930263042e+08
1.000000000000000000e+02 2.029519559700717926e+08
1.100000000000000000e+02 2.234782984314696789e+08
1.200000000000000000e+02 2.440709761359500587e+08
1.300000000000000000e+02 2.647361531509836018e+08
1.400000000000000000e+02 2.854800288369866610e+08
1.500000000000000000e+02 3.063088406097853780e+08
1.600000000000000000e+02 3.272288669206835628e+08
1.700000000000000000e+02 3.482464307076724768e+08
1.800000000000000000e+02 3.693679019781238437e+08
1.900000000000000000e+02 3.905997015389176011e+08
2.000000000000000000e+02 4.119483035624763370e+08
2.100000000000000000e+02 4.334202392978037596e+08
2.200000000000000000e+02 4.550220998171009421e+08
2.300000000000000000e+02 4.767605398727465868e+08
2.400000000000000000e+02 4.986422808418964744e+08
2.500000000000000000e+02 5.206741139955802560e+08
2.600000000000000000e+02 5.428629040977572203e+08
2.700000000000000000e+02 5.652155930098778009e+08
2.800000000000000000e+02 5.877392030100438595e+08
2.900000000000000000e+02 6.104408403457926512e+08
3.000000000000000000e+02 6.333276989555479288e+08
3.100000000000000000e+02 6.564070641446413994e+08
3.200000000000000000e+02 6.796863163613653183e+08
3.300000000000000000e+02 7.031729348468570709e+08
3.400000000000000000e+02 7.268745018093377352e+08
3.500000000000000000e+02 7.507987061920419931e+08
3.600000000000000000e+02 7.749533476021324396e+08
3.700000000000000000e+02 7.993463407489646673e+08
3.800000000000000000e+02 8.239857194935804605e+08
3.900000000000000000e+02 8.488796409981675148e+08
4.000000000000000000e+02 8.740363901840515137e+08
4.100000000000000000e+02 8.994643842061847448e+08
4.200000000000000000e+02 9.251721769447767735e+08
4.300000000000000000e+02 9.511684635221723318e+08
4.400000000000000000e+02 9.774620853775781393e+08
4.500000000000000000e+02 1.004062035007531524e+09
4.600000000000000000e+02 1.030977460561450362e+09
4.700000000000000000e+02 1.058217671280078173e+09
4.800000000000000000e+02 1.085792142567677259e+09
4.900000000000000000e+02 1.113710521273299932e+09
5.000000000000000000e+02 1.141982630857981920e+09
5.100000000000000000e+02 1.170618477410759449e+09
5.200000000000000000e+02 1.199628254921568155e+09
5.300000000000000000e+02 1.229022351223952055e+09
5.400000000000000000e+02 1.258811353872923136e+09
5.500000000000000000e+02 1.289006056205314398e+09
5.600000000000000000e+02 1.319617463543914080e+09
5.700000000000000000e+02 1.350656799654313803e+09
5.800000000000000000e+02 1.382135513277378559e+09
5.900000000000000000e+02 1.414065284585802794e+09
6.000000000000000000e+02 1.446458032241703033e+09
6.100000000000000000e+02 1.479325920311622858e+09
6.200000000000000000e+02 1.512681365498595953e+09
6.300000000000000000e+02 1.546537044391605377e+09
6.400000000000000000e+02 1.580905901210044384e+09
6.500000000000000000e+02 1.615801155387096643e+09
6.600000000000000000e+02 1.651236309663639784e+09
6.700000000000000000e+02 1.687225157788744450e+09
6.800000000000000000e+02 1.723781793578706503e+09
6.900000000000000000e+02 1.760920618805845261e+09
7.000000000000000000e+02 1.798656352308478832e+09
7.100000000000000000e+02 1.837004038968327999e+09
7.200000000000000000e+02 1.875979058977138281e+09
7.300000000000000000e+02 1.915597137072191954e+09
7.400000000000000000e+02 1.955874352615252018e+09
7.500000000000000000e+02 1.996827149363652468e+09
7.600000000000000000e+02 2.038472345695353031e+09
7.700000000000000000e+02 2.080827145158563375e+09
7.800000000000000000e+02 2.123909147363864660e+09
7.900000000000000000e+02 2.167736359023887634e+09
8.000000000000000000e+02 2.212327205097374439e+09
8.100000000000000000e+02 2.257700540846958637e+09
8.200000000000000000e+02 2.303875663474298477e+09
8.300000000000000000e+02 2.350872324714694023e+09
8.400000000000000000e+02 2.398710743252092838e+09
8.500000000000000000e+02 2.447411617733715534e+09
8.600000000000000000e+02 2.496996140235729694e+09
8.700000000000000000e+02 2.547486009722563267e+09
8.800000000000000000e+02 2.598903446411221504e+09
8.900000000000000000e+02 2.651271205906729698e+09
9.000000000000000000e+02 2.704612594102357864e+09
9.100000000000000000e+02 2.758951482491600037e+09
9.200000000000000000e+02 2.814312323830615997e+09
9.300000000000000000e+02 2.870720168060688019e+09
9.400000000000000000e+02 2.928200678874048233e+09
9.500000000000000000e+02 2.986780150784848690e+09
9.600000000000000000e+02 3.046485526252530575e+09
9.700000000000000000e+02 3.107344413973317146e+09
9.800000000000000000e+02 3.169385106869087696e+09
9.900000000000000000e+02 3.232636601328771591e+09
1.000000000000000000e+03 3.297128616180558205e+09
1.010000000000000000e+03 3.362891613125666618e+09
1.020000000000000000e+03 3.429956816891084194e+09
1.030000000000000000e+03 3.498356236302039623e+09
1.040000000000000000e+03 3.568122685949311733e+09
1.050000000000000000e+03 3.639289808403574944e+09
1.060000000000000000e+03 3.711892097100483894e+09
1.070000000000000000e+03 3.785964919828770161e+09
1.080000000000000000e+03 3.861544542388205051e+09
1.090000000000000000e+03 3.938668154002074242e+09
1.100000000000000000e+03 4.017373892309051514e+09
1.110000000000000000e+03 4.097700869590776443e+09
1.120000000000000000e+03 4.179689199783195019e+09
1.130000000000000000e+03 4.263380026012892246e+09
1.140000000000000000e+03 4.348815548875281334e+09
1.150000000000000000e+03 4.436039055505023003e+09
1.160000000000000000e+03 4.525094949821013451e+09
1.170000000000000000e+03 4.616028782944542885e+09
1.180000000000000000e+03 4.708887285035373688e+09
1.190000000000000000e+03 4.803718397688684464e+09
1.200000000000000000e+03 4.900571307362140656e+09
1.210000000000000000e+03 4.999496479691347122e+09
1.220000000000000000e+03 5.100545694490415573e+09
1.230000000000000000e+03 5.203772082365466118e+09
1.240000000000000000e+03 5.309230161534613609e+09
1.250000000000000000e+03 5.416975876111543655e+09
1.260000000000000000e+03 5.527066635581777573e+09
1.270000000000000000e+03 5.639561355057556152e+09
1.280000000000000000e+03 5.754520496714424133e+09
1.290000000000000000e+03 5.872006112024044037e+09
1.300000000000000000e+03 5.992081886070837021e+09
1.310000000000000000e+03 6.114813182275064468e+09
1.320000000000000000e+03 6.240267088306105614e+09
1.330000000000000000e+03 6.368512463988564491e+09
1.340000000000000000e+03 6.499619989491941452e+09
1.350000000000000000e+03 6.633662215789958000e+09
1.360000000000000000e+03 6.770713615911952972e+09
1.370000000000000000e+03 6.910850637587393761e+09
1.380000000000000000e+03 7.054151757854146957e+09
1.390000000000000000e+03 7.200697538547758102e+09
1.400000000000000000e+03 7.350570683392230988e+09
1.410000000000000000e+03 7.503856096792242050e+09
1.420000000000000000e+03 7.660640944542754173e+09
1.430000000000000000e+03 7.821014715252232552e+09
1.440000000000000000e+03 7.985069284498392105e+09
1.450000000000000000e+03 8.152898979718252182e+09
1.460000000000000000e+03 8.324600647635350227e+09
1.470000000000000000e+03 8.500273723083102226e+09
1.480000000000000000e+03 8.680020299474876404e+09
1.490000000000000000e+03 8.863945201964279175e+09
1.500000000000000000e+03 9.052156061459421158e+09
1.510000000000000000e+03 9.244763391488061905e+09
1.520000000000000000e+03 9.441880666787221909e+09
1.530000000000000000e+03 9.643624403700811386e+09
1.540000000000000000e+03 9.850114243167266846e+09
1.550000000000000000e+03 1.006147303572356224e+10
1.560000000000000000e+03 1.027782692854897308e+10
1.570000000000000000e+03 1.049930545508942986e+10
1.580000000000000000e+03 1.072604162670444298e+10
1.590000000000000000e+03 1.095817202709082031e+10
1.600000000000000000e+03 1.119583690896126366e+10
1.610000000000000000e+03 1.143918029304148674e+10
1.620000000000000000e+03 1.168835006995978165e+10
1.630000000000000000e+03 1.194349810482946777e+10
1.640000000000000000e+03 1.220478034390558052e+10
1.650000000000000000e+03 1.247235692463059807e+10
1.660000000000000000e+03 1.274639228831351089e+10
1.670000000000000000e+03 1.302705529576220703e+10
1.680000000000000000e+03 1.331451934515235138e+10
1.690000000000000000e+03 1.360896249425263214e+10
1.700000000000000000e+03 1.391056758439109802e+10
1.710000000000000000e+03 1.421952236815283585e+10
1.720000000000000000e+03 1.453601964046798325e+10
1.730000000000000000e+03 1.486025737257692146e+10
1.740000000000000000e+03 1.519243884923715019e+10
1.750000000000000000e+03 1.553277280996229935e+10
1.760000000000000000e+03 1.588147359308644295e+10
1.770000000000000000e+03 1.623876128351627922e+10
1.780000000000000000e+03 1.660486186459743309e+10
1.790000000000000000e+03 1.698000737283831787e+10
1.800000000000000000e+03 1.736443605703924942e+10
1.810000000000000000e+03 1.775839254089475250e+10
1.820000000000000000e+03 1.816212798961468124e+10
1.830000000000000000e+03 1.857590028072717667e+10
1.840000000000000000e+03 1.899997417835149002e+10
1.850000000000000000e+03 1.943462151239766312e+10
1.860000000000000000e+03 1.988012136094882584e+10
1.870000000000000000e+03 2.033676023793907547e+10
1.880000000000000000e+03 2.080483228450050735e+10
1.890000000000000000e+03 2.128463946482159424e+10
1.900000000000000000e+03 2.177649176658601379e+10
1.910000000000000000e+03 2.228070740606692123e+10
1.920000000000000000e+03 2.279761303742786026e+10
1.930000000000000000e+03 2.332754396731045532e+10
1.940000000000000000e+03 2.387084437339510345e+10
1.950000000000000000e+03 2.442786752854959488e+10
1.960000000000000000e+03 2.499897602952257919e+10
1.970000000000000000e+03 2.558454203042570877e+10
1.980000000000000000e+03 2.618494748144065857e+10
1.990000000000000000e+03 2.680058437274469757e+10
2.000000000000000000e+03 2.743185498314750671e+10
2.010000000000000000e+03 2.807917213416987228e+10
2.020000000000000000e+03 2.874295944966189575e+10
2.030000000000000000e+03 2.942365161998752594e+10
2.040000000000000000e+03 3.012169467218108368e+10
2.050000000000000000e+03 3.083754624525696564e+10
2.060000000000000000e+03 3.157167587082977676e+10
2.070000000000000000e+03 3.232456525961202240e+10
2.080000000000000000e+03 3.309670859284727478e+10
2.090000000000000000e+03 3.388861282002839661e+10
2.100000000000000000e+03 3.470079796104288483e+10
2.110000000000000000e+03 3.553379741505197906e+10
2.120000000000000000e+03 3.638815827454034424e+10
2.130000000000000000e+03 3.726444164455587006e+10
2.140000000000000000e+03 3.816322296823131561e+10
2.150000000000000000e+03 3.908509235722654724e+10
2.160000000000000000e+03 4.003065492857003021e+10
2.170000000000000000e+03 4.100053114632821655e+10
2.180000000000000000e+03 4.199535716918003082e+10
2.190000000000000000e+03 4.301578520327526093e+10
2.200000000000000000e+03 4.406248386109107971e+10
2.210000000000000000e+03 4.513613852495757294e+10
2.220000000000000000e+03 4.623745171657257843e+10
2.230000000000000000e+03 4.736714347131335449e+10
2.240000000000000000e+03 4.852595171814379120e+10
2.250000000000000000e+03 4.971463266430283356e+10
2.260000000000000000e+03 5.093396118530177307e+10
2.270000000000000000e+03 5.218473121955775452e+10
2.280000000000000000e+03 5.346775616764292908e+10
2.290000000000000000e+03 5.478386929657669830e+10
2.300000000000000000e+03 5.613392414803192139e+10
2.310000000000000000e+03 5.751879495121039581e+10
2.320000000000000000e+03 5.893937703956134033e+10
2.330000000000000000e+03 6.039658727124040985e+10
2.340000000000000000e+03 6.189136445329511261e+10
2.350000000000000000e+03 6.342466976938346863e+10
2.360000000000000000e+03 6.499748721003752899e+10
2.370000000000000000e+03 6.661082400668703461e+10
2.380000000000000000e+03 6.826571106673809052e+10
2.390000000000000000e+03 6.996320341245140076e+10
2.400000000000000000e+03 7.170438062005934143e+10
2.410000000000000000e+03 7.349034726147590637e+10
2.420000000000000000e+03 7.532223334630783081e+10
2.430000000000000000e+03 7.720119476486880493e+10
2.440000000000000000e+03 7.912841373079487610e+10
2.450000000000000000e+03 8.110509922386196899e+10
2.460000000000000000e+03 8.313248743139311218e+10
2.470000000000000000e+03 8.521184218839408875e+10
2.480000000000000000e+03 8.734445541589697266e+10
2.490000000000000000e+03 8.953164755622009277e+10
2.500000000000000000e+03 9.177476800524555969e+10
2.510000000000000000e+03 9.407519554065092468e+10
2.520000000000000000e+03 9.643433874517361450e+10
2.530000000000000000e+03 9.885363642488008118e+10
2.540000000000000000e+03 1.013345580206013794e+11
2.550000000000000000e+03 1.038786040129794006e+11
2.560000000000000000e+03 1.064873063188562927e+11
2.570000000000000000e+03 1.091622286791314087e+11
2.580000000000000000e+03 1.119049670367291870e+11
2.590000000000000000e+03 1.147171499036118774e+11
2.600000000000000000e+03 1.176004387159371185e+11
2.610000000000000000e+03 1.205565281761789703e+11
2.620000000000000000e+03 1.235871465810858307e+11
2.630000000000000000e+03 1.266940561341884308e+11
2.640000000000000000e+03 1.298790532419500885e+11
2.650000000000000000e+03 1.331439687915265656e+11
2.660000000000000000e+03 1.364906684097258606e+11
2.670000000000000000e+03 1.399210527012611084e+11
2.680000000000000000e+03 1.434370574641082458e+11
2.690000000000000000e+03 1.470406538824029846e+11
2.700000000000000000e+03 1.507338486932629700e+11
2.710000000000000000e+03 1.545186843269228516e+11
2.720000000000000000e+03 1.583972390185682373e+11
2.730000000000000000e+03 1.623716268892187500e+11
2.740000000000000000e+03 1.664439979955893250e+11
2.750000000000000000e+03 1.706165383447828979e+11
2.760000000000000000e+03 1.748914698738492126e+11
2.770000000000000000e+03 1.792710503913542175e+11
2.780000000000000000e+03 1.837575734784681091e+11
2.790000000000000000e+03 1.883533683486751404e+11
2.800000000000000000e+03 1.930607996628227234e+11
2.810000000000000000e+03 1.978822672979751892e+11
2.820000000000000000e+03 2.028202060669801331e+11
2.830000000000000000e+03 2.078770853876269836e+11
2.840000000000000000e+03 2.130554088976674805e+11
2.850000000000000000e+03 2.183577140140767517e+11
2.860000000000000000e+03 2.237865714334171753e+11
2.870000000000000000e+03 2.293445845717380066e+11
2.880000000000000000e+03 2.350343889396980896e+11
2.890000000000000000e+03 2.408586514518683167e+11
2.900000000000000000e+03 2.468200696664738159e+11
2.910000000000000000e+03 2.529213709530454407e+11
2.920000000000000000e+03 2.591653115847535706e+11
2.930000000000000000e+03 2.655546757536201782e+11
2.940000000000000000e+03 2.720922745038290405e+11
2.950000000000000000e+03 2.787809445820255127e+11
2.960000000000000000e+03 2.856235472000800781e+11
2.970000000000000000e+03 2.926229667083005371e+11
2.980000000000000000e+03 2.997821091749194946e+11
2.990000000000000000e+03 3.071039008700908203e+11
3.000000000000000000e+03 3.145912866493322754e+11
3.010000000000000000e+03 3.222472282354761963e+11
3.020000000000000000e+03 3.300747023937607422e+11
3.030000000000000000e+03 3.380766989981987915e+11
3.040000000000000000e+03 3.462562189855458984e+11
3.050000000000000000e+03 3.546162721939129028e+11
3.060000000000000000e+03 3.631598750815809326e+11
3.070000000000000000e+03 3.718900483253298950e+11
3.080000000000000000e+03 3.808098142914815063e+11
3.090000000000000000e+03 3.899221943803787842e+11
3.100000000000000000e+03 3.992302062376312256e+11
3.110000000000000000e+03 4.087368608317750244e+11
3.120000000000000000e+03 4.184451593930200806e+11
3.130000000000000000e+03 4.283580902120942383e+11
3.140000000000000000e+03 4.384786252943582764e+11
3.150000000000000000e+03 4.488097168676103516e+11
3.160000000000000000e+03 4.593542937402095337e+11
3.170000000000000000e+03 4.701152575069058228e+11
3.180000000000000000e+03 4.810954785994473877e+11
3.190000000000000000e+03 4.922977921799387207e+11
3.200000000000000000e+03 5.037249938743487549e+11
3.210000000000000000e+03 5.153798353432012939e+11
3.220000000000000000e+03 5.272650196890230713e+11
3.230000000000000000e+03 5.393831966961275024e+11
3.240000000000000000e+03 5.517369579031365967e+11
3.250000000000000000e+03 5.643288315051632080e+11
3.260000000000000000e+03 5.771612770849868164e+11
3.270000000000000000e+03 5.902366801709764404e+11
3.280000000000000000e+03 6.035573466219952393e+11
3.290000000000000000e+03 6.171254968370330811e+11
3.300000000000000000e+03 6.309432597899943848e+11
3.310000000000000000e+03 6.450126668884052734e+11
3.320000000000000000e+03 6.593356456571329346e+11
3.330000000000000000e+03 6.739140132453111572e+11
3.340000000000000000e+03 6.887494697588872070e+11
3.350000000000000000e+03 7.038435914182841797e+11
3.360000000000000000e+03 7.191978235423663330e+11
3.370000000000000000e+03 7.348134733601339111e+11
3.380000000000000000e+03 7.506917026525528564e+11
3.390000000000000000e+03 7.668335202244215088e+11
3.400000000000000000e+03 7.832397742114020996e+11
3.410000000000000000e+03 7.999111442225783691e+11
3.420000000000000000e+03 8.168481333229450684e+11
3.430000000000000000e+03 8.340510598589736328e+11
3.440000000000000000e+03 8.515200491311734619e+11
3.450000000000000000e+03 8.692550249177073975e+11
3.460000000000000000e+03 8.872557008539346924e+11
3.470000000000000000e+03 9.055215716738640137e+11
3.480000000000000000e+03 9.240519043174860840e+11
3.490000000000000000e+03 9.428457289115423584e+11
3.500000000000000000e+03 9.619018296297622070e+11
3.510000000000000000e+03 9.812187354393107910e+11
3.520000000000000000e+03 1.000794710741759766e+12
3.530000000000000000e+03 1.020627745915690186e+12
3.540000000000000000e+03 1.040715547770016846e+12
3.550000000000000000e+03 1.061055529917718628e+12
3.560000000000000000e+03 1.081644803077741333e+12
3.570000000000000000e+03 1.102480165317322998e+12
3.580000000000000000e+03 1.123558092244342529e+12
3.590000000000000000e+03 1.144874727161007080e+12
3.600000000000000000e+03 1.166425871190892578e+12
3.610000000000000000e+03 1.188206973391797607e+12
3.620000000000000000e+03 1.210213120867599365e+12
3.630000000000000000e+03 1.232439028891761475e+12
3.640000000000000000e+03 1.254879031058802979e+12
3.650000000000000000e+03 1.277527069475587402e+12
3.660000000000000000e+03 1.300376685011163574e+12
3.670000000000000000e+03 1.323421007618151123e+12
3.680000000000000000e+03 1.346652746745337402e+12
3.690000000000000000e+03 1.370064181856457764e+12
3.700000000000000000e+03 1.393647153075260742e+12
3.710000000000000000e+03 1.417393051973988770e+12
3.720000000000000000e+03 1.441292812525837402e+12
3.730000000000000000e+03 1.465336902241566895e+12
3.740000000000000000e+03 1.489515313510711670e+12
3.750000000000000000e+03 1.513817555168803223e+12
3.760000000000000000e+03 1.538232644314984863e+12
3.770000000000000000e+03 1.562749098400566406e+12
3.780000000000000000e+03 1.587354927614369629e+12
3.790000000000000000e+03 1.612037627589712158e+12
3.800000000000000000e+03 1.636784172458097412e+12
3.810000000000000000e+03 1.661581008276513916e+12
3.820000000000000000e+03 1.686414046856087158e+12
3.830000000000000000e+03 1.711268660020598877e+12
3.840000000000000000e+03 1.736129674324388672e+12
3.850000000000000000e+03 1.760981366259769287e+12
3.860000000000000000e+03 1.785807457986193848e+12
3.870000000000000000e+03 1.810591113613326172e+12
3.880000000000000000e+03 1.835314936072453369e+12
3.890000000000000000e+03 1.859960964610572510e+12
3.900000000000000000e+03 1.884510672944588623e+12
3.910000000000000000e+03 1.908944968112165527e+12
3.920000000000000000e+03 1.933244190058742188e+12
3.930000000000000000e+03 1.957388112001962158e+12
3.940000000000000000e+03 1.981355941614173584e+12
3.950000000000000000e+03 2.005126323067876221e+12
3.960000000000000000e+03 2.028677339989336670e+12
3.970000000000000000e+03 2.051986519366630615e+12
3.980000000000000000e+03 2.075030836462817627e+12
3.990000000000000000e+03 2.097786720783321777e+12
4.000000000000000000e+03 2.120230063152415283e+12
4.010000000000000000e+03 2.142336223953313965e+12
4.020000000000000000e+03 2.164080042589461426e+12
4.030000000000000000e+03 2.185435848227583984e+12
4.040000000000000000e+03 2.206377471884886230e+12
4.050000000000000000e+03 2.226878259925670898e+12
4.060000000000000000e+03 2.246911089036303711e+12
4.070000000000000000e+03 2.266448382748650391e+12
4.080000000000000000e+03 2.285462129587934570e+12
4.090000000000000000e+03 2.303923902920372559e+12
4.100000000000000000e+03 2.321804882584758789e+12
4.110000000000000000e+03 2.339075878389666992e+12
4.120000000000000000e+03 2.355707355566730469e+12
4.130000000000000000e+03 2.371669462271863770e+12
4.140000000000000000e+03 2.386932059230189941e+12
4.150000000000000000e+03 2.401464751626172852e+12
4.160000000000000000e+03 2.415236923343894043e+12
4.170000000000000000e+03 2.428217773665642090e+12
4.180000000000000000e+03 2.440376356543911133e+12
4.190000000000000000e+03 2.451681622565506836e+12
4.200000000000000000e+03 2.462102463729846680e+12
4.210000000000000000e+03 2.471607761170516113e+12
4.220000000000000000e+03 2.480166435951897949e+12
4.230000000000000000e+03 2.487747503078606445e+12
4.240000000000000000e+03 2.494320128859377441e+12
4.250000000000000000e+03 2.499853691770811523e+12
4.260000000000000000e+03 2.504317846971793945e+12
4.270000000000000000e+03 2.507682594621113770e+12
4.280000000000000000e+03 2.509918352155956543e+12
4.290000000000000000e+03 2.510996030689538574e+12
4.300000000000000000e+03 2.510887115688254395e+12
4.310000000000000000e+03 2.509563752090388184e+12
4.320000000000000000e+03 2.506998834026611328e+12
4.330000000000000000e+03 2.503166099299974609e+12
4.340000000000000000e+03 2.498040228780949707e+12
4.350000000000000000e+03 2.491596950865549316e+12
4.360000000000000000e+03 2.483813151136030273e+12
4.370000000000000000e+03 2.474666987353539062e+12
4.380000000000000000e+03 2.464138009894689941e+12
4.390000000000000000e+03 2.452207287728415039e+12
4.400000000000000000e+03 2.438857540001874512e+12
4.410000000000000000e+03 2.424073273278631836e+12
4.420000000000000000e+03 2.407840924433914551e+12
4.430000000000000000e+03 2.390149009171857422e+12
4.440000000000000000e+03 2.370988276077615723e+12
4.450000000000000000e+03 2.350351866056934082e+12
4.460000000000000000e+03 2.328235476946303711e+12
4.470000000000000000e+03 2.304637532994609375e+12
4.480000000000000000e+03 2.279559358820495117e+12
4.490000000000000000e+03 2.253005357341113770e+12
4.500000000000000000e+03 2.224983191039530762e+12
4.510000000000000000e+03 2.195503965795651123e+12
4.520000000000000000e+03 2.164582416338440674e+12
4.530000000000000000e+03 2.132237092195493896e+12
4.540000000000000000e+03 2.098490542804731201e+12
4.550000000000000000e+03 2.063369500223311523e+12
4.560000000000000000e+03 2.026905057609996826e+12
4.570000000000000000e+03 1.989132841377148193e+12
4.580000000000000000e+03 1.950093174599089111e+12
4.590000000000000000e+03 1.909831228933223389e+12
4.600000000000000000e+03 1.868397161957609375e+12
4.610000000000000000e+03 1.825846236453652832e+12
4.620000000000000000e+03 1.782238917782531250e+12
4.630000000000000000e+03 1.737640945110235352e+12
4.640000000000000000e+03 1.692123371852739746e+12
4.650000000000000000e+03 1.645762570348056396e+12
4.660000000000000000e+03 1.598640195427192871e+12
4.670000000000000000e+03 1.550843101283426270e+12
4.680000000000000000e+03 1.502463205843966797e+12
4.690000000000000000e+03 1.453597296763219971e+12
4.700000000000000000e+03 1.404346773217268311e+12
4.710000000000000000e+03 1.354817317916824951e+12
4.720000000000000000e+03 1.305118494219305664e+12
4.730000000000000000e+03 1.255363263942985352e+12
4.740000000000000000e+03 1.205667422510236328e+12
4.750000000000000000e+03 1.156148949415735107e+12
4.760000000000000000e+03 1.106927273746089844e+12
4.770000000000000000e+03 1.058122456598685059e+12
4.780000000000000000e+03 1.009854294745303589e+12
4.790000000000000000e+03 9.622413527491147461e+11
4.800000000000000000e+03 9.153999339003476562e+11
4.810000000000000000e+03 8.694430037121035156e+11
4.820000000000000000e+03 8.244790831740518799e+11
4.830000000000000000e+03 7.806111323352670898e+11
4.840000000000000000e+03 7.379354478782017822e+11
4.850000000000000000e+03 6.965406009154016113e+11
4.860000000000000000e+03 6.565064430489822998e+11
4.870000000000000000e+03 6.179032095339559326e+11
4.880000000000000000e+03 5.807907479637620850e+11
4.890000000000000000e+03 5.452178990863701782e+11
4.900000000000000000e+03 5.112220530780049438e+11
4.910000000000000000e+03 4.788288998661762085e+11
4.920000000000000000e+03 4.480523860408472290e+11
4.930000000000000000e+03 4.188948837827732544e+11
4.940000000000000000e+03 3.913475694410505981e+11
4.950000000000000000e+03 3.653910013769141846e+11
4.960000000000000000e+03 3.409958789640593872e+11
4.970000000000000000e+03 3.181239577250944214e+11
4.980000000000000000e+03 2.967290899498546753e+11
4.990000000000000000e+03 2.767583561674754028e+11
5.000000000000000000e+03 2.581532507592650452e+11
5.010000000000000000e+03 2.408508848893810425e+11
5.020000000000000000e+03 2.247851717039044495e+11
5.030000000000000000e+03 2.098879621814542236e+11
5.040000000000000000e+03 1.960901047556707153e+11
5.050000000000000000e+03 1.833224074538579102e+11
5.060000000000000000e+03 1.715164873589174194e+11
5.070000000000000000e+03 1.606054982734215088e+11
5.080000000000000000e+03 1.505247331708654175e+11
5.090000000000000000e+03 1.412121030704850159e+11
5.100000000000000000e+03 1.326084981672873993e+11
5.110000000000000000e+03 1.246580402859283447e+11
5.120000000000000000e+03 1.173082379919293060e+11
5.130000000000000000e+03 1.105100570368210144e+11
5.140000000000000000e+03 1.042179193458077698e+11
5.150000000000000000e+03 9.838964361067774963e+10
5.160000000000000000e+03 9.298633988187399292e+10
5.170000000000000000e+03 8.797226951134066772e+10
5.180000000000000000e+03 8.331468051951054382e+10
5.190000000000000000e+03 7.898362706590759277e+10
5.200000000000000000e+03 7.495178028806477356e+10
5.210000000000000000e+03 7.119423641319807434e+10
5.220000000000000000e+03 6.768832678883436584e+10
5.230000000000000000e+03 6.441343335616194916e+10
5.240000000000000000e+03 6.135081211873532867e+10
5.250000000000000000e+03 5.848342634019741821e+10
5.260000000000000000e+03 5.579579053533804321e+10
5.270000000000000000e+03 5.327382578423474884e+10
5.280000000000000000e+03 5.090472648643355560e+10
5.290000000000000000e+03 4.867683836344342041e+10
5.300000000000000000e+03 4.657954729568132782e+10
5.310000000000000000e+03 4.460317843051657867e+10
5.320000000000000000e+03 4.273890490366382599e+10
5.330000000000000000e+03 4.097866546761698151e+10
5.340000000000000000e+03 3.931509030452749634e+10
5.350000000000000000e+03 3.774143430844500732e+10
5.360000000000000000e+03 3.625151714815466309e+10
5.370000000000000000e+03 3.483966945719741058e+10
5.380000000000000000e+03 3.350068454167477417e+10
5.390000000000000000e+03 3.222977504307003784e+10
5.400000000000000000e+03 3.102253404094313431e+10
5.410000000000000000e+03 2.987490012760627747e+10
5.420000000000000000e+03 2.878312603217969894e+10
5.430000000000000000e+03 2.774375041411621857e+10
5.440000000000000000e+03 2.675357248544658279e+10
5.450000000000000000e+03 2.580962915778368378e+10
5.460000000000000000e+03 2.490917444295014572e+10
5.470000000000000000e+03 2.404966086581546021e+10
5.480000000000000000e+03 2.322872267472464371e+10
5.490000000000000000e+03 2.244416065920252609e+10
5.500000000000000000e+03 2.169392840547548676e+10
5.510000000000000000e+03 2.097611983953586578e+10
5.520000000000000000e+03 2.028895792440108109e+10
5.530000000000000000e+03 1.963078439291875458e+10
5.540000000000000000e+03 1.900005041068014145e+10
5.550000000000000000e+03 1.839530807535164261e+10
5.560000000000000000e+03 1.781520266899435043e+10
5.570000000000000000e+03 1.725846558901448441e+10
5.580000000000000000e+03 1.672390789111274529e+10
5.590000000000000000e+03 1.621041438558172035e+10
5.600000000000000000e+03 1.571693823347724724e+10
5.610000000000000000e+03 1.524249599572179413e+10
5.620000000000000000e+03 1.478616309235538101e+10
5.630000000000000000e+03 1.434706963429060745e+10
5.640000000000000000e+03 1.392439659298838806e+10
5.650000000000000000e+03 1.351737227774912453e+10
5.660000000000000000e+03 1.312526909278941345e+10
5.670000000000000000e+03 1.274740054916168213e+10
5.680000000000000000e+03 1.238311850920084953e+10
5.690000000000000000e+03 1.203181064334277916e+10
5.700000000000000000e+03 1.169289808059118271e+10
5.710000000000000000e+03 1.136583323661357689e+10
5.720000000000000000e+03 1.105009780391010857e+10
5.730000000000000000e+03 1.074520089089152145e+10
5.740000000000000000e+03 1.045067729726772499e+10
5.750000000000000000e+03 1.016608591456562042e+10
5.760000000000000000e+03 9.891008241671413422e+09
5.770000000000000000e+03 9.625047005977510452e+09
5.780000000000000000e+03 9.367824881821557999e+09
5.790000000000000000e+03 9.118983298347217560e+09
5.800000000000000000e+03 8.878181329945444107e+09
5.810000000000000000e+03 8.645094662569105148e+09
5.820000000000000000e+03 8.419414630408728600e+09
5.830000000000000000e+03 8.200847317228411674e+09
5.840000000000000000e+03 7.989112717653525352e+09
5.850000000000000000e+03 7.783943953764614105e+09
5.860000000000000000e+03 7.585086542959984779e+09
5.870000000000000000e+03 7.392297713300348282e+09
5.880000000000000000e+03 7.205345762747347832e+09
5.890000000000000000e+03 7.024009459184514999e+09
5.900000000000000000e+03 6.848077478329064369e+09
5.910000000000000000e+03 6.677347876599194527e+09
5.920000000000000000e+03 6.511627596759904861e+09
5.930000000000000000e+03 6.350732003881627083e+09
5.940000000000000000e+03 6.194484449297573090e+09
5.950000000000000000e+03 6.042715861130141258e+09
5.960000000000000000e+03 5.895264358988811493e+09
5.970000000000000000e+03 5.751974891671293259e+09
5.980000000000000000e+03 5.612698895899379730e+09
5.990000000000000000e+03 5.477293975048668861e+09
6.000000000000000000e+03 5.345623596277156830e+09
6.010000000000000000e+03 5.217556804949559212e+09
6.020000000000000000e+03 5.092967955317285538e+09
6.030000000000000000e+03 4.971736456060444832e+09
6.040000000000000000e+03 4.853746530258787155e+09
6.050000000000000000e+03 4.738886988358316422e+09
6.060000000000000000e+03 4.627051013721838951e+09
6.070000000000000000e+03 4.518135959533081055e+09
6.080000000000000000e+03 4.412043156886480331e+09
6.090000000000000000e+03 4.308677732887742043e+09
6.100000000000000000e+03 4.207948438402656078e+09
6.110000000000000000e+03 4.109767484877404690e+09
6.120000000000000000e+03 4.014050389520737648e+09
6.130000000000000000e+03 3.920715828456846714e+09
6.140000000000000000e+03 3.829685497472323895e+09
6.150000000000000000e+03 3.740883979718416691e+09
6.160000000000000000e+03 3.654238620016152382e+09
6.170000000000000000e+03 3.569679405486723423e+09
6.180000000000000000e+03 3.487138852033360958e+09
6.190000000000000000e+03 3.406551896408555508e+09
6.200000000000000000e+03 3.327855793467825890e+09
6.210000000000000000e+03 3.250990018451129436e+09
6.220000000000000000e+03 3.175896173797338486e+09
6.230000000000000000e+03 3.102517900537738323e+09
6.240000000000000000e+03 3.030800793772897243e+09
6.250000000000000000e+03 2.960692322027996540e+09
6.260000000000000000e+03 2.892141750501776218e+09
6.270000000000000000e+03 2.825100067678959370e+09
6.280000000000000000e+03 2.759519915437342644e+09
6.290000000000000000e+03 2.695355522228116035e+09
6.300000000000000000e+03 2.632562639207418919e+09
6.310000000000000000e+03 2.571098479394971371e+09
6.320000000000000000e+03 2.510921659356305122e+09
6.330000000000000000e+03 2.451992143503027439e+09
6.340000000000000000e+03 2.394271190872613430e+09
6.350000000000000000e+03 2.337721304096671104e+09
6.360000000000000000e+03 2.282306180705977917e+09
6.370000000000000000e+03 2.227990666399503231e+09
6.380000000000000000e+03 2.174740710372266769e+09
6.390000000000000000e+03 2.122523322405639410e+09
6.400000000000000000e+03 2.071306531955543518e+09
6.410000000000000000e+03 2.021059348696089506e+09
6.420000000000000000e+03 1.971751724922749043e+09
6.430000000000000000e+03 1.923354519256123066e+09
6.440000000000000000e+03 1.875839462021409035e+09
6.450000000000000000e+03 1.829179121931005955e+09
6.460000000000000000e+03 1.783346874087276697e+09
6.470000000000000000e+03 1.738316869289468050e+09
6.480000000000000000e+03 1.694064004586227179e+09
6.490000000000000000e+03 1.650563894855085135e+09
6.500000000000000000e+03 1.607792845645505428e+09
6.510000000000000000e+03 1.565727826963101149e+09
6.520000000000000000e+03 1.524346448070137739e+09
6.530000000000000000e+03 1.483626933300466537e+09
6.540000000000000000e+03 1.443548098732990265e+09
6.550000000000000000e+03 1.404089329769549131e+09
6.560000000000000000e+03 1.365230559490386248e+09
6.570000000000000000e+03 1.326952247885542154e+09
6.580000000000000000e+03 1.289235361810771227e+09
6.590000000000000000e+03 1.252061355633686066e+09
6.600000000000000000e+03 1.215412152627957821e+09
6.610000000000000000e+03 1.179270126961460829e+09
6.620000000000000000e+03 1.143618086471653938e+09
6.630000000000000000e+03 1.108439255818866253e+09
6.640000000000000000e+03 1.073717260491071582e+09
6.650000000000000000e+03 1.039436111063495517e+09
6.660000000000000000e+03 1.005580188363602519e+09
6.670000000000000000e+03 9.721342287773263454e+08
6.680000000000000000e+03 9.390833104404610395e+08
6.690000000000000000e+03 9.064128396985219717e+08
6.700000000000000000e+03 8.741085383484990597e+08
6.710000000000000000e+03 8.421564314241557121e+08
6.720000000000000000e+03 8.105428359472535849e+08
6.730000000000000000e+03 7.792543508833779097e+08
6.740000000000000000e+03 7.482778491308891773e+08
6.750000000000000000e+03 7.176004729318736792e+08
6.760000000000000000e+03 6.872096352191720009e+08
6.770000000000000000e+03 6.570930319351948500e+08
6.780000000000000000e+03 6.272386739545871019e+08
6.790000000000000000e+03 5.976349548290905952e+08
6.800000000000000000e+03 5.682707812625572681e+08
6.810000000000000000e+03 5.391358126912471056e+08
6.820000000000000000e+03 5.102208812388788462e+08
6.830000000000000000e+03 4.815186954479783177e+08
6.840000000000000000e+03 4.530249559160239100e+08
6.850000000000000000e+03 4.247399964380897880e+08
6.860000000000000000e+03 3.966709438428207040e+08
6.870000000000000000e+03 3.688340495257656574e+08
6.880000000000000000e+03 3.412561432161045671e+08
6.890000000000000000e+03 3.139730075543196797e+08
6.900000000000000000e+03 2.870210491061442494e+08
6.910000000000000000e+03 2.604177278438134789e+08
6.920000000000000000e+03 2.341274746515329480e+08
6.930000000000000000e+03 2.080155788743380606e+08
6.940000000000000000e+03 1.818041174901009500e+08
6.950000000000000000e+03 1.550586465974518955e+08
6.960000000000000000e+03 1.272420688570614159e+08
6.970000000000000000e+03 9.785735556632125378e+07
6.980000000000000000e+03 6.665453487067499012e+07
6.990000000000000000e+03 3.381551719640222937e+07
7.000000000000000000e+03 0.000000000000000000e+00
