-1.553697517332342386e+02 1.025638805879062199e+00
-1.550241015625262548e+02 1.025638805879062199e+00
-1.546784513918182995e+02 1.025638805879062199e+00
-1.543328012211103442e+02 1.025638805879062199e+00
-1.539871510504023604e+02 1.025638805879062199e+00
-1.536415008796943766e+02 1.025638805879062199e+00
-1.532958507089864213e+02 1.025638805879062199e+00
-1.529502005382784375e+02 1.025638805879062199e+00
-1.526045503675704538e+02 1.025638805879062199e+00
-1.522589001968624700e+02 1.025638805879062199e+00
-1.519132500261545147e+02 1.025638805879062199e+00
-1.515675998554465309e+02 1.025638805879062199e+00
-1.512219496847385471e+02 1.025638805879062199e+00
-1.508762995140305918e+02 1.025638805879062199e+00
-1.505306493433226365e+02 1.025638805879062199e+00
-1.501849991726146527e+02 1.025638805879062199e+00
-1.498393490019066689e+02 1.025638805879062199e+00
-1.494936988311986852e+02 1.025638805879062199e+00
-1.491480486604907014e+02 1.025638805879062199e+00
-1.488023984897827177e+02 1.025638805879062199e+00
-1.484567483190747623e+02 1.025638805879062199e+00
-1.481110981483668070e+02 1.025638805879062199e+00
-1.477654479776588232e+02 1.025638805879062199e+00
-1.474197978069508395e+02 1.025638805879062199e+00
-1.470741476362428841e+02 1.025638805879062199e+00
-1.467284974655349004e+02 1.025638805879062199e+00
-1.463828472948269166e+02 1.025638805879062199e+00
-1.460371971241189613e+02 1.025638805879062199e+00
-1.456915469534109775e+02 1.025638805879062199e+00
-1.453458967827029937e+02 1.025638805879062199e+00
-1.450002466119950100e+02 1.025638805879062199e+00
-1.446545964412870546e+02 1.025638805879062199e+00
-1.443089462705790993e+02 1.025638805879062199e+00
-1.439632960998711155e+02 1.025638805879062199e+00
-1.436176459291631318e+02 1.025638805879062199e+00
-1.432719957584551764e+02 1.025638805879062199e+00
-1.429263455877471927e+02 1.025638805879062199e+00
-1.425806954170392373e+02 1.025638805879062199e+00
-1.422350452463312536e+02 1.025638805879062199e+00
-1.418893950756232698e+02 1.025638805879062199e+00
-1.415437449049152860e+02 1.025638805879062199e+00
-1.411980947342073307e+02 1.025638805879062199e+00
-1.408524445634993469e+02 1.025638805879062199e+00
-1.405067943927913632e+02 1.025638805879062199e+00
-1.401611442220833794e+02 1.025638805879062199e+00
-1.398154940513754241e+02 1.025638805879062199e+00
-1.394698438806674403e+02 1.025638805879062199e+00
-1.391241937099594566e+02 1.025638805879062199e+00
-1.387785435392514728e+02 1.025638805879062199e+00
-1.384328933685435175e+02 1.025638805879062199e+00
-1.380872431978355621e+02 1.025638805879062199e+00
-1.377415930271275784e+02 1.025638805879062199e+00
-1.373959428564195946e+02 1.025638805879062199e+00
-1.370502926857116393e+02 1.025638805879062199e+00
-1.367046425150036839e+02 1.025638805879062199e+00
-1.363589923442957001e+02 1.025638805879062199e+00
-1.360133421735877164e+02 1.025638805879062199e+00
-1.356676920028797326e+02 1.025638805879062199e+00
-1.353220418321717489e+02 1.025638805879062199e+00
-1.349763916614637935e+02 1.025638805879062199e+00
-1.346307414907558098e+02 1.025638805879062199e+00
-1.342850913200478544e+02 1.025638805879062199e+00
-1.339394411493398707e+02 1.025638805879062199e+00
-1.335937909786318869e+02 1.025638805879062199e+00
-1.332481408079239316e+02 1.025638805879062199e+00
-1.329024906372159762e+02 1.025638805879062199e+00
-1.325568404665079925e+02 1.025638805879062199e+00
-1.322111902958000087e+02 1.025638805879062199e+00
-1.318655401250920249e+02 1.025638805879062199e+00
-1.315198899543840412e+02 1.025638805879062199e+00
-1.311742397836760574e+02 1.025638805879062199e+00
-1.308285896129681021e+02 1.025638805879062199e+00
-1.304829394422601467e+02 1.025638805879062199e+00
-1.301372892715521630e+02 1.025638805879062199e+00
-1.297916391008441792e+02 1.025638805879062199e+00
-1.294459889301361954e+02 1.025638805879062199e+00
-1.291003387594282401e+02 1.025638805879062199e+00
-1.287546885887202563e+02 1.025638805879062199e+00
-1.284090384180122726e+02 1.025638805879062199e+00
-1.280633882473043172e+02 1.025638805879062199e+00
-1.277177380765963335e+02 1.025638805879062199e+00
-1.273720879058883639e+02 1.025638805879062199e+00
-1.270264377351803944e+02 1.025638805879062199e+00
-1.266807875644724248e+02 1.025638805879062199e+00
-1.263351373937644553e+02 1.025638805879062199e+00
-1.259894872230564715e+02 1.025638805879062199e+00
-1.256438370523484878e+02 1.025638805879062199e+00
-1.252981868816405324e+02 1.025638805879062199e+00
-1.249525367109325487e+02 1.025638805879062199e+00
-1.246068865402245791e+02 1.025638805879062199e+00
-1.242612363695166096e+02 1.025638805879062199e+00
-1.239155861988086400e+02 1.025638805879062199e+00
-1.235699360281006562e+02 1.025638805879062199e+00
-1.232242858573926725e+02 1.025638805879062199e+00
-1.228786356866847029e+02 1.025638805879062199e+00
-1.225329855159767334e+02 1.025638805879062199e+00
-1.221873353452687496e+02 1.025638805879062199e+00
-1.218416851745607801e+02 1.025638805879062199e+00
-1.214960350038527963e+02 1.025638805879062199e+00
-1.211503848331448410e+02 1.025638805879062199e+00
-1.208047346624368572e+02 1.025638805879062199e+00
-1.204590844917288877e+02 1.025638805879062199e+00
-1.201134343210209181e+02 1.025638805879062199e+00
-1.197677841503129343e+02 1.025638805879062199e+00
-1.194221339796049648e+02 1.025638805879062199e+00
-1.190764838088969952e+02 1.025638805879062199e+00
-1.187308336381890115e+02 1.025638805879062199e+00
-1.183851834674810419e+02 1.025638805879062199e+00
-1.180395332967730724e+02 1.025638805879062199e+00
-1.176938831260651028e+02 1.025638805879062199e+00
-1.173482329553571333e+02 1.025638805879062199e+00
-1.170025827846491495e+02 1.025638805879062199e+00
-1.166569326139411942e+02 1.025638805879062199e+00
-1.163112824432332104e+02 1.025638805879062199e+00
-1.159656322725252409e+02 1.025638805879062199e+00
-1.156199821018172713e+02 1.025638805879062199e+00
-1.152743319311092876e+02 1.025638805879062199e+00
-1.149286817604013038e+02 1.025638805879062199e+00
-1.145830315896933200e+02 1.025638805879062199e+00
-1.142373814189853505e+02 1.025638805879062199e+00
-1.138917312482773809e+02 1.025638805879062199e+00
-1.135460810775693972e+02 1.025638805879062199e+00
-1.132004309068614418e+02 1.025638805879062199e+00
-1.128547807361534581e+02 1.025638805879062199e+00
-1.125091305654454885e+02 1.025638805879062199e+00
-1.121634803947375048e+02 1.025638805879062199e+00
-1.118178302240295352e+02 1.025638805879062199e+00
-1.114721800533215657e+02 1.025638805879062199e+00
-1.111265298826135961e+02 1.025638805879062199e+00
-1.107808797119056123e+02 1.025638805879062199e+00
-1.104352295411976570e+02 1.025638805879062199e+00
-1.100895793704896732e+02 1.025638805879062199e+00
-1.097439291997817037e+02 1.025638805879062199e+00
-1.093982790290737341e+02 1.025638805879062199e+00
-1.090526288583657504e+02 1.025638805879062199e+00
-1.087069786876577666e+02 1.025638805879062199e+00
-1.083613285169498113e+02 1.025638805879062199e+00
-1.080156783462418275e+02 1.025638805879062199e+00
-1.076700281755338580e+02 1.025638805879062199e+00
-1.073243780048258884e+02 1.025638805879062199e+00
-1.069787278341179189e+02 1.025638805879062199e+00
-1.066330776634099351e+02 1.025638805879062199e+00
-1.062874274927019513e+02 1.025638805879062199e+00
-1.059417773219939818e+02 1.025638805879062199e+00
-1.055961271512860122e+02 1.025638805879062199e+00
-1.052504769805780285e+02 1.025638805879062199e+00
-1.049048268098700589e+02 1.025638805879062199e+00
-1.045591766391620894e+02 1.025638805879062199e+00
-1.042135264684541198e+02 1.025638805879062199e+00
-1.038678762977461361e+02 1.025638805879062199e+00
-1.035222261270381665e+02 1.025638805879062199e+00
-1.031765759563301970e+02 1.025638805879062199e+00
-1.028309257856222132e+02 1.025638805879062199e+00
-1.024852756149142579e+02 1.025638805879062199e+00
-1.021396254442062741e+02 1.025638805879062199e+00
-1.017939752734982903e+02 1.025638805879062199e+00
-1.014483251027903208e+02 1.025638805879062199e+00
-1.011026749320823512e+02 1.025638805879062199e+00
-1.007570247613743817e+02 1.025638805879062199e+00
-1.004113745906664121e+02 1.025638805879062199e+00
-1.000657244199584284e+02 1.025638805879062199e+00
-9.972007424925047303e+01 1.025638805879062199e+00
-9.937442407854248927e+01 1.025638805879062199e+00
-9.902877390783451972e+01 1.025638805879062199e+00
-9.868312373712655017e+01 1.025638805879062199e+00
-9.833747356641856641e+01 1.025638805879062199e+00
-9.799182339571058264e+01 1.025638805879062199e+00
-9.764617322500259888e+01 1.025638805879062199e+00
-9.730052305429462933e+01 1.025638805879062199e+00
-9.695487288358665978e+01 1.025638805879062199e+00
-9.660922271287867602e+01 1.025638805879062199e+00
-9.626357254217072068e+01 1.025638805879062199e+00
-9.591792237146273692e+01 1.025638805879062199e+00
-9.557227220075476737e+01 1.025638805879062199e+00
-9.522662203004678361e+01 1.025638805879062199e+00
-9.488097185933881406e+01 1.025638805879062199e+00
-9.453532168863084451e+01 1.025638805879062199e+00
-9.418967151792287495e+01 1.025638805879062199e+00
-9.384402134721490540e+01 1.025638805879062199e+00
-9.349837117650693585e+01 1.025638805879062199e+00
-9.315272100579895209e+01 1.025638805879062199e+00
-9.280707083509098254e+01 1.025638805879062199e+00
-9.246142066438301299e+01 1.025638805879062199e+00
-9.211577049367502923e+01 1.025638805879062199e+00
-9.177012032296707389e+01 1.025638805879062199e+00
-9.142447015225909013e+01 1.025638805879062199e+00
-9.107881998155110637e+01 1.025638805879062199e+00
-9.073316981084313682e+01 1.025638805879062199e+00
-9.038751964013516726e+01 1.025638805879062199e+00
-9.004186946942719771e+01 1.025638805879062199e+00
-8.969621929871921395e+01 1.025638805879062199e+00
-8.935056912801123019e+01 1.025638805879062199e+00
-8.900491895730326064e+01 1.025638805879062199e+00
-8.865926878659529109e+01 1.025638805879062199e+00
-8.831361861588730733e+01 1.025638805879062199e+00
-8.796796844517933778e+01 1.025638805879062199e+00
-8.762231827447136823e+01 1.025638805879062199e+00
-8.727666810376339868e+01 1.025638805879062199e+00
-8.693101793305541491e+01 1.025638805879062199e+00
-8.658536776234744536e+01 1.025638805879062199e+00
-8.623971759163947581e+01 1.025638805879062199e+00
-8.589406742093150626e+01 1.025638805879062199e+00
-8.554841725022353671e+01 1.025638805879062199e+00
-8.520276707951555295e+01 1.025638805879062199e+00
-8.485711690880756919e+01 1.025638805879062199e+00
-8.451146673809961385e+01 1.025638805879062199e+00
-8.416581656739163009e+01 1.025638805879062199e+00
-8.382016639668366054e+01 1.025638805879062199e+00
-8.347451622597569099e+01 1.025638805879062199e+00
-8.312886605526772144e+01 1.025638805879062199e+00
-8.278321588455975188e+01 1.025638805879062199e+00
-8.243756571385176812e+01 1.025638805879062199e+00
-8.209191554314379857e+01 1.025638805879062199e+00
-8.174626537243582902e+01 1.025638805879062199e+00
-8.140061520172784526e+01 1.025638805879062199e+00
-8.105496503101986150e+01 1.025638805879062199e+00
-8.070931486031189195e+01 1.025638805879062199e+00
-8.036366468960392240e+01 1.025638805879062199e+00
-8.001801451889595285e+01 1.025638805879062199e+00
-7.967236434818798330e+01 1.025638805879062199e+00
-7.932671417747999953e+01 1.025638805879062199e+00
-7.898106400677201577e+01 1.025638805879062199e+00
-7.863541383606404622e+01 1.025638805879062199e+00
-7.828976366535607667e+01 1.025638805879062199e+00
-7.794411349464809291e+01 1.025638805879062199e+00
-7.759846332394013757e+01 1.025638805879062199e+00
-7.725281315323215381e+01 1.025638805879062199e+00
-7.690716298252419847e+01 1.025638805879062199e+00
-7.656151281181621471e+01 1.025638805879062199e+00
-7.621586264110823095e+01 1.025638805879062199e+00
-7.587021247040024718e+01 1.025638805879062199e+00
-7.552456229969229184e+01 1.025638805879062199e+00
-7.517891212898430808e+01 1.025638805879062199e+00
-7.483326195827635274e+01 1.025638805879062199e+00
-7.448761178756836898e+01 1.025638805879062199e+00
-7.414196161686038522e+01 1.025638805879062199e+00
-7.379631144615242988e+01 1.025638805879062199e+00
-7.345066127544444612e+01 1.025638805879062199e+00
-7.310501110473646236e+01 1.025638805879062199e+00
-7.275936093402849281e+01 1.025638805879062199e+00
-7.241371076332052326e+01 1.025638805879062199e+00
-7.206806059261253949e+01 1.025638805879062199e+00
-7.172241042190458415e+01 1.025638805879062199e+00
-7.137676025119660039e+01 1.025638805879062199e+00
-7.103111008048863084e+01 1.025638805879062199e+00
-7.068545990978066129e+01 1.025638805879062199e+00
-7.033980973907267753e+01 1.025638805879062199e+00
-6.999415956836469377e+01 1.025638805879062199e+00
-6.964850939765672422e+01 1.025638805879062199e+00
-6.930285922694875467e+01 1.025638805879062199e+00
-6.895720905624077091e+01 1.025638805879062199e+00
-6.861155888553281557e+01 1.025638805879062199e+00
-6.826590871482483180e+01 1.025638805879062199e+00
-6.792025854411686225e+01 1.025638805879062199e+00
-6.757460837340889270e+01 1.025638805879062199e+00
-6.722895820270090894e+01 1.025638805879062199e+00
-6.688330803199295360e+01 1.025638805879062199e+00
-6.653765786128496984e+01 1.025638805879062199e+00
-6.619200769057700029e+01 1.025638805879062199e+00
-6.584635751986901653e+01 1.025638805879062199e+00
-6.550070734916104698e+01 1.025638805879062199e+00
-6.515505717845306322e+01 1.025638805879062199e+00
-6.480940700774510788e+01 1.025638805879062199e+00
-6.446375683703712411e+01 1.025638805879062199e+00
-6.411810666632914035e+01 1.025638805879062199e+00
-6.377245649562117791e+01 1.025638805879062199e+00
-6.342680632491320836e+01 1.025638805879062199e+00
-6.308115615420523170e+01 1.025638805879062199e+00
-6.273550598349725504e+01 1.025638805879062199e+00
-6.238985581278927839e+01 1.025638805879062199e+00
-6.204420564208130884e+01 1.025638805879062199e+00
-6.169855547137333218e+01 1.025638805879062199e+00
-6.135290530066535553e+01 1.025638805879062199e+00
-6.100725512995738598e+01 1.025638805879062199e+00
-6.066160495924940932e+01 1.025638805879062199e+00
-6.031595478854143977e+01 1.025638805879062199e+00
-5.997030461783346311e+01 1.025638805879062199e+00
-5.962465444712549356e+01 1.025638805879062199e+00
-5.927900427641750980e+01 1.025638805879062199e+00
-5.893335410570954025e+01 1.025638805879062199e+00
-5.858770393500157070e+01 1.025638805879062199e+00
-5.824205376429360115e+01 1.025638805879062199e+00
-5.789640359358562449e+01 1.025638805879062199e+00
-5.755075342287764784e+01 1.025638805879062199e+00
-5.720510325216967118e+01 1.025638805879062199e+00
-5.685945308146169452e+01 1.025638805879062199e+00
-5.651380291075372497e+01 1.025638805879062199e+00
-5.616815274004574832e+01 1.025638805879062199e+00
-5.582250256933777166e+01 1.025638805879062199e+00
-5.547685239862980211e+01 1.025638805879062199e+00
-5.513120222792183256e+01 1.025638805879062199e+00
-5.478555205721385590e+01 1.025638805879062199e+00
-5.443990188650587925e+01 1.025638805879062199e+00
-5.409425171579790970e+01 1.025638805879062199e+00
-5.374860154508994015e+01 1.025638805879062199e+00
-5.340295137438196349e+01 1.025638805879062199e+00
-5.305730120367398683e+01 1.025638805879062199e+00
-5.271165103296601018e+01 1.025638805879062199e+00
-5.236600086225803352e+01 1.025638805879062199e+00
-5.202035069155006397e+01 1.025638805879062199e+00
-5.167470052084208731e+01 1.025638805879062199e+00
-5.132905035013411776e+01 1.025638805879062199e+00
-5.098340017942614111e+01 1.025638805879062199e+00
-5.063775000871817156e+01 1.025638805879062199e+00
-5.029209983801020201e+01 1.025638805879062199e+00
-4.994644966730222535e+01 1.025638805879062199e+00
-4.960079949659425580e+01 1.025638805879062199e+00
-4.925514932588627914e+01 1.025638805879062199e+00
-4.890949915517829538e+01 1.025638805879062199e+00
-4.856384898447031873e+01 1.025638805879062199e+00
-4.821819881376234918e+01 1.025638805879062199e+00
-4.787254864305437252e+01 1.025638805879062199e+00
-4.752689847234640297e+01 1.025638805879062199e+00
-4.718124830163843342e+01 1.025638805879062199e+00
-4.683559813093046387e+01 1.025638805879062199e+00
-4.648994796022248721e+01 1.025638805879062199e+00
-4.614429778951451055e+01 1.025638805879062199e+00
-4.579864761880654100e+01 1.025638805879062199e+00
-4.545299744809855724e+01 1.025638805879062199e+00
-4.510734727739058769e+01 1.025638805879062199e+00
-4.476169710668261104e+01 1.025638805879062199e+00
-4.441604693597463438e+01 1.025638805879062199e+00
-4.407039676526666483e+01 1.025638805879062199e+00
-4.372474659455869528e+01 1.025638805879062199e+00
-4.337909642385071862e+01 1.025638805879062199e+00
-4.303344625314274907e+01 1.025638805879062199e+00
-4.268779608243477242e+01 1.025638805879062199e+00
-4.234214591172679576e+01 1.025638805879062199e+00
-4.199649574101881910e+01 1.025638805879062199e+00
-4.165084557031084955e+01 1.025638805879062199e+00
-4.130519539960288000e+01 1.025638805879062199e+00
-4.095954522889489624e+01 1.025638805879062199e+00
-4.061389505818692669e+01 1.025638805879062199e+00
-4.026824488747895714e+01 1.025638805879062199e+00
-3.992259471677098759e+01 1.025638805879062199e+00
-3.957694454606300383e+01 1.025638805879062199e+00
-3.923129437535503428e+01 1.025638805879062199e+00
-3.888564420464705762e+01 1.025638805879062199e+00
-3.853999403393908807e+01 1.025638805879062199e+00
-3.819434386323111141e+01 1.025638805879062199e+00
-3.784869369252313476e+01 1.025638805879062199e+00
-3.750304352181516521e+01 1.025638805879062199e+00
-3.715739335110718855e+01 1.025638805879062199e+00
-3.681174318039921900e+01 1.025638805879062199e+00
-3.646609300969123524e+01 1.025638805879062199e+00
-3.612044283898326569e+01 1.025638805879062199e+00
-3.577479266827529614e+01 1.025638805879062199e+00
-3.542914249756732659e+01 1.025638805879062199e+00
-3.508349232685934282e+01 1.025638805879062199e+00
-3.473784215615137327e+01 1.025638805879062199e+00
-3.439219198544339662e+01 1.025638805879062199e+00
-3.404654181473541996e+01 1.025638805879062199e+00
-3.370089164402745041e+01 1.025638805879062199e+00
-3.335524147331948086e+01 1.025638805879062199e+00
-3.300959130261150420e+01 1.025638805879062199e+00
-3.266394113190352755e+01 1.025638805879062199e+00
-3.231829096119555800e+01 1.025638805879062199e+00
-3.197264079048758134e+01 1.025638805879062199e+00
-3.162699061977960824e+01 1.025638805879062199e+00
-3.128134044907163513e+01 1.025638805879062199e+00
-3.093569027836365848e+01 1.025638805879062199e+00
-3.059004010765568182e+01 1.025638805879062199e+00
-3.024438993694771227e+01 1.025638805879062199e+00
-2.989873976623973917e+01 1.025638805879062199e+00
-2.955308959553176607e+01 1.025638805879062199e+00
-2.920743942482378941e+01 1.025638805879062199e+00
-2.886178925411581631e+01 1.025638805879062199e+00
-2.851613908340784320e+01 1.025638805879062199e+00
-2.817048891269986655e+01 1.025638805879062199e+00
-2.782483874199189344e+01 1.025638805879062199e+00
-2.747918857128392034e+01 1.025638805879062199e+00
-2.713353840057595079e+01 1.025638805879062199e+00
-2.678788822986797413e+01 1.025638805879062199e+00
-2.644223805915999748e+01 1.025638805879062199e+00
-2.609658788845202082e+01 1.025638805879062199e+00
-2.575093771774405127e+01 1.025638805879062199e+00
-2.540528754703608172e+01 1.025638805879062199e+00
-2.505963737632810506e+01 1.025638805879062199e+00
-2.471398720562013196e+01 1.025638805879062199e+00
-2.436833703491215530e+01 1.025638805879062199e+00
-2.402268686420418220e+01 1.025638805879062199e+00
-2.367703669349620910e+01 1.025638805879062199e+00
-2.333138652278823599e+01 1.025638805879062199e+00
-2.298573635208026289e+01 1.025638805879062199e+00
-2.264008618137228979e+01 1.025638805879062199e+00
-2.229443601066431313e+01 1.025638805879062199e+00
-2.194878583995633647e+01 1.025638805879062199e+00
-2.160313566924836692e+01 1.025638805879062199e+00
-2.125748549854039382e+01 1.025638805879062199e+00
-2.091183532783242072e+01 1.025638805879062199e+00
-2.056618515712444406e+01 1.025638805879062199e+00
-2.022053498641647096e+01 1.025638805879062199e+00
-1.987488481570849785e+01 1.025638805879062199e+00
-1.952923464500052120e+01 1.025638805879062199e+00
-1.918358447429254809e+01 1.025638805879062199e+00
-1.883793430358457499e+01 1.025638805879062199e+00
-1.849228413287660189e+01 1.025638805879062199e+00
-1.814663396216862878e+01 1.025638805879062199e+00
-1.780098379146065213e+01 1.025638805879062199e+00
-1.745533362075267902e+01 1.025638805879062199e+00
-1.710968345004470592e+01 1.025638805879062199e+00
-1.676403327933673282e+01 1.025638805879062199e+00
-1.641838310862875971e+01 1.025638805879062199e+00
-1.607273293792078306e+01 1.025638805879062199e+00
-1.572708276721280996e+01 1.025638805879062199e+00
-1.538143259650483685e+01 1.025638805879062199e+00
-1.503578242579686197e+01 1.025638805879062199e+00
-1.469013225508888887e+01 1.025638805879062199e+00
-1.434448208438091399e+01 1.025638805879062199e+00
-1.399883191367294089e+01 1.025638805879062199e+00
-1.365318174296496778e+01 1.025638805879062199e+00
-1.330753157225699290e+01 1.025638805879062199e+00
-1.296188140154901802e+01 1.025638805879062199e+00
-1.261623123084104670e+01 1.025638805879062199e+00
-1.227058106013307182e+01 1.025638805879062199e+00
-1.192493088942509871e+01 1.025638805879062199e+00
-1.157928071871712561e+01 1.025638805879062199e+00
-1.123363054800914895e+01 1.025638805879062199e+00
-1.088798037730117585e+01 1.025638805879062199e+00
-1.054233020659320275e+01 1.025638805879062199e+00
-1.019668003588522964e+01 1.025638805879062199e+00
-9.851029865177256539e+00 1.025638805879062199e+00
-9.505379694469281660e+00 1.025638805879062199e+00
-9.159729523761306780e+00 1.025638805879062199e+00
-8.814079353053333676e+00 1.025638805879062199e+00
-8.468429182345360573e+00 1.025638805879062199e+00
-8.122779011637387470e+00 1.025638805879062199e+00
-7.777128840929411702e+00 1.025638805879062199e+00
-7.431478670221437710e+00 1.025638805879062199e+00
-7.085828499513464607e+00 1.025638805879062199e+00
-6.740178328805489727e+00 1.025638805879062199e+00
-6.394528158097516624e+00 1.025638805879062199e+00
-6.048877987389543520e+00 1.025638805879062199e+00
-5.703227816681568640e+00 1.025638805879062199e+00
-5.357577645973594649e+00 1.025638805879062199e+00
-5.011927475265620657e+00 1.025638805879062199e+00
-4.666277304557647554e+00 1.025638805879062199e+00
-4.320627133849673562e+00 1.025638805879062199e+00
-3.974976963141699571e+00 1.025638805879062199e+00
-3.629326792433725579e+00 1.025638805879062199e+00
-3.283676621725751588e+00 1.025638805879062199e+00
-2.938026451017777596e+00 1.025638805879062199e+00
-2.592376280309803604e+00 1.025638805879062199e+00
-2.246726109601830501e+00 1.025638805879062199e+00
-1.901075938893856510e+00 1.025638805879062199e+00
-1.555425768185882296e+00 1.025638805879062199e+00
-1.209775597477908526e+00 1.025638805879062199e+00
-8.641254267699347569e-01 1.025638805879062199e+00
-5.184752560619607653e-01 1.025638805879062199e+00
-1.728250853539869125e-01 1.025638805879062199e+00
1.728250853539869125e-01 1.025638805879062199e+00
5.184752560619607653e-01 1.025638805879062199e+00
8.641254267699347569e-01 1.025638805879062199e+00
1.209775597477908526e+00 1.025638805879062199e+00
1.555425768185882296e+00 1.025638805879062199e+00
1.901075938893856510e+00 1.025638805879062199e+00
2.246726109601830501e+00 1.025638805879062199e+00
2.592376280309803604e+00 1.025638805879062199e+00
2.938026451017777596e+00 1.025638805879062199e+00
3.283676621725751588e+00 1.025638805879062199e+00
3.629326792433725579e+00 1.025638805879062199e+00
3.974976963141699571e+00 1.025638805879062199e+00
4.320627133849673562e+00 1.025638805879062199e+00
4.666277304557647554e+00 1.025638805879062199e+00
5.011927475265620657e+00 1.025638805879062199e+00
5.357577645973594649e+00 1.025638805879062199e+00
5.703227816681568640e+00 1.025638805879062199e+00
6.048877987389543520e+00 1.025638805879062199e+00
6.394528158097516624e+00 1.025638805879062199e+00
6.740178328805489727e+00 1.025638805879062199e+00
7.085828499513464607e+00 1.025638805879062199e+00
7.431478670221437710e+00 1.025638805879062199e+00
7.777128840929411702e+00 1.025638805879062199e+00
8.122779011637387470e+00 1.025638805879062199e+00
8.468429182345360573e+00 1.025638805879062199e+00
8.814079353053333676e+00 1.025638805879062199e+00
9.159729523761306780e+00 1.025638805879062199e+00
9.505379694469281660e+00 1.025638805879062199e+00
9.851029865177256539e+00 1.025638805879062199e+00
1.019668003588522964e+01 1.025638805879062199e+00
1.054233020659320275e+01 1.025638805879062199e+00
1.088798037730117585e+01 1.025638805879062199e+00
1.123363054800914895e+01 1.025638805879062199e+00
1.157928071871712561e+01 1.025638805879062199e+00
1.192493088942509871e+01 1.025638805879062199e+00
1.227058106013307182e+01 1.025638805879062199e+00
1.261623123084104670e+01 1.025638805879062199e+00
1.296188140154901802e+01 1.025638805879062199e+00
1.330753157225699290e+01 1.025638805879062199e+00
1.365318174296496778e+01 1.025638805879062199e+00
1.399883191367294089e+01 1.025638805879062199e+00
1.434448208438091399e+01 1.025638805879062199e+00
1.469013225508888887e+01 1.025638805879062199e+00
1.503578242579686197e+01 1.025638805879062199e+00
1.538143259650483685e+01 1.025638805879062199e+00
1.572708276721280996e+01 1.025638805879062199e+00
1.607273293792078306e+01 1.025638805879062199e+00
1.641838310862875971e+01 1.025638805879062199e+00
1.676403327933673282e+01 1.025638805879062199e+00
1.710968345004470592e+01 1.025638805879062199e+00
1.745533362075267902e+01 1.025638805879062199e+00
1.780098379146065213e+01 1.025638805879062199e+00
1.814663396216862878e+01 1.025638805879062199e+00
1.849228413287660189e+01 1.025638805879062199e+00
1.883793430358457499e+01 1.025638805879062199e+00
1.918358447429254809e+01 1.025638805879062199e+00
1.952923464500052120e+01 1.025638805879062199e+00
1.987488481570849785e+01 1.025638805879062199e+00
2.022053498641647096e+01 1.025638805879062199e+00
2.056618515712444406e+01 1.025638805879062199e+00
2.091183532783242072e+01 1.025638805879062199e+00
2.125748549854039382e+01 1.025638805879062199e+00
2.160313566924836692e+01 1.025638805879062199e+00
2.194878583995633647e+01 1.025638805879062199e+00
2.229443601066431313e+01 1.025638805879062199e+00
2.264008618137228979e+01 1.025638805879062199e+00
2.298573635208026289e+01 1.025638805879062199e+00
2.333138652278823599e+01 1.025638805879062199e+00
2.367703669349620910e+01 1.025638805879062199e+00
2.402268686420418220e+01 1.025638805879062199e+00
2.436833703491215530e+01 1.025638805879062199e+00
2.471398720562013196e+01 1.025638805879062199e+00
2.505963737632810506e+01 1.025638805879062199e+00
2.540528754703608172e+01 1.025638805879062199e+00
2.575093771774405127e+01 1.025638805879062199e+00
2.609658788845202082e+01 1.025638805879062199e+00
2.644223805915999748e+01 1.025638805879062199e+00
2.678788822986797413e+01 1.025638805879062199e+00
2.713353840057595079e+01 1.025638805879062199e+00
2.747918857128392034e+01 1.025638805879062199e+00
2.782483874199189344e+01 1.025638805879062199e+00
2.817048891269986655e+01 1.025638805879062199e+00
2.851613908340784320e+01 1.025638805879062199e+00
2.886178925411581631e+01 1.025638805879062199e+00
2.920743942482378941e+01 1.025638805879062199e+00
2.955308959553176607e+01 1.025638805879062199e+00
2.989873976623973917e+01 1.025638805879062199e+00
3.024438993694771227e+01 1.025638805879062199e+00
3.059004010765568182e+01 1.025638805879062199e+00
3.093569027836365848e+01 1.025638805879062199e+00
3.128134044907163513e+01 1.025638805879062199e+00
3.162699061977960824e+01 1.025638805879062199e+00
3.197264079048758134e+01 1.025638805879062199e+00
3.231829096119555800e+01 1.025638805879062199e+00
3.266394113190352755e+01 1.025638805879062199e+00
3.300959130261150420e+01 1.025638805879062199e+00
3.335524147331948086e+01 1.025638805879062199e+00
3.370089164402745041e+01 1.025638805879062199e+00
3.404654181473541996e+01 1.025638805879062199e+00
3.439219198544339662e+01 1.025638805879062199e+00
3.473784215615137327e+01 1.025638805879062199e+00
3.508349232685934282e+01 1.025638805879062199e+00
3.542914249756732659e+01 1.025638805879062199e+00
3.577479266827529614e+01 1.025638805879062199e+00
3.612044283898326569e+01 1.025638805879062199e+00
3.646609300969123524e+01 1.025638805879062199e+00
3.681174318039921900e+01 1.025638805879062199e+00
3.715739335110718855e+01 1.025638805879062199e+00
3.750304352181516521e+01 1.025638805879062199e+00
3.784869369252313476e+01 1.025638805879062199e+00
3.819434386323111141e+01 1.025638805879062199e+00
3.853999403393908807e+01 1.025638805879062199e+00
3.888564420464705762e+01 1.025638805879062199e+00
3.923129437535503428e+01 1.025638805879062199e+00
3.957694454606300383e+01 1.025638805879062199e+00
3.992259471677098759e+01 1.025638805879062199e+00
4.026824488747895714e+01 1.025638805879062199e+00
4.061389505818692669e+01 1.025638805879062199e+00
4.095954522889489624e+01 1.025638805879062199e+00
4.130519539960288000e+01 1.025638805879062199e+00
4.165084557031084955e+01 1.025638805879062199e+00
4.199649574101881910e+01 1.025638805879062199e+00
4.234214591172679576e+01 1.025638805879062199e+00
4.268779608243477242e+01 1.025638805879062199e+00
4.303344625314274907e+01 1.025638805879062199e+00
4.337909642385071862e+01 1.025638805879062199e+00
4.372474659455869528e+01 1.025638805879062199e+00
4.407039676526666483e+01 1.025638805879062199e+00
4.441604693597463438e+01 1.025638805879062199e+00
4.476169710668261104e+01 1.025638805879062199e+00
4.510734727739058769e+01 1.025638805879062199e+00
4.545299744809855724e+01 1.025638805879062199e+00
4.579864761880654100e+01 1.025638805879062199e+00
4.614429778951451055e+01 1.025638805879062199e+00
4.648994796022248721e+01 1.025638805879062199e+00
4.683559813093046387e+01 1.025638805879062199e+00
4.718124830163843342e+01 1.025638805879062199e+00
4.752689847234640297e+01 1.025638805879062199e+00
4.787254864305437252e+01 1.025638805879062199e+00
4.821819881376234918e+01 1.025638805879062199e+00
4.856384898447031873e+01 1.025638805879062199e+00
4.890949915517829538e+01 1.025638805879062199e+00
4.925514932588627914e+01 1.025638805879062199e+00
4.960079949659425580e+01 1.025638805879062199e+00
4.994644966730222535e+01 1.025638805879062199e+00
5.029209983801020201e+01 1.025638805879062199e+00
5.063775000871817156e+01 1.025638805879062199e+00
5.098340017942614111e+01 1.025638805879062199e+00
5.132905035013411776e+01 1.025638805879062199e+00
5.167470052084208731e+01 1.025638805879062199e+00
5.202035069155006397e+01 1.025638805879062199e+00
5.236600086225803352e+01 1.025638805879062199e+00
5.271165103296601018e+01 1.025638805879062199e+00
5.305730120367398683e+01 1.025638805879062199e+00
5.340295137438196349e+01 1.025638805879062199e+00
5.374860154508994015e+01 1.025638805879062199e+00
5.409425171579790970e+01 1.025638805879062199e+00
5.443990188650587925e+01 1.025638805879062199e+00
5.478555205721385590e+01 1.025638805879062199e+00
5.513120222792183256e+01 1.025638805879062199e+00
5.547685239862980211e+01 1.025638805879062199e+00
5.582250256933777166e+01 1.025638805879062199e+00
5.616815274004574832e+01 1.025638805879062199e+00
5.651380291075372497e+01 1.025638805879062199e+00
5.685945308146169452e+01 1.025638805879062199e+00
5.720510325216967118e+01 1.025638805879062199e+00
5.755075342287764784e+01 1.025638805879062199e+00
5.789640359358562449e+01 1.025638805879062199e+00
5.824205376429360115e+01 1.025638805879062199e+00
5.858770393500157070e+01 1.025638805879062199e+00
5.893335410570954025e+01 1.025638805879062199e+00
5.927900427641750980e+01 1.025638805879062199e+00
5.962465444712549356e+01 1.025638805879062199e+00
5.997030461783346311e+01 1.025638805879062199e+00
6.031595478854143977e+01 1.025638805879062199e+00
6.066160495924940932e+01 1.025638805879062199e+00
6.100725512995738598e+01 1.025638805879062199e+00
6.135290530066535553e+01 1.025638805879062199e+00
6.169855547137333218e+01 1.025638805879062199e+00
6.204420564208130884e+01 1.025638805879062199e+00
6.238985581278927839e+01 1.025638805879062199e+00
6.273550598349725504e+01 1.025638805879062199e+00
6.308115615420523170e+01 1.025638805879062199e+00
6.342680632491320836e+01 1.025638805879062199e+00
6.377245649562117791e+01 1.025638805879062199e+00
6.411810666632914035e+01 1.025638805879062199e+00
6.446375683703712411e+01 1.025638805879062199e+00
6.480940700774510788e+01 1.025638805879062199e+00
6.515505717845306322e+01 1.025638805879062199e+00
6.550070734916104698e+01 1.025638805879062199e+00
6.584635751986901653e+01 1.025638805879062199e+00
6.619200769057700029e+01 1.025638805879062199e+00
6.653765786128496984e+01 1.025638805879062199e+00
6.688330803199295360e+01 1.025638805879062199e+00
6.722895820270090894e+01 1.025638805879062199e+00
6.757460837340889270e+01 1.025638805879062199e+00
6.792025854411686225e+01 1.025638805879062199e+00
6.826590871482483180e+01 1.025638805879062199e+00
6.861155888553281557e+01 1.025638805879062199e+00
6.895720905624077091e+01 1.025638805879062199e+00
6.930285922694875467e+01 1.025638805879062199e+00
6.964850939765672422e+01 1.025638805879062199e+00
6.999415956836469377e+01 1.025638805879062199e+00
7.033980973907267753e+01 1.025638805879062199e+00
7.068545990978066129e+01 1.025638805879062199e+00
7.103111008048863084e+01 1.025638805879062199e+00
7.137676025119660039e+01 1.025638805879062199e+00
7.172241042190458415e+01 1.025638805879062199e+00
7.206806059261253949e+01 1.025638805879062199e+00
7.241371076332052326e+01 1.025638805879062199e+00
7.275936093402849281e+01 1.025638805879062199e+00
7.310501110473646236e+01 1.025638805879062199e+00
7.345066127544444612e+01 1.025638805879062199e+00
7.379631144615242988e+01 1.025638805879062199e+00
7.414196161686038522e+01 1.025638805879062199e+00
7.448761178756836898e+01 1.025638805879062199e+00
7.483326195827635274e+01 1.025638805879062199e+00
7.517891212898430808e+01 1.025638805879062199e+00
7.552456229969229184e+01 1.025638805879062199e+00
7.587021247040024718e+01 1.025638805879062199e+00
7.621586264110823095e+01 1.025638805879062199e+00
7.656151281181621471e+01 1.025638805879062199e+00
7.690716298252419847e+01 1.025638805879062199e+00
7.725281315323215381e+01 1.025638805879062199e+00
7.759846332394013757e+01 1.025638805879062199e+00
7.794411349464809291e+01 1.025638805879062199e+00
7.828976366535607667e+01 1.025638805879062199e+00
7.863541383606404622e+01 1.025638805879062199e+00
7.898106400677201577e+01 1.025638805879062199e+00
7.932671417747999953e+01 1.025638805879062199e+00
7.967236434818798330e+01 1.025638805879062199e+00
8.001801451889595285e+01 1.025638805879062199e+00
8.036366468960392240e+01 1.025638805879062199e+00
8.070931486031189195e+01 1.025638805879062199e+00
8.105496503101986150e+01 1.025638805879062199e+00
8.140061520172784526e+01 1.025638805879062199e+00
8.174626537243582902e+01 1.025638805879062199e+00
8.209191554314379857e+01 1.025638805879062199e+00
8.243756571385176812e+01 1.025638805879062199e+00
8.278321588455975188e+01 1.025638805879062199e+00
8.312886605526772144e+01 1.025638805879062199e+00
8.347451622597569099e+01 1.025638805879062199e+00
8.382016639668366054e+01 1.025638805879062199e+00
8.416581656739163009e+01 1.025638805879062199e+00
8.451146673809961385e+01 1.025638805879062199e+00
8.485711690880756919e+01 1.025638805879062199e+00
8.520276707951555295e+01 1.025638805879062199e+00
8.554841725022353671e+01 1.025638805879062199e+00
8.589406742093150626e+01 1.025638805879062199e+00
8.623971759163947581e+01 1.025638805879062199e+00
8.658536776234744536e+01 1.025638805879062199e+00
8.693101793305541491e+01 1.025638805879062199e+00
8.727666810376339868e+01 1.025638805879062199e+00
8.762231827447136823e+01 1.025638805879062199e+00
8.796796844517933778e+01 1.025638805879062199e+00
8.831361861588730733e+01 1.025638805879062199e+00
8.865926878659529109e+01 1.025638805879062199e+00
8.900491895730326064e+01 1.025638805879062199e+00
8.935056912801123019e+01 1.025638805879062199e+00
8.969621929871921395e+01 1.025638805879062199e+00
9.004186946942719771e+01 1.025638805879062199e+00
9.038751964013516726e+01 1.025638805879062199e+00
9.073316981084313682e+01 1.025638805879062199e+00
9.107881998155110637e+01 1.025638805879062199e+00
9.142447015225909013e+01 1.025638805879062199e+00
9.177012032296707389e+01 1.025638805879062199e+00
9.211577049367502923e+01 1.025638805879062199e+00
9.246142066438301299e+01 1.025638805879062199e+00
9.280707083509098254e+01 1.025638805879062199e+00
9.315272100579895209e+01 1.025638805879062199e+00
9.349837117650693585e+01 1.025638805879062199e+00
9.384402134721490540e+01 1.025638805879062199e+00
9.418967151792287495e+01 1.025638805879062199e+00
9.453532168863084451e+01 1.025638805879062199e+00
9.488097185933881406e+01 1.025638805879062199e+00
9.522662203004678361e+01 1.025638805879062199e+00
9.557227220075476737e+01 1.025638805879062199e+00
9.591792237146273692e+01 1.025638805879062199e+00
9.626357254217072068e+01 1.025638805879062199e+00
9.660922271287867602e+01 1.025638805879062199e+00
9.695487288358665978e+01 1.025638805879062199e+00
9.730052305429462933e+01 1.025638805879062199e+00
9.764617322500259888e+01 1.025638805879062199e+00
9.799182339571058264e+01 1.025638805879062199e+00
9.833747356641856641e+01 1.025638805879062199e+00
9.868312373712655017e+01 1.025638805879062199e+00
9.902877390783451972e+01 1.025638805879062199e+00
9.937442407854248927e+01 1.025638805879062199e+00
9.972007424925047303e+01 1.025638805879062199e+00
1.000657244199584284e+02 1.025638805879062199e+00
1.004113745906664121e+02 1.025638805879062199e+00
1.007570247613743817e+02 1.025638805879062199e+00
1.011026749320823512e+02 1.025638805879062199e+00
1.014483251027903208e+02 1.025638805879062199e+00
1.017939752734982903e+02 1.025638805879062199e+00
1.021396254442062741e+02 1.025638805879062199e+00
1.024852756149142579e+02 1.025638805879062199e+00
1.028309257856222132e+02 1.025638805879062199e+00
1.031765759563301970e+02 1.025638805879062199e+00
1.035222261270381665e+02 1.025638805879062199e+00
1.038678762977461361e+02 1.025638805879062199e+00
1.042135264684541198e+02 1.025638805879062199e+00
1.045591766391620894e+02 1.025638805879062199e+00
1.049048268098700589e+02 1.025638805879062199e+00
1.052504769805780285e+02 1.025638805879062199e+00
1.055961271512860122e+02 1.025638805879062199e+00
1.059417773219939818e+02 1.025638805879062199e+00
1.062874274927019513e+02 1.025638805879062199e+00
1.066330776634099351e+02 1.025638805879062199e+00
1.069787278341179189e+02 1.025638805879062199e+00
1.073243780048258884e+02 1.025638805879062199e+00
1.076700281755338580e+02 1.025638805879062199e+00
1.080156783462418275e+02 1.025638805879062199e+00
1.083613285169498113e+02 1.025638805879062199e+00
1.087069786876577666e+02 1.025638805879062199e+00
1.090526288583657504e+02 1.025638805879062199e+00
1.093982790290737341e+02 1.025638805879062199e+00
1.097439291997817037e+02 1.025638805879062199e+00
1.100895793704896732e+02 1.025638805879062199e+00
1.104352295411976570e+02 1.025638805879062199e+00
1.107808797119056123e+02 1.025638805879062199e+00
1.111265298826135961e+02 1.025638805879062199e+00
1.114721800533215657e+02 1.025638805879062199e+00
1.118178302240295352e+02 1.025638805879062199e+00
1.121634803947375048e+02 1.025638805879062199e+00
1.125091305654454885e+02 1.025638805879062199e+00
1.128547807361534581e+02 1.025638805879062199e+00
1.132004309068614418e+02 1.025638805879062199e+00
1.135460810775693972e+02 1.025638805879062199e+00
1.138917312482773809e+02 1.025638805879062199e+00
1.142373814189853505e+02 1.025638805879062199e+00
1.145830315896933200e+02 1.025638805879062199e+00
1.149286817604013038e+02 1.025638805879062199e+00
1.152743319311092876e+02 1.025638805879062199e+00
1.156199821018172713e+02 1.025638805879062199e+00
1.159656322725252409e+02 1.025638805879062199e+00
1.163112824432332104e+02 1.025638805879062199e+00
1.166569326139411942e+02 1.025638805879062199e+00
1.170025827846491495e+02 1.025638805879062199e+00
1.173482329553571333e+02 1.025638805879062199e+00
1.176938831260651028e+02 1.025638805879062199e+00
1.180395332967730724e+02 1.025638805879062199e+00
1.183851834674810419e+02 1.025638805879062199e+00
1.187308336381890115e+02 1.025638805879062199e+00
1.190764838088969952e+02 1.025638805879062199e+00
1.194221339796049648e+02 1.025638805879062199e+00
1.197677841503129343e+02 1.025638805879062199e+00
1.201134343210209181e+02 1.025638805879062199e+00
1.204590844917288877e+02 1.025638805879062199e+00
1.208047346624368572e+02 1.025638805879062199e+00
