5.000000000000000000e+00 1.218187326866424643e+07
1.000000000000000000e+01 2.438283206036934257e+07
1.500000000000000000e+01 3.662199085947005451e+07
2.000000000000000000e+01 4.891852157129278034e+07
2.500000000000000000e+01 6.129168257393330336e+07
3.000000000000000000e+01 7.376084728883041441e+07
3.500000000000000000e+01 8.634553372862841189e+07
4.000000000000000000e+01 9.906543327438038588e+07
4.500000000000000000e+01 1.119404393683658242e+08
5.000000000000000000e+01 1.249906778684218377e+08
5.500000000000000000e+01 1.382365360508718491e+08
6.000000000000000000e+01 1.516986929211632311e+08
6.500000000000000000e+01 1.653981491349807382e+08
7.000000000000000000e+01 1.793562576249596775e+08
7.500000000000000000e+01 1.935947550278806388e+08
8.000000000000000000e+01 2.081357926031085849e+08
8.500000000000000000e+01 2.230019681902666390e+08
9.000000000000000000e+01 2.382163589992952943e+08
9.500000000000000000e+01 2.538025542518977523e+08
1.000000000000000000e+02 2.697846890416505337e+08
1.050000000000000000e+02 2.861874781285729408e+08
1.100000000000000000e+02 3.030362511597487926e+08
1.150000000000000000e+02 3.203569882255358696e+08
1.200000000000000000e+02 3.381763556516852975e+08
1.250000000000000000e+02 3.565217437965965271e+08
1.300000000000000000e+02 3.754213042438345551e+08
1.350000000000000000e+02 3.949039889517012835e+08
1.400000000000000000e+02 4.149995894258250594e+08
1.450000000000000000e+02 4.357387775420965552e+08
1.500000000000000000e+02 4.571531464670592546e+08
1.550000000000000000e+02 4.792752533651264310e+08
1.600000000000000000e+02 5.021386628260803819e+08
1.650000000000000000e+02 5.257779904861877561e+08
1.700000000000000000e+02 5.502289494986095428e+08
1.750000000000000000e+02 5.755283959642405510e+08
1.800000000000000000e+02 6.017143775642189980e+08
1.850000000000000000e+02 6.288261813236929178e+08
1.900000000000000000e+02 6.569043842438181639e+08
1.950000000000000000e+02 6.859909042104369402e+08
2.000000000000000000e+02 7.161290523513967991e+08
2.050000000000000000e+02 7.473635863729916811e+08
2.100000000000000000e+02 7.797407657188993692e+08
2.150000000000000000e+02 8.133084078321943283e+08
2.200000000000000000e+02 8.481159451415650845e+08
2.250000000000000000e+02 8.842144840937833786e+08
2.300000000000000000e+02 9.216568655388500690e+08
2.350000000000000000e+02 9.604977257261579037e+08
2.400000000000000000e+02 1.000793559694686413e+09
2.450000000000000000e+02 1.042602785030931711e+09
2.500000000000000000e+02 1.085985807524899721e+09
2.550000000000000000e+02 1.131005088701314688e+09
2.600000000000000000e+02 1.177725213664096832e+09
2.650000000000000000e+02 1.226212960843268871e+09
2.700000000000000000e+02 1.276537374033538103e+09
2.750000000000000000e+02 1.328769833422521830e+09
2.800000000000000000e+02 1.382984130962230921e+09
2.850000000000000000e+02 1.439256544744353533e+09
2.900000000000000000e+02 1.497665915598724127e+09
2.950000000000000000e+02 1.558293725455361366e+09
3.000000000000000000e+02 1.621224175625791788e+09
3.050000000000000000e+02 1.686544268005358696e+09
3.100000000000000000e+02 1.754343885575100183e+09
3.150000000000000000e+02 1.824715876025657177e+09
3.200000000000000000e+02 1.897756134109085560e+09
3.250000000000000000e+02 1.973563687834611893e+09
3.300000000000000000e+02 2.052240782967124939e+09
3.350000000000000000e+02 2.133892969866436005e+09
3.400000000000000000e+02 2.218629190718594074e+09
3.450000000000000000e+02 2.306561867237910271e+09
3.500000000000000000e+02 2.397806989502990246e+09
3.550000000000000000e+02 2.492484204563645840e+09
3.600000000000000000e+02 2.590716906271179199e+09
3.650000000000000000e+02 2.692632323904607773e+09
3.700000000000000000e+02 2.798361612650332451e+09
3.750000000000000000e+02 2.908039942835032463e+09
3.800000000000000000e+02 3.021806589325243950e+09
3.850000000000000000e+02 3.139805020103136063e+09
3.900000000000000000e+02 3.262182985273684502e+09
3.950000000000000000e+02 3.389092604151685238e+09
4.000000000000000000e+02 3.520690452068320751e+09
4.050000000000000000e+02 3.657137645990705490e+09
4.100000000000000000e+02 3.798599928358541489e+09
4.150000000000000000e+02 3.945247749669875622e+09
4.200000000000000000e+02 4.097256348813949585e+09
4.250000000000000000e+02 4.254805831517190933e+09
4.300000000000000000e+02 4.418081246602038383e+09
4.350000000000000000e+02 4.587272658502151489e+09
4.400000000000000000e+02 4.762575217616867065e+09
4.450000000000000000e+02 4.944189227465947151e+09
4.500000000000000000e+02 5.132320207520256996e+09
4.550000000000000000e+02 5.327178952208784103e+09
4.600000000000000000e+02 5.528981585682067871e+09
4.650000000000000000e+02 5.737949611985704422e+09
4.700000000000000000e+02 5.954309959050332069e+09
4.750000000000000000e+02 6.178295019074409485e+09
4.800000000000000000e+02 6.410142681150820732e+09
4.850000000000000000e+02 6.650096358072632790e+09
4.900000000000000000e+02 6.898405006959021568e+09
4.950000000000000000e+02 7.155323141835521698e+09
5.000000000000000000e+02 7.421110839343759537e+09
5.050000000000000000e+02 7.696033735093858719e+09
5.100000000000000000e+02 7.980363012808523178e+09
5.150000000000000000e+02 8.274375383390664101e+09
5.200000000000000000e+02 8.578353054866786957e+09
5.250000000000000000e+02 8.892583691998403549e+09
5.300000000000000000e+02 9.217360366004016876e+09
5.350000000000000000e+02 9.552981491875076294e+09
5.400000000000000000e+02 9.899750755864307404e+09
5.450000000000000000e+02 1.025797702948244858e+10
5.500000000000000000e+02 1.062797427193395042e+10
5.550000000000000000e+02 1.101006141903288269e+10
5.600000000000000000e+02 1.140456225899532509e+10
5.650000000000000000e+02 1.181180529361482048e+10
5.700000000000000000e+02 1.223212358596416664e+10
5.750000000000000000e+02 1.266585459241337776e+10
5.800000000000000000e+02 1.311333997949428558e+10
5.850000000000000000e+02 1.357492542585227966e+10
5.900000000000000000e+02 1.405096040630826950e+10
5.950000000000000000e+02 1.454179796181881142e+10
6.000000000000000000e+02 1.504779445053976250e+10
6.050000000000000000e+02 1.556930928259509850e+10
6.100000000000000000e+02 1.610670463767925453e+10
6.150000000000000000e+02 1.666034516448449135e+10
6.200000000000000000e+02 1.723059766282632828e+10
6.250000000000000000e+02 1.781783074719156265e+10
6.300000000000000000e+02 1.842241449222211456e+10
6.350000000000000000e+02 1.904472006114134979e+10
6.400000000000000000e+02 1.968511931427700043e+10
6.450000000000000000e+02 2.034398440038428497e+10
6.500000000000000000e+02 2.102168733068621826e+10
6.550000000000000000e+02 2.171859953372243500e+10
6.600000000000000000e+02 2.243509139381239700e+10
6.650000000000000000e+02 2.317153177137310410e+10
6.700000000000000000e+02 2.392828750803848648e+10
6.750000000000000000e+02 2.470572291346501541e+10
6.800000000000000000e+02 2.550419923843102264e+10
6.850000000000000000e+02 2.632407413160034943e+10
6.900000000000000000e+02 2.716570108322767258e+10
6.950000000000000000e+02 2.802942885427458954e+10
7.000000000000000000e+02 2.891560089487840271e+10
7.050000000000000000e+02 2.982455474997560501e+10
7.100000000000000000e+02 3.075662145597996521e+10
7.150000000000000000e+02 3.171212492843581772e+10
7.200000000000000000e+02 3.269138134200556564e+10
7.250000000000000000e+02 3.369469850573588943e+10
7.300000000000000000e+02 3.472237523286514282e+10
7.350000000000000000e+02 3.577470070951658630e+10
7.400000000000000000e+02 3.685195386246121979e+10
7.450000000000000000e+02 3.795440272782511902e+10
7.500000000000000000e+02 3.908230382515713501e+10
7.550000000000000000e+02 4.023590153568370056e+10
7.600000000000000000e+02 4.141542748970031738e+10
7.650000000000000000e+02 4.262109996532715607e+10
7.700000000000000000e+02 4.385312329929414368e+10
7.750000000000000000e+02 4.511168731490483856e+10
7.800000000000000000e+02 4.639696676875768280e+10
7.850000000000000000e+02 4.770912081848319244e+10
7.900000000000000000e+02 4.904829251645348358e+10
7.950000000000000000e+02 5.041460833032231903e+10
8.000000000000000000e+02 5.180817769514405060e+10
8.050000000000000000e+02 5.322909259996464539e+10
8.100000000000000000e+02 5.467742721112705994e+10
8.150000000000000000e+02 5.615323753740847015e+10
8.200000000000000000e+02 5.765656113956531525e+10
8.250000000000000000e+02 5.918741688585974884e+10
8.300000000000000000e+02 6.074580476178366852e+10
8.350000000000000000e+02 6.233170573118058014e+10
8.400000000000000000e+02 6.394508165835620117e+10
8.450000000000000000e+02 6.558587528927717590e+10
8.500000000000000000e+02 6.725401029942382050e+10
8.550000000000000000e+02 6.894939140842852783e+10
8.600000000000000000e+02 7.067190456719654846e+10
8.650000000000000000e+02 7.242141721890867615e+10
8.700000000000000000e+02 7.419777863803608704e+10
8.750000000000000000e+02 7.600082034917805481e+10
8.800000000000000000e+02 7.783035663033346558e+10
8.850000000000000000e+02 7.968618510068800354e+10
8.900000000000000000e+02 8.156808739701757812e+10
8.950000000000000000e+02 8.347582994111889648e+10
9.000000000000000000e+02 8.540916479850552368e+10
9.050000000000000000e+02 8.736783063184652710e+10
9.100000000000000000e+02 8.935155374966345215e+10
9.150000000000000000e+02 9.136004925089910889e+10
9.200000000000000000e+02 9.339302226761228943e+10
9.250000000000000000e+02 9.545016930518530273e+10
9.300000000000000000e+02 9.753117967966673279e+10
9.350000000000000000e+02 9.963573705391033936e+10
9.400000000000000000e+02 1.017635210697677612e+11
9.450000000000000000e+02 1.039142090760941315e+11
9.500000000000000000e+02 1.060874779519850464e+11
9.550000000000000000e+02 1.082830060213871460e+11
9.600000000000000000e+02 1.105004750586087036e+11
9.650000000000000000e+02 1.127395723805928955e+11
9.700000000000000000e+02 1.149999930236730347e+11
9.750000000000000000e+02 1.172814420003844910e+11
9.800000000000000000e+02 1.195836366323872681e+11
9.850000000000000000e+02 1.219063089548610229e+11
9.900000000000000000e+02 1.242492081876011200e+11
9.950000000000000000e+02 1.266121032658203278e+11
1.000000000000000000e+03 1.289947854277016754e+11
1.005000000000000000e+03 1.313970708471922302e+11
1.010000000000000000e+03 1.338188033113258820e+11
1.015000000000000000e+03 1.362598569299657135e+11
1.020000000000000000e+03 1.387201388720390015e+11
1.025000000000000000e+03 1.411995921204360657e+11
1.030000000000000000e+03 1.436981982373058167e+11
1.035000000000000000e+03 1.462159801299391479e+11
1.040000000000000000e+03 1.487530048101612244e+11
1.045000000000000000e+03 1.513093861360996399e+11
1.050000000000000000e+03 1.538852875284694214e+11
1.055000000000000000e+03 1.564809246510285034e+11
1.060000000000000000e+03 1.590965680461872864e+11
1.065000000000000000e+03 1.617325457153997192e+11
1.070000000000000000e+03 1.643892456358055725e+11
1.075000000000000000e+03 1.670671182021148376e+11
1.080000000000000000e+03 1.697666785853823853e+11
1.085000000000000000e+03 1.724885089985327759e+11
1.090000000000000000e+03 1.752332608600536499e+11
1.095000000000000000e+03 1.780016568464632568e+11
1.100000000000000000e+03 1.807944928252620850e+11
1.105000000000000000e+03 1.836126396606338196e+11
1.110000000000000000e+03 1.864570448822723083e+11
1.115000000000000000e+03 1.893287342134065247e+11
1.120000000000000000e+03 1.922288129474403687e+11
1.125000000000000000e+03 1.951584671704166870e+11
1.130000000000000000e+03 1.981189648212481995e+11
1.135000000000000000e+03 2.011116565864046021e+11
1.140000000000000000e+03 2.041379766250120850e+11
1.145000000000000000e+03 2.071994431201180725e+11
1.150000000000000000e+03 2.102976586533931885e+11
1.155000000000000000e+03 2.134343104045089722e+11
1.160000000000000000e+03 2.166111701700912476e+11
1.165000000000000000e+03 2.198300942059615784e+11
1.170000000000000000e+03 2.230930228906581116e+11
1.175000000000000000e+03 2.264019802154584656e+11
1.180000000000000000e+03 2.297590731003568115e+11
1.185000000000000000e+03 2.331664905425503540e+11
1.190000000000000000e+03 2.366265026001126099e+11
1.195000000000000000e+03 2.401414592168438110e+11
1.200000000000000000e+03 2.437137888958918152e+11
1.205000000000000000e+03 2.473459972275795593e+11
1.210000000000000000e+03 2.510406652803372498e+11
1.215000000000000000e+03 2.548004478639288635e+11
1.220000000000000000e+03 2.586280716737549744e+11
1.225000000000000000e+03 2.625263333269566040e+11
1.230000000000000000e+03 2.664980973008025818e+11
1.235000000000000000e+03 2.705462937839239807e+11
1.240000000000000000e+03 2.746739164544712524e+11
1.245000000000000000e+03 2.788840201950624390e+11
1.250000000000000000e+03 2.831797187580502930e+11
1.255000000000000000e+03 2.875641823934957275e+11
1.260000000000000000e+03 2.920406354543227539e+11
1.265000000000000000e+03 2.966123539888975220e+11
1.270000000000000000e+03 3.012826633367097778e+11
1.275000000000000000e+03 3.060549357383127441e+11
1.280000000000000000e+03 3.109325879736083374e+11
1.285000000000000000e+03 3.159190790399141846e+11
1.290000000000000000e+03 3.210179078823417969e+11
1.295000000000000000e+03 3.262326111888856201e+11
1.300000000000000000e+03 3.315667612595807495e+11
1.305000000000000000e+03 3.370239639627069702e+11
1.310000000000000000e+03 3.426078567863332520e+11
1.315000000000000000e+03 3.483221069942667236e+11
1.320000000000000000e+03 3.541704098966174927e+11
1.325000000000000000e+03 3.601564872407506104e+11
1.330000000000000000e+03 3.662840857293512573e+11
1.335000000000000000e+03 3.725569756725943604e+11
1.340000000000000000e+03 3.789789497778535767e+11
1.345000000000000000e+03 3.855538220810664062e+11
1.350000000000000000e+03 3.922854270225201416e+11
1.355000000000000000e+03 3.991776186677959595e+11
1.360000000000000000e+03 4.062342700751134644e+11
1.365000000000000000e+03 4.134592728087041626e+11
1.370000000000000000e+03 4.208565365946290283e+11
1.375000000000000000e+03 4.284299891183847046e+11
1.380000000000000000e+03 4.361835759586755371e+11
1.385000000000000000e+03 4.441212606532210693e+11
1.390000000000000000e+03 4.522470248909595337e+11
1.395000000000000000e+03 4.605648688221808472e+11
1.400000000000000000e+03 4.690788114800722046e+11
1.405000000000000000e+03 4.777928913047401123e+11
1.410000000000000000e+03 4.867111667589964600e+11
1.415000000000000000e+03 4.958377170270629272e+11
1.420000000000000000e+03 5.051766427830150146e+11
1.425000000000000000e+03 5.147320670194003906e+11
1.430000000000000000e+03 5.245081359218923950e+11
1.435000000000000000e+03 5.345090197777816162e+11
1.440000000000000000e+03 5.447389139045106812e+11
1.445000000000000000e+03 5.552020395845649414e+11
1.450000000000000000e+03 5.659026449928250732e+11
1.455000000000000000e+03 5.768450061012307129e+11
1.460000000000000000e+03 5.880334275470061035e+11
1.465000000000000000e+03 5.994722434488485107e+11
1.470000000000000000e+03 6.111658181570815430e+11
1.475000000000000000e+03 6.231185469217634277e+11
1.480000000000000000e+03 6.353348564648973389e+11
1.485000000000000000e+03 6.478192054413728027e+11
1.490000000000000000e+03 6.605760847749456787e+11
1.495000000000000000e+03 6.736100178534251709e+11
1.500000000000000000e+03 6.869255605704986572e+11
1.505000000000000000e+03 7.005273011977752686e+11
1.510000000000000000e+03 7.144198600769580078e+11
1.515000000000000000e+03 7.286078891155599365e+11
1.520000000000000000e+03 7.430960710745173340e+11
1.525000000000000000e+03 7.578891186351536865e+11
1.530000000000000000e+03 7.729917732329849854e+11
1.535000000000000000e+03 7.884088036460124512e+11
1.540000000000000000e+03 8.041450043271545410e+11
1.545000000000000000e+03 8.202051934671809082e+11
1.550000000000000000e+03 8.365942107813272705e+11
1.555000000000000000e+03 8.533169150043652344e+11
1.560000000000000000e+03 8.703781810883315430e+11
1.565000000000000000e+03 8.877828970900150146e+11
1.570000000000000000e+03 9.055359607410266113e+11
1.575000000000000000e+03 9.236422756896898193e+11
1.580000000000000000e+03 9.421067474074776611e+11
1.585000000000000000e+03 9.609342787494747314e+11
1.590000000000000000e+03 9.801297651631472168e+11
1.595000000000000000e+03 9.996980895347364502e+11
1.600000000000000000e+03 1.019644116668359375e+12
1.605000000000000000e+03 1.039972687386747925e+12
1.610000000000000000e+03 1.060688612250028564e+12
1.615000000000000000e+03 1.081796664882865479e+12
1.620000000000000000e+03 1.103301574902636230e+12
1.625000000000000000e+03 1.125208020444626221e+12
1.630000000000000000e+03 1.147520620273506836e+12
1.635000000000000000e+03 1.170243925478660645e+12
1.640000000000000000e+03 1.193382410743545654e+12
1.645000000000000000e+03 1.216940465185057861e+12
1.650000000000000000e+03 1.240922382755962646e+12
1.655000000000000000e+03 1.265332352203794434e+12
1.660000000000000000e+03 1.290174446582851807e+12
1.665000000000000000e+03 1.315452612310486328e+12
1.670000000000000000e+03 1.341170657765689697e+12
1.675000000000000000e+03 1.367332241422512207e+12
1.680000000000000000e+03 1.393940859515106934e+12
1.685000000000000000e+03 1.420999833229554688e+12
1.690000000000000000e+03 1.448512295418173584e+12
1.695000000000000000e+03 1.476481176833287109e+12
1.700000000000000000e+03 1.504909191877063477e+12
1.705000000000000000e+03 1.533798823865720459e+12
1.710000000000000000e+03 1.563152309804109375e+12
1.715000000000000000e+03 1.592971624671675293e+12
1.720000000000000000e+03 1.623258465218356934e+12
1.725000000000000000e+03 1.654014233269876953e+12
1.730000000000000000e+03 1.685240018544830078e+12
1.735000000000000000e+03 1.716936580984679688e+12
1.740000000000000000e+03 1.749104332600249512e+12
1.745000000000000000e+03 1.781743318838795410e+12
1.750000000000000000e+03 1.814853199476813965e+12
1.755000000000000000e+03 1.848433229045915039e+12
1.760000000000000000e+03 1.882482236799029053e+12
1.765000000000000000e+03 1.916998606227323242e+12
1.770000000000000000e+03 1.951980254139447266e+12
1.775000000000000000e+03 1.987424609313604492e+12
1.780000000000000000e+03 2.023328590741023193e+12
1.785000000000000000e+03 2.059688585474140869e+12
1.790000000000000000e+03 2.096500426099361572e+12
1.795000000000000000e+03 2.133759367856178223e+12
1.800000000000000000e+03 2.171460065423916748e+12
1.805000000000000000e+03 2.209596549402538086e+12
1.810000000000000000e+03 2.248162202515266113e+12
1.815000000000000000e+03 2.287149735563355957e+12
1.820000000000000000e+03 2.326551163165964844e+12
1.825000000000000000e+03 2.366357779321246094e+12
1.830000000000000000e+03 2.406560132827314453e+12
1.835000000000000000e+03 2.447148002604821777e+12
1.840000000000000000e+03 2.488110372966289551e+12
1.845000000000000000e+03 2.529435408880762695e+12
1.850000000000000000e+03 2.571110431283378418e+12
1.855000000000000000e+03 2.613121892487152832e+12
1.860000000000000000e+03 2.655455351753950684e+12
1.865000000000000000e+03 2.698095451086451172e+12
1.870000000000000000e+03 2.741025891307054688e+12
1.875000000000000000e+03 2.784229408493648926e+12
1.880000000000000000e+03 2.827687750844468262e+12
1.885000000000000000e+03 2.871381656049250488e+12
1.890000000000000000e+03 2.915290829247804688e+12
1.895000000000000000e+03 2.959393921661499512e+12
1.900000000000000000e+03 3.003668509985465820e+12
1.905000000000000000e+03 3.048091076635043457e+12
1.910000000000000000e+03 3.092636990943942383e+12
1.915000000000000000e+03 3.137280491414681641e+12
1.920000000000000000e+03 3.181994669125933594e+12
1.925000000000000000e+03 3.226751452407845215e+12
1.930000000000000000e+03 3.271521592895883301e+12
1.935000000000000000e+03 3.316274653082431641e+12
1.940000000000000000e+03 3.360978995487150879e+12
1.945000000000000000e+03 3.405601773568953125e+12
1.950000000000000000e+03 3.450108924510667480e+12
1.955000000000000000e+03 3.494465164007444336e+12
1.960000000000000000e+03 3.538633983194435547e+12
1.965000000000000000e+03 3.582577647854259766e+12
1.970000000000000000e+03 3.626257200044564453e+12
1.975000000000000000e+03 3.669632462292803223e+12
1.980000000000000000e+03 3.712662044506309082e+12
1.985000000000000000e+03 3.755303353747347656e+12
1.990000000000000000e+03 3.797512607027784668e+12
1.995000000000000000e+03 3.839244847278031738e+12
2.000000000000000000e+03 3.880453962647904297e+12
2.005000000000000000e+03 3.921092709297814453e+12
2.010000000000000000e+03 3.961112737840800781e+12
2.015000000000000000e+03 4.000464623596455078e+12
2.020000000000000000e+03 4.039097900817366211e+12
2.025000000000000000e+03 4.076961101050826660e+12
2.030000000000000000e+03 4.114001795796368164e+12
2.035000000000000000e+03 4.150166643619849121e+12
2.040000000000000000e+03 4.185401441883606934e+12
2.045000000000000000e+03 4.219651183249404785e+12
2.050000000000000000e+03 4.252860117111020996e+12
2.055000000000000000e+03 4.284971816106538086e+12
2.060000000000000000e+03 4.315929247861098145e+12
2.065000000000000000e+03 4.345674852103865234e+12
2.070000000000000000e+03 4.374150623297932129e+12
2.075000000000000000e+03 4.401298198918666016e+12
2.080000000000000000e+03 4.427058953506115234e+12
2.085000000000000000e+03 4.451374098611993164e+12
2.090000000000000000e+03 4.474184788752363281e+12
2.095000000000000000e+03 4.495432233466953125e+12
2.100000000000000000e+03 4.515057815576043945e+12
2.105000000000000000e+03 4.533003215714205078e+12
2.110000000000000000e+03 4.549210543204399414e+12
2.115000000000000000e+03 4.563622473324041016e+12
2.120000000000000000e+03 4.576182390994638672e+12
2.125000000000000000e+03 4.586834540911189453e+12
2.130000000000000000e+03 4.595524184103385742e+12
2.135000000000000000e+03 4.602197760899974609e+12
2.140000000000000000e+03 4.606803060242776367e+12
2.145000000000000000e+03 4.609289395265027344e+12
2.150000000000000000e+03 4.609607785022306641e+12
2.155000000000000000e+03 4.607711142225463867e+12
2.160000000000000000e+03 4.603554466790339844e+12
2.165000000000000000e+03 4.597095044974270508e+12
2.170000000000000000e+03 4.588292653825453125e+12
2.175000000000000000e+03 4.577109770618367188e+12
2.180000000000000000e+03 4.563511786894271484e+12
2.185000000000000000e+03 4.547467226662742188e+12
2.190000000000000000e+03 4.528947968255084961e+12
2.195000000000000000e+03 4.507929469245765625e+12
2.200000000000000000e+03 4.484390993778503906e+12
2.205000000000000000e+03 4.458315841548077148e+12
2.210000000000000000e+03 4.429691577594000000e+12
2.215000000000000000e+03 4.398510261961725586e+12
2.220000000000000000e+03 4.364768678178130371e+12
2.225000000000000000e+03 4.328468559371857422e+12
2.230000000000000000e+03 4.289616810745551758e+12
2.235000000000000000e+03 4.248225726975086426e+12
2.240000000000000000e+03 4.204313202974074219e+12
2.245000000000000000e+03 4.157902936316520996e+12
2.250000000000000000e+03 4.109024619461358398e+12
2.255000000000000000e+03 4.057714119770294922e+12
2.260000000000000000e+03 4.004013645151802734e+12
2.265000000000000000e+03 3.947971893010640625e+12
2.270000000000000000e+03 3.889644180026491211e+12
2.275000000000000000e+03 3.829092550136967773e+12
2.280000000000000000e+03 3.766385857960740723e+12
2.285000000000000000e+03 3.701599824770267090e+12
2.290000000000000000e+03 3.634817064013663574e+12
2.295000000000000000e+03 3.566127073303716309e+12
2.300000000000000000e+03 3.495626189734250000e+12
2.305000000000000000e+03 3.423417505370989258e+12
2.310000000000000000e+03 3.349610739788046387e+12
2.315000000000000000e+03 3.274322066605410156e+12
2.320000000000000000e+03 3.197673891122526855e+12
2.325000000000000000e+03 3.119794576358433594e+12
2.330000000000000000e+03 3.040818115098476562e+12
2.335000000000000000e+03 2.960883745928395508e+12
2.340000000000000000e+03 2.880135511709596680e+12
2.345000000000000000e+03 2.798721759525685059e+12
2.350000000000000000e+03 2.716794581809720215e+12
2.355000000000000000e+03 2.634509199151713379e+12
2.360000000000000000e+03 2.552023286179870117e+12
2.365000000000000000e+03 2.469496242907328613e+12
2.370000000000000000e+03 2.387088415026351074e+12
2.375000000000000000e+03 2.304960267800325684e+12
2.380000000000000000e+03 2.223271519433943359e+12
2.385000000000000000e+03 2.142180241062388916e+12
2.390000000000000000e+03 2.061841931767044678e+12
2.395000000000000000e+03 1.982408578253910645e+12
2.400000000000000000e+03 1.904027709984072754e+12
2.405000000000000000e+03 1.826841461575925537e+12
2.410000000000000000e+03 1.750985655153811523e+12
2.415000000000000000e+03 1.676588915953478027e+12
2.420000000000000000e+03 1.603771834854948730e+12
2.425000000000000000e+03 1.532646191562183350e+12
2.430000000000000000e+03 1.463314251842458740e+12
2.435000000000000000e+03 1.395868151553354004e+12
2.440000000000000000e+03 1.330389379109058105e+12
2.445000000000000000e+03 1.266948366568818604e+12
2.450000000000000000e+03 1.205604197692275146e+12
2.455000000000000000e+03 1.146404439135447266e+12
2.460000000000000000e+03 1.089385098512946289e+12
2.465000000000000000e+03 1.034570710401743286e+12
2.470000000000000000e+03 9.819745485953120117e+11
2.475000000000000000e+03 9.315989601330396729e+11
2.480000000000000000e+03 8.834358139306984863e+11
2.485000000000000000e+03 8.374670543280113525e+11
2.490000000000000000e+03 7.936653476440399170e+11
2.495000000000000000e+03 7.519948079779545898e+11
2.500000000000000000e+03 7.124117870774018555e+11
2.505000000000000000e+03 6.748657121696347656e+11
2.510000000000000000e+03 6.392999552329139404e+11
2.515000000000000000e+03 6.056527172790987549e+11
2.520000000000000000e+03 5.738579117972070312e+11
2.525000000000000000e+03 5.438460325254398193e+11
2.530000000000000000e+03 5.155449921128388672e+11
2.535000000000000000e+03 4.888809199224159546e+11
2.540000000000000000e+03 4.637789091308922729e+11
2.545000000000000000e+03 4.401637053055234985e+11
2.550000000000000000e+03 4.179603307029572754e+11
2.555000000000000000e+03 3.970946405557481689e+11
2.560000000000000000e+03 3.774938095233314819e+11
2.565000000000000000e+03 3.590867482275104370e+11
2.570000000000000000e+03 3.418044513281375732e+11
2.575000000000000000e+03 3.255802798929027100e+11
2.580000000000000000e+03 3.103501818658797607e+11
2.585000000000000000e+03 2.960528552387436523e+11
2.590000000000000000e+03 2.826298590881846924e+11
2.595000000000000000e+03 2.700256779806048584e+11
2.600000000000000000e+03 2.581877453844926453e+11
2.605000000000000000e+03 2.470664317008366699e+11
2.610000000000000000e+03 2.366150023518862000e+11
2.615000000000000000e+03 2.267895510883763733e+11
2.620000000000000000e+03 2.175489133139291992e+11
2.625000000000000000e+03 2.088545638090656738e+11
2.630000000000000000e+03 2.006705027880503235e+11
2.635000000000000000e+03 1.929631337614231567e+11
2.640000000000000000e+03 1.857011362195461121e+11
2.645000000000000000e+03 1.788553357116353760e+11
2.650000000000000000e+03 1.723985734799557495e+11
2.655000000000000000e+03 1.663055774259346008e+11
2.660000000000000000e+03 1.605528358385222473e+11
2.665000000000000000e+03 1.551184750066656189e+11
2.670000000000000000e+03 1.499821415675947266e+11
2.675000000000000000e+03 1.451248902101427612e+11
2.680000000000000000e+03 1.405290771541850891e+11
2.685000000000000000e+03 1.361782596628261108e+11
2.690000000000000000e+03 1.320571017078303375e+11
2.695000000000000000e+03 1.281512857999891205e+11
2.700000000000000000e+03 1.244474309096222382e+11
2.705000000000000000e+03 1.209330163360352325e+11
2.710000000000000000e+03 1.175963113349970245e+11
2.715000000000000000e+03 1.144263102781976776e+11
2.720000000000000000e+03 1.114126730941084137e+11
2.725000000000000000e+03 1.085456707254976654e+11
2.730000000000000000e+03 1.058161353316158905e+11
2.735000000000000000e+03 1.032154149613567200e+11
2.740000000000000000e+03 1.007353324268568420e+11
2.745000000000000000e+03 9.836814811269396973e+10
2.750000000000000000e+03 9.610652646428900146e+10
2.755000000000000000e+03 9.394350590817085266e+10
2.760000000000000000e+03 9.187247196739727783e+10
2.765000000000000000e+03 8.988713334531828308e+10
2.770000000000000000e+03 8.798150076166853333e+10
2.775000000000000000e+03 8.614986833439772034e+10
2.780000000000000000e+03 8.438679731000372314e+10
2.785000000000000000e+03 8.268710195381953430e+10
2.790000000000000000e+03 8.104583741937048340e+10
2.795000000000000000e+03 7.945828942300448608e+10
2.800000000000000000e+03 7.791996555612042236e+10
2.805000000000000000e+03 7.642658807327207947e+10
2.810000000000000000e+03 7.497408799929153442e+10
2.815000000000000000e+03 7.355860040312403870e+10
2.820000000000000000e+03 7.217646069034600830e+10
2.825000000000000000e+03 7.082420177046205139e+10
2.830000000000000000e+03 6.949855195862281799e+10
2.835000000000000000e+03 6.819643347559468842e+10
2.840000000000000000e+03 6.691496141353978729e+10
2.845000000000000000e+03 6.565144303964425659e+10
2.850000000000000000e+03 6.440337731406425476e+10
2.855000000000000000e+03 6.316845450372465515e+10
2.860000000000000000e+03 6.194455577908634949e+10
2.865000000000000000e+03 6.072975268728771210e+10
2.870000000000000000e+03 5.952230640160019684e+10
2.875000000000000000e+03 5.832066665503860474e+10
2.880000000000000000e+03 5.712347027384294128e+10
2.885000000000000000e+03 5.592953923561434174e+10
2.890000000000000000e+03 5.473787818652945709e+10
2.895000000000000000e+03 5.354767136200880432e+10
2.900000000000000000e+03 5.235827886621041870e+10
2.905000000000000000e+03 5.116923227668042755e+10
2.910000000000000000e+03 4.998022955213522339e+10
2.915000000000000000e+03 4.879112923299320984e+10
2.920000000000000000e+03 4.760194393602203369e+10
2.925000000000000000e+03 4.641283315616790009e+10
2.930000000000000000e+03 4.522409540013265228e+10
2.935000000000000000e+03 4.403615968695185089e+10
2.940000000000000000e+03 4.284957646157739258e+10
2.945000000000000000e+03 4.166500797677779388e+10
2.950000000000000000e+03 4.048321820757296753e+10
2.955000000000000000e+03 3.930506237002458191e+10
2.960000000000000000e+03 3.813147612264073944e+10
2.965000000000000000e+03 3.696346453396849823e+10
2.970000000000000000e+03 3.580209090377797699e+10
2.975000000000000000e+03 3.464846552771269989e+10
2.980000000000000000e+03 3.350373449645727158e+10
2.985000000000000000e+03 3.236906861992727661e+10
2.990000000000000000e+03 3.124565256548854065e+10
2.995000000000000000e+03 3.013467429603167725e+10
3.000000000000000000e+03 2.903731488940718460e+10
3.005000000000000000e+03 2.795473881552985382e+10
3.010000000000000000e+03 2.688808474072133636e+10
3.015000000000000000e+03 2.583845692195336914e+10
3.020000000000000000e+03 2.480691724525844193e+10
3.025000000000000000e+03 2.379447795439380646e+10
3.030000000000000000e+03 2.280209510665260696e+10
3.035000000000000000e+03 2.183066278378340149e+10
3.040000000000000000e+03 2.088100807647058868e+10
3.045000000000000000e+03 1.995388685226016235e+10
3.050000000000000000e+03 1.904998030730609131e+10
3.055000000000000000e+03 1.816989229441983414e+10
3.060000000000000000e+03 1.731414741153338242e+10
3.065000000000000000e+03 1.648318982770498848e+10
3.070000000000000000e+03 1.567738281652205658e+10
3.075000000000000000e+03 1.489700896153920555e+10
3.080000000000000000e+03 1.414227099266890717e+10
3.085000000000000000e+03 1.341329320850753593e+10
3.090000000000000000e+03 1.271012343583578300e+10
3.095000000000000000e+03 1.203273547513756752e+10
3.100000000000000000e+03 1.138103197903652763e+10
3.105000000000000000e+03 1.075484770954845047e+10
3.110000000000000000e+03 1.015395311983575249e+10
3.115000000000000000e+03 9.578058206471521378e+09
3.120000000000000000e+03 9.026816579452522278e+09
3.125000000000000000e+03 8.499829698494997025e+09
3.130000000000000000e+03 7.996651226742314339e+09
3.135000000000000000e+03 7.516791455075711250e+09
3.140000000000000000e+03 7.059721753455425262e+09
3.145000000000000000e+03 6.624879008788996696e+09
3.150000000000000000e+03 6.211670012198550224e+09
3.155000000000000000e+03 5.819475762138244629e+09
3.160000000000000000e+03 5.447655653520780563e+09
3.165000000000000000e+03 5.095551526440994263e+09
3.170000000000000000e+03 4.762491552061470032e+09
3.175000000000000000e+03 4.447793936424404144e+09
3.180000000000000000e+03 4.150770426734497547e+09
3.185000000000000000e+03 3.870729607683456421e+09
3.190000000000000000e+03 3.606979978721787453e+09
3.195000000000000000e+03 3.358832806117382526e+09
3.200000000000000000e+03 3.125604745980351448e+09
3.205000000000000000e+03 2.906620237614223957e+09
3.210000000000000000e+03 2.701213668126037121e+09
3.215000000000000000e+03 2.508731311616707802e+09
3.220000000000000000e+03 2.328533047975568771e+09
3.225000000000000000e+03 2.159993867779278755e+09
3.230000000000000000e+03 2.002505171176460981e+09
3.235000000000000000e+03 1.855475869667201757e+09
3.240000000000000000e+03 1.718333300615913153e+09
3.245000000000000000e+03 1.590523964990748882e+09
3.250000000000000000e+03 1.471514099304340839e+09
3.255000000000000000e+03 1.360790093202216864e+09
3.260000000000000000e+03 1.257858764087426186e+09
3.265000000000000000e+03 1.162247500473229408e+09
3.270000000000000000e+03 1.073504285462412953e+09
3.275000000000000000e+03 9.911976117550458908e+08
3.280000000000000000e+03 9.149162991311870813e+08
3.285000000000000000e+03 8.442692251629216671e+08
3.290000000000000000e+03 7.788849794231677055e+08
3.295000000000000000e+03 7.184114509598542452e+08
3.300000000000000000e+03 6.625153583802388906e+08
3.305000000000000000e+03 6.108817312658326626e+08
3.310000000000000000e+03 5.632133511241772175e+08
3.315000000000000000e+03 5.192301595432949066e+08
3.320000000000000000e+03 4.786686405030133724e+08
3.325000000000000000e+03 4.412811834796155095e+08
3.330000000000000000e+03 4.068354331097320318e+08
3.335000000000000000e+03 3.751136310233009458e+08
3.340000000000000000e+03 3.459119546081307530e+08
3.345000000000000000e+03 3.190398572225380540e+08
3.350000000000000000e+03 2.943194140570682287e+08
3.355000000000000000e+03 2.715846771658075452e+08
3.360000000000000000e+03 2.506810436492245793e+08
3.365000000000000000e+03 2.314646404077556133e+08
3.370000000000000000e+03 2.138017296061651707e+08
3.375000000000000000e+03 1.975681397384824753e+08
3.380000000000000000e+03 1.826487285718364120e+08
3.385000000000000000e+03 1.689368873640643358e+08
3.390000000000000000e+03 1.563340998092742562e+08
3.395000000000000000e+03 1.447495769377436638e+08
3.400000000000000000e+03 1.341000003024046570e+08
3.405000000000000000e+03 1.243094227478691489e+08
3.410000000000000000e+03 1.153094005156546682e+08
3.415000000000000000e+03 1.070394605504088998e+08
3.420000000000000000e+03 9.944803927024672925e+07
3.425000000000000000e+03 9.249404306528356671e+07
3.430000000000000000e+03 8.614913053717389703e+07
3.435000000000000000e+03 8.040060192171816528e+07
3.440000000000000000e+03 7.525421451787328720e+07
3.445000000000000000e+03 7.073503119286020100e+07
3.450000000000000000e+03 6.688221040948117524e+07
3.455000000000000000e+03 6.373036693073567003e+07
3.460000000000000000e+03 6.126670847588004172e+07
3.465000000000000000e+03 5.935298693756024539e+07
3.470000000000000000e+03 5.761176267003799975e+07
3.475000000000000000e+03 5.530772449077821523e+07
3.480000000000000000e+03 5.131001656502030045e+07
3.485000000000000000e+03 4.427365402252318710e+07
3.490000000000000000e+03 3.314688279783800617e+07
3.495000000000000000e+03 1.789762558704698086e+07
