0.000000000000000000e+00 0.000000000000000000e+00
2.500000000000000000e+00 1.211347787295453310e+09
5.000000000000000000e+00 2.422848659561423302e+09
7.500000000000000000e+00 3.634655743079744816e+09
1.000000000000000000e+01 4.846922246344166756e+09
1.250000000000000000e+01 6.059801501235537529e+09
1.500000000000000000e+01 7.273447004048789978e+09
1.750000000000000000e+01 8.488012456509281158e+09
2.000000000000000000e+01 9.703651806756551743e+09
2.250000000000000000e+01 1.092051929031234169e+10
2.500000000000000000e+01 1.213876947093283081e+10
2.750000000000000000e+01 1.335855728163497925e+10
3.000000000000000000e+01 1.458003806540849686e+10
3.250000000000000000e+01 1.580336761619563484e+10
3.500000000000000000e+01 1.702870221947436142e+10
3.750000000000000000e+01 1.825619869324297714e+10
4.000000000000000000e+01 1.948601442854454041e+10
4.250000000000000000e+01 2.071830743019588470e+10
4.500000000000000000e+01 2.195323635735676193e+10
4.750000000000000000e+01 2.319096056412137222e+10
5.000000000000000000e+01 2.443164013996467972e+10
5.250000000000000000e+01 2.567543595020306778e+10
5.500000000000000000e+01 2.692250967628053665e+10
5.750000000000000000e+01 2.817302385596275711e+10
6.000000000000000000e+01 2.942714192345179367e+10
6.250000000000000000e+01 3.068502824950311279e+10
6.500000000000000000e+01 3.194684818120899582e+10
6.750000000000000000e+01 3.321276808170822525e+10
7.000000000000000000e+01 3.448295536986592865e+10
7.250000000000000000e+01 3.575757855957945251e+10
7.500000000000000000e+01 3.703680729883542633e+10
7.750000000000000000e+01 3.832081240899660492e+10
8.000000000000000000e+01 3.960976592325645447e+10
8.250000000000000000e+01 4.090384112520332336e+10
8.500000000000000000e+01 4.220321258706525421e+10
8.750000000000000000e+01 4.350805620745394897e+10
9.000000000000000000e+01 4.481854924902613831e+10
9.250000000000000000e+01 4.613487037560410309e+10
9.500000000000000000e+01 4.745719968893041229e+10
9.750000000000000000e+01 4.878571876500568390e+10
1.000000000000000000e+02 5.012061068997806549e+10
1.025000000000000000e+02 5.146206009557946777e+10
1.050000000000000000e+02 5.281025319390167999e+10
1.075000000000000000e+02 5.416537781167449188e+10
1.100000000000000000e+02 5.552762342394040680e+10
1.125000000000000000e+02 5.689718118705205536e+10
1.150000000000000000e+02 5.827424397094308472e+10
1.175000000000000000e+02 5.965900639070302582e+10
1.200000000000000000e+02 6.105166483729473114e+10
1.225000000000000000e+02 6.245241750739907074e+10
1.250000000000000000e+02 6.386146443249906921e+10
1.275000000000000000e+02 6.527900750691078949e+10
1.300000000000000000e+02 6.670525051471520233e+10
1.325000000000000000e+02 6.814039915572158813e+10
1.350000000000000000e+02 6.958466107038862610e+10
1.375000000000000000e+02 7.103824586327163696e+10
1.400000000000000000e+02 7.250136512553599548e+10
1.425000000000000000e+02 7.397423245591374207e+10
1.450000000000000000e+02 7.545706348035101318e+10
1.475000000000000000e+02 7.695007587012840271e+10
1.500000000000000000e+02 7.845348935862104797e+10
1.525000000000000000e+02 7.996752575625160217e+10
1.550000000000000000e+02 8.149240896379835510e+10
1.575000000000000000e+02 8.302836498396336365e+10
1.600000000000000000e+02 8.457562193131181335e+10
1.625000000000000000e+02 8.613441003982540894e+10
1.650000000000000000e+02 8.770496166892221069e+10
1.675000000000000000e+02 8.928751130713343811e+10
1.700000000000000000e+02 9.088229557374922180e+10
1.725000000000000000e+02 9.248955321811036682e+10
1.750000000000000000e+02 9.410952511669253540e+10
1.775000000000000000e+02 9.574245426769181824e+10
1.800000000000000000e+02 9.738858578313256836e+10
1.825000000000000000e+02 9.904816687856741333e+10
1.850000000000000000e+02 1.007214468598042145e+11
1.875000000000000000e+02 1.024086771072158051e+11
1.900000000000000000e+02 1.041101110570192413e+11
1.925000000000000000e+02 1.058260041798006897e+11
1.950000000000000000e+02 1.075566139559537506e+11
1.975000000000000000e+02 1.093021998482441864e+11
2.000000000000000000e+02 1.110630232710160217e+11
2.025000000000000000e+02 1.128393475564135895e+11
2.050000000000000000e+02 1.146314379173100128e+11
2.075000000000000000e+02 1.164395614068423462e+11
2.100000000000000000e+02 1.182639868747320099e+11
2.125000000000000000e+02 1.201049849199371185e+11
2.150000000000000000e+02 1.219628278401799774e+11
2.175000000000000000e+02 1.238377895776411285e+11
2.200000000000000000e+02 1.257301456612910004e+11
2.225000000000000000e+02 1.276401731455552521e+11
2.250000000000000000e+02 1.295681505455831451e+11
2.275000000000000000e+02 1.315143577685751495e+11
2.300000000000000000e+02 1.334790760417977905e+11
2.325000000000000000e+02 1.354625878369438477e+11
2.350000000000000000e+02 1.374651767908088074e+11
2.375000000000000000e+02 1.394871276223739929e+11
2.400000000000000000e+02 1.415287260467104797e+11
2.425000000000000000e+02 1.435902586849678040e+11
2.450000000000000000e+02 1.456720129712566223e+11
2.475000000000000000e+02 1.477742770561746826e+11
2.500000000000000000e+02 1.498973397069701843e+11
2.525000000000000000e+02 1.520414902048748169e+11
2.550000000000000000e+02 1.542070182390455017e+11
2.575000000000000000e+02 1.563942137980760498e+11
2.600000000000000000e+02 1.586033670584945679e+11
2.625000000000000000e+02 1.608347682709662170e+11
2.650000000000000000e+02 1.630887076441375427e+11
2.675000000000000000e+02 1.653654752263477783e+11
2.700000000000000000e+02 1.676653607855198059e+11
2.725000000000000000e+02 1.699886536874214783e+11
2.750000000000000000e+02 1.723356427727751160e+11
2.775000000000000000e+02 1.747066162332306213e+11
2.800000000000000000e+02 1.771018614866634521e+11
2.825000000000000000e+02 1.795216650522775879e+11
2.850000000000000000e+02 1.819663124256830750e+11
2.875000000000000000e+02 1.844360879545137634e+11
2.900000000000000000e+02 1.869312747149082336e+11
2.925000000000000000e+02 1.894521543894557495e+11
2.950000000000000000e+02 1.919990071467170715e+11
2.975000000000000000e+02 1.945721115235747681e+11
3.000000000000000000e+02 1.971717443100283813e+11
3.025000000000000000e+02 1.997981804376269531e+11
3.050000000000000000e+02 2.024516928721344299e+11
3.075000000000000000e+02 2.051325525105576782e+11
3.100000000000000000e+02 2.078410280838046265e+11
3.125000000000000000e+02 2.105773860651484680e+11
3.150000000000000000e+02 2.133418905853567810e+11
3.175000000000000000e+02 2.161348033554747314e+11
3.200000000000000000e+02 2.189563835976748352e+11
3.225000000000000000e+02 2.218068879848754883e+11
3.250000000000000000e+02 2.246865705904443665e+11
3.275000000000000000e+02 2.275956828483436584e+11
3.300000000000000000e+02 2.305344735245337219e+11
3.325000000000000000e+02 2.335031887008720398e+11
3.350000000000000000e+02 2.365020717721631165e+11
3.375000000000000000e+02 2.395313634570828247e+11
3.400000000000000000e+02 2.425913018242514038e+11
3.425000000000000000e+02 2.456821223341537170e+11
3.450000000000000000e+02 2.488040578978008728e+11
3.475000000000000000e+02 2.519573389532549438e+11
3.500000000000000000e+02 2.551421935606978760e+11
3.525000000000000000e+02 2.583588475174084473e+11
3.550000000000000000e+02 2.616075244930598755e+11
3.575000000000000000e+02 2.648884461865312195e+11
3.600000000000000000e+02 2.682018325054126282e+11
3.625000000000000000e+02 2.715479017685705566e+11
3.650000000000000000e+02 2.749268709331867676e+11
3.675000000000000000e+02 2.783389558467578125e+11
3.700000000000000000e+02 2.817843715251091919e+11
3.725000000000000000e+02 2.852633324572324829e+11
3.750000000000000000e+02 2.887760529375793457e+11
3.775000000000000000e+02 2.923227474268176270e+11
3.800000000000000000e+02 2.959036309414528198e+11
3.825000000000000000e+02 2.995189194730537720e+11
3.850000000000000000e+02 3.031688304378296509e+11
3.875000000000000000e+02 3.068535831570135498e+11
3.900000000000000000e+02 3.105733993681392822e+11
3.925000000000000000e+02 3.143285037683027954e+11
3.950000000000000000e+02 3.181191245890686035e+11
3.975000000000000000e+02 3.219454942036257324e+11
4.000000000000000000e+02 3.258078497660423584e+11
4.025000000000000000e+02 3.297064338831604614e+11
4.050000000000000000e+02 3.336414953182344360e+11
4.075000000000000000e+02 3.376132897271571045e+11
4.100000000000000000e+02 3.416220804260137939e+11
4.125000000000000000e+02 3.456681391903069458e+11
4.150000000000000000e+02 3.497517470848781738e+11
4.175000000000000000e+02 3.538731953242827759e+11
4.200000000000000000e+02 3.580327861623035278e+11
4.225000000000000000e+02 3.622308338102756958e+11
4.250000000000000000e+02 3.664676653827134399e+11
4.275000000000000000e+02 3.707436218693505859e+11
4.300000000000000000e+02 3.750590591322427979e+11
4.325000000000000000e+02 3.794143489261141357e+11
4.350000000000000000e+02 3.838098799409832764e+11
4.375000000000000000e+02 3.882460588646591187e+11
4.400000000000000000e+02 3.927233114635855713e+11
4.425000000000000000e+02 3.972420836797977295e+11
4.450000000000000000e+02 4.018028427420922241e+11
4.475000000000000000e+02 4.064060782886643677e+11
4.500000000000000000e+02 4.110523034991193848e+11
4.525000000000000000e+02 4.157420562329155273e+11
4.550000000000000000e+02 4.204759001719722290e+11
4.575000000000000000e+02 4.252544259641400146e+11
4.600000000000000000e+02 4.300782523648546753e+11
4.625000000000000000e+02 4.349480273739473267e+11
4.650000000000000000e+02 4.398644293641065063e+11
4.675000000000000000e+02 4.448281681982783813e+11
4.700000000000000000e+02 4.498399863323821411e+11
4.725000000000000000e+02 4.549006598998082886e+11
4.750000000000000000e+02 4.600109997748515625e+11
4.775000000000000000e+02 4.651718526109768677e+11
4.800000000000000000e+02 4.703841018508187256e+11
4.825000000000000000e+02 4.756486687044085083e+11
4.850000000000000000e+02 4.809665130922322388e+11
4.875000000000000000e+02 4.863386345492075195e+11
4.900000000000000000e+02 4.917660730869868164e+11
4.925000000000000000e+02 4.972499100105743408e+11
4.950000000000000000e+02 5.027912686862258301e+11
4.975000000000000000e+02 5.083913152577794800e+11
5.000000000000000000e+02 5.140512593079737549e+11
5.025000000000000000e+02 5.197723544621589966e+11
5.050000000000000000e+02 5.255558989313799438e+11
5.075000000000000000e+02 5.314032359927642822e+11
5.100000000000000000e+02 5.373157544042761841e+11
5.125000000000000000e+02 5.432948887523375854e+11
5.150000000000000000e+02 5.493421197296211548e+11
5.175000000000000000e+02 5.554589743421851807e+11
5.200000000000000000e+02 5.616470260438283691e+11
5.225000000000000000e+02 5.679078947969639893e+11
5.250000000000000000e+02 5.742432470590874023e+11
5.275000000000000000e+02 5.806547956940433350e+11
5.300000000000000000e+02 5.871442998081577148e+11
5.325000000000000000e+02 5.937135645111772461e+11
5.350000000000000000e+02 6.003644406024235840e+11
5.375000000000000000e+02 6.070988241826162109e+11
5.400000000000000000e+02 6.139186561932291260e+11
5.425000000000000000e+02 6.208259218836805420e+11
5.450000000000000000e+02 6.278226502089754639e+11
5.475000000000000000e+02 6.349109131593400879e+11
5.500000000000000000e+02 6.420928250244561768e+11
5.525000000000000000e+02 6.493705415950070801e+11
5.550000000000000000e+02 6.567462593044559326e+11
5.575000000000000000e+02 6.642222143142243652e+11
5.600000000000000000e+02 6.718006815463476562e+11
5.625000000000000000e+02 6.794839736668964844e+11
5.650000000000000000e+02 6.872744400246195068e+11
5.675000000000000000e+02 6.951744655491856689e+11
5.700000000000000000e+02 7.031864696133457031e+11
5.725000000000000000e+02 7.113129048639907227e+11
5.750000000000000000e+02 7.195562560270909424e+11
5.775000000000000000e+02 7.279190386912316895e+11
5.800000000000000000e+02 7.364037980752441406e+11
5.825000000000000000e+02 7.450131077854218750e+11
5.850000000000000000e+02 7.537495685667479248e+11
5.875000000000000000e+02 7.626158070547250977e+11
5.900000000000000000e+02 7.716144745323769531e+11
5.925000000000000000e+02 7.807482456978007812e+11
5.950000000000000000e+02 7.900198174480046387e+11
5.975000000000000000e+02 7.994319076838216553e+11
6.000000000000000000e+02 8.089872541412495117e+11
6.025000000000000000e+02 8.186886132539647217e+11
6.050000000000000000e+02 8.285387590519066162e+11
6.075000000000000000e+02 8.385404821005382080e+11
6.100000000000000000e+02 8.486965884851063232e+11
6.125000000000000000e+02 8.590098988439802246e+11
6.150000000000000000e+02 8.694832474548665771e+11
6.175000000000000000e+02 8.801194813775500488e+11
6.200000000000000000e+02 8.909214596563107910e+11
6.225000000000000000e+02 9.018920525848917236e+11
6.250000000000000000e+02 9.130341410365548096e+11
6.275000000000000000e+02 9.243506158614692383e+11
6.300000000000000000e+02 9.358443773530788574e+11
6.325000000000000000e+02 9.475183347849364014e+11
6.350000000000000000e+02 9.593754060189260254e+11
6.375000000000000000e+02 9.714185171856051025e+11
6.400000000000000000e+02 9.836506024367254639e+11
6.425000000000000000e+02 9.960746037694083252e+11
6.450000000000000000e+02 1.008693470922029053e+12
6.475000000000000000e+02 1.021510161340023560e+12
6.500000000000000000e+02 1.034527640210351196e+12
6.525000000000000000e+02 1.047748880562991211e+12
6.550000000000000000e+02 1.061176863436792480e+12
6.575000000000000000e+02 1.074814578107073242e+12
6.600000000000000000e+02 1.088665022372219849e+12
6.625000000000000000e+02 1.102731202895381104e+12
6.650000000000000000e+02 1.117016135597756592e+12
6.675000000000000000e+02 1.131522846099379883e+12
6.700000000000000000e+02 1.146254370202771484e+12
6.725000000000000000e+02 1.161213754414736328e+12
6.750000000000000000e+02 1.176404056501557617e+12
6.775000000000000000e+02 1.191828346071818115e+12
6.800000000000000000e+02 1.207489705181691406e+12
6.825000000000000000e+02 1.223391228956775879e+12
6.850000000000000000e+02 1.239536026224368652e+12
6.875000000000000000e+02 1.255927220150321533e+12
6.900000000000000000e+02 1.272567948873947510e+12
6.925000000000000000e+02 1.289461366134475098e+12
6.950000000000000000e+02 1.306610641882891846e+12
6.975000000000000000e+02 1.324018962871782959e+12
7.000000000000000000e+02 1.341689533217198730e+12
7.025000000000000000e+02 1.359625574925312988e+12
7.050000000000000000e+02 1.377830328377288574e+12
7.075000000000000000e+02 1.396307052765272705e+12
7.100000000000000000e+02 1.415059026473006104e+12
7.125000000000000000e+02 1.434089547394144775e+12
7.150000000000000000e+02 1.453401933181408447e+12
7.175000000000000000e+02 1.472999521420281006e+12
7.200000000000000000e+02 1.492885669720226807e+12
7.225000000000000000e+02 1.513063755717235840e+12
7.250000000000000000e+02 1.533537176981081543e+12
7.275000000000000000e+02 1.554309350821250244e+12
7.300000000000000000e+02 1.575383713985250977e+12
7.325000000000000000e+02 1.596763722243362549e+12
7.350000000000000000e+02 1.618452849853798828e+12
7.375000000000000000e+02 1.640454588902816162e+12
7.400000000000000000e+02 1.662772448514156982e+12
7.425000000000000000e+02 1.685409953922268066e+12
7.450000000000000000e+02 1.708370645404179688e+12
7.475000000000000000e+02 1.731658077065115479e+12
7.500000000000000000e+02 1.755275815472778320e+12
7.525000000000000000e+02 1.779227438135505127e+12
7.550000000000000000e+02 1.803516531819969238e+12
7.575000000000000000e+02 1.828146690703849365e+12
7.600000000000000000e+02 1.853121514359072754e+12
7.625000000000000000e+02 1.878444605562001465e+12
7.650000000000000000e+02 1.904119567925900391e+12
7.675000000000000000e+02 1.930150003352395508e+12
7.700000000000000000e+02 1.956539509298033447e+12
7.725000000000000000e+02 1.983291675852147949e+12
7.750000000000000000e+02 2.010410082622929199e+12
7.775000000000000000e+02 2.037898295427776611e+12
7.800000000000000000e+02 2.065759862785091309e+12
7.825000000000000000e+02 2.093998312204037109e+12
7.850000000000000000e+02 2.122617146269005859e+12
7.875000000000000000e+02 2.151619838515948975e+12
7.900000000000000000e+02 2.181009829097145752e+12
7.925000000000000000e+02 2.210790520231620117e+12
7.950000000000000000e+02 2.240965271438095703e+12
7.975000000000000000e+02 2.271537394547341309e+12
8.000000000000000000e+02 2.302510148491182617e+12
8.025000000000000000e+02 2.333886733865075684e+12
8.050000000000000000e+02 2.365670287260928711e+12
8.075000000000000000e+02 2.397863875367660156e+12
8.100000000000000000e+02 2.430470488836078613e+12
8.125000000000000000e+02 2.463493035905265137e+12
8.150000000000000000e+02 2.496934335787180664e+12
8.175000000000000000e+02 2.530797111806382812e+12
8.200000000000000000e+02 2.565083984292076660e+12
8.225000000000000000e+02 2.599797463218917969e+12
8.250000000000000000e+02 2.634939940593737305e+12
8.275000000000000000e+02 2.670513682584692383e+12
8.300000000000000000e+02 2.706520821390050781e+12
8.325000000000000000e+02 2.742963346843105957e+12
8.350000000000000000e+02 2.779843097750509766e+12
8.375000000000000000e+02 2.817161752960209473e+12
8.400000000000000000e+02 2.854920822156591309e+12
8.425000000000000000e+02 2.893121636379590820e+12
8.450000000000000000e+02 2.931765338264687500e+12
8.475000000000000000e+02 2.970852872001092285e+12
8.500000000000000000e+02 3.010384973005391602e+12
8.525000000000000000e+02 3.050362157308110840e+12
8.550000000000000000e+02 3.090784710650780762e+12
8.575000000000000000e+02 3.131652677291171875e+12
8.600000000000000000e+02 3.172965848514875000e+12
8.625000000000000000e+02 3.214723750851646484e+12
8.650000000000000000e+02 3.256925633994681152e+12
8.675000000000000000e+02 3.299570458421937988e+12
8.700000000000000000e+02 3.342656882719159668e+12
8.725000000000000000e+02 3.386183250603238281e+12
8.750000000000000000e+02 3.430147577647413086e+12
8.775000000000000000e+02 3.474547537707451172e+12
8.800000000000000000e+02 3.519380449051034180e+12
8.825000000000000000e+02 3.564643260191541504e+12
8.850000000000000000e+02 3.610332535428472168e+12
8.875000000000000000e+02 3.656444440097737305e+12
8.900000000000000000e+02 3.702974725535297852e+12
8.925000000000000000e+02 3.749918713758698730e+12
8.950000000000000000e+02 3.797271281871740234e+12
8.975000000000000000e+02 3.845026846198550293e+12
9.000000000000000000e+02 3.893179346153891602e+12
9.025000000000000000e+02 3.941722227858165039e+12
9.050000000000000000e+02 3.990648427505718262e+12
9.075000000000000000e+02 4.039950354497390625e+12
9.100000000000000000e+02 4.089619874348048340e+12
9.125000000000000000e+02 4.139648291382056641e+12
9.150000000000000000e+02 4.190026331230937012e+12
9.175000000000000000e+02 4.240744123147880371e+12
9.200000000000000000e+02 4.291791182156386719e+12
9.225000000000000000e+02 4.343156391051181152e+12
9.250000000000000000e+02 4.394827982271265625e+12
9.275000000000000000e+02 4.446793519666106445e+12
9.300000000000000000e+02 4.499039880179299805e+12
9.325000000000000000e+02 4.551553235472980469e+12
9.350000000000000000e+02 4.604319033521599609e+12
9.375000000000000000e+02 4.657321980202392578e+12
9.400000000000000000e+02 4.710546020913992188e+12
9.425000000000000000e+02 4.763974322255731445e+12
9.450000000000000000e+02 4.817589253802602539e+12
9.475000000000000000e+02 4.871372370013237305e+12
9.500000000000000000e+02 4.925304392309592773e+12
9.525000000000000000e+02 4.979365191371126953e+12
9.550000000000000000e+02 5.033533769686428711e+12
9.575000000000000000e+02 5.087788244410121094e+12
9.600000000000000000e+02 5.142105830573049805e+12
9.625000000000000000e+02 5.196462824698465820e+12
9.650000000000000000e+02 5.250834588877832031e+12
9.675000000000000000e+02 5.305195535363791992e+12
9.700000000000000000e+02 5.359519111740287109e+12
9.725000000000000000e+02 5.413777786731844727e+12
9.750000000000000000e+02 5.467943036718672852e+12
9.775000000000000000e+02 5.521985333024734375e+12
9.800000000000000000e+02 5.575874130051631836e+12
9.825000000000000000e+02 5.629577854331403320e+12
9.850000000000000000e+02 5.683063894576608398e+12
9.875000000000000000e+02 5.736298592807920898e+12
9.900000000000000000e+02 5.789247236642716797e+12
9.925000000000000000e+02 5.841874052831233398e+12
9.950000000000000000e+02 5.894142202130860352e+12
9.975000000000000000e+02 5.946013775610782227e+12
1.000000000000000000e+03 5.997449792483364258e+12
1.002500000000000000e+03 6.048410199561923828e+12
1.005000000000000000e+03 6.098853872446934570e+12
1.007500000000000000e+03 6.148738618546914062e+12
1.010000000000000000e+03 6.198021182042599609e+12
1.012500000000000000e+03 6.246657250906481445e+12
1.015000000000000000e+03 6.294601466093360352e+12
1.017500000000000000e+03 6.341807433020147461e+12
1.020000000000000000e+03 6.388227735456831055e+12
1.022500000000000000e+03 6.433813951953723633e+12
1.025000000000000000e+03 6.478516674932717773e+12
1.027500000000000000e+03 6.522285532574250977e+12
1.030000000000000000e+03 6.565069213634727539e+12
1.032500000000000000e+03 6.606815495331784180e+12
1.035000000000000000e+03 6.647471274438480469e+12
1.037500000000000000e+03 6.686982601731074219e+12
1.040000000000000000e+03 6.725294719937408203e+12
1.042500000000000000e+03 6.762352105336242188e+12
1.045000000000000000e+03 6.798098513162230469e+12
1.047500000000000000e+03 6.832477026972454102e+12
1.050000000000000000e+03 6.865430112135404297e+12
1.052500000000000000e+03 6.896899673605026367e+12
1.055000000000000000e+03 6.926827118146341797e+12
1.057500000000000000e+03 6.955153421181126953e+12
1.060000000000000000e+03 6.981819198426174805e+12
1.062500000000000000e+03 7.006764782497506836e+12
1.065000000000000000e+03 7.029930304658060547e+12
1.067500000000000000e+03 7.051255781886559570e+12
1.070000000000000000e+03 7.070681209448367188e+12
1.072500000000000000e+03 7.088146659149243164e+12
1.075000000000000000e+03 7.103592383453940430e+12
1.077500000000000000e+03 7.116958925650363281e+12
1.080000000000000000e+03 7.128187236240340820e+12
1.082500000000000000e+03 7.137218795734166992e+12
1.085000000000000000e+03 7.143995744022836914e+12
1.087500000000000000e+03 7.148461016497414062e+12
1.090000000000000000e+03 7.150558487076210938e+12
1.092500000000000000e+03 7.150233118292446289e+12
1.095000000000000000e+03 7.147431118582505859e+12
1.097500000000000000e+03 7.142100106899500000e+12
1.100000000000000000e+03 7.134189284759238281e+12
1.102500000000000000e+03 7.123649615802606445e+12
1.105000000000000000e+03 7.110434012931857422e+12
1.107500000000000000e+03 7.094497533045519531e+12
1.110000000000000000e+03 7.075797579360071289e+12
1.112500000000000000e+03 7.054294111260208008e+12
1.115000000000000000e+03 7.029949861570387695e+12
1.117500000000000000e+03 7.002730561077754883e+12
1.120000000000000000e+03 6.972605170070629883e+12
1.122500000000000000e+03 6.939546116576594727e+12
1.125000000000000000e+03 6.903529540896121094e+12
1.127500000000000000e+03 6.864535545927336914e+12
1.130000000000000000e+03 6.822548452664158203e+12
1.132500000000000000e+03 6.777557060125291992e+12
1.135000000000000000e+03 6.729554908831445312e+12
1.137500000000000000e+03 6.678540546794418945e+12
1.140000000000000000e+03 6.624517796813804688e+12
1.142500000000000000e+03 6.567496023693145508e+12
1.145000000000000000e+03 6.507490399789541016e+12
1.147500000000000000e+03 6.444522167098837891e+12
1.150000000000000000e+03 6.378618893852497070e+12
1.152500000000000000e+03 6.309814723365221680e+12
1.155000000000000000e+03 6.238150612623261719e+12
1.157500000000000000e+03 6.163674557851874023e+12
1.160000000000000000e+03 6.086441804037623047e+12
1.162500000000000000e+03 6.006515035127052734e+12
1.165000000000000000e+03 5.923964541368237305e+12
1.167500000000000000e+03 5.838868360023814453e+12
1.170000000000000000e+03 5.751312385461598633e+12
1.172500000000000000e+03 5.661390444439553711e+12
1.175000000000000000e+03 5.569204332244451172e+12
1.177500000000000000e+03 5.474863805239481445e+12
1.180000000000000000e+03 5.378486525331079102e+12
1.182500000000000000e+03 5.280197951891329102e+12
1.185000000000000000e+03 5.180131176785134766e+12
1.187500000000000000e+03 5.078426698365607422e+12
1.190000000000000000e+03 4.975232130622520508e+12
1.192500000000000000e+03 4.870701844118229492e+12
1.195000000000000000e+03 4.764996535927376953e+12
1.197500000000000000e+03 4.658282726522467773e+12
1.200000000000000000e+03 4.550732182420760742e+12
1.202500000000000000e+03 4.442521264430434570e+12
1.205000000000000000e+03 4.333830202503677734e+12
1.207500000000000000e+03 4.224842299507459473e+12
1.210000000000000000e+03 4.115743067648858887e+12
1.212500000000000000e+03 4.006719302812906738e+12
1.215000000000000000e+03 3.897958103657639648e+12
1.217500000000000000e+03 3.789645843926776855e+12
1.220000000000000000e+03 3.681967108034938965e+12
1.222500000000000000e+03 3.575103601507743652e+12
1.225000000000000000e+03 3.469233049255540527e+12
1.227500000000000000e+03 3.364528095869908691e+12
1.230000000000000000e+03 3.261155223094095215e+12
1.232500000000000000e+03 3.159273700274073730e+12
1.235000000000000000e+03 3.059034583893182129e+12
1.237500000000000000e+03 2.960579782189310547e+12
1.240000000000000000e+03 2.864041200315624512e+12
1.242500000000000000e+03 2.769539980522062988e+12
1.245000000000000000e+03 2.677185850406967285e+12
1.247500000000000000e+03 2.587076590437319336e+12
1.250000000000000000e+03 2.499297629709057129e+12
1.252500000000000000e+03 2.413921776373412598e+12
1.255000000000000000e+03 2.331009086372874512e+12
1.257500000000000000e+03 2.250606871203269043e+12
1.260000000000000000e+03 2.172749842450014893e+12
1.262500000000000000e+03 2.097460387940933594e+12
1.265000000000000000e+03 2.024748971623706055e+12
1.267500000000000000e+03 1.954614646806645508e+12
1.270000000000000000e+03 1.887045670285697510e+12
1.272500000000000000e+03 1.822020203183044678e+12
1.275000000000000000e+03 1.759507083092939697e+12
1.277500000000000000e+03 1.699466651392296631e+12
1.280000000000000000e+03 1.641851619328518066e+12
1.282500000000000000e+03 1.586607956726644775e+12
1.285000000000000000e+03 1.533675787819995117e+12
1.287500000000000000e+03 1.482990279751596924e+12
1.290000000000000000e+03 1.434482510645430176e+12
1.292500000000000000e+03 1.388080305737213867e+12
1.295000000000000000e+03 1.343709031801963135e+12
1.297500000000000000e+03 1.301292341948370605e+12
1.300000000000000000e+03 1.260752864693291504e+12
1.302500000000000000e+03 1.222012833023708008e+12
1.305000000000000000e+03 1.184994650843540771e+12
1.307500000000000000e+03 1.149621395748079834e+12
1.310000000000000000e+03 1.115817258440473633e+12
1.312500000000000000e+03 1.083507920281570679e+12
1.315000000000000000e+03 1.052620871441082031e+12
1.317500000000000000e+03 1.023085672892251587e+12
1.320000000000000000e+03 9.948341660751680908e+11
1.322500000000000000e+03 9.678006344554860840e+11
1.325000000000000000e+03 9.419219214468704834e+11
1.327500000000000000e+03 9.171375092661003418e+11
1.330000000000000000e+03 8.933895632693552246e+11
1.332500000000000000e+03 8.706229462023062744e+11
1.335000000000000000e+03 8.487852066016623535e+11
1.337500000000000000e+03 8.278265453347559814e+11
1.340000000000000000e+03 8.076997639714610596e+11
1.342500000000000000e+03 7.883601983662293701e+11
1.345000000000000000e+03 7.697656404989013672e+11
1.347500000000000000e+03 7.518762512925198975e+11
1.350000000000000000e+03 7.346544668030576172e+11
1.352500000000000000e+03 7.180648998656154785e+11
1.355000000000000000e+03 7.020742389902263184e+11
1.357500000000000000e+03 6.866511460293994141e+11
1.360000000000000000e+03 6.717661538924738770e+11
1.362500000000000000e+03 6.573915653580920410e+11
1.365000000000000000e+03 6.435013538375216064e+11
1.367500000000000000e+03 6.300710667649039307e+11
1.370000000000000000e+03 6.170777321374368896e+11
1.372500000000000000e+03 6.044997685956230469e+11
1.375000000000000000e+03 5.923168993202889404e+11
1.377500000000000000e+03 5.805100699270770264e+11
1.380000000000000000e+03 5.690613704590059814e+11
1.382500000000000000e+03 5.579539615113210449e+11
1.385000000000000000e+03 5.471720044686675415e+11
1.387500000000000000e+03 5.367005957920642090e+11
1.390000000000000000e+03 5.265257052582165527e+11
1.392500000000000000e+03 5.166341180283086548e+11
1.395000000000000000e+03 5.070133804036865234e+11
1.397500000000000000e+03 4.976517491123383179e+11
1.400000000000000000e+03 4.885381439606904907e+11
1.402500000000000000e+03 4.796621036803630371e+11
1.405000000000000000e+03 4.710137447974941406e+11
1.407500000000000000e+03 4.625837233523806763e+11
1.410000000000000000e+03 4.543631993002546997e+11
1.412500000000000000e+03 4.463438034275058594e+11
1.415000000000000000e+03 4.385176066236477661e+11
1.417500000000000000e+03 4.308770913543278198e+11
1.420000000000000000e+03 4.234151251888638306e+11
1.422500000000000000e+03 4.161249362416835327e+11
1.425000000000000000e+03 4.090000903948038940e+11
1.427500000000000000e+03 4.020344701763222046e+11
1.430000000000000000e+03 3.952222551762332153e+11
1.432500000000000000e+03 3.885579038891215210e+11
1.435000000000000000e+03 3.820361368795722046e+11
1.437500000000000000e+03 3.756519211729984741e+11
1.440000000000000000e+03 3.694004557810572510e+11
1.442500000000000000e+03 3.632771582768057861e+11
1.445000000000000000e+03 3.572776523404383545e+11
1.447500000000000000e+03 3.513977562016018066e+11
1.450000000000000000e+03 3.456334719097963867e+11
1.452500000000000000e+03 3.399809753680809937e+11
1.455000000000000000e+03 3.344366070707297974e+11
1.457500000000000000e+03 3.289968634884283447e+11
1.460000000000000000e+03 3.236583890491331177e+11
1.462500000000000000e+03 3.184179686655741577e+11
1.465000000000000000e+03 3.132725207641173096e+11
1.467500000000000000e+03 3.082190907723621826e+11
1.470000000000000000e+03 3.032548450259550171e+11
1.472500000000000000e+03 2.983770650576035767e+11
1.475000000000000000e+03 2.935831422342557983e+11
1.477500000000000000e+03 2.888705727103551636e+11
1.480000000000000000e+03 2.842369526679741211e+11
1.482500000000000000e+03 2.796799738168131104e+11
1.485000000000000000e+03 2.751974191289828491e+11
1.487500000000000000e+03 2.707871587863658142e+11
1.490000000000000000e+03 2.664471463198278198e+11
1.492500000000000000e+03 2.621754149221342163e+11
1.495000000000000000e+03 2.579700739179462891e+11
1.497500000000000000e+03 2.538293053768758850e+11
1.500000000000000000e+03 2.497513608567760010e+11
1.502500000000000000e+03 2.457345582667321472e+11
1.505000000000000000e+03 2.417772788405745850e+11
1.507500000000000000e+03 2.378779642134212341e+11
1.510000000000000000e+03 2.340351135954177551e+11
1.512500000000000000e+03 2.302472810376645508e+11
1.515000000000000000e+03 2.265130727871490173e+11
1.517500000000000000e+03 2.228311447278452454e+11
1.520000000000000000e+03 2.192001999067544250e+11
1.522500000000000000e+03 2.156189861438636780e+11
1.525000000000000000e+03 2.120862937258712158e+11
1.527500000000000000e+03 2.086009531840677795e+11
1.530000000000000000e+03 2.051618331566484375e+11
1.532500000000000000e+03 2.017678383366700745e+11
1.535000000000000000e+03 1.984179075062189636e+11
1.537500000000000000e+03 1.951110116578327026e+11
1.540000000000000000e+03 1.918461522036654968e+11
1.542500000000000000e+03 1.886223592733397827e+11
1.545000000000000000e+03 1.854386901002511902e+11
1.547500000000000000e+03 1.822942274966435547e+11
1.550000000000000000e+03 1.791880784167506104e+11
1.552500000000000000e+03 1.761193726073609619e+11
1.555000000000000000e+03 1.730872613443365479e+11
1.557500000000000000e+03 1.700909162536623230e+11
1.560000000000000000e+03 1.671295282148367004e+11
1.562500000000000000e+03 1.642023063440859680e+11
1.565000000000000000e+03 1.613084770547580566e+11
1.567500000000000000e+03 1.584472831917606201e+11
1.570000000000000000e+03 1.556179832365523987e+11
1.572500000000000000e+03 1.528198505789825134e+11
1.575000000000000000e+03 1.500521728524804688e+11
1.577500000000000000e+03 1.473142513282437439e+11
1.580000000000000000e+03 1.446054003645641174e+11
1.582500000000000000e+03 1.419249469071430664e+11
1.585000000000000000e+03 1.392722300362396851e+11
1.587500000000000000e+03 1.366466005565778809e+11
1.590000000000000000e+03 1.340474206260101471e+11
1.592500000000000000e+03 1.314740634190468445e+11
1.595000000000000000e+03 1.289259128213598785e+11
1.597500000000000000e+03 1.264023631518578491e+11
1.600000000000000000e+03 1.239028189088217926e+11
1.602500000000000000e+03 1.214266945367479858e+11
1.605000000000000000e+03 1.189734142111927490e+11
1.607500000000000000e+03 1.165424116385474854e+11
1.610000000000000000e+03 1.141331298683809204e+11
1.612500000000000000e+03 1.117450211160061340e+11
1.615000000000000000e+03 1.093775465931804810e+11
1.617500000000000000e+03 1.070301763449911194e+11
1.620000000000000000e+03 1.047023890914563446e+11
1.622500000000000000e+03 1.023936720722714386e+11
1.625000000000000000e+03 1.001035208935567474e+11
1.627500000000000000e+03 9.783143937556173706e+10
1.630000000000000000e+03 9.557693940032176208e+10
1.632500000000000000e+03 9.333954075888002014e+10
1.635000000000000000e+03 9.111877099713053894e+10
1.637500000000000000e+03 8.891416526029959106e+10
1.640000000000000000e+03 8.672526613530564880e+10
1.642500000000000000e+03 8.455162349126594543e+10
1.645000000000000000e+03 8.239279431783070374e+10
1.647500000000000000e+03 8.024834256137086487e+10
1.650000000000000000e+03 7.811783895924168396e+10
1.652500000000000000e+03 7.600086087223698425e+10
1.655000000000000000e+03 7.389699211544253540e+10
1.657500000000000000e+03 7.180582278792439270e+10
1.660000000000000000e+03 6.972694910167930603e+10
1.662500000000000000e+03 6.765997321011727142e+10
1.665000000000000000e+03 6.560450303711161041e+10
1.667500000000000000e+03 6.356015210695073700e+10
1.670000000000000000e+03 6.152653937649861145e+10
1.672500000000000000e+03 5.950328907032142639e+10
1.675000000000000000e+03 5.749003052065203094e+10
1.677500000000000000e+03 5.548639801366426849e+10
1.680000000000000000e+03 5.349203064456903076e+10
1.682500000000000000e+03 5.150657218424494934e+10
1.685000000000000000e+03 4.952967096081449890e+10
1.687500000000000000e+03 4.756097976029380798e+10
1.690000000000000000e+03 4.560015575048516846e+10
1.692500000000000000e+03 4.364686043242486572e+10
1.695000000000000000e+03 4.170075962146608734e+10
1.697500000000000000e+03 3.976152345666930389e+10
1.700000000000000000e+03 3.782882642744386292e+10
1.702500000000000000e+03 3.590234738960254669e+10
1.705000000000000000e+03 3.398176951216893387e+10
1.707500000000000000e+03 3.206678004377238464e+10
1.710000000000000000e+03 3.015706970481131744e+10
1.712500000000000000e+03 2.825233138496107864e+10
1.715000000000000000e+03 2.635225765085783386e+10
1.717500000000000000e+03 2.445653635088017654e+10
1.720000000000000000e+03 2.256484338947501755e+10
1.722500000000000000e+03 2.067683164639575577e+10
1.725000000000000000e+03 1.879211527622273636e+10
1.727500000000000000e+03 1.691024963352490616e+10
1.730000000000000000e+03 1.503070934742157364e+10
1.732500000000000000e+03 1.315287102484805870e+10
1.735000000000000000e+03 1.127601240141952515e+10
1.737500000000000000e+03 9.399344491273138046e+09
1.740000000000000000e+03 7.522092767428227425e+09
1.742500000000000000e+03 5.643630919453104973e+09
1.745000000000000000e+03 3.763642019535505295e+09
1.747500000000000000e+03 1.882244416783105612e+09
1.750000000000000000e+03 0.000000000000000000e+00
