-1.553697517332342386e+02 0.000000000000000000e+00
-1.550241015625262548e+02 1.189396979156967049e-05
-1.546784513918182995e+02 2.375978280666254708e-05
-1.543328012211103442e+02 3.562231107712580865e-05
-1.539871510504023604e+02 4.751435642970835895e-05
-1.536415008796943766e+02 5.946452177040038276e-05
-1.532958507089864213e+02 7.149763594974904853e-05
-1.529502005382784375e+02 8.363601464901532819e-05
-1.526045503675704538e+02 9.590070439395627648e-05
-1.522589001968624700e+02 1.083123501255218123e-04
-1.519132500261545147e+02 1.208912265730858733e-04
-1.515675998554465309e+02 1.336576803542418820e-04
-1.512219496847385471e+02 1.466323053576335488e-04
-1.508762995140305918e+02 1.598358549574312301e-04
-1.505306493433226365e+02 1.732892574128674977e-04
-1.501849991726146527e+02 1.870141854098329357e-04
-1.498393490019066689e+02 2.010321412280786251e-04
-1.494936988311986852e+02 2.153655793232208738e-04
-1.491480486604907014e+02 2.300370576350393124e-04
-1.488023984897827177e+02 2.450698272828508335e-04
-1.484567483190747623e+02 2.604876160280245457e-04
-1.481110981483668070e+02 2.763148262978196612e-04
-1.477654479776588232e+02 2.925763340231403225e-04
-1.474197978069508395e+02 3.092977274946810771e-04
-1.470741476362428841e+02 3.265053423446560876e-04
-1.467284974655349004e+02 3.442262063367982814e-04
-1.463828472948269166e+02 3.624881555985542806e-04
-1.460371971241189613e+02 3.813196300962122661e-04
-1.456915469534109775e+02 4.007503831273919641e-04
-1.453458967827029937e+02 4.208106167353338955e-04
-1.450002466119950100e+02 4.415317712803208585e-04
-1.446545964412870546e+02 4.629460884146393207e-04
-1.443089462705790993e+02 4.850870739334817725e-04
-1.439632960998711155e+02 5.079890806748582101e-04
-1.436176459291631318e+02 5.316878657005685025e-04
-1.432719957584551764e+02 5.562200916875840225e-04
-1.429263455877471927e+02 5.816240069170432051e-04
-1.425806954170392373e+02 6.079387913263990806e-04
-1.422350452463312536e+02 6.352053927933886497e-04
-1.418893950756232698e+02 6.634657950086717600e-04
-1.415437449049152860e+02 6.927637645029179969e-04
-1.411980947342073307e+02 7.231444594293094837e-04
-1.408524445634993469e+02 7.546546511460842108e-04
-1.405067943927913632e+02 7.873428932946518024e-04
-1.401611442220833794e+02 8.212592420848831374e-04
-1.398154940513754241e+02 8.564560374102026625e-04
-1.394698438806674403e+02 8.929869526038051010e-04
-1.391241937099594566e+02 9.309079371566292326e-04
-1.387785435392514728e+02 9.702770273568571977e-04
-1.384328933685435175e+02 1.011154200751478594e-03
-1.380872431978355621e+02 1.053601779522475579e-03
-1.377415930271275784e+02 1.097684243750908593e-03
-1.373959428564195946e+02 1.143468699725076407e-03
-1.370502926857116393e+02 1.191024400895729536e-03
-1.367046425150036839e+02 1.240423411164245059e-03
-1.363589923442957001e+02 1.291740471903943862e-03
-1.360133421735877164e+02 1.345052841276091551e-03
-1.356676920028797326e+02 1.400440941593759534e-03
-1.353220418321717489e+02 1.457987942013671276e-03
-1.349763916614637935e+02 1.517780287298621782e-03
-1.346307414907558098e+02 1.579907484468112298e-03
-1.342850913200478544e+02 1.644462385129471897e-03
-1.339394411493398707e+02 1.711541393952463984e-03
-1.335937909786318869e+02 1.781244300399473061e-03
-1.332481408079239316e+02 1.853674751321644472e-03
-1.329024906372159762e+02 1.928940041181751233e-03
-1.325568404665079925e+02 2.007151731505868886e-03
-1.322111902958000087e+02 2.088425146885642628e-03
-1.318655401250920249e+02 2.172880148960590254e-03
-1.315198899543840412e+02 2.260640708279837083e-03
-1.311742397836760574e+02 2.351835650557184115e-03
-1.308285896129681021e+02 2.446598377701199225e-03
-1.304829394422601467e+02 2.545067086113503296e-03
-1.301372892715521630e+02 2.647385235866395788e-03
-1.297916391008441792e+02 2.753701349495695297e-03
-1.294459889301361954e+02 2.864169377651949386e-03
-1.291003387594282401e+02 2.978948842498455041e-03
-1.287546885887202563e+02 3.098205192240141917e-03
-1.284090384180122726e+02 3.222109675491057097e-03
-1.280633882473043172e+02 3.350839754074886722e-03
-1.277177380765963335e+02 3.484579314273033180e-03
-1.273720879058883639e+02 3.623518784078176569e-03
-1.270264377351803944e+02 3.767855448739279751e-03
-1.266807875644724248e+02 3.917793554775486110e-03
-1.263351373937644553e+02 4.073544698391038700e-03
-1.259894872230564715e+02 4.235327871391179368e-03
-1.256438370523484878e+02 4.403369862959199618e-03
-1.252981868816405324e+02 4.577905466818322014e-03
-1.249525367109325487e+02 4.759177604223030836e-03
-1.246068865402245791e+02 4.947437849005094368e-03
-1.242612363695166096e+02 5.142946469971871985e-03
-1.239155861988086400e+02 5.345972581428216387e-03
-1.235699360281006562e+02 5.556795094890097306e-03
-1.232242858573926725e+02 5.775701957794686717e-03
-1.228786356866847029e+02 6.002991411334802213e-03
-1.225329855159767334e+02 6.238971818474997252e-03
-1.221873353452687496e+02 6.483961811754496846e-03
-1.218416851745607801e+02 6.738291173428636455e-03
-1.214960350038527963e+02 7.002300618960905464e-03
-1.211503848331448410e+02 7.276342359326215363e-03
-1.208047346624368572e+02 7.560780413844934468e-03
-1.204590844917288877e+02 7.855990970698270223e-03
-1.201134343210209181e+02 8.162362503178149584e-03
-1.197677841503129343e+02 8.480296861763287480e-03
-1.194221339796049648e+02 8.810208246612936597e-03
-1.190764838088969952e+02 9.152525322162744295e-03
-1.187308336381890115e+02 9.507689959702638263e-03
-1.183851834674810419e+02 9.876158857125240040e-03
-1.180395332967730724e+02 1.025840306033078304e-02
-1.176938831260651028e+02 1.065490899648220691e-02
-1.173482329553571333e+02 1.106617845587497262e-02
-1.170025827846491495e+02 1.149272900720306988e-02
-1.166569326139411942e+02 1.193509487817532091e-02
-1.163112824432332104e+02 1.239382668347452712e-02
-1.159656322725252409e+02 1.286949230781393727e-02
-1.156199821018172713e+02 1.336267741150688748e-02
-1.152743319311092876e+02 1.387398533275609365e-02
-1.149286817604013038e+02 1.440403812541865732e-02
-1.145830315896933200e+02 1.495347665353679960e-02
-1.142373814189853505e+02 1.552296108734275461e-02
-1.138917312482773809e+02 1.611317138701878759e-02
-1.135460810775693972e+02 1.672480799101351556e-02
-1.132004309068614418e+02 1.735859170451585151e-02
-1.128547807361534581e+02 1.801526473300304673e-02
-1.125091305654454885e+02 1.869559084454147993e-02
-1.121634803947375048e+02 1.940035596662107939e-02
-1.118178302240295352e+02 2.013036850422434548e-02
-1.114721800533215657e+02 2.088646003612177476e-02
-1.111265298826135961e+02 2.166948552710617343e-02
-1.107808797119056123e+02 2.248032403940788612e-02
-1.104352295411976570e+02 2.331987904076615256e-02
-1.100895793704896732e+02 2.418907897894938264e-02
-1.097439291997817037e+02 2.508887756333730637e-02
-1.093982790290737341e+02 2.602025467055912866e-02
-1.090526288583657504e+02 2.698421616576295382e-02
-1.087069786876577666e+02 2.798179502354015621e-02
-1.083613285169498113e+02 2.901405132473312137e-02
-1.080156783462418275e+02 3.008207288860427139e-02
-1.076700281755338580e+02 3.118697573931551378e-02
-1.073243780048258884e+02 3.232990462571359164e-02
-1.069787278341179189e+02 3.351203311418414488e-02
-1.066330776634099351e+02 3.473456463351560358e-02
-1.062874274927019513e+02 3.599873210406734358e-02
-1.059417773219939818e+02 3.730579921267290766e-02
-1.055961271512860122e+02 3.865706011030303757e-02
-1.052504769805780285e+02 4.005384029955436770e-02
-1.049048268098700589e+02 4.149749663607050360e-02
-1.045591766391620894e+02 4.298941810040537298e-02
-1.042135264684541198e+02 4.453102576477152574e-02
-1.038678762977461361e+02 4.612377359613444028e-02
-1.035222261270381665e+02 4.776914828527430851e-02
-1.031765759563301970e+02 4.946866987518411946e-02
-1.028309257856222132e+02 5.122389220012214806e-02
-1.024852756149142579e+02 5.303640278383352918e-02
-1.021396254442062741e+02 5.490782345977475443e-02
-1.017939752734982903e+02 5.683981026052545293e-02
-1.014483251027903208e+02 5.883405423521415045e-02
-1.011026749320823512e+02 6.089228111548614097e-02
-1.007570247613743817e+02 6.301625166698408831e-02
-1.004113745906664121e+02 6.520776193635302587e-02
-1.000657244199584284e+02 6.746864357308719751e-02
-9.972007424925047303e+01 6.980076343301995501e-02
-9.937442407854248927e+01 7.220602435939495189e-02
-9.902877390783451972e+01 7.468636453159846478e-02
-9.868312373712655017e+01 7.724375845507597260e-02
-9.833747356641856641e+01 7.988021577476113466e-02
-9.799182339571058264e+01 8.259778258983403731e-02
-9.764617322500259888e+01 8.539854040623111320e-02
-9.730052305429462933e+01 8.828460669096718783e-02
-9.695487288358665978e+01 9.125813448238968839e-02
-9.660922271287867602e+01 9.432131248318881278e-02
-9.626357254217072068e+01 9.747636478128475501e-02
-9.591792237146273692e+01 1.007255509484618478e-01
-9.557227220075476737e+01 1.040711654269467906e-01
-9.522662203004678361e+01 1.075155376639992250e-01
-9.488097185933881406e+01 1.110610319236431248e-01
-9.453532168863084451e+01 1.147100467000765484e-01
-9.418967151792287495e+01 1.184650146091020956e-01
-9.384402134721490540e+01 1.223284021771059299e-01
-9.349837117650693585e+01 1.263027091725615336e-01
-9.315272100579895209e+01 1.303904687048982602e-01
-9.280707083509098254e+01 1.345942463262098931e-01
-9.246142066438301299e+01 1.389166398418489323e-01
-9.211577049367502923e+01 1.433602790686610284e-01
-9.177012032296707389e+01 1.479278248329487233e-01
-9.142447015225909013e+01 1.526219691385972133e-01
-9.107881998155110637e+01 1.574454340467338065e-01
-9.073316981084313682e+01 1.624009714566152229e-01
-9.038751964013516726e+01 1.674913627173515163e-01
-9.004186946942719771e+01 1.727194175582411340e-01
-8.969621929871921395e+01 1.780879741118723547e-01
-8.935056912801123019e+01 1.835998978382623603e-01
-8.900491895730326064e+01 1.892580812079276698e-01
-8.865926878659529109e+01 1.950654430296875907e-01
-8.831361861588730733e+01 2.010249276884379377e-01
-8.796796844517933778e+01 2.071395049628966534e-01
-8.762231827447136823e+01 2.134121687681819479e-01
-8.727666810376339868e+01 2.198459372761460695e-01
-8.693101793305541491e+01 2.264438516122062595e-01
-8.658536776234744536e+01 2.332089758963917792e-01
-8.623971759163947581e+01 2.401443963528599457e-01
-8.589406742093150626e+01 2.472532204846010495e-01
-8.554841725022353671e+01 2.545385773134637986e-01
-8.520276707951555295e+01 2.620036159527535657e-01
-8.485711690880756919e+01 2.696515059810697945e-01
-8.451146673809961385e+01 2.774854362566971933e-01
-8.416581656739163009e+01 2.855086150551464086e-01
-8.382016639668366054e+01 2.937242693601251897e-01
-8.347451622597569099e+01 3.021356448013342577e-01
-8.312886605526772144e+01 3.107460051437523352e-01
-8.278321588455975188e+01 3.195586322149511771e-01
-8.243756571385176812e+01 3.285768257831791495e-01
-8.209191554314379857e+01 3.378039033723095330e-01
-8.174626537243582902e+01 3.472432002252803240e-01
-8.140061520172784526e+01 3.568980695859025887e-01
-8.105496503101986150e+01 3.667718826491220829e-01
-8.070931486031189195e+01 3.768680286974398497e-01
-8.036366468960392240e+01 3.871899157646107592e-01
-8.001801451889595285e+01 3.977409707749399725e-01
-7.967236434818798330e+01 4.085246400805088718e-01
-7.932671417747999953e+01 4.195443903742258618e-01
-7.898106400677201577e+01 4.308037090921353340e-01
-7.863541383606404622e+01 4.423061055487790272e-01
-7.828976366535607667e+01 4.540551116910050977e-01
-7.794411349464809291e+01 4.660542836324554905e-01
-7.759846332394013757e+01 4.783072023819512908e-01
-7.725281315323215381e+01 4.908174758033869711e-01
-7.690716298252419847e+01 5.035887397147337241e-01
-7.656151281181621471e+01 5.166246599981973997e-01
-7.621586264110823095e+01 5.299289341160695610e-01
-7.587021247040024718e+01 5.435052935857290768e-01
-7.552456229969229184e+01 5.573575056247020987e-01
-7.517891212898430808e+01 5.714893761583214049e-01
-7.483326195827635274e+01 5.859047519471616283e-01
-7.448761178756836898e+01 6.006075233773077171e-01
-7.414196161686038522e+01 6.156016277759114308e-01
-7.379631144615242988e+01 6.308910520624965157e-01
-7.345066127544444612e+01 6.464798363959406435e-01
-7.310501110473646236e+01 6.623720774773448339e-01
-7.275936093402849281e+01 6.785719326135940532e-01
-7.241371076332052326e+01 6.950836233378155926e-01
-7.206806059261253949e+01 7.119114398377397457e-01
-7.172241042190458415e+01 7.290597450186028228e-01
-7.137676025119660039e+01 7.465329794880556369e-01
-7.103111008048863084e+01 7.643356660538151992e-01
-7.068545990978066129e+01 7.824724150181410209e-01
-7.033980973907267753e+01 8.009479291009229396e-01
-6.999415956836469377e+01 8.197670094080605763e-01
-6.964850939765672422e+01 8.389345607074418787e-01
-6.930285922694875467e+01 8.584555976487689977e-01
-6.895720905624077091e+01 8.783352509216304504e-01
-6.861155888553281557e+01 8.985787735384193065e-01
-6.826590871482483180e+01 9.191915476186622858e-01
-6.792025854411686225e+01 9.401790913212046963e-01
-6.757460837340889270e+01 9.615470656972189278e-01
-6.722895820270090894e+01 9.833012823725535423e-01
-6.688330803199295360e+01 1.005447710975453601e+00
-6.653765786128496984e+01 1.027992486901236457e+00
-6.619200769057700029e+01 1.050941919343845843e+00
-6.584635751986901653e+01 1.074302499959211454e+00
-6.550070734916104698e+01 1.098080910604730009e+00
-6.515505717845306322e+01 1.122284032987256985e+00
-6.480940700774510788e+01 1.146918956710519133e+00
-6.446375683703712411e+01 1.171992989324802448e+00
-6.411810666632914035e+01 1.197513665062312604e+00
-6.377245649562117791e+01 1.223488754521559807e+00
-6.342680632491320836e+01 1.249926275317972957e+00
-6.308115615420523170e+01 1.276834500677357820e+00
-6.273550598349725504e+01 1.304221971153212367e+00
-6.238985581278927839e+01 1.332097504102107255e+00
-6.204420564208130884e+01 1.360470204885569245e+00
-6.169855547137333218e+01 1.389349477421720991e+00
-6.135290530066535553e+01 1.418745035666331589e+00
-6.100725512995738598e+01 1.448666914148770246e+00
-6.066160495924940932e+01 1.479125480514293489e+00
-6.031595478854143977e+01 1.510131446233868413e+00
-5.997030461783346311e+01 1.541695878732752156e+00
-5.962465444712549356e+01 1.573830213796973521e+00
-5.927900427641750980e+01 1.606546267325995592e+00
-5.893335410570954025e+01 1.639856247833278102e+00
-5.858770393500157070e+01 1.673772769253482506e+00
-5.824205376429360115e+01 1.708308863401714062e+00
-5.789640359358562449e+01 1.743477993083603295e+00
-5.755075342287764784e+01 1.779294065192964513e+00
-5.720510325216967118e+01 1.815771443779767402e+00
-5.685945308146169452e+01 1.852924963752706988e+00
-5.651380291075372497e+01 1.890769944316350371e+00
-5.616815274004574832e+01 1.929322202754621962e+00
-5.582250256933777166e+01 1.968598068401878454e+00
-5.547685239862980211e+01 2.008614396757192111e+00
-5.513120222792183256e+01 2.049388583364994965e+00
-5.478555205721385590e+01 2.090938579170858791e+00
-5.443990188650587925e+01 2.133282903705662203e+00
-5.409425171579790970e+01 2.176440661114219743e+00
-5.374860154508994015e+01 2.220431553976439432e+00
-5.340295137438196349e+01 2.265275899165543727e+00
-5.305730120367398683e+01 2.310994642429496704e+00
-5.271165103296601018e+01 2.357609373983680534e+00
-5.236600086225803352e+01 2.405142344020589462e+00
-5.202035069155006397e+01 2.453616477939960294e+00
-5.167470052084208731e+01 2.503055392804615309e+00
-5.132905035013411776e+01 2.553483412491205140e+00
-5.098340017942614111e+01 2.604925584196269295e+00
-5.063775000871817156e+01 2.657407694492138539e+00
-5.029209983801020201e+01 2.710956285553056677e+00
-4.994644966730222535e+01 2.765598671670363551e+00
-4.960079949659425580e+01 2.821362955842510178e+00
-4.925514932588627914e+01 2.878278046315192906e+00
-4.890949915517829538e+01 2.936373673521231797e+00
-4.856384898447031873e+01 2.995680406971827470e+00
-4.821819881376234918e+01 3.056229671908007095e+00
-4.787254864305437252e+01 3.118053767089453920e+00
-4.752689847234640297e+01 3.181185881134160898e+00
-4.718124830163843342e+01 3.245660110206424864e+00
-4.683559813093046387e+01 3.311511475571703222e+00
-4.648994796022248721e+01 3.378775940113593723e+00
-4.614429778951451055e+01 3.447490426411528919e+00
-4.579864761880654100e+01 3.517692833667657393e+00
-4.545299744809855724e+01 3.589422055657435440e+00
-4.510734727739058769e+01 3.662717996955473954e+00
-4.476169710668261104e+01 3.737621591584712188e+00
-4.441604693597463438e+01 3.814174818897266839e+00
-4.407039676526666483e+01 3.892420721847052345e+00
-4.372474659455869528e+01 3.972403422935215200e+00
-4.337909642385071862e+01 4.054168141613800458e+00
-4.303344625314274907e+01 4.137761210927486388e+00
-4.268779608243477242e+01 4.223230093344385594e+00
-4.234214591172679576e+01 4.310623397226960307e+00
-4.199649574101881910e+01 4.399990892804932052e+00
-4.165084557031084955e+01 4.491383526870701637e+00
-4.130519539960288000e+01 4.584853438405247061e+00
-4.095954522889489624e+01 4.680453972921045036e+00
-4.061389505818692669e+01 4.778239696052794194e+00
-4.026824488747895714e+01 4.878266407518167647e+00
-3.992259471677098759e+01 4.980591153328997045e+00
-3.957694454606300383e+01 5.085272238015509316e+00
-3.923129437535503428e+01 5.192369235931221461e+00
-3.888564420464705762e+01 5.301943001175103198e+00
-3.853999403393908807e+01 5.414055676996088806e+00
-3.819434386323111141e+01 5.528770704612034237e+00
-3.784869369252313476e+01 5.646152829242107707e+00
-3.750304352181516521e+01 5.766268107048011515e+00
-3.715739335110718855e+01 5.889183908641500764e+00
-3.681174318039921900e+01 6.014968922690110631e+00
-3.646609300969123524e+01 6.143693157195861509e+00
-3.612044283898326569e+01 6.275427938630074642e+00
-3.577479266827529614e+01 6.410245910550721682e+00
-3.542914249756732659e+01 6.548221028389135334e+00
-3.508349232685934282e+01 6.689428553990085291e+00
-3.473784215615137327e+01 6.833945046181762351e+00
-3.439219198544339662e+01 6.981848349967982870e+00
-3.404654181473541996e+01 7.133217582617900732e+00
-3.370089164402745041e+01 7.288133117052869814e+00
-3.335524147331948086e+01 7.446676562066603999e+00
-3.300959130261150420e+01 7.608930739462032911e+00
-3.266394113190352755e+01 7.774979657880397355e+00
-3.231829096119555800e+01 7.944908482889059265e+00
-3.197264079048758134e+01 8.118803502835307384e+00
-3.162699061977960824e+01 8.296752091581730326e+00
-3.128134044907163513e+01 8.478842665795683686e+00
-3.093569027836365848e+01 8.665164638441881451e+00
-3.059004010765568182e+01 8.855808367206572385e+00
-3.024438993694771227e+01 9.050865097621764832e+00
-2.989873976623973917e+01 9.250426901201553420e+00
-2.955308959553176607e+01 9.454586607466980652e+00
-2.920743942482378941e+01 9.663437730521200919e+00
-2.886178925411581631e+01 9.877074388649582204e+00
-2.851613908340784320e+01 1.009559121825899197e+01
-2.817048891269986655e+01 1.031908327999221697e+01
-2.782483874199189344e+01 1.054764595816754280e+01
-2.747918857128392034e+01 1.078137485277059326e+01
-2.713353840057595079e+01 1.102036566289743114e+01
-2.678788822986797413e+01 1.126471406252462515e+01
-2.644223805915999748e+01 1.151451556761918837e+01
-2.609658788845202082e+01 1.176986539397042719e+01
-2.575093771774405127e+01 1.203085830581839843e+01
-2.540528754703608172e+01 1.229758845515846488e+01
-2.505963737632810506e+01 1.257014921042859257e+01
-2.471398720562013196e+01 1.284863297523039449e+01
-2.436833703491215530e+01 1.313313099601715628e+01
-2.402268686420418220e+01 1.342373315887467911e+01
-2.367703669349620910e+01 1.372052777461310313e+01
-2.333138652278823599e+01 1.402360135222922999e+01
-2.298573635208026289e+01 1.433303836007242182e+01
-2.264008618137228979e+01 1.464892097462555753e+01
-2.229443601066431313e+01 1.497132881658095371e+01
-2.194878583995633647e+01 1.530033867367495759e+01
-2.160313566924836692e+01 1.563602421024420153e+01
-2.125748549854039382e+01 1.597845566348214774e+01
-2.091183532783242072e+01 1.632769952540269642e+01
-2.056618515712444406e+01 1.668381821131070808e+01
-2.022053498641647096e+01 1.704686971381226002e+01
-1.987488481570849785e+01 1.741690724277280822e+01
-1.952923464500052120e+01 1.779397885076874886e+01
-1.918358447429254809e+01 1.817812704446594907e+01
-1.883793430358457499e+01 1.856938838131875613e+01
-1.849228413287660189e+01 1.896779305242003488e+01
-1.814663396216862878e+01 1.937336445080478242e+01
-1.780098379146065213e+01 1.978611872612939138e+01
-1.745533362075267902e+01 2.020606432587742418e+01
-1.710968345004470592e+01 2.063320152264290286e+01
-1.676403327933673282e+01 2.106752192926091638e+01
-1.641838310862875971e+01 2.150900800112171396e+01
-1.607273293792078306e+01 2.195763252696217194e+01
-1.572708276721280996e+01 2.241335810853867727e+01
-1.538143259650483685e+01 2.287613662984892571e+01
-1.503578242579686197e+01 2.334590871748688912e+01
-1.469013225508888887e+01 2.382260319224657863e+01
-1.434448208438091399e+01 2.430613651356591021e+01
-1.399883191367294089e+01 2.479641221840993026e+01
-1.365318174296496778e+01 2.529332035500150866e+01
-1.330753157225699290e+01 2.579673691432622817e+01
-1.296188140154901802e+01 2.630652325944092240e+01
-1.261623123084104670e+01 2.682252555577546360e+01
-1.227058106013307182e+01 2.734457420360873314e+01
-1.192493088942509871e+01 2.787248327490252109e+01
-1.157928071871712561e+01 2.840604995704709523e+01
-1.123363054800914895e+01 2.894505400556807473e+01
-1.088798037730117585e+01 2.948925720825061703e+01
-1.054233020659320275e+01 3.003840286410421356e+01
-1.019668003588522964e+01 3.059221527888684733e+01
-9.851029865177256539e+00 3.115039928144826931e+01
-9.505379694469281660e+00 3.171263976287971431e+01
-9.159729523761306780e+00 3.227860124287579424e+01
-8.814079353053333676e+00 3.284792746587668688e+01
-8.468429182345360573e+00 3.342024103146775360e+01
-8.122779011637387470e+00 3.399514306193031388e+01
-7.777128840929411702e+00 3.457221291179391187e+01
-7.431478670221437710e+00 3.515100792285815601e+01
-7.085828499513464607e+00 3.573106322889564268e+01
-6.740178328805489727e+00 3.631189161487834127e+01
-6.394528158097516624e+00 3.689298343470844799e+01
-6.048877987389543520e+00 3.747380659197763464e+01
-5.703227816681568640e+00 3.805380658897886548e+01
-5.357577645973594649e+00 3.863240664802425073e+01
-5.011927475265620657e+00 3.920900791042851097e+01
-4.666277304557647554e+00 3.978298971777813620e+01
-4.320627133849673562e+00 4.035370998026925093e+01
-3.974976963141699571e+00 4.092050563765740634e+01
-3.629326792433725579e+00 4.148269321664148634e+01
-3.283676621725751588e+00 4.203956949086614259e+01
-2.938026451017777596e+00 4.259041224701184092e+01
-2.592376280309803604e+00 4.313448116297004020e+01
-2.246726109601830501e+00 4.367101880132275937e+01
-1.901075938893856510e+00 4.419925172347166153e+01
-1.555425768185882296e+00 4.471839172796675399e+01
-1.209775597477908526e+00 4.522763721697602080e+01
-8.641254267699347569e-01 4.572617469398232970e+01
-5.184752560619607653e-01 4.621318039625321461e+01
-1.728250853539869125e-01 4.668782206364182485e+01
1.728250853539869125e-01 4.714926084603647638e+01
5.184752560619607653e-01 4.759665335048328672e+01
8.641254267699347569e-01 4.802915382802066091e+01
1.209775597477908526e+00 4.844591649945262901e+01
1.555425768185882296e+00 4.884609801874172064e+01
1.901075938893856510e+00 4.922886007069338632e+01
2.246726109601830501e+00 4.959337209904641952e+01
2.592376280309803604e+00 4.993881415937485002e+01
2.938026451017777596e+00 5.026437988973733439e+01
3.283676621725751588e+00 5.056927959031312980e+01
3.629326792433725579e+00 5.085274340186891351e+01
3.974976963141699571e+00 5.111402457047537240e+01
4.320627133849673562e+00 5.135240278474378783e+01
4.666277304557647554e+00 5.156718756904985668e+01
5.011927475265620657e+00 5.175772171494113394e+01
5.357577645973594649e+00 5.192338473045320768e+01
5.703227816681568640e+00 5.206359628513755666e+01
6.048877987389543520e+00 5.217781962675282159e+01
6.394528158097516624e+00 5.226556494372601236e+01
6.740178328805489727e+00 5.232639264551105640e+01
7.085828499513464607e+00 5.235991653180946059e+01
7.431478670221437710e+00 5.236580682021195088e+01
7.777128840929411702e+00 5.234379300068410856e+01
8.122779011637387470e+00 5.229366648487626179e+01
8.468429182345360573e+00 5.221528301782220893e+01
8.814079353053333676e+00 5.210856481997734591e+01
9.159729523761306780e+00 5.197350242789087815e+01
9.505379694469281660e+00 5.181015620348918560e+01
9.851029865177256539e+00 5.161865748316157010e+01
1.019668003588522964e+01 5.139920934063009383e+01
1.054233020659320275e+01 5.115208693994098610e+01
1.088798037730117585e+01 5.087763745892938516e+01
1.123363054800914895e+01 5.057627956691966631e+01
1.157928071871712561e+01 5.024850244542196975e+01
1.192493088942509871e+01 4.989486434507693957e+01
1.227058106013307182e+01 4.951599067775737950e+01
1.261623123084104670e+01 4.911257164824018417e+01
1.296188140154901802e+01 4.868535943545174405e+01
1.330753157225699290e+01 4.823516493954758744e+01
1.365318174296496778e+01 4.776285411699051053e+01
1.399883191367294089e+01 4.726934393100989951e+01
1.434448208438091399e+01 4.675559795120791762e+01
1.469013225508888887e+01 4.622262164017762132e+01
1.503578242579686197e+01 4.567145737041835929e+01
1.538143259650483685e+01 4.510317921827750354e+01
1.572708276721280996e+01 4.451888758522967038e+01
1.607273293792078306e+01 4.391970369896955617e+01
1.641838310862875971e+01 4.330676404852734152e+01
1.676403327933673282e+01 4.268121480839648996e+01
1.710968345004470592e+01 4.204420630621804378e+01
1.745533362075267902e+01 4.139688758748268782e+01
1.780098379146065213e+01 4.074040112881446163e+01
1.814663396216862878e+01 4.007587774828964911e+01
1.849228413287660189e+01 3.940443175772924889e+01
1.883793430358457499e+01 3.872715639752096450e+01
1.918358447429254809e+01 3.804511958974229202e+01
1.952923464500052120e+01 3.735936003986091691e+01
1.987488481570849785e+01 3.667088371165448279e+01
2.022053498641647096e+01 3.598066069430254998e+01
2.056618515712444406e+01 3.528962247438210653e+01
2.091183532783242072e+01 3.459865961990634986e+01
2.125748549854039382e+01 3.390861987761634566e+01
2.160313566924836692e+01 3.322030667964721573e+01
2.194878583995633647e+01 3.253447805031553486e+01
2.229443601066431313e+01 3.185184589940541500e+01
2.264008618137228979e+01 3.117307568440939392e+01
2.298573635208026289e+01 3.049878642038289556e+01
2.333138652278823599e+01 2.982955101354809102e+01
2.367703669349620910e+01 2.916589689225728321e+01
2.402268686420418220e+01 2.850830690741139861e+01
2.436833703491215530e+01 2.785722047326612838e+01
2.471398720562013196e+01 2.721303491901338134e+01
2.505963737632810506e+01 2.657610702157099070e+01
2.540528754703608172e+01 2.594675469043756166e+01
2.575093771774405127e+01 2.532525877617477761e+01
2.609658788845202082e+01 2.471186497548766781e+01
2.644223805915999748e+01 2.410678580722308340e+01
2.678788822986797413e+01 2.351020263519325582e+01
2.713353840057595079e+01 2.292226771595870360e+01
2.747918857128392034e+01 2.234310625120124882e+01
2.782483874199189344e+01 2.177281842679279578e+01
2.817048891269986655e+01 2.121148142245300861e+01
2.851613908340784320e+01 2.065915137806235080e+01
2.886178925411581631e+01 2.011586530452238719e+01
2.920743942482378941e+01 1.958164292915580873e+01
2.955308959553176607e+01 1.905648846719601508e+01
2.989873976623973917e+01 1.854039231268194143e+01
3.024438993694771227e+01 1.803333264361102195e+01
3.059004010765568182e+01 1.753527693742818272e+01
3.093569027836365848e+01 1.704618339422856366e+01
3.128134044907163513e+01 1.656600226625716843e+01
3.162699061977960824e+01 1.609467709298112226e+01
3.197264079048758134e+01 1.563214584191847933e+01
3.231829096119555800e+01 1.517834195619190574e+01
3.266394113190352755e+01 1.473319531001434157e+01
3.300959130261150420e+01 1.429663307431515307e+01
3.335524147331948086e+01 1.386858049447220331e+01
3.370089164402745041e+01 1.344896158287374988e+01
3.404654181473541996e+01 1.303769972898863827e+01
3.439219198544339662e+01 1.263471823005589201e+01
3.473784215615137327e+01 1.223994074532511078e+01
3.508349232685934282e+01 1.185329167717142695e+01
3.542914249756732659e+01 1.147469648240619833e+01
3.577479266827529614e+01 1.110408191694131652e+01
3.612044283898326569e+01 1.074137621752359095e+01
3.646609300969123524e+01 1.038650922373285468e+01
3.681174318039921900e+01 1.003941244400399491e+01
3.715739335110718855e+01 9.700019069093800184e+00
3.750304352181516521e+01 9.368263936815424131e+00
3.784869369252313476e+01 9.044083451616362623e+00
3.819434386323111141e+01 8.727415462951748637e+00
3.853999403393908807e+01 8.418199106250888519e+00
3.888564420464705762e+01 8.116374610520608712e+00
3.923129437535503428e+01 7.821883076501492837e+00
3.957694454606300383e+01 7.534666229765876189e+00
3.992259471677098759e+01 7.254666152664580814e+00
4.026824488747895714e+01 6.981824999494941508e+00
4.061389505818692669e+01 6.716084699048488815e+00
4.095954522889489624e+01 6.457386649024931202e+00
4.130519539960288000e+01 6.205671406261918932e+00
4.165084557031084955e+01 5.960878377266548789e+00
4.199649574101881910e+01 5.722945512801713264e+00
4.234214591172679576e+01 5.491809010894470156e+00
4.268779608243477242e+01 5.267403031726527907e+00
4.303344625314274907e+01 5.049659428368610037e+00
4.337909642385071862e+01 4.838507496383847695e+00
4.372474659455869528e+01 4.633873745750984874e+00
4.407039676526666483e+01 4.435681697689067171e+00
4.441604693597463438e+01 4.243851708952456114e+00
4.476169710668261104e+01 4.058300825646941057e+00
4.510734727739058769e+01 3.878942668299874441e+00
4.545299744809855724e+01 3.705687349596056723e+00
4.579864761880654100e+01 3.538441425354840408e+00
4.614429778951451055e+01 3.377107879620290465e+00
4.648994796022248721e+01 3.221586143552494619e+00
4.683559813093046387e+01 3.071772148044470185e+00
4.718124830163843342e+01 2.927558408962275927e+00
4.752689847234640297e+01 2.788834144168983009e+00
4.787254864305437252e+01 2.655485420472804226e+00
4.821819881376234918e+01 2.527395328951419273e+00
4.856384898447031873e+01 2.404444186276556650e+00
4.890949915517829538e+01 2.286509759792151542e+00
4.925514932588627914e+01 2.173467513616269997e+00
4.960079949659425580e+01 2.065190873077180633e+00
4.994644966730222535e+01 1.961551504392870404e+00
5.029209983801020201e+01 1.862419606911297487e+00
5.063775000871817156e+01 1.767664214447316695e+00
5.098340017942614111e+01 1.677153503291188175e+00
5.132905035013411776e+01 1.590755103210218291e+00
5.167470052084208731e+01 1.508336409250229160e+00
5.202035069155006397e+01 1.429764890953721501e+00
5.236600086225803352e+01 1.354908396965549100e+00
5.271165103296601018e+01 1.283635452075710504e+00
5.305730120367398683e+01 1.215815544911174717e+00
5.340295137438196349e+01 1.151319403984150780e+00
5.374860154508994015e+01 1.090019260430737047e+00
5.409425171579790970e+01 1.031789095921648247e+00
5.443990188650587925e+01 9.765048743801724163e-01
5.478555205721385590e+01 9.240447566038487714e-01
5.513120222792183256e+01 8.742892968225223216e-01
5.547685239862980211e+01 8.271216207482010585e-01
5.582250256933777166e+01 7.824275846658510503e-01
5.616815274004574832e+01 7.400959157382297482e-01
5.651380291075372497e+01 7.000183330281142258e-01
5.685945308146169452e+01 6.620896500729787082e-01
5.720510325216967118e+01 6.262078590468375117e-01
5.755075342287764784e+01 5.922741972408716027e-01
5.789640359358562449e+01 5.601931963883558518e-01
5.824205376429360115e+01 5.298727158502580803e-01
5.858770393500157070e+01 5.012239603021803047e-01
5.893335410570954025e+01 4.741614829621529914e-01
5.927900427641750980e+01 4.486031754197365440e-01
5.962465444712549356e+01 4.244702449502658625e-01
5.997030461783346311e+01 4.016871804838232918e-01
6.031595478854143977e+01 3.801817082645080892e-01
6.066160495924940932e+01 3.598847382180495047e-01
6.100725512995738598e+01 3.407303021434990309e-01
6.135290530066535553e+01 3.226554846109678243e-01
6.169855547137333218e+01 3.056003477063015117e-01
6.204420564208130884e+01 2.895078505140779579e-01
6.238985581278927839e+01 2.743237640980412673e-01
6.273550598349725504e+01 2.599965830079942752e-01
6.308115615420523170e+01 2.464774340050422397e-01
6.342680632491320836e+01 2.337199828509443633e-01
6.377245649562117791e+01 2.216803395682876709e-01
6.411810666632914035e+01 2.103169631686162278e-01
6.446375683703712411e+01 1.995905661025662026e-01
6.480940700774510788e+01 1.894640191349391822e-01
6.515505717845306322e+01 1.799022569781037195e-01
6.550070734916104698e+01 1.708721851132549707e-01
6.584635751986901653e+01 1.623425882451603464e-01
6.619200769057700029e+01 1.542840405872916432e-01
6.653765786128496984e+01 1.466688182609426905e-01
6.688330803199295360e+01 1.394708139810855729e-01
6.722895820270090894e+01 1.326654543361208138e-01
6.757460837340889270e+01 1.262296197468074921e-01
6.792025854411686225e+01 1.201415670876459646e-01
6.826590871482483180e+01 1.143808553368868136e-01
6.861155888553281557e+01 1.089282739636705938e-01
6.895720905624077091e+01 1.037657743813720362e-01
6.930285922694875467e+01 9.887640421458963880e-02
6.964850939765672422e+01 9.424424473611640873e-02
6.999415956836469377e+01 8.985435096833992163e-02
7.033980973907267753e+01 8.569269497216315534e-02
7.068545990978066129e+01 8.174611168371771763e-02
7.103111008048863084e+01 7.800224775484532191e-02
7.137676025119660039e+01 7.444951304883988541e-02
7.172241042190458415e+01 7.107703481893759556e-02
7.206806059261253949e+01 6.787461445948944627e-02
7.241371076332052326e+01 6.483268679056898576e-02
7.275936093402849281e+01 6.194228187586595102e-02
7.310501110473646236e+01 5.919498921271095643e-02
7.345066127544444612e+01 5.658292429889388853e-02
7.379631144615242988e+01 5.409869752383843211e-02
7.414196161686038522e+01 5.173538544009048668e-02
7.448761178756836898e+01 4.948650416234955107e-02
7.483326195827635274e+01 4.734598533901964584e-02
7.517891212898430808e+01 4.530815428866985517e-02
7.552456229969229184e+01 4.336771089989292782e-02
7.587021247040024718e+01 4.151971299162161150e-02
7.621586264110823095e+01 3.975956288189585325e-02
7.656151281181621471e+01 3.808299708940156292e-02
7.690716298252419847e+01 3.648608005985732455e-02
7.725281315323215381e+01 3.496520247024879208e-02
7.759846332394013757e+01 3.351708532729423540e-02
7.794411349464809291e+01 3.213879113412784067e-02
7.828976366535607667e+01 3.082774438453248639e-02
7.863541383606404622e+01 2.958176403087295001e-02
7.898106400677201577e+01 2.839911214077153051e-02
7.932671417747999953e+01 2.727856438422140636e-02
7.967236434818798330e+01 2.621951045614726028e-02
8.001801451889595285e+01 2.522209618303040968e-02
8.036366468960392240e+01 2.428742425299529675e-02
8.070931486031189195e+01 2.341783838275385624e-02
8.105496503101986150e+01 2.261732707903026454e-02
8.140061520172784526e+01 2.189210090091046543e-02
8.174626537243582902e+01 2.125142188083677455e-02
8.209191554314379857e+01 2.070880205563102594e-02
8.243756571385176812e+01 2.028373884866373558e-02
8.278321588455975188e+01 2.000422208550237460e-02
8.312886605526772144e+01 1.991031192529553462e-02
8.347451622597569099e+01 2.005908624413498334e-02
8.382016639668366054e+01 2.053098364761585595e-02
8.416581656739163009e+01 2.143642831803365886e-02
8.451146673809961385e+01 2.291801422027095816e-02
8.485711690880756919e+01 2.513353787475071724e-02
8.520276707951555295e+01 2.818100252627585636e-02
8.554841725022353671e+01 3.188165757434500286e-02
8.589406742093150626e+01 3.531477781983081987e-02
8.623971759163947581e+01 3.630205472382830312e-02
8.658536776234744536e+01 3.249215855837839229e-02
8.693101793305541491e+01 2.651827093780199929e-02
8.727666810376339868e+01 2.065444529588018538e-02
8.762231827447136823e+01 1.579221705274895179e-02
8.796796844517933778e+01 1.203874625008913637e-02
8.831361861588730733e+01 9.223751465049176770e-03
8.865926878659529109e+01 7.129874589789873644e-03
8.900491895730326064e+01 5.569022140067043762e-03
8.935056912801123019e+01 4.396959512516149943e-03
8.969621929871921395e+01 3.508240555469461369e-03
9.004186946942719771e+01 2.827145432221650056e-03
9.038751964013516726e+01 2.299501710952789931e-03
9.073316981084313682e+01 1.886415226958052839e-03
9.107881998155110637e+01 1.559756717497863456e-03
9.142447015225909013e+01 1.298994778493183910e-03
9.177012032296707389e+01 1.088992836160666963e-03
9.211577049367502923e+01 9.184765742256791521e-04
9.246142066438301299e+01 7.789627679865646559e-04
9.280707083509098254e+01 6.640050633973985060e-04
9.315272100579895209e+01 5.686583281894184473e-04
9.349837117650693585e+01 4.890947565122787414e-04
9.384402134721490540e+01 4.223259056742017918e-04
9.418967151792287495e+01 3.659997487142468411e-04
9.453532168863084451e+01 3.182508956419104738e-04
9.488097185933881406e+01 2.775892772221488433e-04
9.522662203004678361e+01 2.428164135575141896e-04
9.557227220075476737e+01 2.129622257833009352e-04
9.591792237146273692e+01 1.872366859132578538e-04
9.626357254217072068e+01 1.649927266198394471e-04
9.660922271287867602e+01 1.456974906350644750e-04
9.695487288358665978e+01 1.289099067928123289e-04
9.730052305429462933e+01 1.142631300171880832e-04
9.764617322500259888e+01 1.014506242304504782e-04
9.799182339571058264e+01 9.021514775665840594e-05
9.833747356641856641e+01 8.033991532507256373e-05
9.868312373712655017e+01 7.164154968456072766e-05
9.902877390783451972e+01 6.396429475308089679e-05
9.937442407854248927e+01 5.717546621272768501e-05
9.972007424925047303e+01 5.116158559195216733e-05
1.000657244199584284e+02 4.582533266978581159e-05
1.004113745906664121e+02 4.108294676612480581e-05
1.007570247613743817e+02 3.686220293862320905e-05
1.011026749320823512e+02 3.310054860702627406e-05
1.014483251027903208e+02 2.974375394162901369e-05
1.017939752734982903e+02 2.674464650586958113e-05
1.021396254442062741e+02 2.406209751352978370e-05
1.024852756149142579e+02 2.166017441015908451e-05
1.028309257856222132e+02 1.950740015283158001e-05
1.031765759563301970e+02 1.757617864630445434e-05
1.035222261270381665e+02 1.584221440022588363e-05
1.038678762977461361e+02 1.428413270575209888e-05
1.042135264684541198e+02 1.288305513433998000e-05
1.045591766391620894e+02 1.162231294729025039e-05
1.049048268098700589e+02 1.048710661367181242e-05
1.052504769805780285e+02 9.464372253886279800e-06
1.055961271512860122e+02 8.542450346446571900e-06
1.059417773219939818e+02 7.711012089076723047e-06
1.062874274927019513e+02 6.960825934444245669e-06
1.066330776634099351e+02 6.283699021505697537e-06
1.069787278341179189e+02 5.672272850341031847e-06
1.073243780048258884e+02 5.120001390474519994e-06
1.076700281755338580e+02 4.621013975339272983e-06
1.080156783462418275e+02 4.170055022032179418e-06
1.083613285169498113e+02 3.762413679707147928e-06
1.087069786876577666e+02 3.393851177034736875e-06
1.090526288583657504e+02 3.060580591792481458e-06
1.093982790290737341e+02 2.759173633214072066e-06
1.097439291997817037e+02 2.486566766835673368e-06
1.100895793704896732e+02 2.239984349377346426e-06
1.104352295411976570e+02 2.016943850991195993e-06
1.107808797119056123e+02 1.815188136255338669e-06
1.111265298826135961e+02 1.632699813614701880e-06
1.114721800533215657e+02 1.467648928473577357e-06
1.118178302240295352e+02 1.318380069236456833e-06
1.121634803947375048e+02 1.183418178517864985e-06
1.125091305654454885e+02 1.061393131752915390e-06
1.128547807361534581e+02 9.511146606331749302e-07
1.132004309068614418e+02 8.514571258684518983e-07
1.135460810775693972e+02 7.614408070492869779e-07
1.138917312482773809e+02 6.801438589593530298e-07
1.142373814189853505e+02 6.067647550696524775e-07
1.145830315896933200e+02 5.405427305414238288e-07
1.149286817604013038e+02 4.808107308494604145e-07
1.152743319311092876e+02 4.269390812266088271e-07
1.156199821018172713e+02 3.783775700118519534e-07
1.159656322725252409e+02 3.346015488697903888e-07
1.163112824432332104e+02 2.951436785306475421e-07
1.166569326139411942e+02 2.595610747945232120e-07
1.170025827846491495e+02 2.274599324903908810e-07
1.173482329553571333e+02 1.984731918020881990e-07
1.176938831260651028e+02 1.722400692894343324e-07
1.180395332967730724e+02 1.484658864221443704e-07
1.183851834674810419e+02 1.268249663922746773e-07
1.187308336381890115e+02 1.070633659464004580e-07
1.190764838088969952e+02 8.889053595752270987e-08
1.194221339796049648e+02 7.207220050685887360e-08
1.197677841503129343e+02 5.634638442410480791e-08
1.201134343210209181e+02 4.150998853592156592e-08
1.204590844917288877e+02 2.731316680294942301e-08
1.208047346624368572e+02 1.355077495147573019e-08
1.211503848331448268e+02 0.000000000000000000e+00
