5.000000000000000000e+00 2.008673425006490201e+07
1.000000000000000000e+01 4.020412189686474204e+07
1.500000000000000000e+01 6.038285876371273398e+07
2.000000000000000000e+01 8.065372395668283105e+07
2.500000000000000000e+01 1.010476228094691932e+08
3.000000000000000000e+01 1.215956284747983962e+08
3.500000000000000000e+01 1.423290240273161232e+08
4.000000000000000000e+01 1.632793453250715137e+08
4.500000000000000000e+01 1.844784228154642880e+08
5.000000000000000000e+01 2.059584245253005028e+08
5.500000000000000000e+01 2.277518989261002839e+08
6.000000000000000000e+01 2.498918181535496116e+08
6.500000000000000000e+01 2.724116216226007938e+08
7.000000000000000000e+01 2.953452594766460657e+08
7.500000000000000000e+01 3.187272371572923064e+08
8.000000000000000000e+01 3.425926600532186627e+08
8.500000000000000000e+01 3.669772784741258621e+08
9.000000000000000000e+01 3.919175330901538730e+08
9.500000000000000000e+01 4.174506014451146126e+08
1.000000000000000000e+02 4.436144441037366986e+08
1.050000000000000000e+02 4.704478521088492870e+08
1.100000000000000000e+02 4.979904949619505405e+08
1.150000000000000000e+02 5.262829683794392347e+08
1.200000000000000000e+02 5.553668441001791954e+08
1.250000000000000000e+02 5.852847190744459629e+08
1.300000000000000000e+02 6.160802660040756464e+08
1.350000000000000000e+02 6.477982845887482166e+08
1.400000000000000000e+02 6.804847529817436934e+08
1.450000000000000000e+02 7.141868803740823269e+08
1.500000000000000000e+02 7.489531604880361557e+08
1.550000000000000000e+02 7.848334253796719313e+08
1.600000000000000000e+02 8.218788999757065773e+08
1.650000000000000000e+02 8.601422580655478239e+08
1.700000000000000000e+02 8.996776781760439873e+08
1.750000000000000000e+02 9.405409002680994272e+08
1.800000000000000000e+02 9.827892843210984468e+08
1.850000000000000000e+02 1.026481868060455799e+09
1.900000000000000000e+02 1.071679426481161118e+09
1.950000000000000000e+02 1.118444531701200247e+09
2.000000000000000000e+02 1.166841613762315035e+09
2.050000000000000000e+02 1.216937021639014006e+09
2.100000000000000000e+02 1.268799085521933556e+09
2.150000000000000000e+02 1.322498179121208429e+09
2.200000000000000000e+02 1.378106782906215668e+09
2.250000000000000000e+02 1.435699548055252075e+09
2.300000000000000000e+02 1.495353360423903465e+09
2.350000000000000000e+02 1.557147405125468254e+09
2.400000000000000000e+02 1.621163232146017551e+09
2.450000000000000000e+02 1.687484821243371487e+09
2.500000000000000000e+02 1.756198647949970245e+09
2.550000000000000000e+02 1.827393749383414745e+09
2.600000000000000000e+02 1.901161790511912584e+09
2.650000000000000000e+02 1.977597129844617605e+09
2.700000000000000000e+02 2.056796886091220379e+09
2.750000000000000000e+02 2.138861003688842773e+09
2.800000000000000000e+02 2.223892318742070198e+09
2.850000000000000000e+02 2.311996624223814011e+09
2.900000000000000000e+02 2.403282735230974674e+09
2.950000000000000000e+02 2.497862552781436920e+09
3.000000000000000000e+02 2.595851127968288422e+09
3.050000000000000000e+02 2.697366724160291195e+09
3.100000000000000000e+02 2.802530879268953323e+09
3.150000000000000000e+02 2.911468465899965286e+09
3.200000000000000000e+02 3.024307751120913982e+09
3.250000000000000000e+02 3.141180453425157070e+09
3.300000000000000000e+02 3.262221799655749798e+09
3.350000000000000000e+02 3.387570578465179443e+09
3.400000000000000000e+02 3.517369193018579960e+09
3.450000000000000000e+02 3.651763710332502365e+09
3.500000000000000000e+02 3.790903908919691563e+09
3.550000000000000000e+02 3.934943323415342808e+09
3.600000000000000000e+02 4.084039285997761250e+09
3.650000000000000000e+02 4.238352965162480831e+09
3.700000000000000000e+02 4.398049400477042198e+09
3.750000000000000000e+02 4.563297533928527832e+09
3.800000000000000000e+02 4.734270237645961761e+09
3.850000000000000000e+02 4.911144336170448303e+09
3.900000000000000000e+02 5.094100626121751785e+09
3.950000000000000000e+02 5.283323888721364021e+09
4.000000000000000000e+02 5.479002899576599121e+09
4.050000000000000000e+02 5.681330431184890747e+09
4.100000000000000000e+02 5.890503250434053421e+09
4.150000000000000000e+02 6.106722110502779961e+09
4.200000000000000000e+02 6.330191735182233810e+09
4.250000000000000000e+02 6.561120798546586037e+09
4.300000000000000000e+02 6.799721894967522621e+09
4.350000000000000000e+02 7.046211504118658066e+09
4.400000000000000000e+02 7.300809947006689072e+09
4.450000000000000000e+02 7.563741334656142235e+09
4.500000000000000000e+02 7.835233507944094658e+09
4.550000000000000000e+02 8.115517969443061829e+09
4.600000000000000000e+02 8.404829805333265305e+09
4.650000000000000000e+02 8.703407599529361725e+09
4.700000000000000000e+02 9.011493336099504471e+09
4.750000000000000000e+02 9.329332294077745438e+09
4.800000000000000000e+02 9.657172930557863235e+09
4.850000000000000000e+02 9.995266753060127258e+09
4.900000000000000000e+02 1.034386818265588951e+10
4.950000000000000000e+02 1.070323440455522537e+10
5.000000000000000000e+02 1.107362520799221420e+10
5.050000000000000000e+02 1.145530281509136009e+10
5.100000000000000000e+02 1.184853169612800026e+10
5.150000000000000000e+02 1.225357837566330528e+10
5.200000000000000000e+02 1.267071122434261894e+10
5.250000000000000000e+02 1.310020023878693008e+10
5.300000000000000000e+02 1.354231681049389076e+10
5.350000000000000000e+02 1.399733348009302139e+10
5.400000000000000000e+02 1.446552368137043571e+10
5.450000000000000000e+02 1.494716147087074852e+10
5.500000000000000000e+02 1.544252124634767532e+10
5.550000000000000000e+02 1.595187745168577385e+10
5.600000000000000000e+02 1.647550427053679085e+10
5.650000000000000000e+02 1.701367530652563095e+10
5.700000000000000000e+02 1.756666325287266159e+10
5.750000000000000000e+02 1.813473954891959381e+10
5.800000000000000000e+02 1.871817402561342621e+10
5.850000000000000000e+02 1.931723454061002731e+10
5.900000000000000000e+02 1.993218660147858429e+10
5.950000000000000000e+02 2.056329297910778046e+10
6.000000000000000000e+02 2.121081331167685699e+10
6.050000000000000000e+02 2.187500369911312485e+10
6.100000000000000000e+02 2.255611628918172073e+10
6.150000000000000000e+02 2.325439885549391937e+10
6.200000000000000000e+02 2.397009436903520203e+10
6.250000000000000000e+02 2.470344056349253845e+10
6.300000000000000000e+02 2.545466949460803223e+10
6.350000000000000000e+02 2.622400709666484451e+10
6.400000000000000000e+02 2.701167273464904022e+10
6.450000000000000000e+02 2.781787875533897400e+10
6.500000000000000000e+02 2.864283003710063934e+10
6.550000000000000000e+02 2.948672354071662903e+10
6.600000000000000000e+02 3.034974786201369476e+10
6.650000000000000000e+02 3.123208278779549026e+10
6.700000000000000000e+02 3.213389885710512924e+10
6.750000000000000000e+02 3.305535692917698288e+10
6.800000000000000000e+02 3.399660775855690384e+10
6.850000000000000000e+02 3.495779158231026459e+10
6.900000000000000000e+02 3.593903771732620239e+10
6.950000000000000000e+02 3.694046417166400909e+10
7.000000000000000000e+02 3.796217727278419495e+10
7.050000000000000000e+02 3.900427131182485199e+10
7.100000000000000000e+02 4.006682820924129486e+10
7.150000000000000000e+02 4.114991720083438873e+10
7.200000000000000000e+02 4.225359454898459625e+10
7.250000000000000000e+02 4.337790327973932648e+10
7.300000000000000000e+02 4.452287294796888733e+10
7.350000000000000000e+02 4.568851943431976318e+10
7.400000000000000000e+02 4.687484477336309814e+10
7.450000000000000000e+02 4.808183701893625641e+10
7.500000000000000000e+02 4.930947014620240784e+10
7.550000000000000000e+02 5.055770399267189789e+10
7.600000000000000000e+02 5.182648424307811737e+10
7.650000000000000000e+02 5.311574245703167725e+10
7.700000000000000000e+02 5.442539614390054321e+10
7.750000000000000000e+02 5.575534888647286987e+10
7.800000000000000000e+02 5.710549051459493256e+10
7.850000000000000000e+02 5.847569733210862732e+10
7.900000000000000000e+02 5.986583239908412933e+10
7.950000000000000000e+02 6.127574586868185425e+10
8.000000000000000000e+02 6.270527538462417603e+10
8.050000000000000000e+02 6.415424653658663177e+10
8.100000000000000000e+02 6.562247337806625366e+10
8.150000000000000000e+02 6.710975900647119904e+10
8.200000000000000000e+02 6.861589620737192535e+10
8.250000000000000000e+02 7.014066816253349304e+10
8.300000000000000000e+02 7.168384922585525513e+10
8.350000000000000000e+02 7.324520576276170349e+10
8.400000000000000000e+02 7.482449705903153992e+10
8.450000000000000000e+02 7.642147629402970886e+10
8.500000000000000000e+02 7.803589158284005737e+10
8.550000000000000000e+02 7.966748708373521423e+10
8.600000000000000000e+02 8.131600417226840210e+10
8.650000000000000000e+02 8.298118268017013550e+10
8.700000000000000000e+02 8.466276219898655701e+10
8.750000000000000000e+02 8.636048344572474670e+10
8.800000000000000000e+02 8.807408969116680908e+10
8.850000000000000000e+02 8.980332824503938293e+10
8.900000000000000000e+02 9.154795200133827209e+10
8.950000000000000000e+02 9.330772103563053894e+10
9.000000000000000000e+02 9.508240425522869873e+10
9.050000000000000000e+02 9.687178109809559631e+10
9.100000000000000000e+02 9.867564327722958374e+10
9.150000000000000000e+02 1.004937965655259094e+11
9.200000000000000000e+02 1.023260626195990448e+11
9.250000000000000000e+02 1.041722808359317780e+11
9.300000000000000000e+02 1.060323102369160767e+11
9.350000000000000000e+02 1.079060313795887451e+11
9.400000000000000000e+02 1.097933482848851624e+11
9.450000000000000000e+02 1.116941903798148193e+11
9.500000000000000000e+02 1.136085144480300598e+11
9.550000000000000000e+02 1.155363065831208649e+11
9.600000000000000000e+02 1.174775841391789551e+11
9.650000000000000000e+02 1.194323976715795746e+11
9.700000000000000000e+02 1.214008328625413055e+11
9.750000000000000000e+02 1.233830124257600098e+11
9.800000000000000000e+02 1.253790979825202942e+11
9.850000000000000000e+02 1.273892919040647278e+11
9.900000000000000000e+02 1.294138391136096954e+11
9.950000000000000000e+02 1.314530288407620850e+11
1.000000000000000000e+03 1.335071963237321167e+11
1.005000000000000000e+03 1.355767244517134399e+11
1.010000000000000000e+03 1.376620453413005676e+11
1.015000000000000000e+03 1.397636418428597717e+11
1.020000000000000000e+03 1.418820489682989807e+11
1.025000000000000000e+03 1.440178552371500549e+11
1.030000000000000000e+03 1.461717039337620544e+11
1.035000000000000000e+03 1.483442942726867371e+11
1.040000000000000000e+03 1.505363824656902771e+11
1.045000000000000000e+03 1.527487826863331604e+11
1.050000000000000000e+03 1.549823679302479553e+11
1.055000000000000000e+03 1.572380707646110229e+11
1.060000000000000000e+03 1.595168839663090820e+11
1.065000000000000000e+03 1.618198610439966431e+11
1.070000000000000000e+03 1.641481166448449402e+11
1.075000000000000000e+03 1.665028268412302246e+11
1.080000000000000000e+03 1.688852292988998413e+11
1.085000000000000000e+03 1.712966233249346619e+11
1.090000000000000000e+03 1.737383697959055481e+11
1.095000000000000000e+03 1.762118909670595398e+11
1.100000000000000000e+03 1.787186701640040588e+11
1.105000000000000000e+03 1.812602513581582642e+11
1.110000000000000000e+03 1.838382386298406067e+11
1.115000000000000000e+03 1.864542955200823975e+11
1.120000000000000000e+03 1.891101442770905457e+11
1.125000000000000000e+03 1.918075650002124939e+11
1.130000000000000000e+03 1.945483946861307373e+11
1.135000000000000000e+03 1.973345261830093689e+11
1.140000000000000000e+03 2.001679070603889465e+11
1.145000000000000000e+03 2.030505383960675049e+11
1.150000000000000000e+03 2.059844734925803833e+11
1.155000000000000000e+03 2.089718165272401123e+11
1.160000000000000000e+03 2.120147211432841797e+11
1.165000000000000000e+03 2.151153889919760437e+11
1.170000000000000000e+03 2.182760682312526550e+11
1.175000000000000000e+03 2.214990519920839539e+11
1.180000000000000000e+03 2.247866768187983704e+11
1.185000000000000000e+03 2.281413210943302917e+11
1.190000000000000000e+03 2.315654034576227417e+11
1.195000000000000000e+03 2.350613812228244019e+11
1.200000000000000000e+03 2.386317488089136963e+11
1.205000000000000000e+03 2.422790361899226379e+11
1.210000000000000000e+03 2.460058073715205994e+11
1.215000000000000000e+03 2.498146589059950867e+11
1.220000000000000000e+03 2.537082184519179993e+11
1.225000000000000000e+03 2.576891433863552856e+11
1.230000000000000000e+03 2.617601194791044006e+11
1.235000000000000000e+03 2.659238596336384888e+11
1.240000000000000000e+03 2.701831027040605774e+11
1.245000000000000000e+03 2.745406123934906616e+11
1.250000000000000000e+03 2.789991762393187866e+11
1.255000000000000000e+03 2.835616046917371826e+11
1.260000000000000000e+03 2.882307302890443726e+11
1.265000000000000000e+03 2.930094069350175781e+11
1.270000000000000000e+03 2.979005092815322876e+11
1.275000000000000000e+03 3.029069322179531860e+11
1.280000000000000000e+03 3.080315904719840088e+11
1.285000000000000000e+03 3.132774183210660400e+11
1.290000000000000000e+03 3.186473694161901855e+11
1.295000000000000000e+03 3.241444167178643799e+11
1.300000000000000000e+03 3.297715525438549194e+11
1.305000000000000000e+03 3.355317887268129272e+11
1.310000000000000000e+03 3.414281568797181396e+11
1.315000000000000000e+03 3.474637087669670410e+11
1.320000000000000000e+03 3.536415167772662964e+11
1.325000000000000000e+03 3.599646744942672729e+11
1.330000000000000000e+03 3.664362973599500732e+11
1.335000000000000000e+03 3.730595234256813965e+11
1.340000000000000000e+03 3.798375141859309082e+11
1.345000000000000000e+03 3.867734554865169678e+11
1.350000000000000000e+03 3.938705585019898682e+11
1.355000000000000000e+03 4.011320607745651855e+11
1.360000000000000000e+03 4.085612273054423828e+11
1.365000000000000000e+03 4.161613516931625366e+11
1.370000000000000000e+03 4.239357573079473267e+11
1.375000000000000000e+03 4.318877984941383057e+11
1.380000000000000000e+03 4.400208617927949219e+11
1.385000000000000000e+03 4.483383671733914185e+11
1.390000000000000000e+03 4.568437692668561401e+11
1.395000000000000000e+03 4.655405585899086304e+11
1.400000000000000000e+03 4.744322627506718750e+11
1.405000000000000000e+03 4.835224476266135864e+11
1.410000000000000000e+03 4.928147185053702393e+11
1.415000000000000000e+03 5.023127211778161621e+11
1.420000000000000000e+03 5.120201429748835449e+11
1.425000000000000000e+03 5.219407137383220215e+11
1.430000000000000000e+03 5.320782067161294556e+11
1.435000000000000000e+03 5.424364393729589844e+11
1.440000000000000000e+03 5.530192741075797119e+11
1.445000000000000000e+03 5.638306188673690186e+11
1.450000000000000000e+03 5.748744276509672852e+11
1.455000000000000000e+03 5.861547008922427979e+11
1.460000000000000000e+03 5.976754857155793457e+11
1.465000000000000000e+03 6.094408760552766113e+11
1.470000000000000000e+03 6.214550126304945068e+11
1.475000000000000000e+03 6.337220827690092773e+11
1.480000000000000000e+03 6.462463200710415039e+11
1.485000000000000000e+03 6.590320039071384277e+11
1.490000000000000000e+03 6.720834587420709229e+11
1.495000000000000000e+03 6.854050532783814697e+11
1.500000000000000000e+03 6.990011994133032227e+11
1.505000000000000000e+03 7.128763510000024414e+11
1.510000000000000000e+03 7.270350024105347900e+11
1.515000000000000000e+03 7.414816868910393066e+11
1.520000000000000000e+03 7.562209747042678223e+11
1.525000000000000000e+03 7.712574710529996338e+11
1.530000000000000000e+03 7.865958137787629395e+11
1.535000000000000000e+03 8.022406708294910889e+11
1.540000000000000000e+03 8.181967374891726074e+11
1.545000000000000000e+03 8.344687333659023438e+11
1.550000000000000000e+03 8.510613991301789551e+11
1.555000000000000000e+03 8.679794929983898926e+11
1.560000000000000000e+03 8.852277869556827393e+11
1.565000000000000000e+03 9.028110627116446533e+11
1.570000000000000000e+03 9.207341073830620117e+11
1.575000000000000000e+03 9.390017088981915283e+11
1.580000000000000000e+03 9.576186511149094238e+11
1.585000000000000000e+03 9.765897086483747559e+11
1.590000000000000000e+03 9.959196413993582764e+11
1.595000000000000000e+03 1.015613188780009888e+12
1.600000000000000000e+03 1.035675063627980225e+12
1.605000000000000000e+03 1.056109945803376099e+12
1.610000000000000000e+03 1.076922475461977295e+12
1.615000000000000000e+03 1.098117245998313110e+12
1.620000000000000000e+03 1.119698796651513672e+12
1.625000000000000000e+03 1.141671604766484131e+12
1.630000000000000000e+03 1.164040077705746826e+12
1.635000000000000000e+03 1.186808544403224854e+12
1.640000000000000000e+03 1.209981246554607422e+12
1.645000000000000000e+03 1.233562329437568359e+12
1.650000000000000000e+03 1.257555832353934570e+12
1.655000000000000000e+03 1.281965678689816650e+12
1.660000000000000000e+03 1.306795665585844482e+12
1.665000000000000000e+03 1.332049453211867432e+12
1.670000000000000000e+03 1.357730553640427002e+12
1.675000000000000000e+03 1.383842319314577393e+12
1.680000000000000000e+03 1.410387931103110596e+12
1.685000000000000000e+03 1.437370385938784424e+12
1.690000000000000000e+03 1.464792484037901855e+12
1.695000000000000000e+03 1.492656815693012451e+12
1.700000000000000000e+03 1.520965747638881104e+12
1.705000000000000000e+03 1.549721408988690674e+12
1.710000000000000000e+03 1.578925676735714355e+12
1.715000000000000000e+03 1.608580160822729004e+12
1.720000000000000000e+03 1.638686188776625000e+12
1.725000000000000000e+03 1.669244789908641357e+12
1.730000000000000000e+03 1.700256679082135742e+12
1.735000000000000000e+03 1.731722240049641113e+12
1.740000000000000000e+03 1.763641508362613525e+12
1.745000000000000000e+03 1.796014153858597168e+12
1.750000000000000000e+03 1.828839462731062500e+12
1.755000000000000000e+03 1.862116319189485596e+12
1.760000000000000000e+03 1.895843186716664062e+12
1.765000000000000000e+03 1.930018088935538086e+12
1.770000000000000000e+03 1.964638590094334473e+12
1.775000000000000000e+03 1.999701775183897461e+12
1.780000000000000000e+03 2.035204229703110596e+12
1.785000000000000000e+03 2.071142019087230225e+12
1.790000000000000000e+03 2.107510667817982666e+12
1.795000000000000000e+03 2.144305138236325928e+12
1.800000000000000000e+03 2.181519809080491699e+12
1.805000000000000000e+03 2.219148453771526367e+12
1.810000000000000000e+03 2.257184218477213379e+12
1.815000000000000000e+03 2.295619599979831055e+12
1.820000000000000000e+03 2.334446423381102539e+12
1.825000000000000000e+03 2.373655819677739258e+12
1.830000000000000000e+03 2.413238203245454102e+12
1.835000000000000000e+03 2.453183249268143555e+12
1.840000000000000000e+03 2.493479871157414062e+12
1.845000000000000000e+03 2.534116198004615723e+12
1.850000000000000000e+03 2.575079552115882812e+12
1.855000000000000000e+03 2.616356426677022949e+12
1.860000000000000000e+03 2.657932463606502441e+12
1.865000000000000000e+03 2.699792431650322266e+12
1.870000000000000000e+03 2.741920204779756836e+12
1.875000000000000000e+03 2.784298740955323730e+12
1.880000000000000000e+03 2.826910061323500000e+12
1.885000000000000000e+03 2.869735229916083496e+12
1.890000000000000000e+03 2.912754333924779785e+12
1.895000000000000000e+03 2.955946464628881836e+12
1.900000000000000000e+03 2.999289699054420898e+12
1.905000000000000000e+03 3.042761082450134277e+12
1.910000000000000000e+03 3.086336611664816406e+12
1.915000000000000000e+03 3.129991219518818848e+12
1.920000000000000000e+03 3.173698760261401855e+12
1.925000000000000000e+03 3.217431996212375977e+12
1.930000000000000000e+03 3.261162585687965332e+12
1.935000000000000000e+03 3.304861072314347656e+12
1.940000000000000000e+03 3.348496875837943359e+12
1.945000000000000000e+03 3.392038284540061523e+12
1.950000000000000000e+03 3.435452449371492676e+12
1.955000000000000000e+03 3.478705379923180664e+12
1.960000000000000000e+03 3.521761942352116699e+12
1.965000000000000000e+03 3.564585859385619629e+12
1.970000000000000000e+03 3.607139712529070312e+12
1.975000000000000000e+03 3.649384946603595215e+12
1.980000000000000000e+03 3.691281876746815918e+12
1.985000000000000000e+03 3.732789698006485840e+12
1.990000000000000000e+03 3.773866497663325195e+12
1.995000000000000000e+03 3.814469270419097656e+12
2.000000000000000000e+03 3.854553936588598633e+12
2.005000000000000000e+03 3.894075363434879883e+12
2.010000000000000000e+03 3.932987389789777344e+12
2.015000000000000000e+03 3.971242854100808594e+12
2.020000000000000000e+03 4.008793626047892578e+12
2.025000000000000000e+03 4.045590641873031250e+12
2.030000000000000000e+03 4.081583943566480469e+12
2.035000000000000000e+03 4.116722722051721191e+12
2.040000000000000000e+03 4.150955364512920898e+12
2.045000000000000000e+03 4.184229506006031250e+12
2.050000000000000000e+03 4.216492085492646484e+12
2.055000000000000000e+03 4.247689406437262207e+12
2.060000000000000000e+03 4.277767202101656738e+12
2.065000000000000000e+03 4.306670705670762695e+12
2.070000000000000000e+03 4.334344725339836426e+12
2.075000000000000000e+03 4.360733724488707031e+12
2.080000000000000000e+03 4.385781907063942871e+12
2.085000000000000000e+03 4.409433308285396484e+12
2.090000000000000000e+03 4.431631890786253906e+12
2.095000000000000000e+03 4.452321646290182617e+12
2.100000000000000000e+03 4.471446702919231445e+12
2.105000000000000000e+03 4.488951438219217773e+12
2.110000000000000000e+03 4.504780597978530273e+12
2.115000000000000000e+03 4.518879420903411133e+12
2.120000000000000000e+03 4.531193769202730469e+12
2.125000000000000000e+03 4.541670265119113281e+12
2.130000000000000000e+03 4.550256433427056641e+12
2.135000000000000000e+03 4.556900849901957031e+12
2.140000000000000000e+03 4.561553295743255859e+12
2.145000000000000000e+03 4.564164917912638672e+12
2.150000000000000000e+03 4.564688395322573242e+12
2.155000000000000000e+03 4.563078110784674805e+12
2.160000000000000000e+03 4.559290328593597656e+12
2.165000000000000000e+03 4.553283377590586914e+12
2.170000000000000000e+03 4.545017839510667969e+12
2.175000000000000000e+03 4.534456742376338867e+12
2.180000000000000000e+03 4.521565758652791016e+12
2.185000000000000000e+03 4.506313407829059570e+12
2.190000000000000000e+03 4.488671263031943359e+12
2.195000000000000000e+03 4.468614161216409180e+12
2.200000000000000000e+03 4.446120416407459961e+12
2.205000000000000000e+03 4.421172035394286133e+12
2.210000000000000000e+03 4.393754935192761230e+12
2.215000000000000000e+03 4.363859161504679199e+12
2.220000000000000000e+03 4.331479107304409180e+12
2.225000000000000000e+03 4.296613730577443848e+12
2.230000000000000000e+03 4.259266770124895020e+12
2.235000000000000000e+03 4.219446958223638672e+12
2.240000000000000000e+03 4.177168228805604492e+12
2.245000000000000000e+03 4.132449919682413574e+12
2.250000000000000000e+03 4.085316967196834473e+12
2.255000000000000000e+03 4.035800091534842285e+12
2.260000000000000000e+03 3.983935970775443848e+12
2.265000000000000000e+03 3.929767401596449219e+12
2.270000000000000000e+03 3.873343444395828125e+12
2.275000000000000000e+03 3.814719550424993164e+12
2.280000000000000000e+03 3.753957668376858887e+12
2.285000000000000000e+03 3.691126327719696777e+12
2.290000000000000000e+03 3.626300695929077637e+12
2.295000000000000000e+03 3.559562606649598633e+12
2.300000000000000000e+03 3.491000555713399902e+12
2.305000000000000000e+03 3.420709661872766113e+12
2.310000000000000000e+03 3.348791589062981445e+12
2.315000000000000000e+03 3.275354427017798828e+12
2.320000000000000000e+03 3.200512527115337891e+12
2.325000000000000000e+03 3.124386290448066406e+12
2.330000000000000000e+03 3.047101905297094238e+12
2.335000000000000000e+03 2.968791031455602539e+12
2.340000000000000000e+03 2.889590429200133301e+12
2.345000000000000000e+03 2.809641531158470703e+12
2.350000000000000000e+03 2.729089955878672363e+12
2.355000000000000000e+03 2.648084962568092285e+12
2.360000000000000000e+03 2.566778847251883789e+12
2.365000000000000000e+03 2.485326281492600586e+12
2.370000000000000000e+03 2.403883595818727539e+12
2.375000000000000000e+03 2.322608011115775391e+12
2.380000000000000000e+03 2.241656822432487305e+12
2.385000000000000000e+03 2.161186540921924805e+12
2.390000000000000000e+03 2.081352000951152100e+12
2.395000000000000000e+03 2.002305440738427490e+12
2.400000000000000000e+03 1.924195566178533447e+12
2.405000000000000000e+03 1.847166608746519775e+12
2.410000000000000000e+03 1.771357389479938477e+12
2.415000000000000000e+03 1.696900401977965820e+12
2.420000000000000000e+03 1.623920928063461670e+12
2.425000000000000000e+03 1.552536200182599854e+12
2.430000000000000000e+03 1.482854624714368652e+12
2.435000000000000000e+03 1.414975080084844971e+12
2.440000000000000000e+03 1.348986302904258545e+12
2.445000000000000000e+03 1.284966374242869873e+12
2.450000000000000000e+03 1.222982316643953369e+12
2.455000000000000000e+03 1.163089810551017334e+12
2.460000000000000000e+03 1.105333036547860596e+12
2.465000000000000000e+03 1.049744647230231812e+12
2.470000000000000000e+03 9.963458697306235352e+11
2.475000000000000000e+03 9.451467369953492432e+11
2.480000000000000000e+03 8.961464429745214844e+11
2.485000000000000000e+03 8.493338140445815430e+11
2.490000000000000000e+03 8.046878863492912598e+11
2.495000000000000000e+03 7.621785764291906738e+11
2.500000000000000000e+03 7.217674305983126221e+11
2.505000000000000000e+03 6.834084370972138672e+11
2.510000000000000000e+03 6.470488841497305908e+11
2.515000000000000000e+03 6.126302467009282227e+11
2.520000000000000000e+03 5.800890848099184570e+11
2.525000000000000000e+03 5.493579373824962769e+11
2.530000000000000000e+03 5.203661960997410889e+11
2.535000000000000000e+03 4.930409459562005615e+11
2.540000000000000000e+03 4.673077606772648926e+11
2.545000000000000000e+03 4.430914433444423828e+11
2.550000000000000000e+03 4.203167047231915283e+11
2.555000000000000000e+03 3.989087739677305298e+11
2.560000000000000000e+03 3.787939384877176514e+11
2.565000000000000000e+03 3.599000117307504272e+11
2.570000000000000000e+03 3.421567294080151367e+11
2.575000000000000000e+03 3.254960762253258057e+11
2.580000000000000000e+03 3.098525464571643677e+11
2.585000000000000000e+03 2.951633427064453735e+11
2.590000000000000000e+03 2.813685179312041016e+11
2.595000000000000000e+03 2.684110663079452515e+11
2.600000000000000000e+03 2.562369687610737915e+11
2.605000000000000000e+03 2.447951990487589722e+11
2.610000000000000000e+03 2.340376961884873352e+11
2.615000000000000000e+03 2.239193087642890015e+11
2.620000000000000000e+03 2.143977163132450562e+11
2.625000000000000000e+03 2.054333325724833069e+11
2.630000000000000000e+03 1.969891949046406860e+11
2.635000000000000000e+03 1.890308437356136780e+11
2.640000000000000000e+03 1.815261953492226868e+11
2.645000000000000000e+03 1.744454109077766724e+11
2.650000000000000000e+03 1.677607641148488159e+11
2.655000000000000000e+03 1.614465095166182861e+11
2.660000000000000000e+03 1.554787530551354675e+11
2.665000000000000000e+03 1.498353261447044678e+11
2.670000000000000000e+03 1.444956642413057556e+11
2.675000000000000000e+03 1.394406906144597473e+11
2.680000000000000000e+03 1.346527058093140259e+11
2.685000000000000000e+03 1.301152831005258636e+11
2.690000000000000000e+03 1.258131700869402618e+11
2.695000000000000000e+03 1.217321964522271423e+11
2.700000000000000000e+03 1.178591878194025574e+11
2.705000000000000000e+03 1.141818855516455536e+11
2.710000000000000000e+03 1.106888722961445312e+11
2.715000000000000000e+03 1.073695030276744690e+11
2.720000000000000000e+03 1.042138413223074036e+11
2.725000000000000000e+03 1.012126005759318085e+11
2.730000000000000000e+03 9.835708987562919617e+10
2.735000000000000000e+03 9.563916423179298401e+10
2.740000000000000000e+03 9.305117888432667542e+10
2.745000000000000000e+03 9.058594740535238647e+10
2.750000000000000000e+03 8.823670333289872742e+10
2.755000000000000000e+03 8.599706508390763855e+10
2.760000000000000000e+03 8.386100390966845703e+10
2.765000000000000000e+03 8.182281467252758789e+10
2.770000000000000000e+03 7.987708923794099426e+10
2.775000000000000000e+03 7.801869229142831421e+10
2.780000000000000000e+03 7.624273940404930115e+10
2.785000000000000000e+03 7.454457718446235657e+10
2.790000000000000000e+03 7.291976536793330383e+10
2.795000000000000000e+03 7.136406070489933777e+10
2.800000000000000000e+03 6.987340252210171509e+10
2.805000000000000000e+03 6.844389983931011200e+10
2.810000000000000000e+03 6.707181993321112823e+10
2.815000000000000000e+03 6.575357824753675842e+10
2.820000000000000000e+03 6.448572955516937256e+10
2.825000000000000000e+03 6.326496028371537018e+10
2.830000000000000000e+03 6.208808192071072388e+10
2.835000000000000000e+03 6.095202541877799988e+10
2.840000000000000000e+03 5.985383652410344696e+10
2.845000000000000000e+03 5.879067195458607483e+10
2.850000000000000000e+03 5.775979635587525177e+10
2.855000000000000000e+03 5.675857996515874481e+10
2.860000000000000000e+03 5.578449691391564941e+10
2.865000000000000000e+03 5.483512410177075958e+10
2.870000000000000000e+03 5.390814057414086151e+10
2.875000000000000000e+03 5.300132733729022980e+10
2.880000000000000000e+03 5.211256754456958008e+10
2.885000000000000000e+03 5.123984698847702789e+10
2.890000000000000000e+03 5.038125483366419983e+10
2.895000000000000000e+03 4.953498452683174133e+10
2.900000000000000000e+03 4.869933482052763367e+10
2.905000000000000000e+03 4.787271084927832794e+10
2.910000000000000000e+03 4.705362519785021210e+10
2.915000000000000000e+03 4.624069890386989594e+10
2.920000000000000000e+03 4.543266233905679321e+10
2.925000000000000000e+03 4.462835591650608826e+10
2.930000000000000000e+03 4.382673057465843964e+10
2.935000000000000000e+03 4.302684799237177277e+10
2.940000000000000000e+03 4.222788049370581818e+10
2.945000000000000000e+03 4.142911060572312927e+10
2.950000000000000000e+03 4.062993023769825745e+10
2.955000000000000000e+03 3.982983945539864349e+10
2.960000000000000000e+03 3.902844482987712860e+10
2.965000000000000000e+03 3.822545734618585205e+10
2.970000000000000000e+03 3.742068986349510956e+10
2.975000000000000000e+03 3.661405412420147705e+10
2.980000000000000000e+03 3.580555731612582397e+10
2.985000000000000000e+03 3.499529819768099213e+10
2.990000000000000000e+03 3.418346280213015747e+10
2.995000000000000000e+03 3.337031974273038101e+10
3.000000000000000000e+03 3.255621514578293991e+10
3.005000000000000000e+03 3.174156724396515274e+10
3.010000000000000000e+03 3.092686066640264130e+10
3.015000000000000000e+03 3.011264046622555542e+10
3.020000000000000000e+03 2.929950592940750122e+10
3.025000000000000000e+03 2.848810421169740295e+10
3.030000000000000000e+03 2.767912385208474350e+10
3.035000000000000000e+03 2.687328821291396713e+10
3.040000000000000000e+03 2.607134889696133804e+10
3.045000000000000000e+03 2.527407919213410568e+10
3.050000000000000000e+03 2.448226759317934799e+10
3.055000000000000000e+03 2.369671144871375275e+10
3.060000000000000000e+03 2.291821077959342957e+10
3.065000000000000000e+03 2.214756231221774292e+10
3.070000000000000000e+03 2.138555376686175156e+10
3.075000000000000000e+03 2.063295843813817596e+10
3.080000000000000000e+03 1.989053010021680450e+10
3.085000000000000000e+03 1.915899826556596375e+10
3.090000000000000000e+03 1.843906382135254669e+10
3.095000000000000000e+03 1.773139506319803619e+10
3.100000000000000000e+03 1.703662414128569031e+10
3.105000000000000000e+03 1.635534392917713737e+10
3.110000000000000000e+03 1.568810532122809792e+10
3.115000000000000000e+03 1.503541496000115967e+10
3.120000000000000000e+03 1.439773339091936111e+10
3.125000000000000000e+03 1.377547363738102341e+10
3.130000000000000000e+03 1.316900018592501450e+10
3.135000000000000000e+03 1.257862836763805962e+10
3.140000000000000000e+03 1.200462411898120499e+10
3.145000000000000000e+03 1.144720410258334541e+10
3.150000000000000000e+03 1.090653616626561165e+10
3.155000000000000000e+03 1.038274011669810677e+10
3.160000000000000000e+03 9.875888782582784653e+09
3.165000000000000000e+03 9.386009341089736938e+09
3.170000000000000000e+03 8.913084880631380081e+09
3.175000000000000000e+03 8.457056172534316063e+09
3.180000000000000000e+03 8.017823624172835350e+09
3.185000000000000000e+03 7.595249386291514397e+09
3.190000000000000000e+03 7.189159587758464813e+09
3.195000000000000000e+03 6.799346671906410217e+09
3.200000000000000000e+03 6.425571809106076241e+09
3.205000000000000000e+03 6.067567362067978859e+09
3.210000000000000000e+03 5.725039381117290497e+09
3.215000000000000000e+03 5.397670108325948715e+09
3.220000000000000000e+03 5.085120471044625282e+09
3.225000000000000000e+03 4.787032546820404053e+09
3.230000000000000000e+03 4.503031983462496758e+09
3.235000000000000000e+03 4.232730359621971130e+09
3.240000000000000000e+03 3.975727473112571239e+09
3.245000000000000000e+03 3.731613545627193928e+09
3.250000000000000000e+03 3.499971334298754215e+09
3.255000000000000000e+03 3.280378142290808201e+09
3.260000000000000000e+03 3.072407721693282604e+09
3.265000000000000000e+03 2.875632063865081310e+09
3.270000000000000000e+03 2.689623073599590302e+09
3.275000000000000000e+03 2.513954124583434105e+09
3.280000000000000000e+03 2.348201495048985958e+09
3.285000000000000000e+03 2.191945683462984562e+09
3.290000000000000000e+03 2.044772605031573534e+09
3.295000000000000000e+03 1.906274670845972061e+09
3.300000000000000000e+03 1.776051751974254847e+09
3.305000000000000000e+03 1.653712031853286505e+09
3.310000000000000000e+03 1.538872750546044111e+09
3.315000000000000000e+03 1.431160845107039928e+09
3.320000000000000000e+03 1.330213490743636847e+09
3.325000000000000000e+03 1.235678547683256149e+09
3.330000000000000000e+03 1.147214918818574429e+09
3.335000000000000000e+03 1.064492823796173573e+09
3.340000000000000000e+03 9.871939948341288567e+08
3.345000000000000000e+03 9.150118000521733761e+08
3.350000000000000000e+03 8.476513001938349009e+08
3.355000000000000000e+03 7.848292444466676712e+08
3.360000000000000000e+03 7.262740117128516436e+08
3.365000000000000000e+03 6.717255038462070227e+08
3.370000000000000000e+03 6.209349979973816872e+08
3.375000000000000000e+03 5.736649665109740496e+08
3.380000000000000000e+03 5.296888745557463169e+08
3.385000000000000000e+03 4.887909689503194690e+08
3.390000000000000000e+03 4.507660763629910350e+08
3.395000000000000000e+03 4.154194368233790994e+08
3.400000000000000000e+03 3.825666100690991879e+08
3.405000000000000000e+03 3.520335080551607609e+08
3.410000000000000000e+03 3.236566288485451341e+08
3.415000000000000000e+03 2.972835901703960299e+08
3.420000000000000000e+03 2.727740775060163736e+08
3.425000000000000000e+03 2.500013057089185417e+08
3.430000000000000000e+03 2.288539901097161174e+08
3.435000000000000000e+03 2.092385304474123716e+08
3.440000000000000000e+03 1.910804562506045401e+08
3.445000000000000000e+03 1.743229409174109995e+08
3.450000000000000000e+03 1.589181940484881997e+08
3.455000000000000000e+03 1.448050146528226137e+08
3.460000000000000000e+03 1.318640546325130314e+08
3.465000000000000000e+03 1.198448126364881396e+08
3.470000000000000000e+03 1.082709559769542366e+08
3.475000000000000000e+03 9.635906024913164973e+07
3.480000000000000000e+03 8.302678334886117280e+07
3.485000000000000000e+03 6.709142530239990354e+07
3.490000000000000000e+03 4.770901930061297864e+07
3.495000000000000000e+03 2.492787378624672443e+07
