-2.500000000000000000e+00 9.999985536964078880e-01
2.500000000000000000e+00 9.999985536964078880e-01
7.500000000000000000e+00 9.999985514032829759e-01
1.250000000000000000e+01 9.999985468136128874e-01
1.750000000000000000e+01 9.999985399205488790e-01
2.250000000000000000e+01 9.999985307138039570e-01
2.750000000000000000e+01 9.999985191796350037e-01
3.250000000000000000e+01 9.999985053008308977e-01
3.750000000000000000e+01 9.999984890566709916e-01
4.250000000000000000e+01 9.999984704229059052e-01
4.750000000000000000e+01 9.999984493717140044e-01
5.250000000000000000e+01 9.999984258716758667e-01
5.750000000000000000e+01 9.999983998877040037e-01
6.250000000000000000e+01 9.999983713810169927e-01
6.750000000000000000e+01 9.999983403090719758e-01
7.250000000000000000e+01 9.999983066255129227e-01
7.750000000000000000e+01 9.999982702801168966e-01
8.250000000000000000e+01 9.999982312186979083e-01
8.750000000000000000e+01 9.999981893830649504e-01
9.250000000000000000e+01 9.999981447109440591e-01
9.750000000000000000e+01 9.999980971358669590e-01
1.025000000000000000e+02 9.999980465871269875e-01
1.075000000000000000e+02 9.999979929896639641e-01
1.125000000000000000e+02 9.999979362639719316e-01
1.175000000000000000e+02 9.999978763259969039e-01
1.225000000000000000e+02 9.999978130870439408e-01
1.275000000000000000e+02 9.999977464536630167e-01
1.325000000000000000e+02 9.999976763275140179e-01
1.375000000000000000e+02 9.999976026052739275e-01
1.425000000000000000e+02 9.999975251784989361e-01
1.475000000000000000e+02 9.999974439334829990e-01
1.525000000000000000e+02 9.999973587511379325e-01
1.575000000000000000e+02 9.999972695068439776e-01
1.625000000000000000e+02 9.999971760702899282e-01
1.675000000000000000e+02 9.999970783053450107e-01
1.725000000000000000e+02 9.999969760698689258e-01
1.775000000000000000e+02 9.999968692155780658e-01
1.825000000000000000e+02 9.999967575878458970e-01
1.875000000000000000e+02 9.999966410255459737e-01
1.925000000000000000e+02 9.999965193608489900e-01
1.975000000000000000e+02 9.999963924190649056e-01
2.025000000000000000e+02 9.999962600184089112e-01
2.075000000000000000e+02 9.999961219698390025e-01
2.125000000000000000e+02 9.999959780768129525e-01
2.175000000000000000e+02 9.999958281351090106e-01
2.225000000000000000e+02 9.999956719325729937e-01
2.275000000000000000e+02 9.999955092489150044e-01
2.325000000000000000e+02 9.999953398554809469e-01
2.375000000000000000e+02 9.999951635149979534e-01
2.425000000000000000e+02 9.999949799813310225e-01
2.475000000000000000e+02 9.999947889992458760e-01
2.525000000000000000e+02 9.999945903041489448e-01
2.575000000000000000e+02 9.999943836218160298e-01
2.625000000000000000e+02 9.999941686681288466e-01
2.675000000000000000e+02 9.999939451488029096e-01
2.725000000000000000e+02 9.999937127591039809e-01
2.775000000000000000e+02 9.999934711835549717e-01
2.825000000000000000e+02 9.999932200956629380e-01
2.875000000000000000e+02 9.999929591575948962e-01
2.925000000000000000e+02 9.999926880198990453e-01
2.975000000000000000e+02 9.999924063211709235e-01
3.025000000000000000e+02 9.999921136877579775e-01
3.075000000000000000e+02 9.999918097334309364e-01
3.125000000000000000e+02 9.999914940590639567e-01
3.175000000000000000e+02 9.999911662522980027e-01
3.225000000000000000e+02 9.999908258872018951e-01
3.275000000000000000e+02 9.999904725239550096e-01
3.325000000000000000e+02 9.999901057084739087e-01
3.375000000000000000e+02 9.999897249720960390e-01
3.425000000000000000e+02 9.999893298312000356e-01
3.475000000000000000e+02 9.999889197868678803e-01
3.525000000000000000e+02 9.999884943245278546e-01
3.575000000000000000e+02 9.999880529135759533e-01
3.625000000000000000e+02 9.999875950070459263e-01
3.675000000000000000e+02 9.999871200412049355e-01
3.725000000000000000e+02 9.999866274352139373e-01
3.775000000000000000e+02 9.999861165907558691e-01
3.825000000000000000e+02 9.999855868916489587e-01
3.875000000000000000e+02 9.999850377035069959e-01
3.925000000000000000e+02 9.999844683733379869e-01
3.975000000000000000e+02 9.999838782291869954e-01
4.025000000000000000e+02 9.999832665797819820e-01
4.075000000000000000e+02 9.999826327141559945e-01
4.125000000000000000e+02 9.999819759012690268e-01
4.175000000000000000e+02 9.999812953896689560e-01
4.225000000000000000e+02 9.999805904071139562e-01
4.275000000000000000e+02 9.999798601602359893e-01
4.325000000000000000e+02 9.999791038341689919e-01
4.375000000000000000e+02 9.999783205922249119e-01
4.425000000000000000e+02 9.999775095755278898e-01
4.475000000000000000e+02 9.999766699027110572e-01
4.525000000000000000e+02 9.999758006695589341e-01
4.575000000000000000e+02 9.999749009487119977e-01
4.625000000000000000e+02 9.999739697893439416e-01
4.675000000000000000e+02 9.999730062168599165e-01
4.725000000000000000e+02 9.999720092326108700e-01
4.775000000000000000e+02 9.999709778135970062e-01
4.825000000000000000e+02 9.999699109122179852e-01
4.875000000000000000e+02 9.999688074559889284e-01
4.925000000000000000e+02 9.999676663473209270e-01
4.975000000000000000e+02 9.999664864632509254e-01
5.025000000000000000e+02 9.999652666552558689e-01
5.075000000000000000e+02 9.999640057490220002e-01
5.125000000000000000e+02 9.999627025442728856e-01
5.175000000000000000e+02 9.999613558145670211e-01
5.225000000000000000e+02 9.999599643071489519e-01
5.275000000000000000e+02 9.999585267428220403e-01
5.325000000000000000e+02 9.999570418157789353e-01
5.375000000000000000e+02 9.999555081935338485e-01
5.425000000000000000e+02 9.999539245167899937e-01
5.475000000000000000e+02 9.999522893993879613e-01
5.525000000000000000e+02 9.999506014282349975e-01
5.575000000000000000e+02 9.999488591632650358e-01
5.625000000000000000e+02 9.999470611374089435e-01
5.675000000000000000e+02 9.999452058566039581e-01
5.725000000000000000e+02 9.999432917997809200e-01
5.775000000000000000e+02 9.999413174189069053e-01
5.825000000000000000e+02 9.999392811390239721e-01
5.875000000000000000e+02 9.999371813583209923e-01
5.925000000000000000e+02 9.999350164481879411e-01
5.975000000000000000e+02 9.999327847533300284e-01
6.025000000000000000e+02 9.999304845918539630e-01
6.075000000000000000e+02 9.999281142554009572e-01
6.125000000000000000e+02 9.999256720092569717e-01
6.175000000000000000e+02 9.999231560925180284e-01
6.225000000000000000e+02 9.999205647182158874e-01
6.275000000000000000e+02 9.999178960734779187e-01
6.325000000000000000e+02 9.999151483196999646e-01
6.375000000000000000e+02 9.999123195926999941e-01
6.425000000000000000e+02 9.999094080028739784e-01
6.475000000000000000e+02 9.999064116353759690e-01
6.525000000000000000e+02 9.999033285502709756e-01
6.575000000000000000e+02 9.999001567826699688e-01
6.625000000000000000e+02 9.998968943428979683e-01
6.675000000000000000e+02 9.998935392165929636e-01
6.725000000000000000e+02 9.998900893648320354e-01
6.775000000000000000e+02 9.998865427242180637e-01
6.825000000000000000e+02 9.998828972069309096e-01
6.875000000000000000e+02 9.998791507007820378e-01
6.925000000000000000e+02 9.998753010691799892e-01
6.975000000000000000e+02 9.998713461511319345e-01
7.025000000000000000e+02 9.998672837611288777e-01
7.075000000000000000e+02 9.998631116890289716e-01
7.125000000000000000e+02 9.998588276998680024e-01
7.175000000000000000e+02 9.998544295336020404e-01
7.225000000000000000e+02 9.998499149048188928e-01
7.275000000000000000e+02 9.998452815023369800e-01
7.325000000000000000e+02 9.998405269887420399e-01
7.375000000000000000e+02 9.998356489998480034e-01
7.425000000000000000e+02 9.998306451440549525e-01
7.475000000000000000e+02 9.998255130016139303e-01
7.525000000000000000e+02 9.998202501237749562e-01
7.575000000000000000e+02 9.998148540318569921e-01
7.625000000000000000e+02 9.998093222161349436e-01
7.675000000000000000e+02 9.998036521346849170e-01
7.725000000000000000e+02 9.997978412120038794e-01
7.775000000000000000e+02 9.997918868375549328e-01
7.825000000000000000e+02 9.997857863641349541e-01
7.875000000000000000e+02 9.997795371060719249e-01
7.925000000000000000e+02 9.997731363373049129e-01
7.975000000000000000e+02 9.997665812892209125e-01
8.025000000000000000e+02 9.997598691483688960e-01
8.075000000000000000e+02 9.997529970539579258e-01
8.125000000000000000e+02 9.997459620951659742e-01
8.175000000000000000e+02 9.997387613082450164e-01
8.225000000000000000e+02 9.997313916734069661e-01
8.275000000000000000e+02 9.997238501114998899e-01
8.325000000000000000e+02 9.997161334804649524e-01
8.375000000000000000e+02 9.997082385715438946e-01
8.425000000000000000e+02 9.997001621052630238e-01
8.475000000000000000e+02 9.996919007271629631e-01
8.525000000000000000e+02 9.996834510032849286e-01
8.575000000000000000e+02 9.996748094153969921e-01
8.625000000000000000e+02 9.996659723559659927e-01
8.675000000000000000e+02 9.996569361228510031e-01
8.725000000000000000e+02 9.996476969137320090e-01
8.775000000000000000e+02 9.996382508202779071e-01
8.825000000000000000e+02 9.996285938220239586e-01
8.875000000000000000e+02 9.996187217799599178e-01
8.925000000000000000e+02 9.996086304298560377e-01
8.975000000000000000e+02 9.995983153753049688e-01
9.025000000000000000e+02 9.995877720804450250e-01
9.075000000000000000e+02 9.995769958624619589e-01
9.125000000000000000e+02 9.995659818837180355e-01
9.175000000000000000e+02 9.995547251436779357e-01
9.225000000000000000e+02 9.995432204705099188e-01
9.275000000000000000e+02 9.995314625123968844e-01
9.325000000000000000e+02 9.995194457285879741e-01
9.375000000000000000e+02 9.995071643801639594e-01
9.425000000000000000e+02 9.994946125205429466e-01
9.475000000000000000e+02 9.994817839856758868e-01
9.525000000000000000e+02 9.994686723840239262e-01
9.575000000000000000e+02 9.994552710862529832e-01
9.625000000000000000e+02 9.994415732146709752e-01
9.675000000000000000e+02 9.994275716324099168e-01
9.725000000000000000e+02 9.994132589324009608e-01
9.775000000000000000e+02 9.993986274260548974e-01
9.825000000000000000e+02 9.993836691317639076e-01
9.875000000000000000e+02 9.993683757631649511e-01
9.925000000000000000e+02 9.993527387171640131e-01
9.975000000000000000e+02 9.993367490617859339e-01
1.002500000000000000e+03 9.993203975237999748e-01
1.007500000000000000e+03 9.993036744761789603e-01
1.012500000000000000e+03 9.992865699253259404e-01
1.017500000000000000e+03 9.992690734981648504e-01
1.022500000000000000e+03 9.992511744290369924e-01
1.027500000000000000e+03 9.992328615464368680e-01
1.032500000000000000e+03 9.992141232595770362e-01
1.037500000000000000e+03 9.991949475448169693e-01
1.042500000000000000e+03 9.991753219319189361e-01
1.047500000000000000e+03 9.991552334901598886e-01
1.052500000000000000e+03 9.991346688143160071e-01
1.057500000000000000e+03 9.991136140104929231e-01
1.062500000000000000e+03 9.990920546818049530e-01
1.067500000000000000e+03 9.990699759139288760e-01
1.072500000000000000e+03 9.990473622605069437e-01
1.077500000000000000e+03 9.990241977284129993e-01
1.082500000000000000e+03 9.990004657628639428e-01
1.087500000000000000e+03 9.989761492323719905e-01
1.092500000000000000e+03 9.989512304135519383e-01
1.097500000000000000e+03 9.989256909757529002e-01
1.102500000000000000e+03 9.988995119655059707e-01
1.107500000000000000e+03 9.988726737907979158e-01
1.112500000000000000e+03 9.988451562051390287e-01
1.117500000000000000e+03 9.988169382914009464e-01
1.122500000000000000e+03 9.987879984454499649e-01
1.127500000000000000e+03 9.987583143595140101e-01
1.132500000000000000e+03 9.987278630052659478e-01
1.137500000000000000e+03 9.986966206166609794e-01
1.142500000000000000e+03 9.986645626724189873e-01
1.147500000000000000e+03 9.986316638781869148e-01
1.152500000000000000e+03 9.985978981483408790e-01
1.157500000000000000e+03 9.985632385873949302e-01
1.162500000000000000e+03 9.985276574709780473e-01
1.167500000000000000e+03 9.984911262263909126e-01
1.172500000000000000e+03 9.984536154126329999e-01
1.177500000000000000e+03 9.984150946999589271e-01
1.182500000000000000e+03 9.983755328488619352e-01
1.187500000000000000e+03 9.983348976884759418e-01
1.192500000000000000e+03 9.982931560943399951e-01
1.197500000000000000e+03 9.982502739655289004e-01
1.202500000000000000e+03 9.982062162010649775e-01
1.207500000000000000e+03 9.981609466755899662e-01
1.212500000000000000e+03 9.981144282142649926e-01
1.217500000000000000e+03 9.980666225668589631e-01
1.222500000000000000e+03 9.980174903809558851e-01
1.227500000000000000e+03 9.979669911742828914e-01
1.232500000000000000e+03 9.979150833060599357e-01
1.237500000000000000e+03 9.978617239474288914e-01
1.242500000000000000e+03 9.978068690507879701e-01
1.247500000000000000e+03 9.977504733181139507e-01
1.252500000000000000e+03 9.976924901681339941e-01
1.257500000000000000e+03 9.976328717023978943e-01
1.262500000000000000e+03 9.975715686701219775e-01
1.267500000000000000e+03 9.975085304318369595e-01
1.272500000000000000e+03 9.974437049217510509e-01
1.277500000000000000e+03 9.973770386088239848e-01
1.282500000000000000e+03 9.973084764565169902e-01
1.287500000000000000e+03 9.972379618811368918e-01
1.292500000000000000e+03 9.971654367088079729e-01
1.297500000000000000e+03 9.970908411309599151e-01
1.302500000000000000e+03 9.970141136584049768e-01
1.307500000000000000e+03 9.969351910738408762e-01
1.312500000000000000e+03 9.968540083828738574e-01
1.317500000000000000e+03 9.967704987634409264e-01
1.322500000000000000e+03 9.966845935136730006e-01
1.327500000000000000e+03 9.965962219981049364e-01
1.332500000000000000e+03 9.965053115922809512e-01
1.337500000000000000e+03 9.964117876256519679e-01
1.342500000000000000e+03 9.963155733228269417e-01
1.347500000000000000e+03 9.962165897430749206e-01
1.352500000000000000e+03 9.961147557181110335e-01
1.357500000000000000e+03 9.960099877881298802e-01
1.362500000000000000e+03 9.959022001360769982e-01
1.367500000000000000e+03 9.957913045201198798e-01
1.372500000000000000e+03 9.956772102043109918e-01
1.377500000000000000e+03 9.955598238874499017e-01
1.382500000000000000e+03 9.954390496300948854e-01
1.387500000000000000e+03 9.953147887797448856e-01
1.392500000000000000e+03 9.951869398941389777e-01
1.397500000000000000e+03 9.950553986626949898e-01
1.402500000000000000e+03 9.949200578260739558e-01
1.407500000000000000e+03 9.947808070938299885e-01
1.412500000000000000e+03 9.946375330601818776e-01
1.417500000000000000e+03 9.944901191178449062e-01
1.422500000000000000e+03 9.943384453699649628e-01
1.427500000000000000e+03 9.941823885401189775e-01
1.432500000000000000e+03 9.940218218803769101e-01
1.437500000000000000e+03 9.938566150774169605e-01
1.442500000000000000e+03 9.936866341567199834e-01
1.447500000000000000e+03 9.935117413847910361e-01
1.452500000000000000e+03 9.933317951694389247e-01
1.457500000000000000e+03 9.931466499580979823e-01
1.462500000000000000e+03 9.929561561342159504e-01
1.467500000000000000e+03 9.927601599116430142e-01
1.472500000000000000e+03 9.925585032271169172e-01
1.477500000000000000e+03 9.923510236307608867e-01
1.482500000000000000e+03 9.921375541746599858e-01
1.487500000000000000e+03 9.919179232994760342e-01
1.492500000000000000e+03 9.916919547191699325e-01
1.497500000000000000e+03 9.914594673037500083e-01
1.502500000000000000e+03 9.912202749601619622e-01
1.507500000000000000e+03 9.909741865112459136e-01
1.512500000000000000e+03 9.907210055728440379e-01
1.517500000000000000e+03 9.904605304290329260e-01
1.522500000000000000e+03 9.901925539055399517e-01
1.527500000000000000e+03 9.899168632413389846e-01
1.532500000000000000e+03 9.896332399584749639e-01
1.537500000000000000e+03 9.893414597301449787e-01
1.542500000000000000e+03 9.890412922470599444e-01
1.547500000000000000e+03 9.887325010821600424e-01
1.552500000000000000e+03 9.884148435537208899e-01
1.557500000000000000e+03 9.880880705868388958e-01
1.562500000000000000e+03 9.877519265734889808e-01
1.567500000000000000e+03 9.874061492310389765e-01
1.572500000000000000e+03 9.870504694594649520e-01
1.577500000000000000e+03 9.866846111971889766e-01
1.582500000000000000e+03 9.863082912757500376e-01
1.587500000000000000e+03 9.859212192732629276e-01
1.592500000000000000e+03 9.855230973668699379e-01
1.597500000000000000e+03 9.851136201842279894e-01
1.602500000000000000e+03 9.846924746541450002e-01
1.607500000000000000e+03 9.842593398564809526e-01
1.612500000000000000e+03 9.838138868714489949e-01
1.617500000000000000e+03 9.833557786284299329e-01
1.622500000000000000e+03 9.828846697544579847e-01
1.627500000000000000e+03 9.824002064225099140e-01
1.632500000000000000e+03 9.819020261997419841e-01
1.637500000000000000e+03 9.813897578959169810e-01
1.642500000000000000e+03 9.808630214120849233e-01
1.647500000000000000e+03 9.803214275897909058e-01
1.652500000000000000e+03 9.797645780609789412e-01
1.657500000000000000e+03 9.791920650988049646e-01
1.662500000000000000e+03 9.786034714695599490e-01
1.667500000000000000e+03 9.779983702859699202e-01
1.672500000000000000e+03 9.773763248620799260e-01
1.677500000000000000e+03 9.767368885700069558e-01
1.682500000000000000e+03 9.760796046987839647e-01
1.687500000000000000e+03 9.754040063156399487e-01
1.692500000000000000e+03 9.747096161299350081e-01
1.697500000000000000e+03 9.739959463601129963e-01
1.702500000000000000e+03 9.732624986039639658e-01
1.707500000000000000e+03 9.725087637125009454e-01
1.712500000000000000e+03 9.717342216678659383e-01
1.717500000000000000e+03 9.709383414655379241e-01
1.722500000000000000e+03 9.701205810012839548e-01
1.727500000000000000e+03 9.692803869631919644e-01
1.732500000000000000e+03 9.684171947292179450e-01
1.737500000000000000e+03 9.675304282706339576e-01
1.742500000000000000e+03 9.666195000618209576e-01
1.747500000000000000e+03 9.656838109968569617e-01
1.752500000000000000e+03 9.647227503133289916e-01
1.757500000000000000e+03 9.637356955238759459e-01
1.762500000000000000e+03 9.627220123559249165e-01
1.767500000000000000e+03 9.616810547001148901e-01
1.772500000000000000e+03 9.606121645679790433e-01
1.777500000000000000e+03 9.595146720593370482e-01
1.782500000000000000e+03 9.583878953399880274e-01
1.787500000000000000e+03 9.572311406302799197e-01
1.792500000000000000e+03 9.560437022050949363e-01
1.797500000000000000e+03 9.548248624058549572e-01
1.802500000000000000e+03 9.535738916651399499e-01
1.807500000000000000e+03 9.522900485445779939e-01
1.812500000000000000e+03 9.509725797865649088e-01
1.817500000000000000e+03 9.496207203805440145e-01
1.822500000000000000e+03 9.482336936444309972e-01
1.827500000000000000e+03 9.468107113219168536e-01
1.832500000000000000e+03 9.453509736962819598e-01
1.837500000000000000e+03 9.438536697214618965e-01
1.842500000000000000e+03 9.423179771710589181e-01
1.847500000000000000e+03 9.407430628060320377e-01
1.852500000000000000e+03 9.391280825617739358e-01
1.857500000000000000e+03 9.374721817553729464e-01
1.862500000000000000e+03 9.357744953137799859e-01
1.867500000000000000e+03 9.340341480236579175e-01
1.872500000000000000e+03 9.322502548037339132e-01
1.877500000000000000e+03 9.304219210003739082e-01
1.882500000000000000e+03 9.285482427072809797e-01
1.887500000000000000e+03 9.266283071100239743e-01
1.892500000000000000e+03 9.246611928563429617e-01
1.897500000000000000e+03 9.226459704529560435e-01
1.902500000000000000e+03 9.205817026897858968e-01
1.907500000000000000e+03 9.184674450924330547e-01
1.912500000000000000e+03 9.163022464037759995e-01
1.917500000000000000e+03 9.140851490955599346e-01
1.922500000000000000e+03 9.118151899108799530e-01
1.927500000000000000e+03 9.094914004384470063e-01
1.932500000000000000e+03 9.071128077195479422e-01
1.937500000000000000e+03 9.046784348886209859e-01
1.942500000000000000e+03 9.021873018483930196e-01
1.947500000000000000e+03 8.996384259804990347e-01
1.952500000000000000e+03 8.970308228925749638e-01
1.957500000000000000e+03 8.943635072027760202e-01
1.962500000000000000e+03 8.916354933627149704e-01
1.967500000000000000e+03 8.888457965198670596e-01
1.972500000000000000e+03 8.859934334203829476e-01
1.977500000000000000e+03 8.830774233534690598e-01
1.982500000000000000e+03 8.800967891383019159e-01
1.987500000000000000e+03 8.770505581546380602e-01
1.992500000000000000e+03 8.739377634182040611e-01
1.997500000000000000e+03 8.707574447020319797e-01
2.002500000000000000e+03 8.675086497048989376e-01
2.007500000000000000e+03 8.641904352681119006e-01
2.012500000000000000e+03 8.608018686418650312e-01
2.017500000000000000e+03 8.573420288024310443e-01
2.022500000000000000e+03 8.538100078215808963e-01
2.027500000000000000e+03 8.502049122895469768e-01
2.032500000000000000e+03 8.465258647929509994e-01
2.037500000000000000e+03 8.427720054492270352e-01
2.042500000000000000e+03 8.389424934989969662e-01
2.047500000000000000e+03 8.350365089579849798e-01
2.052500000000000000e+03 8.310532543301909492e-01
2.057500000000000000e+03 8.269919563839089882e-01
2.062500000000000000e+03 8.228518679924370360e-01
2.067500000000000000e+03 8.186322700412850262e-01
2.072500000000000000e+03 8.143324734037619139e-01
2.077500000000000000e+03 8.099518209869009944e-01
2.082500000000000000e+03 8.054896898497769797e-01
2.087500000000000000e+03 8.009454933962459888e-01
2.092500000000000000e+03 7.963186836442769367e-01
2.097500000000000000e+03 7.916087535740850001e-01
2.102500000000000000e+03 7.868152395572339808e-01
2.107500000000000000e+03 7.819377238690410348e-01
2.112500000000000000e+03 7.769758372865309681e-01
2.117500000000000000e+03 7.719292617742589124e-01
2.122500000000000000e+03 7.667977332602370355e-01
2.127500000000000000e+03 7.615810445042610066e-01
2.132500000000000000e+03 7.562790480607409771e-01
2.137500000000000000e+03 7.508916593382000126e-01
2.142500000000000000e+03 7.454188597572959374e-01
2.147500000000000000e+03 7.398607000091789176e-01
2.152500000000000000e+03 7.342173034156649347e-01
2.157500000000000000e+03 7.284888693925289926e-01
2.162500000000000000e+03 7.226756770166969934e-01
2.167500000000000000e+03 7.167780886978499799e-01
2.172500000000000000e+03 7.107965539542898670e-01
2.177500000000000000e+03 7.047316132923658882e-01
2.182500000000000000e+03 6.985839021880050348e-01
2.187500000000000000e+03 6.923541551680258976e-01
2.192500000000000000e+03 6.860432099878620571e-01
2.197500000000000000e+03 6.796520119012710026e-01
2.202500000000000000e+03 6.731816180161709351e-01
2.207500000000000000e+03 6.666332017292669887e-01
2.212500000000000000e+03 6.600080572304429793e-01
2.217500000000000000e+03 6.533076040658579720e-01
2.222500000000000000e+03 6.465333917466090652e-01
2.227500000000000000e+03 6.396871043872950358e-01
2.232500000000000000e+03 6.327705653560680155e-01
2.237500000000000000e+03 6.257857419148710187e-01
2.242500000000000000e+03 6.187347498250289624e-01
2.247500000000000000e+03 6.116198578898939253e-01
2.252500000000000000e+03 6.044434924021530042e-01
2.257500000000000000e+03 5.972082414590850208e-01
2.262500000000000000e+03 5.899168591044660070e-01
2.267500000000000000e+03 5.825722692507869782e-01
2.272500000000000000e+03 5.751775693301279802e-01
2.277500000000000000e+03 5.677360336165799826e-01
2.282500000000000000e+03 5.602511161571759324e-01
2.287500000000000000e+03 5.527264532423760146e-01
2.292500000000000000e+03 5.451658653410760280e-01
2.297500000000000000e+03 5.375733584190059977e-01
2.302500000000000000e+03 5.299531245533969370e-01
2.307500000000000000e+03 5.223095417511629535e-01
2.312500000000000000e+03 5.146471728725310335e-01
2.317500000000000000e+03 5.069707635574559612e-01
2.322500000000000000e+03 4.992852390485339464e-01
2.327500000000000000e+03 4.915956998014169854e-01
2.332500000000000000e+03 4.839074157728639469e-01
2.337500000000000000e+03 4.762258192771409715e-01
2.342500000000000000e+03 4.685564963044559494e-01
2.347500000000000000e+03 4.609051762005389463e-01
2.352500000000000000e+03 4.532777196148289889e-01
2.357500000000000000e+03 4.456801046363880192e-01
2.362500000000000000e+03 4.381184110520010000e-01
2.367500000000000000e+03 4.305988026801749746e-01
2.372500000000000000e+03 4.231275077581559962e-01
2.377500000000000000e+03 4.157107973870489692e-01
2.382500000000000000e+03 4.083549620721389495e-01
2.387500000000000000e+03 4.010662864319459731e-01
2.392500000000000000e+03 3.938510221898759989e-01
2.397500000000000000e+03 3.867153596057699705e-01
2.402500000000000000e+03 3.796653975508919587e-01
2.407500000000000000e+03 3.727071124774349875e-01
2.412500000000000000e+03 3.658463265814320131e-01
2.417500000000000000e+03 3.590886755043120049e-01
2.422500000000000000e+03 3.524395759616760215e-01
2.427500000000000000e+03 3.459041937260939892e-01
2.432500000000000000e+03 3.394874124218099642e-01
2.437500000000000000e+03 3.331938036114450163e-01
2.442500000000000000e+03 3.270275986658999767e-01
2.447500000000000000e+03 3.209926629072569759e-01
2.452500000000000000e+03 3.150924724991789883e-01
2.457500000000000000e+03 3.093300945294479853e-01
2.462500000000000000e+03 3.037081706844959594e-01
2.467500000000000000e+03 2.982289048567464129e-01
2.472500000000000000e+03 2.928940549534418958e-01
2.477500000000000000e+03 2.877049290922941149e-01
2.482500000000000000e+03 2.826623862774035878e-01
2.487500000000000000e+03 2.777668415516196254e-01
2.492500000000000000e+03 2.730182755224395685e-01
2.497500000000000000e+03 2.684162480613552226e-01
2.502500000000000000e+03 2.639599158852257710e-01
2.507500000000000000e+03 2.596480536461426847e-01
2.512500000000000000e+03 2.554790780866658673e-01
2.517500000000000000e+03 2.514510747625784970e-01
2.522500000000000000e+03 2.475618267973328790e-01
2.527500000000000000e+03 2.438088451118949063e-01
2.532500000000000000e+03 2.401893995708241081e-01
2.537500000000000000e+03 2.367005504993336951e-01
2.542500000000000000e+03 2.333391800551362083e-01
2.547500000000000000e+03 2.301020229809802031e-01
2.552500000000000000e+03 2.269856963163023877e-01
2.557500000000000000e+03 2.239867277064669093e-01
2.562500000000000000e+03 2.211015820127459897e-01
2.567500000000000000e+03 2.183266859926412951e-01
2.572500000000000000e+03 2.156584508857856963e-01
2.577500000000000000e+03 2.130932928032643059e-01
2.582500000000000000e+03 2.106276508758854749e-01
2.587500000000000000e+03 2.082580031683932131e-01
2.592500000000000000e+03 2.059808804109473923e-01
2.597500000000000000e+03 2.037928776358866045e-01
2.602500000000000000e+03 2.016906638368418936e-01
2.607500000000000000e+03 1.996709897888267748e-01
2.612500000000000000e+03 1.977306941826248721e-01
2.617500000000000000e+03 1.958667082351760735e-01
2.622500000000000000e+03 1.940760589407167780e-01
2.627500000000000000e+03 1.923558711258056830e-01
2.632500000000000000e+03 1.907033684662089168e-01
2.637500000000000000e+03 1.891158736154844033e-01
2.642500000000000000e+03 1.875908075850311885e-01
2.647500000000000000e+03 1.861256885038637954e-01
2.652500000000000000e+03 1.847181298741514821e-01
2.657500000000000000e+03 1.833658384260458962e-01
2.662500000000000000e+03 1.820666116629857945e-01
2.667500000000000000e+03 1.808183351767514990e-01
2.672500000000000000e+03 1.796189798003321736e-01
2.677500000000000000e+03 1.784665986562908035e-01
2.682500000000000000e+03 1.773593241488366778e-01
2.687500000000000000e+03 1.762953649393506073e-01
2.692500000000000000e+03 1.752730029375749732e-01
2.697500000000000000e+03 1.742905903341461782e-01
2.702500000000000000e+03 1.733465466944247024e-01
2.707500000000000000e+03 1.724393561288004029e-01
2.712500000000000000e+03 1.715675645505120028e-01
2.717500000000000000e+03 1.707297770286626826e-01
2.722500000000000000e+03 1.699246552412906897e-01
2.727500000000000000e+03 1.691509150310948895e-01
2.732500000000000000e+03 1.684073240646087044e-01
2.737500000000000000e+03 1.676926995941681875e-01
2.742500000000000000e+03 1.670059063209591022e-01
2.747500000000000000e+03 1.663458543565682901e-01
2.752500000000000000e+03 1.657114972799126895e-01
2.757500000000000000e+03 1.651018302859664777e-01
2.762500000000000000e+03 1.645158884224955931e-01
2.767500000000000000e+03 1.639527449108217072e-01
2.772500000000000000e+03 1.634115095466404932e-01
2.777500000000000000e+03 1.628913271768749060e-01
2.782500000000000000e+03 1.623913762487129986e-01
2.787500000000000000e+03 1.619108674269996162e-01
2.792500000000000000e+03 1.614490422763731059e-01
2.797500000000000000e+03 1.610051720046407897e-01
2.802500000000000000e+03 1.605785562640955899e-01
2.807500000000000000e+03 1.601685220076351779e-01
2.812500000000000000e+03 1.597744223967210164e-01
2.817500000000000000e+03 1.593956357583773964e-01
2.822500000000000000e+03 1.590315645886235807e-01
2.827500000000000000e+03 1.586816345998550981e-01
2.832500000000000000e+03 1.583452938098685037e-01
2.837500000000000000e+03 1.580220116703404953e-01
2.842500000000000000e+03 1.577112782327382001e-01
2.847500000000000000e+03 1.574126033497190991e-01
2.852500000000000000e+03 1.571255159102216969e-01
2.857500000000000000e+03 1.568495631065525975e-01
2.862500000000000000e+03 1.565843097318563859e-01
2.867500000000000000e+03 1.563293375064609136e-01
2.872500000000000000e+03 1.560842444316755950e-01
2.877500000000000000e+03 1.558486441696808888e-01
2.882500000000000000e+03 1.556221654482428940e-01
2.887500000000000000e+03 1.554044514890387807e-01
2.892500000000000000e+03 1.551951594584423944e-01
2.897500000000000000e+03 1.549939599396920886e-01
2.902500000000000000e+03 1.548005364254078919e-01
2.907500000000000000e+03 1.546145848294712966e-01
2.912500000000000000e+03 1.544358130173623944e-01
2.917500000000000000e+03 1.542639403540518039e-01
2.922500000000000000e+03 1.540986972686378964e-01
2.927500000000000000e+03 1.539398248349373166e-01
2.932500000000000000e+03 1.537870743672839768e-01
2.937500000000000000e+03 1.536402070308452994e-01
2.942500000000000000e+03 1.534989934657937927e-01
2.947500000000000000e+03 1.533632134247256140e-01
2.952500000000000000e+03 1.532326554227430027e-01
2.957500000000000000e+03 1.531071163996647055e-01
2.962500000000000000e+03 1.529864013938696810e-01
2.967500000000000000e+03 1.528703232273000145e-01
2.972500000000000000e+03 1.527587022011966944e-01
2.977500000000000000e+03 1.526513658021782793e-01
2.982500000000000000e+03 1.525481484182882874e-01
2.987500000000000000e+03 1.524488910646757955e-01
2.992500000000000000e+03 1.523534411186117932e-01
2.997500000000000000e+03 1.522616520635396709e-01
3.002500000000000000e+03 1.521733832419278065e-01
3.007500000000000000e+03 1.520884996166615988e-01
3.012500000000000000e+03 1.520068715407751903e-01
3.017500000000000000e+03 1.519283745353079140e-01
3.022500000000000000e+03 1.518528890751159044e-01
3.027500000000000000e+03 1.517803003824392816e-01
3.032500000000000000e+03 1.517104982280876035e-01
3.037500000000000000e+03 1.516433767400585941e-01
3.042500000000000000e+03 1.515788342194658855e-01
3.047500000000000000e+03 1.515167729635998051e-01
3.052500000000000000e+03 1.514570990959967778e-01
3.057500000000000000e+03 1.513997224033563072e-01
3.062500000000000000e+03 1.513445561791647020e-01
3.067500000000000000e+03 1.512915170738651782e-01
3.072500000000000000e+03 1.512405249514364725e-01
3.077500000000000000e+03 1.511915027522010013e-01
3.082500000000000000e+03 1.511443763617193736e-01
3.087500000000000000e+03 1.510990744855839063e-01
3.092500000000000000e+03 1.510555285299530759e-01
3.097500000000000000e+03 1.510136724876347813e-01
3.102500000000000000e+03 1.509734428295489983e-01
3.107500000000000000e+03 1.509347784013679861e-01
3.112500000000000000e+03 1.508976203251523873e-01
3.117500000000000000e+03 1.508619119057870994e-01
3.122500000000000000e+03 1.508275985420111931e-01
3.127500000000000000e+03 1.507946276418584974e-01
3.132500000000000000e+03 1.507629485422938009e-01
3.137500000000000000e+03 1.507325124328575128e-01
3.142500000000000000e+03 1.507032722831130045e-01
3.147500000000000000e+03 1.506751827737069782e-01
3.152500000000000000e+03 1.506482002308482671e-01
3.157500000000000000e+03 1.506222825640128049e-01
3.162500000000000000e+03 1.505973892066973796e-01
3.167500000000000000e+03 1.505734810600364848e-01
3.172500000000000000e+03 1.505505204391175966e-01
3.177500000000000000e+03 1.505284710218192934e-01
3.182500000000000000e+03 1.505072978000210893e-01
3.187500000000000000e+03 1.504869670330256926e-01
3.192500000000000000e+03 1.504674462030623772e-01
3.197500000000000000e+03 1.504487039727065989e-01
3.202500000000000000e+03 1.504307101441286765e-01
3.207500000000000000e+03 1.504134356200131084e-01
3.212500000000000000e+03 1.503968523660524914e-01
3.217500000000000000e+03 1.503809333749178967e-01
3.222500000000000000e+03 1.503656526315914899e-01
3.227500000000000000e+03 1.503509850799848169e-01
3.232500000000000000e+03 1.503369065907551871e-01
3.237500000000000000e+03 1.503233939302487943e-01
3.242500000000000000e+03 1.503104247304931917e-01
3.247500000000000000e+03 1.502979774601838903e-01
3.252500000000000000e+03 1.502860313966178085e-01
3.257500000000000000e+03 1.502745665984927814e-01
3.262500000000000000e+03 1.502635638795618012e-01
3.267500000000000000e+03 1.502530047830792914e-01
3.272500000000000000e+03 1.502428715570069684e-01
3.277500000000000000e+03 1.502331471299477861e-01
3.282500000000000000e+03 1.502238150877802936e-01
3.287500000000000000e+03 1.502148596509634837e-01
3.292500000000000000e+03 1.502062656524930928e-01
3.297500000000000000e+03 1.501980185164815129e-01
3.302500000000000000e+03 1.501901042373542938e-01
3.307500000000000000e+03 1.501825093596317884e-01
3.312500000000000000e+03 1.501752209582859210e-01
3.317500000000000000e+03 1.501682266196628091e-01
3.322500000000000000e+03 1.501615144229489773e-01
3.327500000000000000e+03 1.501550729221613756e-01
3.332500000000000000e+03 1.501488911286650851e-01
3.337500000000000000e+03 1.501429584941735840e-01
3.342500000000000000e+03 1.501372648942226884e-01
3.347500000000000000e+03 1.501318006120877790e-01
3.352500000000000000e+03 1.501265563230851918e-01
3.357500000000000000e+03 1.501215230791961841e-01
3.362500000000000000e+03 1.501166922939216053e-01
3.367500000000000000e+03 1.501120557271785061e-01
3.372500000000000000e+03 1.501076054700027085e-01
3.377500000000000000e+03 1.501033339286231838e-01
3.382500000000000000e+03 1.500992338072331955e-01
3.387500000000000000e+03 1.500952980883341059e-01
3.392500000000000000e+03 1.500915200088227819e-01
3.397500000000000000e+03 1.500878930288252755e-01
3.402500000000000000e+03 1.500844107883562983e-01
3.407500000000000000e+03 1.500810670439235162e-01
3.412500000000000000e+03 1.500778555724706087e-01
3.417500000000000000e+03 1.500747700231988835e-01
3.422500000000000000e+03 1.500718036882811857e-01
3.427500000000000000e+03 1.500689491520058039e-01
3.432500000000000000e+03 1.500661977679781933e-01
3.437500000000000000e+03 1.500635389153854027e-01
3.442500000000000000e+03 1.500609590202782728e-01
3.447500000000000000e+03 1.500584404382378778e-01
3.452500000000000000e+03 1.500559605468080870e-01
3.457500000000000000e+03 1.500534918640887005e-01
3.462500000000000000e+03 1.500510047095811872e-01
3.467500000000000000e+03 1.500484746490644006e-01
3.472500000000000000e+03 1.500458970332493036e-01
3.477500000000000000e+03 1.500433090229663924e-01
3.482500000000000000e+03 1.500408141085764202e-01
3.487500000000000000e+03 1.500385955955353956e-01
3.492500000000000000e+03 1.500368991952148734e-01
3.497500000000000000e+03 1.500359718499461037e-01
3.502500000000000000e+03 1.500359718499461037e-01
