2.4861416e+07  -1.0010989e-06
   7.4584249e+07  -1.7026690e-02
   1.2430708e+08  -1.6795506e+00
   1.7402992e+08  -3.4394206e+01
   2.2375275e+08  -3.2631492e+02
   2.7347558e+08  -1.9568154e+03
   3.2319841e+08  -8.6451966e+03
   3.7292125e+08  -3.0695865e+04
   4.2264408e+08  -9.2464288e+04
   4.7236691e+08  -2.4495628e+05
   5.2208975e+08  -5.8525441e+05
   5.7181258e+08  -1.2843204e+06
   6.2153541e+08  -2.6243120e+06
   6.7125825e+08  -5.0458627e+06
   7.2098108e+08  -9.2048228e+06
   7.7070391e+08  -1.6036792e+07
   8.2042674e+08  -2.6826472e+07
   8.7014958e+08  -4.3277530e+07
   9.1987241e+08  -6.7577409e+07
   9.6959524e+08  -1.0245047e+08
   1.0193181e+09  -1.5119217e+08
   1.0690409e+09  -2.1767665e+08
   1.1187637e+09  -3.0633048e+08
   1.1684866e+09  -4.2206606e+08
   1.2182094e+09  -5.7016970e+08
   1.2679322e+09  -7.5614127e+08
   1.3176551e+09  -9.8548513e+08
   1.3673779e+09  -1.2634545e+09
   1.4171007e+09  -1.5947547e+09
   1.4668236e+09  -1.9832142e+09
   1.5165464e+09  -2.4314348e+09
   1.5662692e+09  -2.9404344e+09
   1.6159921e+09  -3.5093005e+09
   1.6657149e+09  -4.1348703e+09
   1.7154377e+09  -4.8114566e+09
   1.7651606e+09  -5.5306380e+09
   1.8148834e+09  -6.2811299e+09
   1.8646062e+09  -7.0487522e+09
   1.9143291e+09  -7.8165057e+09
   1.9640519e+09  -8.5647665e+09
   2.0137747e+09  -9.2716044e+09
   2.0634976e+09  -9.9132257e+09
   2.1132204e+09  -1.0464538e+10
   2.1629432e+09  -1.0899828e+10
   2.2126661e+09  -1.1193541e+10
   2.2623889e+09  -1.1321147e+10
   2.3121117e+09  -1.1260062e+10
   2.3618346e+09  -1.0990617e+10
   2.4115574e+09  -1.0497022e+10
   2.4612802e+09  -9.7682966e+09
   2.5110031e+09  -8.7991356e+09
   2.5607259e+09  -7.5906377e+09
   2.6104487e+09  -6.1508657e+09
   2.6601716e+09  -4.4951700e+09
   2.7098944e+09  -2.6462248e+09
   2.7596172e+09  -6.3372432e+08
   2.8093401e+09   1.5062946e+09
   2.8590629e+09   3.7325208e+09
   2.9087857e+09   5.9998093e+09
   2.9585086e+09   8.2609411e+09
   3.0082314e+09   1.0468608e+10
   3.0579542e+09   1.2577487e+10
   3.1076771e+09   1.4546257e+10
   3.1573999e+09   1.6339384e+10
   3.2071227e+09   1.7928524e+10
   3.2568456e+09   1.9293444e+10
   3.3065684e+09   2.0422377e+10
   3.3562912e+09   2.1311825e+10
   3.4060141e+09   2.1965862e+10
   3.4557369e+09   2.2395044e+10
   3.5054597e+09   2.2615056e+10
   3.5551826e+09   2.2645254e+10
   3.6049054e+09   2.2507221e+10
   3.6546282e+09   2.2223462e+10
   3.7043511e+09   2.1816297e+10
   3.7540739e+09   2.1307015e+10
   3.8037967e+09   2.0715267e+10
   3.8535196e+09   2.0058712e+10
   3.9032424e+09   1.9352856e+10
   3.9529652e+09   1.8611050e+10
   4.0026881e+09   1.7844606e+10
   4.0524109e+09   1.7062982e+10
   4.1021337e+09   1.6274011e+10
   4.1518566e+09   1.5484131e+10
   4.2015794e+09   1.4698619e+10
   4.2513022e+09   1.3921795e+10
   4.3010251e+09   1.3157210e+10
   4.3507479e+09   1.2407796e+10
   4.4004707e+09   1.1675990e+10
   4.4501936e+09   1.0963835e+10
   4.4999164e+09   1.0273051e+10
   4.5496392e+09   9.6050931e+09
   4.5993621e+09   8.9611818e+09
   4.6490849e+09   8.3423319e+09
   4.6988077e+09   7.7493633e+09
   4.7485306e+09   7.1829084e+09
   4.7982534e+09   6.6434144e+09
   4.8479762e+09   6.1311457e+09
   4.8976991e+09   5.6461855e+09
   4.9474219e+09   5.1884410e+09
   4.9971447e+09   4.7576511e+09
   5.0468675e+09   4.3533973e+09
   5.0965904e+09   3.9751186e+09
   5.1463132e+09   3.6221276e+09
   5.1960360e+09   3.2936287e+09
   5.2457589e+09   2.9887365e+09
   5.2954817e+09   2.7064943e+09
   5.3452045e+09   2.4458910e+09
   5.3949274e+09   2.2058769e+09
   5.4446502e+09   1.9853774e+09
   5.4943730e+09   1.7833061e+09
   5.5440959e+09   1.5985750e+09
   5.5938187e+09   1.4301042e+09
   5.6435415e+09   1.2768298e+09
   5.6932644e+09   1.1377107e+09
   5.7429872e+09   1.0117349e+09
   5.7927100e+09   8.9792425e+08
   5.8424329e+09   7.9533827e+08
   5.8921557e+09   7.0307774e+08
   5.9418785e+09   6.2028705e+08
   5.9916014e+09   5.4615600e+08
   6.0413242e+09   4.7992093e+08
   6.0910470e+09   4.2086525e+08
   6.1407699e+09   3.6831941e+08
   6.1904927e+09   3.2166044e+08
   6.2402155e+09   2.8031106e+08
   6.2899384e+09   2.4373843e+08
   6.3396612e+09   2.1145266e+08
   6.3893840e+09   1.8300502e+08
   6.4391069e+09   1.5798604e+08
   6.4888297e+09   1.3602347e+08
   6.5385525e+09   1.1678007e+08
   6.5882754e+09   9.9951427e+07
   6.6379982e+09   8.5263699e+07
   6.6877210e+09   7.2471350e+07
   6.7374439e+09   6.1354894e+07
   6.7871667e+09   5.1718667e+07
   6.8368895e+09   4.3388644e+07
   6.8866124e+09   3.6210314e+07
   6.9363352e+09   3.0046638e+07
   6.9860580e+09   2.4776114e+07
   7.0357809e+09   2.0290967e+07
   7.0855037e+09   1.6495493e+07
   7.1352265e+09   1.3304603e+07
   7.1849494e+09   1.0642587e+07
   7.2346722e+09   8.4421226e+06
   7.2843950e+09   6.6435098e+06
   7.3341179e+09   5.1940798e+06
   7.3838407e+09   4.0475922e+06
   7.4335635e+09   3.1633867e+06
   7.4832864e+09   2.5050035e+06
   7.5330092e+09   2.0379771e+06
   7.5827320e+09   1.7265436e+06
   7.6324549e+09   1.5290561e+06
   7.6821777e+09   1.3927454e+06
   7.7319005e+09   1.2518711e+06
   7.7816234e+09   1.0400421e+06
   7.8313462e+09   7.2830971e+05
   7.8810690e+09   3.7274737e+05
   7.9307919e+09   1.0230132e+05
