   0.0000000e+00   0.0000000e+00
   3.7537923e+08   2.4891130e+06
   5.3083519e+08  -1.4347901e+07
   6.5009946e+08  -6.8317661e+07
   7.5062608e+08  -1.5643883e+08
   8.3917615e+08  -3.1608321e+08
   9.1921739e+08  -4.9550455e+08
   9.9280991e+08  -6.6733579e+08
   1.0612961e+09  -8.5584906e+08
   1.1256084e+09  -8.6767446e+08
   1.1864257e+09  -1.0419659e+09
   1.2442607e+09  -1.1370106e+09
   1.2995115e+09  -1.1577842e+09
   1.3524951e+09  -9.6485644e+08
   1.4034680e+09  -1.1911332e+09
   1.4526421e+09  -1.4411144e+09
   1.5001943e+09  -1.1475979e+09
   1.5462741e+09  -6.8800018e+08
   1.5910095e+09  -5.0055635e+08
   1.6345109e+09  -2.3367912e+08
   1.6768744e+09  -6.8746257e+08
   1.7181841e+09  -3.5577631e+08
   1.7585143e+09  -8.1935312e+07
   1.7979309e+09   8.6927582e+07
   1.8364927e+09   7.6645370e+06
   1.8742526e+09   2.6155843e+08
   1.9112580e+09   6.2670451e+08
   1.9475519e+09   8.5279235e+08
   1.9831735e+09   8.9669425e+08
   2.0181583e+09   4.3819917e+08
   2.0525389e+09   6.4585272e+08
   2.0863451e+09   6.7627421e+08
   2.1196045e+09   6.4005444e+08
   2.1523423e+09   6.4188703e+08
   2.1845821e+09   1.1976492e+09
   2.2163456e+09   1.0740439e+09
   2.2476530e+09   1.1680183e+09
   2.2785230e+09   1.4686796e+09
   2.3089733e+09   1.2390414e+09
   2.3390202e+09   1.4063606e+09
   2.3686790e+09   1.7637066e+09
   2.3979643e+09   1.3277716e+09
   2.4268894e+09   1.2465074e+09
   2.4554672e+09   1.5504038e+09
   2.4837096e+09   1.6772018e+09
   2.5116279e+09   2.1230995e+09
   2.5392328e+09   1.6790413e+09
   2.5665345e+09   1.6411458e+09
   2.5935425e+09   1.8516767e+09
   2.6202660e+09   1.6463345e+09
   2.6467134e+09   1.6354174e+09
   2.6728931e+09   1.5319018e+09
   2.6988127e+09   1.6855796e+09
   2.7244799e+09   1.6746525e+09
   2.7499015e+09   1.9320045e+09
   2.7750844e+09   2.0165666e+09
   2.8000350e+09   2.1188355e+09
   2.8247594e+09   2.2474855e+09
   2.8492636e+09   1.8104548e+09
   2.8735532e+09   2.0112101e+09
   2.8976336e+09   1.9284526e+09
   2.9215099e+09   2.1418577e+09
   2.9451871e+09   1.9357001e+09
   2.9686701e+09   1.9839974e+09
   2.9919633e+09   2.0249983e+09
   3.0150712e+09   2.1378714e+09
   3.0379979e+09   2.1710794e+09
   3.0607476e+09   2.1192618e+09
   3.0833243e+09   2.5376073e+09
   3.1057315e+09   2.3686723e+09
   3.1279731e+09   2.0437334e+09
   3.1500525e+09   2.6905493e+09
   3.1719731e+09   2.7380109e+09
   3.1937382e+09   2.7781964e+09
   3.2153509e+09   2.3125021e+09
   3.2368143e+09   2.4428837e+09
   3.2581314e+09   2.4193067e+09
   3.2793049e+09   2.6678878e+09
   3.3003377e+09   3.1922730e+09
   3.3212325e+09   2.6646886e+09
   3.3419917e+09   2.4773066e+09
   3.3626181e+09   2.3968470e+09
   3.3831138e+09   2.2148284e+09
   3.4034814e+09   2.6854692e+09
   3.4237232e+09   2.5691404e+09
   3.4438412e+09   2.5501870e+09
   3.4638378e+09   2.9182086e+09
   3.4837150e+09   3.3445422e+09
   3.5034747e+09   2.9404289e+09
   3.5231191e+09   3.1436512e+09
   3.5426500e+09   3.0483495e+09
   3.5620693e+09   3.0110729e+09
   3.5813788e+09   2.7156887e+09
   3.6005803e+09   2.4387812e+09
   3.6196755e+09   2.5016975e+09
   3.6386660e+09   3.6399722e+09
   3.6575535e+09   3.2590039e+09
   3.6763397e+09   2.8030632e+09
   3.6950259e+09   2.7269414e+09
   3.7136139e+09   2.5849767e+09
   3.7321049e+09   2.9655000e+09
   3.7505005e+09   2.2583900e+09
   3.7688020e+09   2.1782146e+09
   3.7870109e+09   2.4338621e+09
   3.8051284e+09   3.0244236e+09
   3.8231558e+09   2.7378475e+09
   3.8410945e+09   2.6106930e+09
   3.8589456e+09   2.3279562e+09
   3.8767104e+09   2.5206725e+09
   3.8943901e+09   2.8248735e+09
   3.9119857e+09   2.5789967e+09
   3.9294985e+09   2.4547698e+09
   3.9469295e+09   2.3719021e+09
   3.9642799e+09   2.0157817e+09
   3.9815506e+09   2.2765470e+09
   3.9987427e+09   1.7912065e+09
   4.0158573e+09   1.5836819e+09
   4.0328952e+09   1.7656630e+09
   4.0498576e+09   2.2979240e+09
   4.0667452e+09   1.3936821e+09
   4.0835591e+09   1.3706561e+09
   4.1003002e+09   1.7323187e+09
   4.1169693e+09   2.5471332e+09
   4.1335673e+09   2.7007460e+09
   4.1500951e+09   2.7658612e+09
   4.1665536e+09   2.1907586e+09
   4.1829434e+09   1.5250728e+09
   4.1992655e+09   1.7106597e+09
   4.2155206e+09   2.3590956e+09
   4.2317095e+09   1.5011331e+09
   4.2478330e+09   1.2795781e+09
   4.2638918e+09   1.8640765e+09
   4.2798866e+09   1.2654166e+09
   4.2958181e+09   9.6123256e+08
   4.3116871e+09   1.2880916e+09
   4.3274942e+09   1.6139070e+09
   4.3432401e+09   1.5135948e+09
   4.3589256e+09   1.1665496e+09
   4.3745511e+09   2.0910265e+09
   4.3901174e+09   2.3158696e+09
   4.4056251e+09   2.1914535e+09
   4.4210748e+09   2.2578371e+09
   4.4364672e+09   1.3190166e+09
   4.4518027e+09   9.3844716e+08
   4.4670821e+09   1.1688201e+09
   4.4823059e+09   1.5000845e+09
   4.4974746e+09   1.0237466e+09
   4.5125888e+09   7.9293202e+08
   4.5276490e+09   1.3862289e+09
   4.5426559e+09   1.7291419e+09
   4.5576098e+09   1.2203687e+09
   4.5725114e+09   7.7098454e+08
   4.5873611e+09   1.0602827e+09
   4.6021595e+09   1.2561333e+09
   4.6169071e+09   1.5694130e+09
   4.6316042e+09   1.1960625e+09
   4.6462515e+09   2.1520644e+09
   4.6608494e+09   1.9160681e+09
   4.6753983e+09   1.5975120e+09
   4.6898987e+09   1.0438089e+09
   4.7043510e+09   1.0861651e+09
   4.7187558e+09   2.8118013e+08
   4.7331134e+09   5.2994495e+08
   4.7474242e+09   9.3765937e+08
   4.7616888e+09   1.2428146e+09
   4.7759074e+09   7.2074268e+08
   4.7900805e+09   1.0707926e+09
   4.8042086e+09   1.5458803e+09
   4.8182919e+09   5.4392045e+08
   4.8323310e+09   9.2783559e+08
   4.8463261e+09   7.4189830e+08
   4.8602778e+09   9.7235356e+08
   4.8741862e+09   1.2184620e+09
   4.8880519e+09   1.2180971e+09
   4.9018751e+09   7.5460446e+08
   4.9156563e+09   9.9469723e+08
   4.9293958e+09   6.0346410e+08
   4.9430939e+09   8.1614855e+08
   4.9567510e+09   1.1149432e+09
   4.9703674e+09   5.6406435e+08
   4.9839434e+09   3.5693261e+08
   4.9974795e+09   7.0753632e+08
   5.0109758e+09   8.9088240e+08
   5.0244328e+09   1.0206461e+09
   5.0378507e+09   1.4890200e+09
   5.0512299e+09   9.0911115e+08
   5.0645707e+09   1.0097101e+09
   5.0778733e+09   6.8931317e+08
   5.0911381e+09   2.7910203e+08
   5.1043654e+09   5.9252236e+08
   5.1175554e+09   4.8922690e+08
   5.1307084e+09   1.0176069e+09
   5.1438248e+09   9.0942098e+08
   5.1569049e+09   2.1353522e+08
   5.1699488e+09   3.8239398e+08
   5.1829568e+09   9.1155006e+08
   5.1959293e+09   4.7795809e+08
   5.2088665e+09   3.8671284e+08
   5.2217687e+09   3.7145561e+08
   5.2346361e+09   6.4883351e+08
   5.2474689e+09   5.5364446e+08
   5.2602675e+09   8.9086829e+08
   5.2730321e+09   9.4235146e+08
   5.2857629e+09   1.3483409e+08
   5.2984602e+09   9.5947101e+08
   5.3111242e+09   3.6528121e+08
   5.3237551e+09   5.3338356e+07
   5.3363533e+09   5.7420547e+08
   5.3489188e+09   3.0752811e+08
   5.3614520e+09   6.1915829e+07
   5.3739531e+09  -2.4383681e+08
   5.3864224e+09   7.6370896e+07
   5.3988599e+09   5.6537261e+08
   5.4112660e+09   6.3994575e+08
   5.4236408e+09   3.1826828e+08
   5.4359846e+09   6.6126593e+07
   5.4482976e+09   4.3241002e+08
   5.4605800e+09   3.2360547e+08
   5.4728320e+09   5.6527028e+08
   5.4850538e+09   2.6179719e+08
   5.4972457e+09   2.0661282e+08
   5.5094077e+09   4.1866868e+08
   5.5215402e+09   1.0998779e+08
   5.5336432e+09   3.0835469e+07
   5.5457171e+09  -6.3460128e+07
   5.5577619e+09  -9.5356381e+07
   5.5697779e+09   5.4798241e+07
   5.5817653e+09  -3.9050771e+07
   5.5937243e+09  -6.5367089e+07
   5.6056549e+09   5.0005939e+08
   5.6175575e+09   1.4601125e+08
   5.6294322e+09   1.4107736e+08
   5.6412791e+09   4.1586680e+04
   5.6530985e+09   0.0000000e+00
   5.6648905e+09  -1.5592273e+06
   5.6766553e+09  -4.6753174e+07
   5.6883931e+09  -2.1962707e+07
   5.7001040e+09  -3.6031162e+05
   5.7117882e+09  -1.7691487e+07
   5.7234458e+09  -5.2639171e+07
   5.7350771e+09   2.6435195e+06
   5.7466821e+09  -4.2212401e+06
   5.7582611e+09  -5.0339197e+07
   5.7698142e+09   1.5451845e+08
   5.7813415e+09   2.8457972e+07
   5.7928432e+09   4.3560424e+08
   5.8043196e+09   2.4125106e+08
   5.8157706e+09   1.7434064e+07
   5.8271965e+09   4.3817375e+08
   5.8385974e+09   3.7674512e+08
   5.8499734e+09   5.5726967e+08
   5.8613248e+09   3.1723266e+08
   5.8726516e+09   3.6812311e+08
   5.8839540e+09   4.7987600e+08
   5.8952321e+09   4.6832844e+08
   5.9064861e+09   3.9687373e+08
   5.9177161e+09   2.6122115e+08
   5.9289223e+09   0.0000000e+00
   5.9401048e+09   0.0000000e+00
   5.9512636e+09   1.5063953e+07
   5.9623990e+09   3.6870087e+08
   5.9735111e+09   1.5896200e+08
   5.9846000e+09   1.2537990e+08
   5.9956659e+09   2.4854096e+08
   6.0067088e+09   5.7521408e+07
   6.0177290e+09   6.0832935e+08
   6.0287264e+09   5.3656971e+08
   6.0397013e+09   8.6570899e+06
   6.0506538e+09   2.3345935e+08
   6.0615839e+09   5.4903076e+08
   6.0724919e+09   2.2719745e+07
   6.0833778e+09   0.0000000e+00
   6.0942418e+09   0.0000000e+00
   6.1050840e+09   5.9353114e+07
   6.1159044e+09   1.1845972e+08
   6.1267032e+09   4.9354774e+08
   6.1374806e+09   3.2209936e+08
   6.1482366e+09   1.0608011e+07
   6.1589713e+09   0.0000000e+00
   6.1696849e+09   0.0000000e+00
   6.1803775e+09   0.0000000e+00
   6.1910491e+09   0.0000000e+00
   6.2017000e+09   0.0000000e+00
   6.2123301e+09   0.0000000e+00
   6.2229396e+09   0.0000000e+00
   6.2335287e+09   0.0000000e+00
   6.2440973e+09   0.0000000e+00
   6.2546457e+09   0.0000000e+00
   6.2651739e+09   0.0000000e+00
   6.2756820e+09   0.0000000e+00
   6.2861701e+09   0.0000000e+00
   6.2966384e+09   0.0000000e+00
   6.3070869e+09   0.0000000e+00
   6.3175157e+09   0.0000000e+00
   6.3279249e+09   0.0000000e+00
   6.3383147e+09  -1.2193584e+08
   6.3486850e+09  -1.3822988e+08
   6.3590361e+09  -1.2114240e+05
   6.3693680e+09   0.0000000e+00
   6.3796808e+09   0.0000000e+00
   6.3899745e+09   0.0000000e+00
   6.4002494e+09   0.0000000e+00
   6.4105054e+09   0.0000000e+00
   6.4207427e+09   0.0000000e+00
   6.4309614e+09   0.0000000e+00
   6.4411615e+09   0.0000000e+00
   6.4513431e+09   0.0000000e+00
   6.4615064e+09   0.0000000e+00
   6.4716514e+09   0.0000000e+00
   6.4817781e+09   0.0000000e+00
   6.4918868e+09   0.0000000e+00
   6.5019774e+09   0.0000000e+00
   6.5120501e+09   0.0000000e+00
   6.5221049e+09   0.0000000e+00
   6.5321420e+09   0.0000000e+00
   6.5421613e+09   0.0000000e+00
   6.5521630e+09   0.0000000e+00
   6.5621472e+09   0.0000000e+00
   6.5721139e+09   0.0000000e+00
   6.5820633e+09   0.0000000e+00
   6.5919954e+09   0.0000000e+00
   6.6019102e+09   0.0000000e+00
   6.6118079e+09   0.0000000e+00
   6.6216886e+09   0.0000000e+00
   6.6315523e+09   0.0000000e+00
   6.6413990e+09   0.0000000e+00
   6.6512290e+09   0.0000000e+00
   6.6610421e+09   0.0000000e+00
   6.6708386e+09   0.0000000e+00
   6.6806185e+09   0.0000000e+00
   6.6903819e+09   0.0000000e+00
   6.7001288e+09   0.0000000e+00
   6.7098593e+09   0.0000000e+00
   6.7195735e+09   0.0000000e+00
   6.7292714e+09   0.0000000e+00
   6.7389532e+09   0.0000000e+00
   6.7486189e+09   0.0000000e+00
   6.7582685e+09   0.0000000e+00
   6.7679022e+09   0.0000000e+00
   6.7775200e+09   0.0000000e+00
   6.7871219e+09   0.0000000e+00
   6.7967081e+09   0.0000000e+00
   6.8062786e+09   0.0000000e+00
   6.8158335e+09   0.0000000e+00
   6.8253728e+09   0.0000000e+00
   6.8348966e+09   0.0000000e+00
   6.8444050e+09   0.0000000e+00
   6.8538981e+09   0.0000000e+00
   6.8633758e+09   0.0000000e+00
   6.8728383e+09   0.0000000e+00
   6.8822856e+09   0.0000000e+00
   6.8917178e+09   0.0000000e+00
   6.9011350e+09   0.0000000e+00
   6.9105372e+09   0.0000000e+00
   6.9199244e+09   0.0000000e+00
   6.9292968e+09   0.0000000e+00
   6.9386544e+09   0.0000000e+00
   6.9479973e+09   0.0000000e+00
   6.9573255e+09   0.0000000e+00
   6.9666390e+09   0.0000000e+00
   6.9759381e+09   0.0000000e+00
   6.9852226e+09   0.0000000e+00
   6.9944926e+09   0.0000000e+00
   7.0037483e+09   0.0000000e+00
   7.0129896e+09   0.0000000e+00
   7.0222167e+09   0.0000000e+00
   7.0314296e+09   0.0000000e+00
   7.0406283e+09   0.0000000e+00
   7.0498129e+09   0.0000000e+00
   7.0589834e+09   0.0000000e+00
   7.0681400e+09   0.0000000e+00
   7.0772826e+09   0.0000000e+00
   7.0864114e+09   0.0000000e+00
   7.0955263e+09   0.0000000e+00
   7.1046275e+09   0.0000000e+00
   7.1137149e+09   0.0000000e+00
   7.1227887e+09   0.0000000e+00
   7.1318488e+09   0.0000000e+00
   7.1408954e+09   0.0000000e+00
   7.1499285e+09   0.0000000e+00
   7.1589481e+09   0.0000000e+00
   7.1679543e+09   0.0000000e+00
   7.1769472e+09   0.0000000e+00
   7.1859268e+09   0.0000000e+00
   7.1948931e+09   0.0000000e+00
   7.2038462e+09   0.0000000e+00
   7.2127861e+09   0.0000000e+00
   7.2217130e+09   0.0000000e+00
   7.2306268e+09   0.0000000e+00
   7.2395276e+09   0.0000000e+00
   7.2484154e+09   0.0000000e+00
   7.2572903e+09   0.0000000e+00
   7.2661524e+09   0.0000000e+00
   7.2750017e+09   0.0000000e+00
   7.2838381e+09   0.0000000e+00
   7.2926619e+09   0.0000000e+00
   7.3014730e+09   0.0000000e+00
   7.3102715e+09   0.0000000e+00
   7.3190573e+09   0.0000000e+00
   7.3278307e+09   0.0000000e+00
   7.3365916e+09   0.0000000e+00
   7.3453400e+09   0.0000000e+00
   7.3540760e+09   0.0000000e+00
   7.3627997e+09   0.0000000e+00
   7.3715110e+09   0.0000000e+00
   7.3802101e+09   0.0000000e+00
   7.3888970e+09   0.0000000e+00
   7.3975717e+09   0.0000000e+00
   7.4062343e+09   0.0000000e+00
   7.4148847e+09   0.0000000e+00
   7.4235231e+09   0.0000000e+00
   7.4321496e+09   0.0000000e+00
   7.4407640e+09   0.0000000e+00
   7.4493666e+09   0.0000000e+00
   7.4579572e+09   0.0000000e+00
   7.4665360e+09   0.0000000e+00
   7.4751031e+09   0.0000000e+00
   7.4836583e+09   0.0000000e+00
   7.4922019e+09   0.0000000e+00
   7.5007338e+09   0.0000000e+00
   7.5092540e+09   0.0000000e+00
   7.5177627e+09   0.0000000e+00
   7.5262598e+09   0.0000000e+00
   7.5347454e+09   0.0000000e+00
   7.5432195e+09   0.0000000e+00
   7.5516821e+09   0.0000000e+00
   7.5601334e+09   0.0000000e+00
   7.5685734e+09   0.0000000e+00
   7.5770020e+09   0.0000000e+00
   7.5854193e+09   0.0000000e+00
   7.5938254e+09   0.0000000e+00
   7.6022203e+09   0.0000000e+00
   7.6106040e+09   0.0000000e+00
   7.6189766e+09   0.0000000e+00
   7.6273381e+09   0.0000000e+00
   7.6356885e+09   0.0000000e+00
   7.6440279e+09   0.0000000e+00
   7.6523564e+09   0.0000000e+00
   7.6606739e+09   0.0000000e+00
   7.6689804e+09   0.0000000e+00
   7.6772762e+09   0.0000000e+00
   7.6855610e+09   0.0000000e+00
   7.6938351e+09   0.0000000e+00
   7.7020984e+09   0.0000000e+00
   7.7103510e+09   0.0000000e+00
   7.7185929e+09   0.0000000e+00
   7.7268241e+09   0.0000000e+00
   7.7350447e+09   0.0000000e+00
   7.7432547e+09   0.0000000e+00
   7.7514542e+09   0.0000000e+00
   7.7596431e+09   0.0000000e+00
   7.7678215e+09   0.0000000e+00
   7.7759895e+09   0.0000000e+00
   7.7841470e+09   0.0000000e+00
   7.7922942e+09   0.0000000e+00
   7.8004310e+09   0.0000000e+00
   7.8085575e+09   0.0000000e+00
   7.8166737e+09   0.0000000e+00
   7.8247796e+09   0.0000000e+00
   7.8328753e+09   0.0000000e+00
   7.8409608e+09   0.0000000e+00
   7.8490362e+09   0.0000000e+00
   7.8571014e+09   0.0000000e+00
   7.8651565e+09   0.0000000e+00
   7.8732016e+09   0.0000000e+00
   7.8812366e+09   0.0000000e+00
   7.8892616e+09   0.0000000e+00
   7.8972767e+09   0.0000000e+00
   7.9052818e+09   0.0000000e+00
   7.9132770e+09   0.0000000e+00
   7.9212623e+09   0.0000000e+00
   7.9292378e+09   0.0000000e+00
   7.9372034e+09   0.0000000e+00
   7.9451593e+09   0.0000000e+00
   7.9531054e+09   0.0000000e+00
   7.9610417e+09   0.0000000e+00
   7.9689684e+09   0.0000000e+00
   7.9768854e+09   0.0000000e+00
   7.9847927e+09   0.0000000e+00
   7.9926905e+09   0.0000000e+00
   8.0005786e+09   0.0000000e+00
   8.0084572e+09   0.0000000e+00
   8.0163263e+09   0.0000000e+00
   8.0241859e+09   0.0000000e+00
   8.0320360e+09   0.0000000e+00
   8.0398766e+09   0.0000000e+00
   8.0477079e+09   0.0000000e+00
   8.0555298e+09   0.0000000e+00
   8.0633423e+09   0.0000000e+00
   8.0711455e+09   0.0000000e+00
   8.0789393e+09   0.0000000e+00
   8.0867239e+09   0.0000000e+00
   8.0944993e+09   0.0000000e+00
   8.1022654e+09   0.0000000e+00
   8.1100224e+09   0.0000000e+00
   8.1177702e+09   0.0000000e+00
   8.1255088e+09   0.0000000e+00
   8.1332383e+09   0.0000000e+00
   8.1409588e+09   0.0000000e+00
   8.1486702e+09   0.0000000e+00
