   0.0000000e+00   0.0000000e+00
   7.1970638e-01   2.7237734e-09
   1.0177587e+00  -1.5700545e-08
   1.2464215e+00  -7.4758291e-08
   1.4391589e+00  -1.7118706e-07
   1.6089340e+00  -3.4588187e-07
   1.7623954e+00  -5.4221812e-07
   1.9034927e+00  -7.3024871e-07
   2.0347997e+00  -9.3653401e-07
   2.1581042e+00  -9.4947424e-07
   2.2747080e+00  -1.1401970e-06
   2.3855937e+00  -1.2442019e-06
   2.4915250e+00  -1.2669340e-06
   2.5931092e+00  -1.0558180e-06
   2.6908385e+00  -1.3034269e-06
   2.7851189e+00  -1.5769751e-06
   2.8762896e+00  -1.2557874e-06
   2.9646374e+00  -7.5286122e-07
   3.0504076e+00  -5.4774617e-07
   3.1338120e+00  -2.5570916e-07
   3.2150345e+00  -7.5227293e-07
   3.2942367e+00  -3.8931703e-07
   3.3715609e+00  -8.9659743e-08
   3.4471335e+00   9.5122657e-08
   3.5210673e+00   8.3871092e-09
   3.5934635e+00   2.8621678e-07
   3.6644131e+00   6.8578692e-07
   3.7339987e+00   9.3318913e-07
   3.8022951e+00   9.8122987e-07
   3.8693707e+00   4.7951028e-07
   3.9352878e+00   7.0674032e-07
   4.0001037e+00   7.4002978e-07
   4.0638712e+00   7.0039541e-07
   4.1266388e+00   7.0240076e-07
   4.1884515e+00   1.3105573e-06
   4.2493509e+00   1.1752991e-06
   4.3093758e+00   1.2781330e-06
   4.3685623e+00   1.6071390e-06
   4.4269439e+00   1.3558518e-06
   4.4845521e+00   1.5389449e-06
   4.5414164e+00   1.9299795e-06
   4.5975644e+00   1.4529469e-06
   4.6530219e+00   1.3640216e-06
   4.7078134e+00   1.6965677e-06
   4.7619619e+00   1.8353196e-06
   4.8154891e+00   2.3232542e-06
   4.8684155e+00   1.8373325e-06
   4.9207604e+00   1.7958644e-06
   4.9725423e+00   2.0262431e-06
   5.0237785e+00   1.8015423e-06
   5.0744856e+00   1.7895959e-06
   5.1246793e+00   1.6763214e-06
   5.1743745e+00   1.8444872e-06
   5.2235855e+00   1.8325300e-06
   5.2723259e+00   2.1141437e-06
   5.3206085e+00   2.2066778e-06
   5.3684457e+00   2.3185882e-06
   5.4158493e+00   2.4593666e-06
   5.4628307e+00   1.9811350e-06
   5.5094006e+00   2.2008164e-06
   5.5555693e+00   2.1102569e-06
   5.6013469e+00   2.3437808e-06
   5.6467428e+00   2.1181878e-06
   5.6917661e+00   2.1710382e-06
   5.7364256e+00   2.2159045e-06
   5.7807299e+00   2.3394187e-06
   5.8246868e+00   2.3757573e-06
   5.8683044e+00   2.3190547e-06
   5.9115901e+00   2.7768396e-06
   5.9545510e+00   2.5919783e-06
   5.9971943e+00   2.2364058e-06
   6.0395267e+00   2.9442001e-06
   6.0815546e+00   2.9961362e-06
   6.1232843e+00   3.0401102e-06
   6.1647219e+00   2.5305126e-06
   6.2058732e+00   2.6731859e-06
   6.2467439e+00   2.6473863e-06
   6.2873395e+00   2.9194022e-06
   6.3276652e+00   3.4932237e-06
   6.3677263e+00   2.9159015e-06
   6.4075276e+00   2.7108540e-06
   6.4470739e+00   2.6228092e-06
   6.4863700e+00   2.4236307e-06
   6.5254204e+00   2.9386411e-06
   6.5642294e+00   2.8113455e-06
   6.6028013e+00   2.7906052e-06
   6.6411403e+00   3.1933219e-06
   6.6792504e+00   3.6598481e-06
   6.7171354e+00   3.2176371e-06
   6.7547991e+00   3.4400181e-06
   6.7922453e+00   3.3357319e-06
   6.8294775e+00   3.2949410e-06
   6.8664991e+00   2.9717096e-06
   6.9033137e+00   2.6686967e-06
   6.9399245e+00   2.7375444e-06
   6.9763346e+00   3.9831297e-06
   7.0125473e+00   3.5662456e-06
   7.0485655e+00   3.0673213e-06
   7.0843923e+00   2.9840231e-06
   7.1200305e+00   2.8286747e-06
   7.1554830e+00   3.2450717e-06
   7.1907524e+00   2.4712991e-06
   7.2258416e+00   2.3835652e-06
   7.2607530e+00   2.6633138e-06
   7.2954893e+00   3.3095503e-06
   7.3300529e+00   2.9959574e-06
   7.3644463e+00   2.8568154e-06
   7.3986719e+00   2.5474237e-06
   7.4327320e+00   2.7583082e-06
   7.4666288e+00   3.0911878e-06
   7.5003645e+00   2.8221309e-06
   7.5339414e+00   2.6861926e-06
   7.5673615e+00   2.5955126e-06
   7.6006269e+00   2.2058190e-06
   7.6337397e+00   2.4911679e-06
   7.6667018e+00   1.9600721e-06
   7.6995152e+00   1.7329831e-06
   7.7321817e+00   1.9321204e-06
   7.7647032e+00   2.5145602e-06
   7.7970815e+00   1.5250711e-06
   7.8293184e+00   1.4998744e-06
   7.8614157e+00   1.8956326e-06
   7.8933750e+00   2.7872635e-06
   7.9251981e+00   2.9553581e-06
   7.9568865e+00   3.0266121e-06
   7.9884419e+00   2.3972918e-06
   8.0198658e+00   1.6688486e-06
   8.0511597e+00   1.8719317e-06
   8.0823253e+00   2.5814987e-06
   8.1133640e+00   1.6426520e-06
   8.1442771e+00   1.4002100e-06
   8.1750663e+00   2.0398119e-06
   8.2057327e+00   1.3847135e-06
   8.2362779e+00   1.0518525e-06
   8.2667032e+00   1.4095261e-06
   8.2970098e+00   1.7660576e-06
   8.3271992e+00   1.6562885e-06
   8.3572725e+00   1.2765257e-06
   8.3872310e+00   2.2881575e-06
   8.4170759e+00   2.5341976e-06
   8.4468085e+00   2.3980522e-06
   8.4764299e+00   2.4706941e-06
   8.5059413e+00   1.4433666e-06
   8.5353439e+00   1.0269190e-06
   8.5646387e+00   1.2790103e-06
   8.5938268e+00   1.6415045e-06
   8.6229095e+00   1.1202601e-06
   8.6518876e+00   8.6768548e-07
   8.6807623e+00   1.5169152e-06
   8.7095346e+00   1.8921563e-06
   8.7382054e+00   1.3354187e-06
   8.7667759e+00   8.4366891e-07
   8.7952470e+00   1.1602406e-06
   8.8236196e+00   1.3745549e-06
   8.8518948e+00   1.7173690e-06
   8.8800733e+00   1.3088210e-06
   8.9081562e+00   2.3549497e-06
   8.9361444e+00   2.0967049e-06
   8.9640387e+00   1.7481170e-06
   8.9918400e+00   1.1422138e-06
   9.0195492e+00   1.1885631e-06
   9.0471671e+00   3.0768831e-07
   9.0746946e+00   5.7990538e-07
   9.1021325e+00   1.0260570e-06
   9.1294816e+00   1.3599806e-06
   9.1567426e+00   7.8869051e-07
   9.1839165e+00   1.1717413e-06
   9.2110039e+00   1.6916178e-06
   9.2380056e+00   5.9519841e-07
   9.2649224e+00   1.0153071e-06
   9.2917549e+00   8.1184058e-07
   9.3185041e+00   1.0640219e-06
   9.3451704e+00   1.3333322e-06
   9.3717548e+00   1.3329329e-06
   9.3982578e+00   8.2574460e-07
   9.4246801e+00   1.0884721e-06
   9.4510225e+00   6.6035552e-07
   9.4772856e+00   8.9309075e-07
   9.5034700e+00   1.2200542e-06
   9.5295764e+00   6.1724137e-07
   9.5556055e+00   3.9058234e-07
   9.5815579e+00   7.7423912e-07
   9.6074341e+00   9.7487011e-07
   9.6332349e+00   1.1168672e-06
   9.6589608e+00   1.6293970e-06
   9.6846124e+00   9.9481737e-07
   9.7101904e+00   1.1049002e-06
   9.7356952e+00   7.5429800e-07
   9.7611275e+00   3.0541430e-07
   9.7864879e+00   6.4838226e-07
   9.8117768e+00   5.3534864e-07
   9.8369949e+00   1.1135415e-06
   9.8621427e+00   9.9515641e-07
   9.8872207e+00   2.3366620e-07
   9.9122295e+00   4.1844408e-07
   9.9371696e+00   9.9748621e-07
   9.9620414e+00   5.2301746e-07
   9.9868456e+00   4.2317010e-07
   1.0011583e+01   4.0647449e-07
   1.0036253e+01   7.1000213e-07
   1.0060857e+01   6.0583915e-07
   1.0085396e+01   9.7485467e-07
   1.0109869e+01   1.0311914e-06
   1.0134277e+01   1.4754554e-07
   1.0158622e+01   1.0499249e-06
   1.0182902e+01   3.9971801e-07
   1.0207119e+01   5.8366816e-08
   1.0231273e+01   6.2833854e-07
   1.0255365e+01   3.3652024e-07
   1.0279395e+01   6.7752927e-08
   1.0303363e+01  -2.6682446e-07
   1.0327270e+01   8.3570743e-08
   1.0351116e+01   6.1867297e-07
   1.0374902e+01   7.0027647e-07
   1.0398628e+01   3.4827294e-07
   1.0422294e+01   7.2360661e-08
   1.0445902e+01   4.7317536e-07
   1.0469450e+01   3.5411329e-07
   1.0492941e+01   6.1856099e-07
   1.0516374e+01   2.8647806e-07
   1.0539749e+01   2.2609119e-07
   1.0563067e+01   4.5813856e-07
   1.0586328e+01   1.2035686e-07
   1.0609533e+01   3.3742475e-08
   1.0632682e+01  -6.9442816e-08
   1.0655775e+01  -1.0434608e-07
   1.0678813e+01   5.9964332e-08
   1.0701796e+01  -4.2732273e-08
   1.0724725e+01  -7.1529554e-08
   1.0747599e+01   5.4720236e-07
   1.0770420e+01   1.5977643e-07
   1.0793187e+01   1.5437739e-07
   1.0815901e+01   4.5507254e-11
   1.0838562e+01   0.0000000e+00
   1.0861170e+01  -1.7062231e-09
   1.0883727e+01  -5.1160817e-08
   1.0906231e+01  -2.4033235e-08
   1.0928684e+01  -3.9427991e-10
   1.0951086e+01  -1.9359347e-08
   1.0973437e+01  -5.7601715e-08
   1.0995738e+01   2.8927366e-09
   1.1017988e+01  -4.6191964e-09
   1.1040188e+01  -5.5084912e-08
   1.1062338e+01   1.6908563e-07
   1.1084439e+01   3.1140840e-08
   1.1106491e+01   4.7667072e-07
   1.1128495e+01   2.6399494e-07
   1.1150450e+01   1.9077656e-08
   1.1172356e+01   4.7948247e-07
   1.1194215e+01   4.1226267e-07
   1.1216026e+01   6.0980612e-07
   1.1237790e+01   3.4713969e-07
   1.1259506e+01   4.0282783e-07
   1.1281176e+01   5.2511618e-07
   1.1302799e+01   5.1247999e-07
   1.1324376e+01   4.3428890e-07
   1.1345908e+01   2.8584771e-07
   1.1367393e+01   0.0000000e+00
   1.1388833e+01   0.0000000e+00
   1.1410227e+01   1.6484103e-08
   1.1431577e+01   4.0346005e-07
   1.1452882e+01   1.7394810e-07
   1.1474143e+01   1.3720006e-07
   1.1495359e+01   2.7197210e-07
   1.1516531e+01   6.2944224e-08
   1.1537660e+01   6.6567944e-07
   1.1558745e+01   5.8715468e-07
   1.1579787e+01   9.4732348e-09
   1.1600786e+01   2.5546867e-07
   1.1621742e+01   6.0079050e-07
   1.1642656e+01   2.4861643e-08
   1.1663527e+01   0.0000000e+00
   1.1684356e+01   0.0000000e+00
   1.1705144e+01   6.4948614e-08
   1.1725889e+01   1.2962748e-07
   1.1746594e+01   5.4007683e-07
   1.1767257e+01   3.5246520e-07
   1.1787879e+01   1.1608078e-08
   1.1808461e+01   0.0000000e+00
   1.1829002e+01   0.0000000e+00
   1.1849502e+01   0.0000000e+00
   1.1869963e+01   0.0000000e+00
   1.1890383e+01   0.0000000e+00
   1.1910764e+01   0.0000000e+00
   1.1931106e+01   0.0000000e+00
   1.1951408e+01   0.0000000e+00
   1.1971671e+01   0.0000000e+00
   1.1991895e+01   0.0000000e+00
   1.2012081e+01   0.0000000e+00
   1.2032228e+01   0.0000000e+00
   1.2052336e+01   0.0000000e+00
   1.2072407e+01   0.0000000e+00
   1.2092440e+01   0.0000000e+00
   1.2112434e+01   0.0000000e+00
   1.2132392e+01   0.0000000e+00
   1.2152312e+01  -1.3343132e-07
   1.2172195e+01  -1.5126146e-07
   1.2192041e+01  -1.3256307e-10
   1.2211850e+01   0.0000000e+00
   1.2231622e+01   0.0000000e+00
   1.2251358e+01   0.0000000e+00
   1.2271058e+01   0.0000000e+00
   1.2290722e+01   0.0000000e+00
   1.2310349e+01   0.0000000e+00
   1.2329941e+01   0.0000000e+00
   1.2349498e+01   0.0000000e+00
   1.2369019e+01   0.0000000e+00
   1.2388505e+01   0.0000000e+00
   1.2407955e+01   0.0000000e+00
   1.2427371e+01   0.0000000e+00
   1.2446752e+01   0.0000000e+00
   1.2466099e+01   0.0000000e+00
   1.2485411e+01   0.0000000e+00
   1.2504689e+01   0.0000000e+00
   1.2523933e+01   0.0000000e+00
   1.2543143e+01   0.0000000e+00
   1.2562319e+01   0.0000000e+00
   1.2581461e+01   0.0000000e+00
   1.2600570e+01   0.0000000e+00
   1.2619646e+01   0.0000000e+00
   1.2638688e+01   0.0000000e+00
   1.2657698e+01   0.0000000e+00
   1.2676674e+01   0.0000000e+00
   1.2695618e+01   0.0000000e+00
   1.2714530e+01   0.0000000e+00
   1.2733409e+01   0.0000000e+00
   1.2752256e+01   0.0000000e+00
   1.2771070e+01   0.0000000e+00
   1.2789853e+01   0.0000000e+00
   1.2808604e+01   0.0000000e+00
   1.2827323e+01   0.0000000e+00
   1.2846010e+01   0.0000000e+00
   1.2864666e+01   0.0000000e+00
   1.2883291e+01   0.0000000e+00
   1.2901885e+01   0.0000000e+00
   1.2920447e+01   0.0000000e+00
   1.2938979e+01   0.0000000e+00
   1.2957480e+01   0.0000000e+00
   1.2975951e+01   0.0000000e+00
   1.2994391e+01   0.0000000e+00
   1.3012800e+01   0.0000000e+00
   1.3031180e+01   0.0000000e+00
   1.3049529e+01   0.0000000e+00
   1.3067848e+01   0.0000000e+00
   1.3086138e+01   0.0000000e+00
   1.3104398e+01   0.0000000e+00
   1.3122628e+01   0.0000000e+00
   1.3140829e+01   0.0000000e+00
   1.3159000e+01   0.0000000e+00
   1.3177142e+01   0.0000000e+00
   1.3195255e+01   0.0000000e+00
   1.3213340e+01   0.0000000e+00
   1.3231395e+01   0.0000000e+00
   1.3249422e+01   0.0000000e+00
   1.3267419e+01   0.0000000e+00
   1.3285389e+01   0.0000000e+00
   1.3303330e+01   0.0000000e+00
   1.3321243e+01   0.0000000e+00
   1.3339128e+01   0.0000000e+00
   1.3356984e+01   0.0000000e+00
   1.3374813e+01   0.0000000e+00
   1.3392614e+01   0.0000000e+00
   1.3410387e+01   0.0000000e+00
   1.3428133e+01   0.0000000e+00
   1.3445851e+01   0.0000000e+00
   1.3463542e+01   0.0000000e+00
   1.3481206e+01   0.0000000e+00
   1.3498842e+01   0.0000000e+00
   1.3516452e+01   0.0000000e+00
   1.3534034e+01   0.0000000e+00
   1.3551590e+01   0.0000000e+00
   1.3569119e+01   0.0000000e+00
   1.3586621e+01   0.0000000e+00
   1.3604097e+01   0.0000000e+00
   1.3621547e+01   0.0000000e+00
   1.3638970e+01   0.0000000e+00
   1.3656367e+01   0.0000000e+00
   1.3673737e+01   0.0000000e+00
   1.3691082e+01   0.0000000e+00
   1.3708401e+01   0.0000000e+00
   1.3725694e+01   0.0000000e+00
   1.3742962e+01   0.0000000e+00
   1.3760204e+01   0.0000000e+00
   1.3777420e+01   0.0000000e+00
   1.3794611e+01   0.0000000e+00
   1.3811776e+01   0.0000000e+00
   1.3828917e+01   0.0000000e+00
   1.3846032e+01   0.0000000e+00
   1.3863122e+01   0.0000000e+00
   1.3880188e+01   0.0000000e+00
   1.3897228e+01   0.0000000e+00
   1.3914244e+01   0.0000000e+00
   1.3931235e+01   0.0000000e+00
   1.3948201e+01   0.0000000e+00
   1.3965143e+01   0.0000000e+00
   1.3982061e+01   0.0000000e+00
   1.3998954e+01   0.0000000e+00
   1.4015823e+01   0.0000000e+00
   1.4032668e+01   0.0000000e+00
   1.4049489e+01   0.0000000e+00
   1.4066286e+01   0.0000000e+00
   1.4083059e+01   0.0000000e+00
   1.4099809e+01   0.0000000e+00
   1.4116534e+01   0.0000000e+00
   1.4133237e+01   0.0000000e+00
   1.4149915e+01   0.0000000e+00
   1.4166570e+01   0.0000000e+00
   1.4183202e+01   0.0000000e+00
   1.4199811e+01   0.0000000e+00
   1.4216396e+01   0.0000000e+00
   1.4232958e+01   0.0000000e+00
   1.4249498e+01   0.0000000e+00
   1.4266014e+01   0.0000000e+00
   1.4282507e+01   0.0000000e+00
   1.4298978e+01   0.0000000e+00
   1.4315426e+01   0.0000000e+00
   1.4331851e+01   0.0000000e+00
   1.4348254e+01   0.0000000e+00
   1.4364635e+01   0.0000000e+00
   1.4380992e+01   0.0000000e+00
   1.4397328e+01   0.0000000e+00
   1.4413642e+01   0.0000000e+00
   1.4429933e+01   0.0000000e+00
   1.4446202e+01   0.0000000e+00
   1.4462449e+01   0.0000000e+00
   1.4478675e+01   0.0000000e+00
   1.4494878e+01   0.0000000e+00
   1.4511060e+01   0.0000000e+00
   1.4527220e+01   0.0000000e+00
   1.4543358e+01   0.0000000e+00
   1.4559475e+01   0.0000000e+00
   1.4575570e+01   0.0000000e+00
   1.4591644e+01   0.0000000e+00
   1.4607697e+01   0.0000000e+00
   1.4623728e+01   0.0000000e+00
   1.4639738e+01   0.0000000e+00
   1.4655727e+01   0.0000000e+00
   1.4671695e+01   0.0000000e+00
   1.4687642e+01   0.0000000e+00
   1.4703568e+01   0.0000000e+00
   1.4719473e+01   0.0000000e+00
   1.4735358e+01   0.0000000e+00
   1.4751222e+01   0.0000000e+00
   1.4767065e+01   0.0000000e+00
   1.4782887e+01   0.0000000e+00
   1.4798689e+01   0.0000000e+00
   1.4814471e+01   0.0000000e+00
   1.4830232e+01   0.0000000e+00
   1.4845973e+01   0.0000000e+00
   1.4861693e+01   0.0000000e+00
   1.4877394e+01   0.0000000e+00
   1.4893074e+01   0.0000000e+00
   1.4908734e+01   0.0000000e+00
   1.4924375e+01   0.0000000e+00
   1.4939995e+01   0.0000000e+00
   1.4955595e+01   0.0000000e+00
   1.4971176e+01   0.0000000e+00
   1.4986737e+01   0.0000000e+00
   1.5002279e+01   0.0000000e+00
   1.5017800e+01   0.0000000e+00
   1.5033302e+01   0.0000000e+00
   1.5048785e+01   0.0000000e+00
   1.5064248e+01   0.0000000e+00
   1.5079692e+01   0.0000000e+00
   1.5095117e+01   0.0000000e+00
   1.5110522e+01   0.0000000e+00
   1.5125908e+01   0.0000000e+00
   1.5141276e+01   0.0000000e+00
   1.5156624e+01   0.0000000e+00
   1.5171953e+01   0.0000000e+00
   1.5187263e+01   0.0000000e+00
   1.5202554e+01   0.0000000e+00
   1.5217826e+01   0.0000000e+00
   1.5233080e+01   0.0000000e+00
   1.5248315e+01   0.0000000e+00
   1.5263531e+01   0.0000000e+00
   1.5278728e+01   0.0000000e+00
   1.5293908e+01   0.0000000e+00
   1.5309068e+01   0.0000000e+00
   1.5324210e+01   0.0000000e+00
   1.5339334e+01   0.0000000e+00
   1.5354440e+01   0.0000000e+00
   1.5369527e+01   0.0000000e+00
   1.5384596e+01   0.0000000e+00
   1.5399647e+01   0.0000000e+00
   1.5414679e+01   0.0000000e+00
   1.5429694e+01   0.0000000e+00
   1.5444691e+01   0.0000000e+00
   1.5459669e+01   0.0000000e+00
   1.5474630e+01   0.0000000e+00
   1.5489573e+01   0.0000000e+00
   1.5504499e+01   0.0000000e+00
   1.5519406e+01   0.0000000e+00
   1.5534296e+01   0.0000000e+00
   1.5549168e+01   0.0000000e+00
   1.5564023e+01   0.0000000e+00
   1.5578860e+01   0.0000000e+00
   1.5593680e+01   0.0000000e+00
   1.5608482e+01   0.0000000e+00
   1.5623267e+01   0.0000000e+00
