   3.5035117e+00   5.9216182e+09
   4.2042140e+00  -2.3577273e+09
   4.9049164e+00  -3.1643182e+10
   5.6056187e+00  -1.2210545e+10
   6.3063211e+00   1.8464727e+10
   7.0070234e+00   6.7455818e+10
   7.7077257e+00  -1.1068909e+10
   8.4084281e+00  -1.5486545e+11
   9.1091304e+00  -2.0651209e+11
   9.8098327e+00  -1.7911282e+11
   1.0510535e+01  -1.3032027e+11
   1.1211237e+01  -1.0736345e+11
   1.1911940e+01  -5.5915364e+10
   1.2612642e+01   2.2063364e+10
   1.3313344e+01   5.8595727e+10
   1.4014047e+01   1.1006864e+11
   1.4714749e+01   1.3960227e+11
   1.5415451e+01   1.6362627e+11
   1.6116154e+01   2.1708464e+11
   1.6816856e+01   1.8566482e+11
   1.7517558e+01   1.7968364e+11
   1.8218261e+01   2.4103418e+11
   1.8918963e+01   1.9847100e+11
   1.9619665e+01   1.1756373e+11
   2.0320368e+01   4.2935455e+10
   2.1021070e+01   4.4970545e+10
   2.1721773e+01   3.7351364e+10
   2.2422475e+01   6.8696727e+10
   2.3123177e+01   1.1525564e+11
   2.3823880e+01   1.0011655e+11
   2.4524582e+01   1.6672855e+11
   2.5225284e+01   2.8679891e+11
   2.5925987e+01   2.6927727e+11
   2.6626689e+01   2.8287764e+11
   2.7327391e+01   3.2402618e+11
   2.8028094e+01   2.8128927e+11
   2.8728796e+01   2.2487755e+11
   2.9429498e+01   1.8953645e+11
   3.0130201e+01   1.2642382e+11
   3.0830903e+01   1.1652136e+11
   3.1531605e+01   2.1567000e+11
   3.2232308e+01   2.7508473e+11
   3.2933010e+01   1.8459764e+11
   3.3633712e+01   1.7199000e+11
   3.4334415e+01   2.5590027e+11
   3.5035117e+01   3.3420164e+11
   3.5735819e+01   4.1287527e+11
   3.6436522e+01   4.1488555e+11
   3.7137224e+01   3.9676827e+11
   3.7837926e+01   4.0679482e+11
   3.8538629e+01   3.5624018e+11
   3.9239331e+01   2.5490755e+11
   3.9940033e+01   1.8980945e+11
   4.0640736e+01   1.1570236e+11
   4.1341438e+01  -2.9533636e+09
   4.2042140e+01  -4.0205455e+10
   4.2742843e+01  -7.6340727e+10
   4.3443545e+01  -5.3979545e+10
   4.4144247e+01  -6.1226455e+10
   4.4844950e+01  -6.4725818e+10
   4.5545652e+01  -3.6110455e+10
   4.6246354e+01  -1.2111273e+10
   4.6947057e+01   2.1715909e+10
   4.7647759e+01   6.5197364e+10
   4.8348461e+01   1.5355009e+11
   4.9049164e+01   3.0288109e+11
   4.9749866e+01   3.0521400e+11
   5.0450568e+01   2.4954682e+11
   5.1151271e+01   2.0916764e+11
   5.1851973e+01   1.5970500e+11
   5.2552675e+01   7.4380091e+10
   5.3253378e+01   4.7030455e+10
   5.3954080e+01   2.6257636e+10
   5.4654782e+01  -3.2437364e+10
   5.5355485e+01  -1.0649482e+11
   5.6056187e+01  -1.8174355e+11
   5.6756889e+01  -2.3609536e+11
   5.7457592e+01  -3.2134582e+11
   5.8158294e+01  -3.2035309e+11
   5.8858996e+01  -3.1350327e+11
   5.9559699e+01  -2.5299655e+11
   6.0260401e+01  -1.4369727e+11
   6.0961104e+01  -1.0885255e+11
   6.1661806e+01  -1.2428945e+11
   6.2362508e+01  -1.2230400e+11
   6.3063211e+01  -1.0033991e+11
   6.3763913e+01  -4.1719364e+10
   6.4464615e+01  -7.9368545e+10
   6.5165318e+01  -1.2788809e+11
   6.5866020e+01  -1.4813973e+11
   6.6566722e+01  -1.8573927e+11
   6.7267425e+01  -1.8032891e+11
   6.7968127e+01  -1.4168700e+11
   6.8668829e+01  -1.5600709e+11
   6.9369532e+01  -1.7469518e+11
   7.0070234e+01  -1.8670718e+11
   7.0770936e+01  -1.7812009e+11
   7.1471639e+01  -1.3292618e+11
   7.2172341e+01  -4.2166091e+10
   7.2873043e+01   3.3802364e+10
   7.3573746e+01   5.2986818e+10
   7.4274448e+01   1.1664545e+11
   7.4975150e+01   1.4737036e+11
   7.5675853e+01   1.4603018e+11
   7.6376555e+01   1.3357145e+11
   7.7077257e+01   1.8879191e+11
   7.7777960e+01   2.5969745e+11
   7.8478662e+01   2.8746900e+11
   7.9179364e+01   2.6627427e+11
   7.9880067e+01   2.8094182e+11
   8.0580769e+01   3.6594409e+11
   8.1281471e+01   3.6926973e+11
   8.1982174e+01   4.0034209e+11
   8.2682876e+01   4.1513373e+11
   8.3383578e+01   3.1474418e+11
   8.4084281e+01   3.0394827e+11
   8.4784983e+01   2.7131236e+11
   8.5485685e+01   2.0174700e+11
   8.6186388e+01   2.1763064e+11
   8.6887090e+01   2.4115827e+11
   8.7587792e+01   1.6156636e+11
   8.8288495e+01   1.1403955e+11
   8.8989197e+01   1.2987355e+11
   8.9689899e+01   2.7771545e+10
   9.0390602e+01  -3.3852000e+10
   9.1091304e+01  -9.4805455e+09
   9.1792006e+01   2.7796364e+10
   9.2492709e+01   5.9489182e+10
   9.3193411e+01   9.1852091e+10
   9.3894113e+01   7.7507182e+10
   9.4594816e+01   8.2297091e+10
   9.5295518e+01   1.7387618e+11
   9.5996220e+01   1.7328055e+11
   9.6696923e+01   1.7077391e+11
   9.7397625e+01   2.5624773e+11
   9.8098327e+01   3.4507200e+11
   9.8799030e+01   4.9333582e+11
   9.9499732e+01   4.6534091e+11
   1.0020043e+02   4.1208109e+11
   1.0090114e+02   3.8445845e+11
   1.0160184e+02   2.9255673e+11
   1.0230254e+02   2.6173255e+11
   1.0300324e+02   1.9474827e+11
   1.0370395e+02   1.4858645e+11
   1.0440465e+02   1.7603536e+11
   1.0510535e+02   1.8861818e+11
   1.0580605e+02   1.6317955e+11
   1.0650676e+02   7.4826818e+10
   1.0720746e+02   5.5890545e+10
   1.0790816e+02   3.5688545e+10
   1.0860886e+02   6.1921364e+10
   1.0930956e+02   1.2932755e+11
   1.1001027e+02   1.2783845e+11
   1.1071097e+02   1.5320264e+11
   1.1141167e+02   2.0685955e+11
   1.1211237e+02   2.1264218e+11
   1.1281308e+02   2.0815009e+11
   1.1351378e+02   1.9653518e+11
   1.1421448e+02   1.9695709e+11
   1.1491518e+02   2.8168636e+11
   1.1561589e+02   3.7877509e+11
   1.1631659e+02   4.1218036e+11
   1.1701729e+02   4.4821636e+11
   1.1771799e+02   4.4064682e+11
   1.1841870e+02   3.9473318e+11
   1.1911940e+02   3.5328682e+11
   1.1982010e+02   3.3251400e+11
   1.2052080e+02   2.8530982e+11
   1.2122150e+02   2.3073464e+11
   1.2192221e+02   1.8568964e+11
   1.2262291e+02   1.1952436e+11
   1.2332361e+02   6.7182818e+10
   1.2402431e+02   1.0009173e+11
   1.2472502e+02   1.5235882e+11
   1.2542572e+02   1.9817318e+11
   1.2612642e+02   2.1601745e+11
   1.2682712e+02   2.4512918e+11
   1.2752783e+02   2.5791055e+11
   1.2822853e+02   3.2472109e+11
   1.2892923e+02   4.4598273e+11
   1.2962993e+02   5.5907918e+11
   1.3033064e+02   6.8726509e+11
   1.3103134e+02   7.4816891e+11
   1.3173204e+02   6.7972036e+11
   1.3243274e+02   6.4564500e+11
   1.3313344e+02   6.4748155e+11
   1.3383415e+02   6.5078236e+11
   1.3453485e+02   6.6892445e+11
   1.3523555e+02   6.1990855e+11
   1.3593625e+02   5.0279155e+11
   1.3663696e+02   4.3903364e+11
   1.3733766e+02   3.9374045e+11
   1.3803836e+02   3.5249264e+11
   1.3873906e+02   2.9302827e+11
   1.3943977e+02   2.9809118e+11
   1.4014047e+02   2.4071155e+11
   1.4084117e+02   1.7536527e+11
   1.4154187e+02   2.1872264e+11
   1.4224257e+02   2.5426227e+11
   1.4294328e+02   2.9005009e+11
   1.4364398e+02   3.5839936e+11
   1.4434468e+02   3.5475109e+11
   1.4504538e+02   3.5110282e+11
   1.4574609e+02   2.7322336e+11
   1.4644679e+02   3.1628291e+11
   1.4714749e+02   3.5157436e+11
   1.4784819e+02   3.7557355e+11
   1.4854890e+02   4.5491727e+11
   1.4924960e+02   4.3804091e+11
   1.4995030e+02   4.1592791e+11
   1.5065100e+02   4.7214109e+11
   1.5135171e+02   5.2118182e+11
   1.5205241e+02   4.8048000e+11
   1.5275311e+02   4.0952482e+11
   1.5345381e+02   4.1739218e+11
   1.5415451e+02   3.7651664e+11
   1.5485522e+02   3.6542291e+11
   1.5555592e+02   3.9920045e+11
   1.5625662e+02   3.5658764e+11
   1.5695732e+02   3.2715327e+11
   1.5765803e+02   2.2825282e+11
   1.5835873e+02   1.4764336e+11
   1.5905943e+02   7.6564091e+10
   1.5976013e+02   8.4903000e+10
   1.6046084e+02   1.3923000e+11
   1.6116154e+02   1.1567755e+11
   1.6186224e+02   1.2255218e+11
   1.6256294e+02   1.3007209e+11
   1.6326365e+02   1.2907936e+11
   1.6396435e+02   1.3084145e+11
   1.6466505e+02   1.2659755e+11
   1.6536575e+02   1.8501955e+11
   1.6606645e+02   1.9368109e+11
   1.6676716e+02   1.7084836e+11
   1.6746786e+02   1.6623218e+11
   1.6816856e+02   1.6625700e+11
   1.6886926e+02   1.7141918e+11
   1.6956997e+02   2.0435291e+11
   1.7027067e+02   1.9668409e+11
   1.7097137e+02   1.7501782e+11
   1.7167207e+02   1.7983255e+11
   1.7237278e+02   1.8938755e+11
   1.7307348e+02   1.6250945e+11
   1.7377418e+02   2.1584373e+11
   1.7447488e+02   3.5641391e+11
   1.7517558e+02   4.3640291e+11
   1.7587629e+02   4.6690445e+11
   1.7657699e+02   4.7050309e+11
   1.7727769e+02   4.4963100e+11
   1.7797839e+02   5.1244582e+11
   1.7867910e+02   5.4525545e+11
   1.7937980e+02   5.3897645e+11
   1.8008050e+02   5.2577318e+11
   1.8078120e+02   5.7545918e+11
   1.8148191e+02   5.4297218e+11
   1.8218261e+02   4.5290700e+11
   1.8288331e+02   4.2717055e+11
   1.8358401e+02   4.2146236e+11
   1.8428472e+02   4.9822500e+11
   1.8498542e+02   5.7446645e+11
   1.8568612e+02   4.9497382e+11
   1.8638682e+02   4.2868445e+11
   1.8708752e+02   4.0622400e+11
   1.8778823e+02   4.5725018e+11
   1.8848893e+02   4.4131691e+11
   1.8918963e+02   4.5422236e+11
   1.8989033e+02   4.8680864e+11
   1.9059104e+02   4.9757973e+11
   1.9129174e+02   4.6591173e+11
   1.9199244e+02   4.3213418e+11
   1.9269314e+02   3.9979609e+11
   1.9339385e+02   4.0865618e+11
   1.9409455e+02   4.1064164e+11
   1.9479525e+02   3.9016664e+11
   1.9549595e+02   3.8562491e+11
   1.9619665e+02   4.6578764e+11
   1.9689736e+02   5.5066582e+11
   1.9759806e+02   5.6223109e+11
   1.9829876e+02   5.4279845e+11
   1.9899946e+02   5.7846218e+11
   1.9970017e+02   6.3951491e+11
   2.0040087e+02   7.1022191e+11
   2.0110157e+02   7.5779836e+11
   2.0180227e+02   8.1986864e+11
   2.0250298e+02   9.1579091e+11
   2.0320368e+02   9.2470064e+11
   2.0390438e+02   9.0372927e+11
   2.0460508e+02   8.1823064e+11
   2.0530579e+02   7.5961009e+11
   2.0600649e+02   7.6261309e+11
   2.0670719e+02   7.9683736e+11
   2.0740789e+02   8.3855673e+11
   2.0810859e+02   8.4878182e+11
   2.0880930e+02   8.8357691e+11
   2.0951000e+02   8.5064318e+11
   2.1021070e+02   7.7785145e+11
   2.1091140e+02   7.5616036e+11
   2.1161211e+02   7.4390018e+11
   2.1231281e+02   7.0778973e+11
   2.1301351e+02   6.8575118e+11
   2.1371421e+02   6.2392909e+11
   2.1441492e+02   5.6210700e+11
   2.1511562e+02   4.7030455e+11
   2.1581632e+02   4.1101391e+11
   2.1651702e+02   3.4606473e+11
   2.1721773e+02   3.0399791e+11
   2.1791843e+02   3.1057473e+11
   2.1861913e+02   3.2248745e+11
   2.1931983e+02   2.7049336e+11
   2.2002053e+02   3.3268773e+11
   2.2072124e+02   4.4412136e+11
   2.2142194e+02   5.8032355e+11
   2.2212264e+02   6.8088682e+11
   2.2282334e+02   6.7629545e+11
   2.2352405e+02   6.2698173e+11
   2.2422475e+02   6.6477982e+11
   2.2492545e+02   7.1632718e+11
   2.2562615e+02   7.3054800e+11
   2.2632686e+02   6.9394118e+11
   2.2702756e+02   7.4921127e+11
   2.2772826e+02   7.6085100e+11
   2.2842896e+02   7.1004818e+11
   2.2912966e+02   6.4867282e+11
   2.2983037e+02   6.1735227e+11
   2.3053107e+02   6.7733782e+11
   2.3123177e+02   7.6531827e+11
   2.3193247e+02   7.8068073e+11
   2.3263318e+02   7.7680909e+11
   2.3333388e+02   7.7633755e+11
   2.3403458e+02   8.1433418e+11
   2.3473528e+02   8.3947500e+11
   2.3543599e+02   9.1824791e+11
   2.3613669e+02   9.3266727e+11
   2.3683739e+02   8.9951018e+11
   2.3753809e+02   8.7933300e+11
   2.3823880e+02   8.6722173e+11
   2.3893950e+02   8.3890418e+11
   2.3964020e+02   7.8229391e+11
   2.4034090e+02   7.5496909e+11
   2.4104160e+02   7.8720791e+11
   2.4174231e+02   8.1215018e+11
   2.4244301e+02   7.8777873e+11
   2.4314371e+02   7.6241455e+11
   2.4384441e+02   7.9336282e+11
   2.4454512e+02   8.8094618e+11
   2.4524582e+02   9.1291200e+11
   2.4594652e+02   8.8084691e+11
   2.4664722e+02   9.0246355e+11
   2.4734793e+02   9.7212818e+11
   2.4804863e+02   1.0771091e+12
   2.4874933e+02   1.1586368e+12
   2.4945003e+02   1.1715423e+12
   2.5015074e+02   1.1295747e+12
   2.5085144e+02   1.0514967e+12
   2.5155214e+02   9.9426600e+11
   2.5225284e+02   9.6900109e+11
   2.5295354e+02   9.4735964e+11
   2.5365425e+02   9.3373445e+11
   2.5435495e+02   9.2430355e+11
   2.5505565e+02   9.8925273e+11
   2.5575635e+02   1.0044415e+12
   2.5645706e+02   9.8818555e+11
   2.5715776e+02   1.0499828e+12
   2.5785846e+02   1.1244125e+12
   2.5855916e+02   1.2362681e+12
   2.5925987e+02   1.3533603e+12
   2.5996057e+02   1.3585473e+12
   2.6066127e+02   1.4097720e+12
   2.6136197e+02   1.4275170e+12
   2.6206267e+02   1.3343744e+12
   2.6276338e+02   1.2823058e+12
   2.6346408e+02   1.3450710e+12
   2.6416478e+02   1.3998695e+12
   2.6486548e+02   1.3531865e+12
   2.6556619e+02   1.2938711e+12
   2.6626689e+02   1.1343646e+12
   2.6696759e+02   1.0331313e+12
   2.6766829e+02   1.0026297e+12
   2.6836900e+02   9.7850645e+11
   2.6906970e+02   1.0529114e+12
   2.6977040e+02   1.1890887e+12
   2.7047110e+02   1.1628807e+12
   2.7117181e+02   1.0341488e+12
   2.7187251e+02   1.0406264e+12
   2.7257321e+02   1.1177365e+12
   2.7327391e+02   1.2454756e+12
   2.7397461e+02   1.4367990e+12
   2.7467532e+02   1.4998620e+12
   2.7537602e+02   1.5651586e+12
   2.7607672e+02   1.6237544e+12
   2.7677742e+02   1.6077218e+12
   2.7747813e+02   1.5200144e+12
   2.7817883e+02   1.5613366e+12
   2.7887953e+02   1.6116927e+12
   2.7958023e+02   1.5714873e+12
   2.8028094e+02   1.5623294e+12
   2.8098164e+02   1.5117995e+12
   2.8168234e+02   1.4665064e+12
   2.8238304e+02   1.4660845e+12
   2.8308375e+02   1.4420108e+12
   2.8378445e+02   1.4272440e+12
   2.8448515e+02   1.4006885e+12
   2.8518585e+02   1.4186073e+12
   2.8588655e+02   1.4062726e+12
   2.8658726e+02   1.4076873e+12
   2.8728796e+02   1.3820005e+12
   2.8798866e+02   1.3986038e+12
   2.8868936e+02   1.4450386e+12
   2.8939007e+02   1.4161751e+12
   2.9009077e+02   1.4343172e+12
   2.9079147e+02   1.4324062e+12
   2.9149217e+02   1.3848545e+12
   2.9219288e+02   1.4751679e+12
   2.9289358e+02   1.5881403e+12
   2.9359428e+02   1.6497638e+12
   2.9429498e+02   1.7391589e+12
   2.9499568e+02   1.7740285e+12
   2.9569639e+02   1.7266257e+12
   2.9639709e+02   1.7021798e+12
   2.9709779e+02   1.7243921e+12
   2.9779849e+02   1.6793471e+12
   2.9849920e+02   1.7341705e+12
   2.9919990e+02   1.8329716e+12
   2.9990060e+02   1.8608921e+12
   3.0060130e+02   1.8622075e+12
   3.0130201e+02   1.8561518e+12
   3.0200271e+02   1.7860405e+12
   3.0270341e+02   1.7963896e+12
   3.0340411e+02   1.8493020e+12
   3.0410482e+02   1.8637710e+12
   3.0480552e+02   1.8222254e+12
   3.0550622e+02   1.8646645e+12
   3.0620692e+02   1.8827321e+12
   3.0690762e+02   1.7940071e+12
   3.0760833e+02   1.6515755e+12
   3.0830903e+02   1.5811167e+12
   3.0900973e+02   1.5566956e+12
   3.0971043e+02   1.5954120e+12
   3.1041114e+02   1.6019144e+12
   3.1111184e+02   1.5510123e+12
   3.1181254e+02   1.5373126e+12
   3.1251324e+02   1.6489200e+12
   3.1321395e+02   1.7328055e+12
   3.1391465e+02   1.7519651e+12
   3.1461535e+02   1.8189742e+12
   3.1531605e+02   1.9524464e+12
   3.1601675e+02   2.0594127e+12
   3.1671746e+02   2.1663046e+12
   3.1741816e+02   2.2330407e+12
   3.1811886e+02   2.2579085e+12
   3.1881956e+02   2.2914875e+12
   3.1952027e+02   2.3606062e+12
   3.2022097e+02   2.3375501e+12
   3.2092167e+02   2.2864991e+12
   3.2162237e+02   2.3503811e+12
   3.2232308e+02   2.4440449e+12
   3.2302378e+02   2.3898668e+12
   3.2372448e+02   2.2757280e+12
   3.2442518e+02   2.1638973e+12
   3.2512589e+02   2.1692084e+12
   3.2582659e+02   2.2467652e+12
   3.2652729e+02   2.2443330e+12
   3.2722799e+02   2.1551861e+12
   3.2792869e+02   2.1553350e+12
   3.2862940e+02   2.2514558e+12
   3.2933010e+02   2.2902715e+12
   3.3003080e+02   2.2441593e+12
   3.3073150e+02   2.2975928e+12
   3.3143221e+02   2.3674064e+12
   3.3213291e+02   2.4745216e+12
   3.3283361e+02   2.4910257e+12
   3.3353431e+02   2.4802546e+12
   3.3423502e+02   2.5995308e+12
   3.3493572e+02   2.7248130e+12
   3.3563642e+02   2.7382893e+12
   3.3633712e+02   2.7450150e+12
   3.3703783e+02   2.6495643e+12
   3.3773853e+02   2.6195591e+12
   3.3843923e+02   2.6738116e+12
   3.3913993e+02   2.7312409e+12
   3.3984063e+02   2.7577219e+12
   3.4054134e+02   2.7857913e+12
   3.4124204e+02   2.8107087e+12
   3.4194274e+02   2.7848234e+12
   3.4264344e+02   2.7959171e+12
   3.4334415e+02   2.8559026e+12
   3.4404485e+02   2.8241602e+12
   3.4474555e+02   2.8763776e+12
   3.4544625e+02   2.9399866e+12
   3.4614696e+02   3.0063753e+12
   3.4684766e+02   3.0880767e+12
   3.4754836e+02   3.0519166e+12
   3.4824906e+02   2.9821775e+12
   3.4894976e+02   2.9670385e+12
   3.4965047e+02   2.9629435e+12
   3.5035117e+02   2.9546542e+12
   3.5105187e+02   2.9515519e+12
   3.5175257e+02   3.0077403e+12
   3.5245328e+02   3.0777275e+12
   3.5315398e+02   3.1292253e+12
   3.5385468e+02   3.1283566e+12
   3.5455538e+02   3.1274135e+12
   3.5525609e+02   3.1497499e+12
   3.5595679e+02   3.2559965e+12
   3.5665749e+02   3.3096783e+12
   3.5735819e+02   3.3375739e+12
   3.5805890e+02   3.3758684e+12
   3.5875960e+02   3.4576443e+12
   3.5946030e+02   3.4276887e+12
   3.6016100e+02   3.3948046e+12
   3.6086170e+02   3.4022749e+12
   3.6156241e+02   3.3664871e+12
   3.6226311e+02   3.3588927e+12
   3.6296381e+02   3.4372934e+12
   3.6366451e+02   3.4490324e+12
   3.6436522e+02   3.4808741e+12
   3.6506592e+02   3.5313791e+12
   3.6576662e+02   3.5698969e+12
   3.6646732e+02   3.5573885e+12
   3.6716803e+02   3.6070745e+12
   3.6786873e+02   3.6463369e+12
   3.6856943e+02   3.6210968e+12
   3.6927013e+02   3.6238765e+12
   3.6997084e+02   3.6325876e+12
   3.7067154e+02   3.6232312e+12
   3.7137224e+02   3.6053869e+12
   3.7207294e+02   3.6132295e+12
   3.7277364e+02   3.6722967e+12
   3.7347435e+02   3.7027486e+12
   3.7417505e+02   3.7487615e+12
   3.7487575e+02   3.8286513e+12
   3.7557645e+02   3.8739196e+12
   3.7627716e+02   4.0021800e+12
   3.7697786e+02   4.1387296e+12
   3.7767856e+02   4.2036044e+12
   3.7837926e+02   4.2935455e+12
   3.7907997e+02   4.3454155e+12
   3.7978067e+02   4.3502302e+12
   3.8048137e+02   4.3345947e+12
   3.8118207e+02   4.3761404e+12
   3.8188277e+02   4.3793419e+12
   3.8258348e+02   4.3562610e+12
   3.8328418e+02   4.3447702e+12
   3.8398488e+02   4.2975164e+12
   3.8468558e+02   4.2880855e+12
   3.8538629e+02   4.3528609e+12
   3.8608699e+02   4.3804835e+12
   3.8678769e+02   4.4064682e+12
   3.8748839e+02   4.4644186e+12
   3.8818910e+02   4.5527714e+12
   3.8888980e+02   4.5851591e+12
   3.8959050e+02   4.6163059e+12
   3.9029120e+02   4.7024002e+12
   3.9099191e+02   4.7852433e+12
   3.9169261e+02   4.8362446e+12
   3.9239331e+02   4.8216515e+12
   3.9309401e+02   4.8077285e+12
   3.9379471e+02   4.8114761e+12
   3.9449542e+02   4.8833495e+12
   3.9519612e+02   4.9190381e+12
   3.9589682e+02   4.8902738e+12
   3.9659752e+02   4.8889088e+12
   3.9729823e+02   4.9196834e+12
   3.9799893e+02   4.9395875e+12
   3.9869963e+02   4.9425905e+12
   3.9940033e+02   4.9878589e+12
   4.0010104e+02   5.0443699e+12
   4.0080174e+02   5.0716699e+12
   4.0150244e+02   5.0939566e+12
   4.0220314e+02   5.0588885e+12
   4.0290385e+02   5.0783956e+12
   4.0360455e+02   5.1467449e+12
   4.0430525e+02   5.2240535e+12
   4.0500595e+02   5.2800930e+12
   4.0570665e+02   5.2550018e+12
   4.0640736e+02   5.2470848e+12
   4.0710806e+02   5.2627699e+12
   4.0780876e+02   5.2736155e+12
   4.0850946e+02   5.2935693e+12
   4.0921017e+02   5.3864637e+12
   4.0991087e+02   5.5002551e+12
   4.1061157e+02   5.4992872e+12
   4.1131227e+02   5.4998828e+12
   4.1201298e+02   5.4598263e+12
   4.1271368e+02   5.4469705e+12
   4.1341438e+02   5.4997339e+12
   4.1411508e+02   5.5547062e+12
   4.1481578e+02   5.5302106e+12
   4.1551649e+02   5.5559719e+12
   4.1621719e+02   5.5982621e+12
   4.1691789e+02   5.5770674e+12
   4.1761859e+02   5.5700438e+12
   4.1831930e+02   5.5872180e+12
   4.1902000e+02   5.5572873e+12
   4.1972070e+02   5.5820558e+12
   4.2042140e+02   5.6125325e+12
   4.2112211e+02   5.5890794e+12
   4.2182281e+02   5.6073952e+12
   4.2252351e+02   5.7006619e+12
   4.2322421e+02   5.7080825e+12
   4.2392492e+02   5.6782015e+12
   4.2462562e+02   5.6296323e+12
   4.2532632e+02   5.5698949e+12
   4.2602702e+02   5.5618042e+12
   4.2672772e+02   5.5847114e+12
   4.2742843e+02   5.5951350e+12
   4.2812913e+02   5.5906181e+12
   4.2882983e+02   5.5941423e+12
   4.2953053e+02   5.5791769e+12
   4.3023124e+02   5.5042508e+12
   4.3093194e+02   5.4960112e+12
   4.3163264e+02   5.5295654e+12
   4.3233334e+02   5.5518521e+12
   4.3303405e+02   5.5811375e+12
   4.3373475e+02   5.5806164e+12
   4.3443545e+02   5.5889305e+12
   4.3513615e+02   5.5722775e+12
   4.3583686e+02   5.5490973e+12
   4.3653756e+02   5.5818325e+12
   4.3723826e+02   5.6249665e+12
   4.3793896e+02   5.6300542e+12
   4.3863966e+02   5.6161560e+12
   4.3934037e+02   5.5946386e+12
   4.4004107e+02   5.5859026e+12
   4.4074177e+02   5.5638641e+12
   4.4144247e+02   5.5340078e+12
   4.4214318e+02   5.5002303e+12
   4.4284388e+02   5.5085444e+12
   4.4354458e+02   5.5243784e+12
   4.4424528e+02   5.5239068e+12
   4.4494599e+02   5.5096115e+12
   4.4564669e+02   5.5528696e+12
   4.4634739e+02   5.6087602e+12
   4.4704809e+02   5.5933729e+12
   4.4774879e+02   5.5557982e+12
   4.4844950e+02   5.5645094e+12
   4.4915020e+02   5.6175955e+12
   4.4985090e+02   5.6764890e+12
   4.5055160e+02   5.6776306e+12
   4.5125231e+02   5.6468065e+12
   4.5195301e+02   5.5985847e+12
   4.5265371e+02   5.5153694e+12
   4.5335441e+02   5.4108600e+12
   4.5405512e+02   5.3321119e+12
   4.5475582e+02   5.3027272e+12
   4.5545652e+02   5.2887297e+12
   4.5615722e+02   5.2575085e+12
   4.5685793e+02   5.1982923e+12
   4.5755863e+02   5.1479858e+12
   4.5825933e+02   5.1245823e+12
   4.5896003e+02   5.0878514e+12
   4.5966073e+02   5.0429305e+12
   4.6036144e+02   5.0417392e+12
   4.6106214e+02   5.0630084e+12
   4.6176284e+02   5.0418881e+12
   4.6246354e+02   5.0262278e+12
   4.6316425e+02   5.0260293e+12
   4.6386495e+02   5.0216613e+12
   4.6456565e+02   4.9849800e+12
   4.6526635e+02   4.8984142e+12
   4.6596706e+02   4.8412827e+12
   4.6666776e+02   4.8470405e+12
   4.6736846e+02   4.8287744e+12
   4.6806916e+02   4.7703524e+12
   4.6876986e+02   4.7058797e+12
   4.6947057e+02   4.6444646e+12
   4.7017127e+02   4.5865613e+12
   4.7087197e+02   4.5202198e+12
   4.7157267e+02   4.4441844e+12
   4.7227338e+02   4.4365677e+12
   4.7297408e+02   4.4168893e+12
   4.7367478e+02   4.3706828e+12
   4.7437548e+02   4.3100049e+12
   4.7507619e+02   4.2798160e+12
   4.7577689e+02   4.2539034e+12
   4.7647759e+02   4.2005567e+12
   4.7717829e+02   4.1386006e+12
   4.7787900e+02   4.0808933e+12
   4.7857970e+02   4.0346844e+12
   4.7928040e+02   3.9848222e+12
   4.7998110e+02   3.9211759e+12
   4.8068180e+02   3.8822387e+12
   4.8138251e+02   3.8189151e+12
   4.8208321e+02   3.7614560e+12
   4.8278391e+02   3.7089507e+12
   4.8348461e+02   3.6553608e+12
   4.8418532e+02   3.6178307e+12
   4.8488602e+02   3.5932136e+12
   4.8558672e+02   3.5630173e+12
   4.8628742e+02   3.5092040e+12
   4.8698813e+02   3.4501169e+12
   4.8768883e+02   3.3798691e+12
   4.8838953e+02   3.3255594e+12
   4.8909023e+02   3.3097602e+12
   4.8979094e+02   3.2648492e+12
   4.9049164e+02   3.1999869e+12
   4.9119234e+02   3.1490426e+12
   4.9189304e+02   3.1066457e+12
   4.9259374e+02   3.0509462e+12
   4.9329445e+02   2.9784151e+12
   4.9399515e+02   2.9311439e+12
   4.9469585e+02   2.9076883e+12
   4.9539655e+02   2.8431238e+12
   4.9609726e+02   2.7685153e+12
   4.9679796e+02   2.6976669e+12
   4.9749866e+02   2.6478642e+12
   4.9819936e+02   2.6096641e+12
   4.9890007e+02   2.5562454e+12
   4.9960077e+02   2.5002333e+12
   5.0030147e+02   2.4665078e+12
   5.0100217e+02   2.4525278e+12
   5.0170287e+02   2.4052119e+12
   5.0240358e+02   2.3226170e+12
   5.0310428e+02   2.2981339e+12
   5.0380498e+02   2.2877847e+12
   5.0450568e+02   2.2435413e+12
   5.0520639e+02   2.1856901e+12
   5.0590709e+02   2.1275287e+12
   5.0660779e+02   2.0821735e+12
   5.0730849e+02   2.0419482e+12
   5.0800920e+02   1.9885717e+12
   5.0870990e+02   1.9311325e+12
   5.0941060e+02   1.8916815e+12
   5.1011130e+02   1.8670296e+12
   5.1081201e+02   1.8277822e+12
   5.1151271e+02   1.7613786e+12
   5.1221341e+02   1.7168002e+12
   5.1291411e+02   1.6940221e+12
   5.1361481e+02   1.6650841e+12
   5.1431552e+02   1.6231240e+12
   5.1501622e+02   1.5740560e+12
   5.1571692e+02   1.5340615e+12
   5.1641762e+02   1.4938684e+12
   5.1711833e+02   1.4500122e+12
   5.1781903e+02   1.4120627e+12
   5.1851973e+02   1.3720980e+12
   5.1922043e+02   1.3503176e+12
   5.1992114e+02   1.3299741e+12
   5.2062184e+02   1.2954595e+12
   5.2132254e+02   1.2722123e+12
   5.2202324e+02   1.2640247e+12
   5.2272395e+02   1.2613096e+12
   5.2342465e+02   1.2499752e+12
   5.2412535e+02   1.2370499e+12
   5.2482605e+02   1.2240997e+12
   5.2552675e+02   1.2052156e+12
   5.2622746e+02   1.1859641e+12
   5.2692816e+02   1.1680702e+12
   5.2762886e+02   1.1401299e+12
   5.2832956e+02   1.1169820e+12
   5.2903027e+02   1.0968544e+12
   5.2973097e+02   1.0747315e+12
   5.3043167e+02   1.0401945e+12
   5.3113237e+02   1.0113310e+12
   5.3183308e+02   9.9093292e+11
   5.3253378e+02   9.7387042e+11
   5.3323448e+02   9.4685583e+11
   5.3393518e+02   9.2491407e+11
   5.3463588e+02   9.1128145e+11
   5.3533659e+02   9.0799055e+11
   5.3603729e+02   8.9345455e+11
   5.3673799e+02   8.6973581e+11
   5.3743869e+02   8.3180618e+11
   5.3813940e+02   8.0262248e+11
   5.3884010e+02   7.7805000e+11
   5.3954080e+02   7.5050678e+11
   5.4024150e+02   7.2931702e+11
   5.4094221e+02   7.1395208e+11
   5.4164291e+02   6.9396352e+11
   5.4234361e+02   6.7771505e+11
   5.4304431e+02   6.5533650e+11
   5.4374502e+02   6.3390104e+11
   5.4444572e+02   6.1914663e+11
   5.4514642e+02   6.2016417e+11
   5.4584712e+02   6.2103777e+11
   5.4654782e+02   6.1336399e+11
   5.4724853e+02   6.0473471e+11
   5.4794923e+02   5.9007461e+11
   5.4864993e+02   5.8592005e+11
   5.4935063e+02   5.7837532e+11
   5.5005134e+02   5.6746525e+11
   5.5075204e+02   5.6555425e+11
   5.5145274e+02   5.6743050e+11
   5.5215344e+02   5.6666114e+11
   5.5285415e+02   5.5788543e+11
   5.5355485e+02   5.4310868e+11
   5.5425555e+02   5.3291585e+11
   5.5495625e+02   5.2008982e+11
   5.5565696e+02   5.1231676e+11
   5.5635766e+02   4.9872881e+11
   5.5705836e+02   4.9301815e+11
   5.5775906e+02   4.7870798e+11
   5.5845976e+02   4.5725018e+11
   5.5916047e+02   4.3686453e+11
   5.5986117e+02   4.1631755e+11
   5.6056187e+02   4.0639276e+11
   5.6126257e+02   4.0182374e+11
   5.6196328e+02   3.9735150e+11
   5.6266398e+02   3.9716536e+11
   5.6336468e+02   3.9990777e+11
   5.6406538e+02   4.0121073e+11
   5.6476609e+02   3.9338307e+11
   5.6546679e+02   3.9241516e+11
   5.6616749e+02   3.9534867e+11
   5.6686819e+02   3.9785283e+11
   5.6756889e+02   4.0038676e+11
   5.6826960e+02   3.9520721e+11
   5.6897030e+02   3.8751854e+11
   5.6967100e+02   3.8574404e+11
   5.7037170e+02   3.8393975e+11
   5.7107241e+02   3.7076626e+11
   5.7177311e+02   3.6118148e+11
   5.7247381e+02   3.5590762e+11
   5.7317451e+02   3.4391547e+11
   5.7387522e+02   3.2877638e+11
   5.7457592e+02   3.2149473e+11
   5.7527662e+02   3.2103311e+11
   5.7597732e+02   3.2193897e+11
   5.7667803e+02   3.2085442e+11
   5.7737873e+02   3.1096189e+11
   5.7807943e+02   3.0014116e+11
   5.7878013e+02   2.9735408e+11
   5.7948083e+02   2.9382494e+11
   5.8018154e+02   2.8833764e+11
   5.8088224e+02   2.8846917e+11
   5.8158294e+02   2.8561508e+11
   5.8228364e+02   2.7488370e+11
   5.8298435e+02   2.6118406e+11
   5.8368505e+02   2.5532201e+11
   5.8438575e+02   2.5523018e+11
   5.8508645e+02   2.5068349e+11
   5.8578716e+02   2.4338198e+11
   5.8648786e+02   2.3767876e+11
   5.8718856e+02   2.3968655e+11
   5.8788926e+02   2.3807089e+11
   5.8858996e+02   2.3005710e+11
   5.8929067e+02   2.2503390e+11
   5.8999137e+02   2.2287720e+11
   5.9069207e+02   2.2256201e+11
   5.9139277e+02   2.1512896e+11
   5.9209348e+02   2.1088257e+11
   5.9279418e+02   2.1079323e+11
   5.9349488e+02   2.1091732e+11
   5.9419558e+02   2.0835112e+11
   5.9489629e+02   1.9765945e+11
   5.9559699e+02   1.9729462e+11
   5.9629769e+02   1.9461177e+11
   5.9699839e+02   1.9397891e+11
   5.9769910e+02   1.9323933e+11
   5.9839980e+02   1.9231361e+11
   5.9910050e+02   1.9324677e+11
   5.9980120e+02   1.8419558e+11
   6.0050190e+02   1.7949998e+11
   6.0120261e+02   1.7874303e+11
   6.0190331e+02   1.7423605e+11
   6.0260401e+02   1.7374465e+11
   6.0330471e+02   1.6992513e+11
   6.0400542e+02   1.6555713e+11
   6.0470612e+02   1.6065057e+11
   6.0540682e+02   1.5761035e+11
   6.0610752e+02   1.5071834e+11
   6.0680823e+02   1.4164481e+11
   6.0750893e+02   1.4307930e+11
   6.0820963e+02   1.4447160e+11
   6.0891033e+02   1.4257549e+11
   6.0961104e+02   1.4389334e+11
   6.1031174e+02   1.4167955e+11
   6.1101244e+02   1.3531617e+11
   6.1171314e+02   1.3487689e+11
   6.1241384e+02   1.4035178e+11
   6.1311455e+02   1.4374691e+11
   6.1381525e+02   1.4911012e+11
   6.1451595e+02   1.4916224e+11
   6.1521665e+02   1.4974050e+11
   6.1591736e+02   1.5253006e+11
   6.1661806e+02   1.5477611e+11
   6.1731876e+02   1.5299416e+11
   6.1801946e+02   1.4762351e+11
   6.1872017e+02   1.5074067e+11
   6.1942087e+02   1.4801812e+11
   6.2012157e+02   1.3924489e+11
   6.2082227e+02   1.3247697e+11
   6.2152297e+02   1.1868303e+11
   6.2222368e+02   1.1104895e+11
   6.2292438e+02   1.0650475e+11
   6.2362508e+02   9.3594327e+10
   6.2432578e+02   8.3945018e+10
   6.2502649e+02   7.6886727e+10
   6.2572719e+02   7.3369991e+10
   6.2642789e+02   7.1890827e+10
   6.2712859e+02   7.5276027e+10
   6.2782930e+02   7.4345345e+10
   6.2853000e+02   7.8068073e+10
   6.2923070e+02   8.8191409e+10
   6.2993140e+02   9.8615045e+10
   6.3063211e+02   9.7426255e+10
   6.3133281e+02   1.0238245e+11
   6.3203351e+02   1.1025974e+11
   6.3273421e+02   1.1842244e+11
   6.3343491e+02   1.2381295e+11
   6.3413562e+02   1.1484365e+11
   6.3483632e+02   1.0488164e+11
   6.3553702e+02   1.0439024e+11
   6.3623772e+02   9.7515600e+10
   6.3693843e+02   8.8643100e+10
   6.3763913e+02   8.5766673e+10
   6.3833983e+02   8.7625555e+10
   6.3904053e+02   8.2746300e+10
   6.3974124e+02   7.5529173e+10
   6.4044194e+02   6.6043664e+10
   6.4114264e+02   6.1903991e+10
   6.4184334e+02   6.4358509e+10
   6.4254405e+02   7.1389500e+10
   6.4324475e+02   7.2930709e+10
   6.4394545e+02   7.4883900e+10
   6.4464615e+02   7.8355964e+10
   6.4534685e+02   7.2851291e+10
   6.4604756e+02   6.9349445e+10
   6.4674826e+02   6.7304427e+10
   6.4744896e+02   6.3442718e+10
   6.4814966e+02   6.5522482e+10
   6.4885037e+02   6.9922745e+10
   6.4955107e+02   7.0786418e+10
   6.5025177e+02   6.6597109e+10
   6.5095247e+02   6.3120082e+10
   6.5165318e+02   6.3698345e+10
   6.5235388e+02   6.1762527e+10
   6.5305458e+02   5.9876345e+10
   6.5375528e+02   6.0335482e+10
   6.5445598e+02   6.4668736e+10
   6.5515669e+02   6.6028773e+10
   6.5585739e+02   6.2792482e+10
   6.5655809e+02   6.2507073e+10
   6.5725879e+02   6.0191536e+10
   6.5795950e+02   5.3354127e+10
   6.5866020e+02   4.9882064e+10
   6.5936090e+02   4.6437300e+10
   6.6006160e+02   4.8268882e+10
   6.6076231e+02   5.0691136e+10
   6.6146301e+02   4.8152236e+10
   6.6216371e+02   4.5084709e+10
   6.6286441e+02   4.6536573e+10
   6.6356512e+02   4.7653391e+10
   6.6426582e+02   4.3104218e+10
   6.6496652e+02   4.3898400e+10
   6.6566722e+02   5.1100636e+10
   6.6636792e+02   6.0231245e+10
   6.6706863e+02   6.3348409e+10
   6.6776933e+02   5.9620718e+10
   6.6847003e+02   5.6247927e+10
   6.6917073e+02   5.4689345e+10
   6.6987144e+02   5.2103291e+10
   6.7057214e+02   4.1706955e+10
   6.7127284e+02   3.4360773e+10
   6.7197354e+02   3.4693336e+10
   6.7267425e+02   3.4673482e+10
   6.7337495e+02   3.2802191e+10
   6.7407565e+02   2.9327645e+10
   6.7477635e+02   2.7458836e+10
   6.7547706e+02   2.5803464e+10
   6.7617776e+02   2.3517709e+10
   6.7687846e+02   1.9948855e+10
   6.7757916e+02   1.9727973e+10
   6.7827986e+02   2.8751864e+10
   6.7898057e+02   2.9853791e+10
   6.7968127e+02   2.1246845e+10
   6.8038197e+02   1.9358182e+10
   6.8108267e+02   1.9047955e+10
   6.8178338e+02   1.2490991e+10
   6.8248408e+02   9.1802455e+09
   6.8318478e+02   6.8324455e+09
   6.8388548e+02   1.1652136e+10
   6.8458619e+02   1.8226473e+10
   6.8528689e+02   2.3244709e+10
   6.8598759e+02   1.9186936e+10
   6.8668829e+02   2.0819973e+10
   6.8738899e+02   2.3006455e+10
   6.8808970e+02   2.0494855e+10
   6.8879040e+02   1.7320609e+10
   6.8949110e+02   1.8452318e+10
   6.9019180e+02   2.1021000e+10
   6.9089251e+02   2.3860200e+10
   6.9159321e+02   1.9794982e+10
   6.9229391e+02   9.5624455e+09
   6.9299461e+02   1.0274727e+09
   6.9369532e+02  -3.7202455e+09
   6.9439602e+02  -1.5809182e+09
   6.9509672e+02   7.7432727e+08
   6.9579742e+02  -6.6239727e+08
   6.9649813e+02  -2.1715909e+08
