0.000000000000000000e+00 -0.000000000000000000e+00
1.000000000000000000e+00 7.582891084201517105e+09
2.000000000000000000e+00 1.516613159243575096e+10
3.000000000000000000e+00 2.275007111847019577e+10
4.000000000000000000e+00 3.033505957992910767e+10
5.000000000000000000e+00 3.792144737153491974e+10
6.000000000000000000e+00 4.550958551724127197e+10
7.000000000000000000e+00 5.309982582077441406e+10
8.000000000000000000e+00 6.069252101403374481e+10
9.000000000000000000e+00 6.828802490331555939e+10
1.000000000000000000e+01 7.588669251272943115e+10
1.100000000000000000e+01 8.348888022433738708e+10
1.200000000000000000e+01 9.109494591504287720e+10
1.300000000000000000e+01 9.870524908953092957e+10
1.400000000000000000e+01 1.063201510089864807e+11
1.500000000000000000e+01 1.139400148154142303e+11
1.600000000000000000e+01 1.215652056510570526e+11
1.700000000000000000e+01 1.291960907727547455e+11
1.800000000000000000e+01 1.368330396608220673e+11
1.900000000000000000e+01 1.444764241222327271e+11
2.000000000000000000e+01 1.521266183880850830e+11
2.100000000000000000e+01 1.597839992045014648e+11
2.200000000000000000e+01 1.674489459174591370e+11
2.300000000000000000e+01 1.751218405508357239e+11
2.400000000000000000e+01 1.828030678777195129e+11
2.500000000000000000e+01 1.904930154847731628e+11
2.600000000000000000e+01 1.981920738293622437e+11
2.700000000000000000e+01 2.059006362896319580e+11
2.800000000000000000e+01 2.136190992070444641e+11
2.900000000000000000e+01 2.213478619216456299e+11
3.000000000000000000e+01 2.290873267995792542e+11
3.100000000000000000e+01 2.368378992533284302e+11
3.200000000000000000e+01 2.445999877541176758e+11
3.300000000000000000e+01 2.523740038368807373e+11
3.400000000000000000e+01 2.601603620974664612e+11
3.500000000000000000e+01 2.679594801824498901e+11
3.600000000000000000e+01 2.757717787713276978e+11
3.700000000000000000e+01 2.835976815512401123e+11
3.800000000000000000e+01 2.914376151845046387e+11
3.900000000000000000e+01 2.992920092686256104e+11
4.000000000000000000e+01 3.071612962894087524e+11
4.100000000000000000e+01 3.150459115670546875e+11
4.200000000000000000e+01 3.229462931952289429e+11
4.300000000000000000e+01 3.308628819738161011e+11
4.400000000000000000e+01 3.387961213349328003e+11
4.500000000000000000e+01 3.467464572627803345e+11
4.600000000000000000e+01 3.547143382075639648e+11
4.700000000000000000e+01 3.627002149934733887e+11
4.800000000000000000e+01 3.707045407212562866e+11
4.900000000000000000e+01 3.787277706653750000e+11
5.000000000000000000e+01 3.867703621663127441e+11
5.100000000000000000e+01 3.948327745180664673e+11
5.200000000000000000e+01 4.029154688511712646e+11
5.300000000000000000e+01 4.110189080117117310e+11
5.400000000000000000e+01 4.191435564364481201e+11
5.500000000000000000e+01 4.272898800244832153e+11
5.600000000000000000e+01 4.354583460057477417e+11
5.700000000000000000e+01 4.436494228066340942e+11
5.800000000000000000e+01 4.518635799131677246e+11
5.900000000000000000e+01 4.601012877320025635e+11
6.000000000000000000e+01 4.683630174495304565e+11
6.100000000000000000e+01 4.766492408896587524e+11
6.200000000000000000e+01 4.849604303702833252e+11
6.300000000000000000e+01 4.932970585591630859e+11
6.400000000000000000e+01 5.016595983291666870e+11
6.500000000000000000e+01 5.100485226135598755e+11
6.600000000000000000e+01 5.184643042614914551e+11
6.700000000000000000e+01 5.269074158939954224e+11
6.800000000000000000e+01 5.353783297610706787e+11
6.900000000000000000e+01 5.438775175998308716e+11
7.000000000000000000e+01 5.524054504942983398e+11
7.100000000000000000e+01 5.609625987371527100e+11
7.200000000000000000e+01 5.695494316935350342e+11
7.300000000000000000e+01 5.781664176675031738e+11
7.400000000000000000e+01 5.868140237711875000e+11
7.500000000000000000e+01 5.954927157970544434e+11
7.600000000000000000e+01 6.042029580936315918e+11
7.700000000000000000e+01 6.129452134446981201e+11
7.800000000000000000e+01 6.217199429525909424e+11
7.900000000000000000e+01 6.305276059254508057e+11
8.000000000000000000e+01 6.393686597690095215e+11
8.100000000000000000e+01 6.482435598829364014e+11
8.200000000000000000e+01 6.571527595620270996e+11
8.300000000000000000e+01 6.660967099024345703e+11
8.400000000000000000e+01 6.750758597131617432e+11
8.500000000000000000e+01 6.840906554328936768e+11
8.600000000000000000e+01 6.931415410525187988e+11
8.700000000000000000e+01 7.022289580433676758e+11
8.800000000000000000e+01 7.113533452912344971e+11
8.900000000000000000e+01 7.205151390365999756e+11
9.000000000000000000e+01 7.297147728208199463e+11
9.100000000000000000e+01 7.389526774386848145e+11
9.200000000000000000e+01 7.482292808972802734e+11
9.300000000000000000e+01 7.575450083811850586e+11
9.400000000000000000e+01 7.669002822243270264e+11
9.500000000000000000e+01 7.762955218882509766e+11
9.600000000000000000e+01 7.857311439469938965e+11
9.700000000000000000e+01 7.952075620786667480e+11
9.800000000000000000e+01 8.047251870635087891e+11
9.900000000000000000e+01 8.142844267888138428e+11
1.000000000000000000e+02 8.238856862602563477e+11
1.010000000000000000e+02 8.335293676200891113e+11
1.020000000000000000e+02 8.432158701717078857e+11
1.030000000000000000e+02 8.529455904109112549e+11
1.040000000000000000e+02 8.627189220636944580e+11
1.050000000000000000e+02 8.725362561304099121e+11
1.060000000000000000e+02 8.823979809363071289e+11
1.070000000000000000e+02 8.923044821884812012e+11
1.080000000000000000e+02 9.022561430389160156e+11
1.090000000000000000e+02 9.122533441537095947e+11
1.100000000000000000e+02 9.222964637882750244e+11
1.110000000000000000e+02 9.323858778684497070e+11
1.120000000000000000e+02 9.425219600773419189e+11
1.130000000000000000e+02 9.527050819478669434e+11
1.140000000000000000e+02 9.629356129606822510e+11
1.150000000000000000e+02 9.732139206475737305e+11
1.160000000000000000e+02 9.835403706999616699e+11
1.170000000000000000e+02 9.939153270824624023e+11
1.180000000000000000e+02 1.004339152151332031e+12
1.190000000000000000e+02 1.014812206777535767e+12
1.200000000000000000e+02 1.025334850474432129e+12
1.210000000000000000e+02 1.035907441529688110e+12
1.220000000000000000e+02 1.046530337141403687e+12
1.230000000000000000e+02 1.057203893558268921e+12
1.240000000000000000e+02 1.067928466223185791e+12
1.250000000000000000e+02 1.078704409920839111e+12
1.260000000000000000e+02 1.089532078928369507e+12
1.270000000000000000e+02 1.100411827169260986e+12
1.280000000000000000e+02 1.111344008370209473e+12
1.290000000000000000e+02 1.122328976220715820e+12
1.300000000000000000e+02 1.133367084535106201e+12
1.310000000000000000e+02 1.144458687417126953e+12
1.320000000000000000e+02 1.155604139426351318e+12
1.330000000000000000e+02 1.166803795746654053e+12
1.340000000000000000e+02 1.178058012356307129e+12
1.350000000000000000e+02 1.189367146199534424e+12
1.360000000000000000e+02 1.200731555359343018e+12
1.370000000000000000e+02 1.212151599231316895e+12
1.380000000000000000e+02 1.223627638698383545e+12
1.390000000000000000e+02 1.235160036306018311e+12
1.400000000000000000e+02 1.246749156437958496e+12
1.410000000000000000e+02 1.258395365492093018e+12
1.420000000000000000e+02 1.270099032056308594e+12
1.430000000000000000e+02 1.281860527084208984e+12
1.440000000000000000e+02 1.293680224070255615e+12
1.450000000000000000e+02 1.305558499224533447e+12
1.460000000000000000e+02 1.317495731646468994e+12
1.470000000000000000e+02 1.329492303497613770e+12
1.480000000000000000e+02 1.341548600173456787e+12
1.490000000000000000e+02 1.353665010473469727e+12
1.500000000000000000e+02 1.365841926770004150e+12
1.510000000000000000e+02 1.378079745175115479e+12
1.520000000000000000e+02 1.390378865705735596e+12
1.530000000000000000e+02 1.402739692446646729e+12
1.540000000000000000e+02 1.415162633711218506e+12
1.550000000000000000e+02 1.427648102199855957e+12
1.560000000000000000e+02 1.440196515155766113e+12
1.570000000000000000e+02 1.452808294518158447e+12
1.580000000000000000e+02 1.465483867072449463e+12
1.590000000000000000e+02 1.478223664597693848e+12
1.600000000000000000e+02 1.491028124010757812e+12
1.610000000000000000e+02 1.503897687507306641e+12
1.620000000000000000e+02 1.516832802699436768e+12
1.630000000000000000e+02 1.529833922749840088e+12
1.640000000000000000e+02 1.542901506502337646e+12
1.650000000000000000e+02 1.556036018608879395e+12
1.660000000000000000e+02 1.569237929652524902e+12
1.670000000000000000e+02 1.582507716266788818e+12
1.680000000000000000e+02 1.595845861250832764e+12
1.690000000000000000e+02 1.609252853680750244e+12
1.700000000000000000e+02 1.622729189016643311e+12
1.710000000000000000e+02 1.636275369205589111e+12
1.720000000000000000e+02 1.649891902780271729e+12
1.730000000000000000e+02 1.663579304953409912e+12
1.740000000000000000e+02 1.677338097707749756e+12
1.750000000000000000e+02 1.691168809881645264e+12
1.760000000000000000e+02 1.705071977250251221e+12
1.770000000000000000e+02 1.719048142602259521e+12
1.780000000000000000e+02 1.733097855812019287e+12
1.790000000000000000e+02 1.747221673907200684e+12
1.800000000000000000e+02 1.761420161131917236e+12
1.810000000000000000e+02 1.775693889005202637e+12
1.820000000000000000e+02 1.790043436375111328e+12
1.830000000000000000e+02 1.804469389467908447e+12
1.840000000000000000e+02 1.818972341932998291e+12
1.850000000000000000e+02 1.833552894883181152e+12
1.860000000000000000e+02 1.848211656930202881e+12
1.870000000000000000e+02 1.862949244215954346e+12
1.880000000000000000e+02 1.877766280439048828e+12
1.890000000000000000e+02 1.892663396876825928e+12
1.900000000000000000e+02 1.907641232402968750e+12
1.910000000000000000e+02 1.922700433500559082e+12
1.920000000000000000e+02 1.937841654270821289e+12
1.930000000000000000e+02 1.953065556437287109e+12
1.940000000000000000e+02 1.968372809345745117e+12
1.950000000000000000e+02 1.983764089959755127e+12
1.960000000000000000e+02 1.999240082851911377e+12
1.970000000000000000e+02 2.014801480190826416e+12
1.980000000000000000e+02 2.030448981723936523e+12
1.990000000000000000e+02 2.046183294756068115e+12
2.000000000000000000e+02 2.062005134123950928e+12
2.010000000000000000e+02 2.077915222166504883e+12
2.020000000000000000e+02 2.093914288691302734e+12
2.030000000000000000e+02 2.110003070936749023e+12
2.040000000000000000e+02 2.126182313530565918e+12
2.050000000000000000e+02 2.142452768444145996e+12
2.060000000000000000e+02 2.158815194943208008e+12
2.070000000000000000e+02 2.175270359534369873e+12
2.080000000000000000e+02 2.191819035908264648e+12
2.090000000000000000e+02 2.208462004878523926e+12
2.100000000000000000e+02 2.225200054317237305e+12
2.110000000000000000e+02 2.242033979086757324e+12
2.120000000000000000e+02 2.258964580967616211e+12
2.130000000000000000e+02 2.275992668582981445e+12
2.140000000000000000e+02 2.293119057319394531e+12
2.150000000000000000e+02 2.310344569243964844e+12
2.160000000000000000e+02 2.327670033017838379e+12
2.170000000000000000e+02 2.345096283806298828e+12
2.180000000000000000e+02 2.362624163185067871e+12
2.190000000000000000e+02 2.380254519043128418e+12
2.200000000000000000e+02 2.397988205481969238e+12
2.210000000000000000e+02 2.415826082711360840e+12
2.220000000000000000e+02 2.433769016941194336e+12
2.230000000000000000e+02 2.451817880270039551e+12
2.240000000000000000e+02 2.469973550569871094e+12
2.250000000000000000e+02 2.488236911367242188e+12
2.260000000000000000e+02 2.506608851720593750e+12
2.270000000000000000e+02 2.525090266093885254e+12
2.280000000000000000e+02 2.543682054226496094e+12
2.290000000000000000e+02 2.562385120999133301e+12
2.300000000000000000e+02 2.581200376295811523e+12
2.310000000000000000e+02 2.600128734862037598e+12
2.320000000000000000e+02 2.619171116158577637e+12
2.330000000000000000e+02 2.638328444211447754e+12
2.340000000000000000e+02 2.657601647457346191e+12
2.350000000000000000e+02 2.676991658584944824e+12
2.360000000000000000e+02 2.696499414371569336e+12
2.370000000000000000e+02 2.716125855515462891e+12
2.380000000000000000e+02 2.735871926463196777e+12
2.390000000000000000e+02 2.755738575232427246e+12
2.400000000000000000e+02 2.775726753229600098e+12
2.410000000000000000e+02 2.795837415062511719e+12
2.420000000000000000e+02 2.816071518347758301e+12
2.430000000000000000e+02 2.836430023512615723e+12
2.440000000000000000e+02 2.856913893591440918e+12
2.450000000000000000e+02 2.877524094016239746e+12
2.460000000000000000e+02 2.898261592401382324e+12
2.470000000000000000e+02 2.919127358322005859e+12
2.480000000000000000e+02 2.940122363086296387e+12
2.490000000000000000e+02 2.961247579501004883e+12
2.500000000000000000e+02 2.982503981630345215e+12
2.510000000000000000e+02 3.003892544547793945e+12
2.520000000000000000e+02 3.025414244080770508e+12
2.530000000000000000e+02 3.047070056547640625e+12
2.540000000000000000e+02 3.068860958487277832e+12
2.550000000000000000e+02 3.090787926380273926e+12
2.560000000000000000e+02 3.112851936362322266e+12
2.570000000000000000e+02 3.135053963928687012e+12
2.580000000000000000e+02 3.157394983630066895e+12
2.590000000000000000e+02 3.179875968759349609e+12
2.600000000000000000e+02 3.202497891028813965e+12
2.610000000000000000e+02 3.225261720237813477e+12
2.620000000000000000e+02 3.248168423930227051e+12
2.630000000000000000e+02 3.271218967041731445e+12
2.640000000000000000e+02 3.294414311536253418e+12
2.650000000000000000e+02 3.317755416031476074e+12
2.660000000000000000e+02 3.341243235412903809e+12
2.670000000000000000e+02 3.364878720436167480e+12
2.680000000000000000e+02 3.388662817317379883e+12
2.690000000000000000e+02 3.412596467310754883e+12
2.700000000000000000e+02 3.436680606273624023e+12
2.710000000000000000e+02 3.460916164218033203e+12
2.720000000000000000e+02 3.485304064848827148e+12
2.730000000000000000e+02 3.509845225087480957e+12
2.740000000000000000e+02 3.534540554581715332e+12
2.750000000000000000e+02 3.559390955200004883e+12
2.760000000000000000e+02 3.584397320510956055e+12
2.770000000000000000e+02 3.609560535246746094e+12
2.780000000000000000e+02 3.634881474750557129e+12
2.790000000000000000e+02 3.660361004407146973e+12
2.800000000000000000e+02 3.685999979056561035e+12
2.810000000000000000e+02 3.711799242389994629e+12
2.820000000000000000e+02 3.737759626327804688e+12
2.830000000000000000e+02 3.763881950378827637e+12
2.840000000000000000e+02 3.790167020980844727e+12
2.850000000000000000e+02 3.816615630821393066e+12
2.860000000000000000e+02 3.843228558138437988e+12
2.870000000000000000e+02 3.870006566000749023e+12
2.880000000000000000e+02 3.896950401567075195e+12
2.890000000000000000e+02 3.924060795323561523e+12
2.900000000000000000e+02 3.951338460299387207e+12
2.910000000000000000e+02 3.978784091259392578e+12
2.920000000000000000e+02 4.006398363873591309e+12
2.930000000000000000e+02 4.034181933863081055e+12
2.940000000000000000e+02 4.062135436121208984e+12
2.950000000000000000e+02 4.090259483810270020e+12
2.960000000000000000e+02 4.118554667432339844e+12
2.970000000000000000e+02 4.147021553874336914e+12
2.980000000000000000e+02 4.175660685426199219e+12
2.990000000000000000e+02 4.204472578771978027e+12
3.000000000000000000e+02 4.233457723952979492e+12
3.010000000000000000e+02 4.262616583302479492e+12
3.020000000000000000e+02 4.291949590351413574e+12
3.030000000000000000e+02 4.321457148704480957e+12
3.040000000000000000e+02 4.351139630885761719e+12
3.050000000000000000e+02 4.380997377153625000e+12
3.060000000000000000e+02 4.411030694284025391e+12
3.070000000000000000e+02 4.441239854321773438e+12
3.080000000000000000e+02 4.471625093298920898e+12
3.090000000000000000e+02 4.502186609919765625e+12
3.100000000000000000e+02 4.532924564211971680e+12
3.110000000000000000e+02 4.563839076142951172e+12
3.120000000000000000e+02 4.594930224200926758e+12
3.130000000000000000e+02 4.626198043940313477e+12
3.140000000000000000e+02 4.657642526490369141e+12
3.150000000000000000e+02 4.689263617026808594e+12
3.160000000000000000e+02 4.721061213205709961e+12
3.170000000000000000e+02 4.753035163559108398e+12
3.180000000000000000e+02 4.785185265851445312e+12
3.190000000000000000e+02 4.817511265396722656e+12
3.200000000000000000e+02 4.850012853335317383e+12
3.210000000000000000e+02 4.882689664870204102e+12
3.220000000000000000e+02 4.915541277461881836e+12
3.230000000000000000e+02 4.948567208981396484e+12
3.240000000000000000e+02 4.981766915821051758e+12
3.250000000000000000e+02 5.015139790962189453e+12
3.260000000000000000e+02 5.048685161999554688e+12
3.270000000000000000e+02 5.082402289121811523e+12
3.280000000000000000e+02 5.116290363047496094e+12
3.290000000000000000e+02 5.150348502916407227e+12
3.300000000000000000e+02 5.184575754135428711e+12
3.310000000000000000e+02 5.218971086178953125e+12
3.320000000000000000e+02 5.253533390343095703e+12
3.330000000000000000e+02 5.288261477453595703e+12
3.340000000000000000e+02 5.323154075526952148e+12
3.350000000000000000e+02 5.358209827384597656e+12
3.360000000000000000e+02 5.393427288219936523e+12
3.370000000000000000e+02 5.428804923117718750e+12
3.380000000000000000e+02 5.464341104526016602e+12
3.390000000000000000e+02 5.500034109680407227e+12
3.400000000000000000e+02 5.535882117980233398e+12
3.410000000000000000e+02 5.571883208317297852e+12
3.420000000000000000e+02 5.608035356356411133e+12
3.430000000000000000e+02 5.644336431768558594e+12
3.440000000000000000e+02 5.680784195416140625e+12
3.450000000000000000e+02 5.717376296491042969e+12
3.460000000000000000e+02 5.754110269605666016e+12
3.470000000000000000e+02 5.790983531836794922e+12
3.480000000000000000e+02 5.827993379723457031e+12
3.490000000000000000e+02 5.865136986218675781e+12
3.500000000000000000e+02 5.902411397595916016e+12
3.510000000000000000e+02 5.939813530310690430e+12
3.520000000000000000e+02 5.977340167818455078e+12
3.530000000000000000e+02 6.014987957348938477e+12
3.540000000000000000e+02 6.052753406638544922e+12
3.550000000000000000e+02 6.090632880621219727e+12
3.560000000000000000e+02 6.128622598079197266e+12
3.570000000000000000e+02 6.166718628254871094e+12
3.580000000000000000e+02 6.204916887424909180e+12
3.590000000000000000e+02 6.243213135438110352e+12
3.600000000000000000e+02 6.281602972218640625e+12
3.610000000000000000e+02 6.320081834236193359e+12
3.620000000000000000e+02 6.358644990944845703e+12
3.630000000000000000e+02 6.397287541192672852e+12
3.640000000000000000e+02 6.436004409604047852e+12
3.650000000000000000e+02 6.474790342936693359e+12
3.660000000000000000e+02 6.513639906416122070e+12
3.670000000000000000e+02 6.552547480049527344e+12
3.680000000000000000e+02 6.591507254922198242e+12
3.690000000000000000e+02 6.630513229478523438e+12
3.700000000000000000e+02 6.669559205791430664e+12
3.710000000000000000e+02 6.708638785822248047e+12
3.720000000000000000e+02 6.747745367675228516e+12
3.730000000000000000e+02 6.786872141849284180e+12
3.740000000000000000e+02 6.826012087491028320e+12
3.750000000000000000e+02 6.865157968652412109e+12
3.760000000000000000e+02 6.904302330557318359e+12
3.770000000000000000e+02 6.943437495880530273e+12
3.780000000000000000e+02 6.982555561043870117e+12
3.790000000000000000e+02 7.021648392533561523e+12
3.800000000000000000e+02 7.060707623243345703e+12
3.810000000000000000e+02 7.099724648848370117e+12
3.820000000000000000e+02 7.138690624214372070e+12
3.830000000000000000e+02 7.177596459847464844e+12
3.840000000000000000e+02 7.216432818389945312e+12
3.850000000000000000e+02 7.255190111166882812e+12
3.860000000000000000e+02 7.293858494790084961e+12
3.870000000000000000e+02 7.332427867824208984e+12
3.880000000000000000e+02 7.370887867521663086e+12
3.890000000000000000e+02 7.409227866632095703e+12
3.900000000000000000e+02 7.447436970292750000e+12
3.910000000000000000e+02 7.485504013006357422e+12
3.920000000000000000e+02 7.523417555712767578e+12
3.930000000000000000e+02 7.561165882961667969e+12
3.940000000000000000e+02 7.598737000192591797e+12
3.950000000000000000e+02 7.636118631130162109e+12
3.960000000000000000e+02 7.673298215300901367e+12
3.970000000000000000e+02 7.710262905679843750e+12
3.980000000000000000e+02 7.746999566474003906e+12
3.990000000000000000e+02 7.783494771050426758e+12
4.000000000000000000e+02 7.819734800017115234e+12
4.010000000000000000e+02 7.855705639464186523e+12
4.020000000000000000e+02 7.891392979373887695e+12
4.030000000000000000e+02 7.926782212207931641e+12
4.040000000000000000e+02 7.961858431679971680e+12
4.050000000000000000e+02 7.996606431722494141e+12
4.060000000000000000e+02 8.031010705656727539e+12
4.070000000000000000e+02 8.065055445574284180e+12
4.080000000000000000e+02 8.098724541940232422e+12
4.090000000000000000e+02 8.132001583426388672e+12
4.100000000000000000e+02 8.164869856984731445e+12
4.110000000000000000e+02 8.197312348170626953e+12
4.120000000000000000e+02 8.229311741725774414e+12
4.130000000000000000e+02 8.260850422431403320e+12
4.140000000000000000e+02 8.291910476241751953e+12
4.150000000000000000e+02 8.322473691709361328e+12
4.160000000000000000e+02 8.352521561712924805e+12
4.170000000000000000e+02 8.382035285499154297e+12
4.180000000000000000e+02 8.410995771050984375e+12
4.190000000000000000e+02 8.439383637794533203e+12
4.200000000000000000e+02 8.467179219657185547e+12
4.210000000000000000e+02 8.494362568491092773e+12
4.220000000000000000e+02 8.520913457875220703e+12
4.230000000000000000e+02 8.546811387311627930e+12
4.240000000000000000e+02 8.572035586830591797e+12
4.250000000000000000e+02 8.596565022021287109e+12
4.260000000000000000e+02 8.620378399504986328e+12
4.270000000000000000e+02 8.643454172868958008e+12
4.280000000000000000e+02 8.665770549079795898e+12
4.290000000000000000e+02 8.687305495396795898e+12
4.300000000000000000e+02 8.708036746806635742e+12
4.310000000000000000e+02 8.727941814001902344e+12
4.320000000000000000e+02 8.746997991928019531e+12
4.330000000000000000e+02 8.765182368923655273e+12
4.340000000000000000e+02 8.782471836482644531e+12
4.350000000000000000e+02 8.798843099665812500e+12
4.360000000000000000e+02 8.814272688193919922e+12
4.370000000000000000e+02 8.828736968254986328e+12
4.380000000000000000e+02 8.842212155060343750e+12
4.390000000000000000e+02 8.854674326187332031e+12
4.400000000000000000e+02 8.866099435748333984e+12
4.410000000000000000e+02 8.876463329427876953e+12
4.420000000000000000e+02 8.885741760433523438e+12
4.430000000000000000e+02 8.893910406407632812e+12
4.440000000000000000e+02 8.900944887350607422e+12
4.450000000000000000e+02 8.906820784610117188e+12
4.460000000000000000e+02 8.911513660991851562e+12
4.470000000000000000e+02 8.914999082053121094e+12
4.480000000000000000e+02 8.917252638641792969e+12
4.490000000000000000e+02 8.918249970748056641e+12
4.500000000000000000e+02 8.917966792739003906e+12
4.510000000000000000e+02 8.916378920049632812e+12
4.520000000000000000e+02 8.913462297407957031e+12
4.530000000000000000e+02 8.909193028674796875e+12
4.540000000000000000e+02 8.903547408381365234e+12
4.550000000000000000e+02 8.896501955053109375e+12
4.560000000000000000e+02 8.888033446408851562e+12
4.570000000000000000e+02 8.878118956528119141e+12
4.580000000000000000e+02 8.866735895081978516e+12
4.590000000000000000e+02 8.853862048724171875e+12
4.600000000000000000e+02 8.839475624740404297e+12
4.610000000000000000e+02 8.823555297055388672e+12
4.620000000000000000e+02 8.806080254695765625e+12
4.630000000000000000e+02 8.787030252807407227e+12
4.640000000000000000e+02 8.766385666322354492e+12
4.650000000000000000e+02 8.744127546368878906e+12
4.660000000000000000e+02 8.720237679511937500e+12
4.670000000000000000e+02 8.694698649906656250e+12
4.680000000000000000e+02 8.667493904438413086e+12
4.690000000000000000e+02 8.638607820914525391e+12
4.700000000000000000e+02 8.608025779359223633e+12
4.710000000000000000e+02 8.575734236449745117e+12
4.720000000000000000e+02 8.541720803114626953e+12
4.730000000000000000e+02 8.505974325294007812e+12
4.740000000000000000e+02 8.468484967839573242e+12
4.750000000000000000e+02 8.429244301504078125e+12
4.760000000000000000e+02 8.388245392939897461e+12
4.770000000000000000e+02 8.345482897591731445e+12
4.780000000000000000e+02 8.300953155328448242e+12
4.790000000000000000e+02 8.254654288616742188e+12
4.800000000000000000e+02 8.206586302989836914e+12
4.810000000000000000e+02 8.156751189511255859e+12
4.820000000000000000e+02 8.105153028875802734e+12
4.830000000000000000e+02 8.051798096725488281e+12
4.840000000000000000e+02 7.996694969690478516e+12
4.850000000000000000e+02 7.939854631590845703e+12
4.860000000000000000e+02 7.881290579157462891e+12
4.870000000000000000e+02 7.821018926548101562e+12
4.880000000000000000e+02 7.759058507848252930e+12
4.890000000000000000e+02 7.695430976659603516e+12
4.900000000000000000e+02 7.630160901786323242e+12
4.910000000000000000e+02 7.563275857941412109e+12
4.920000000000000000e+02 7.494806510304119141e+12
4.930000000000000000e+02 7.424786691674046875e+12
4.940000000000000000e+02 7.353253470886198242e+12
4.950000000000000000e+02 7.280247211076883789e+12
4.960000000000000000e+02 7.205811616328195312e+12
4.970000000000000000e+02 7.129993765167289062e+12
4.980000000000000000e+02 7.052844129364216797e+12
4.990000000000000000e+02 6.974416576457187500e+12
5.000000000000000000e+02 6.894768354444134766e+12
5.010000000000000000e+02 6.813960057116265625e+12
5.020000000000000000e+02 6.732055568574430664e+12
5.030000000000000000e+02 6.649121985571675781e+12
5.040000000000000000e+02 6.565229516458888672e+12
5.050000000000000000e+02 6.480451355688351562e+12
5.060000000000000000e+02 6.394863533042527344e+12
5.070000000000000000e+02 6.308544737013009766e+12
5.080000000000000000e+02 6.221576112048495117e+12
5.090000000000000000e+02 6.134041029726708984e+12
5.100000000000000000e+02 6.046024834271940430e+12
5.110000000000000000e+02 5.957614563241114258e+12
5.120000000000000000e+02 5.868898644622750977e+12
5.130000000000000000e+02 5.779966572032875000e+12
5.140000000000000000e+02 5.690908560136743164e+12
5.150000000000000000e+02 5.601815182865645508e+12
5.160000000000000000e+02 5.512776997422609375e+12
5.170000000000000000e+02 5.423884157465306641e+12
5.180000000000000000e+02 5.335226019208229492e+12
5.190000000000000000e+02 5.246890744483894531e+12
5.200000000000000000e+02 5.158964905034940430e+12
5.210000000000000000e+02 5.071533092462917969e+12
5.220000000000000000e+02 4.984677538328438477e+12
5.230000000000000000e+02 4.898477748872050781e+12
5.240000000000000000e+02 4.813010158705389648e+12
5.250000000000000000e+02 4.728347807604815430e+12
5.260000000000000000e+02 4.644560044228959961e+12
5.270000000000000000e+02 4.561712260183462891e+12
5.280000000000000000e+02 4.479865657379802734e+12
5.290000000000000000e+02 4.399077051092482422e+12
5.300000000000000000e+02 4.319398710526982422e+12
5.310000000000000000e+02 4.240878238081464355e+12
5.320000000000000000e+02 4.163558487842347656e+12
5.330000000000000000e+02 4.087477523209048828e+12
5.340000000000000000e+02 4.012668612919771973e+12
5.350000000000000000e+02 3.939160264160127930e+12
5.360000000000000000e+02 3.866976290897729492e+12
5.370000000000000000e+02 3.796135915108636230e+12
5.380000000000000000e+02 3.726653898158061523e+12
5.390000000000000000e+02 3.658540699271080078e+12
5.400000000000000000e+02 3.591802657787996582e+12
5.410000000000000000e+02 3.526442195738895996e+12
5.420000000000000000e+02 3.462458037195309570e+12
5.430000000000000000e+02 3.399845440856610840e+12
5.440000000000000000e+02 3.338596442399072266e+12
5.450000000000000000e+02 3.278700103248984863e+12
5.460000000000000000e+02 3.220142762626937012e+12
5.470000000000000000e+02 3.162908289940632812e+12
5.480000000000000000e+02 3.106978334866090332e+12
5.490000000000000000e+02 3.052332572743186035e+12
5.500000000000000000e+02 2.998948943211822754e+12
5.510000000000000000e+02 2.946803880319371582e+12
5.520000000000000000e+02 2.895872532633197754e+12
5.530000000000000000e+02 2.846128972185065918e+12
5.540000000000000000e+02 2.797546391353229004e+12
5.550000000000000000e+02 2.750097287047968750e+12
5.560000000000000000e+02 2.703753631804596191e+12
5.570000000000000000e+02 2.658487031601894531e+12
5.580000000000000000e+02 2.614268870413602539e+12
5.590000000000000000e+02 2.571070441663249023e+12
5.600000000000000000e+02 2.528863066892562500e+12
5.610000000000000000e+02 2.487618202067269043e+12
5.620000000000000000e+02 2.447307532036644043e+12
5.630000000000000000e+02 2.407903053734053223e+12
5.640000000000000000e+02 2.369377148757787598e+12
5.650000000000000000e+02 2.331702646006176270e+12
5.660000000000000000e+02 2.294852875061339844e+12
5.670000000000000000e+02 2.258801711022939453e+12
5.680000000000000000e+02 2.223523611489346191e+12
5.690000000000000000e+02 2.188993646371161377e+12
5.700000000000000000e+02 2.155187521201156006e+12
5.710000000000000000e+02 2.122081594579541016e+12
5.720000000000000000e+02 2.089652890362566650e+12
5.730000000000000000e+02 2.057879105168690186e+12
5.740000000000000000e+02 2.026738611742046875e+12
5.750000000000000000e+02 1.996210458674683350e+12
5.760000000000000000e+02 1.966274366953061279e+12
5.770000000000000000e+02 1.936910723757038086e+12
5.780000000000000000e+02 1.908100573902851074e+12
5.790000000000000000e+02 1.879825609287657715e+12
5.800000000000000000e+02 1.852068156658453613e+12
5.810000000000000000e+02 1.824811163997151855e+12
5.820000000000000000e+02 1.798038185783152100e+12
5.830000000000000000e+02 1.771733367366702393e+12
5.840000000000000000e+02 1.745881428660064453e+12
5.850000000000000000e+02 1.720467647329641113e+12
5.860000000000000000e+02 1.695477841649564697e+12
5.870000000000000000e+02 1.670898353157168945e+12
5.880000000000000000e+02 1.646716029232203613e+12
5.890000000000000000e+02 1.622918205704780762e+12
5.900000000000000000e+02 1.599492689582155762e+12
5.910000000000000000e+02 1.576427741970087646e+12
5.920000000000000000e+02 1.553712061253645752e+12
5.930000000000000000e+02 1.531334766590084717e+12
5.940000000000000000e+02 1.509285381757525635e+12
5.950000000000000000e+02 1.487553819394690186e+12
5.960000000000000000e+02 1.466130365659218750e+12
5.970000000000000000e+02 1.445005665325269531e+12
5.980000000000000000e+02 1.424170707336124756e+12
5.990000000000000000e+02 1.403616810821565918e+12
6.000000000000000000e+02 1.383335611586501953e+12
6.010000000000000000e+02 1.363319049072713135e+12
6.020000000000000000e+02 1.343559353793025879e+12
6.030000000000000000e+02 1.324049035234275635e+12
6.040000000000000000e+02 1.304780870223363525e+12
6.050000000000000000e+02 1.285747891748562256e+12
6.060000000000000000e+02 1.266943378226947021e+12
6.070000000000000000e+02 1.248360843207541504e+12
6.080000000000000000e+02 1.229994025498592285e+12
6.090000000000000000e+02 1.211836879706743408e+12
6.100000000000000000e+02 1.193883567175482910e+12
6.110000000000000000e+02 1.176128447309288086e+12
6.120000000000000000e+02 1.158566069270406982e+12
6.130000000000000000e+02 1.141191164034244141e+12
6.140000000000000000e+02 1.123998636789847656e+12
6.150000000000000000e+02 1.106983559671888428e+12
6.160000000000000000e+02 1.090141164810474854e+12
6.170000000000000000e+02 1.073466837685729370e+12
6.180000000000000000e+02 1.056956110773795410e+12
6.190000000000000000e+02 1.040604657471506226e+12
6.200000000000000000e+02 1.024408286287629883e+12
6.210000000000000000e+02 1.008362935287918457e+12
6.220000000000000000e+02 9.924646667828448486e+11
6.230000000000000000e+02 9.767096622463272705e+11
6.240000000000000000e+02 9.610942174545839844e+11
6.250000000000000000e+02 9.456147378346663818e+11
6.260000000000000000e+02 9.302677340124742432e+11
6.270000000000000000e+02 9.150498175506787109e+11
6.280000000000000000e+02 8.999576968671370850e+11
6.290000000000000000e+02 8.849881733252812500e+11
6.300000000000000000e+02 8.701381374876604004e+11
6.310000000000000000e+02 8.554045655250708008e+11
6.320000000000000000e+02 8.407845157732728271e+11
6.330000000000000000e+02 8.262751254305078125e+11
6.340000000000000000e+02 8.118736073887097168e+11
6.350000000000000000e+02 7.975772471920410156e+11
6.360000000000000000e+02 7.833834001168310547e+11
6.370000000000000000e+02 7.692894883669112549e+11
6.380000000000000000e+02 7.552929983792684326e+11
6.390000000000000000e+02 7.413914782347327881e+11
6.400000000000000000e+02 7.275825351688887939e+11
6.410000000000000000e+02 7.138638331789350586e+11
6.420000000000000000e+02 7.002330907219910889e+11
6.430000000000000000e+02 6.866880785011215820e+11
6.440000000000000000e+02 6.732266173351574707e+11
6.450000000000000000e+02 6.598465761087978516e+11
6.460000000000000000e+02 6.465458697998781738e+11
6.470000000000000000e+02 6.333224575802175293e+11
6.480000000000000000e+02 6.201743409875537109e+11
6.490000000000000000e+02 6.070995621653592529e+11
6.500000000000000000e+02 5.940962021679735107e+11
6.510000000000000000e+02 5.811623793284183350e+11
6.520000000000000000e+02 5.682962476864274902e+11
6.530000000000000000e+02 5.554959954742800293e+11
6.540000000000000000e+02 5.427598436579208984e+11
6.550000000000000000e+02 5.300860445313554077e+11
6.560000000000000000e+02 5.174728803618644409e+11
6.570000000000000000e+02 5.049186620839242554e+11
6.580000000000000000e+02 4.924217280394417114e+11
6.590000000000000000e+02 4.799804427623773804e+11
6.600000000000000000e+02 4.675931958054133301e+11
6.610000000000000000e+02 4.552584006063278809e+11
6.620000000000000000e+02 4.429744933920158691e+11
6.630000000000000000e+02 4.307399321179085693e+11
6.640000000000000000e+02 4.185531954402072754e+11
6.650000000000000000e+02 4.064127817189234619e+11
6.660000000000000000e+02 3.943172080492297974e+11
6.670000000000000000e+02 3.822650093186328125e+11
6.680000000000000000e+02 3.702547372878774414e+11
6.690000000000000000e+02 3.582849596930543823e+11
6.700000000000000000e+02 3.463542593668853149e+11
6.710000000000000000e+02 3.344612333772209473e+11
6.720000000000000000e+02 3.226044921812375488e+11
6.730000000000000000e+02 3.107826587941421509e+11
6.740000000000000000e+02 2.989943679722364502e+11
6.750000000000000000e+02 2.872382654113875122e+11
6.760000000000000000e+02 2.755130069627810669e+11
6.770000000000000000e+02 2.638172578707905273e+11
6.780000000000000000e+02 2.521496920393504639e+11
6.790000000000000000e+02 2.405089913370697021e+11
6.800000000000000000e+02 2.288938449546966553e+11
6.810000000000000000e+02 2.173029488329777527e+11
6.820000000000000000e+02 2.057350051837198486e+11
6.830000000000000000e+02 1.941887221313542786e+11
6.840000000000000000e+02 1.826628135068742065e+11
6.850000000000000000e+02 1.711559988281330566e+11
6.860000000000000000e+02 1.596670035010205994e+11
6.870000000000000000e+02 1.481945592716550293e+11
6.880000000000000000e+02 1.367374049502439423e+11
6.890000000000000000e+02 1.252942874098072052e+11
6.900000000000000000e+02 1.138639628380772552e+11
6.910000000000000000e+02 1.024451981868632965e+11
6.920000000000000000e+02 9.103677272331045532e+10
6.930000000000000000e+02 7.963747954399896240e+10
6.940000000000000000e+02 6.824612687469982910e+10
6.950000000000000000e+02 5.686153895104338074e+10
6.960000000000000000e+02 4.548255627206139374e+10
6.970000000000000000e+02 3.410803504499806595e+10
6.980000000000000000e+02 2.273684570072450638e+10
6.990000000000000000e+02 1.136787045438778687e+10
7.000000000000000000e+02 -0.000000000000000000e+00
