4.985755000000000048e-01 6.759077000000000000e+09
1.495727000000000029e+00 1.013967000000000000e+10
2.492878000000000149e+00 1.690200000000000000e+10
3.490028999999999826e+00 2.366684000000000000e+10
4.487180000000000391e+00 3.043450000000000000e+10
5.484329999999999927e+00 3.720531000000000000e+10
6.481482000000000632e+00 4.397961000000000000e+10
7.478632999999999420e+00 5.075778000000000000e+10
8.475784000000000873e+00 5.754018000000000000e+10
9.472934999999999661e+00 6.432720000000000000e+10
1.047009000000000079e+01 7.111923000000000000e+10
1.146724000000000032e+01 7.791670000000000000e+10
1.246438999999999986e+01 8.472001000000000000e+10
1.346153999999999940e+01 9.152959000000000000e+10
1.445869000000000071e+01 9.834589000000000000e+10
1.545584000000000024e+01 1.051694000000000000e+11
1.645298999999999978e+01 1.120004000000000000e+11
1.745014000000000109e+01 1.188396000000000000e+11
1.844728999999999886e+01 1.256873000000000000e+11
1.944444000000000017e+01 1.325440000000000000e+11
2.044160000000000110e+01 1.394102000000000000e+11
2.143874999999999886e+01 1.462864000000000000e+11
2.243590000000000018e+01 1.531731000000000000e+11
2.343304999999999794e+01 1.600709000000000000e+11
2.443020000000000280e+01 1.669801000000000000e+11
2.542735000000000056e+01 1.739015000000000000e+11
2.642450000000000188e+01 1.808353000000000000e+11
2.742164999999999964e+01 1.877823000000000000e+11
2.841881000000000057e+01 1.947430000000000000e+11
2.941595999999999833e+01 2.017178000000000000e+11
3.041310999999999964e+01 2.087074000000000000e+11
3.141025999999999740e+01 2.157123000000000000e+11
3.240740999999999872e+01 2.227332000000000000e+11
3.340455999999999648e+01 2.297705000000000000e+11
3.440171000000000134e+01 2.368248000000000000e+11
3.539885999999999910e+01 2.438968000000000000e+11
3.639601000000000397e+01 2.509871000000000000e+11
3.739316000000000173e+01 2.580961000000000000e+11
3.839030999999999949e+01 2.652247000000000000e+11
3.938747000000000043e+01 2.723733000000000000e+11
4.038461000000000212e+01 2.795426000000000000e+11
4.138176999999999595e+01 2.867333000000000000e+11
4.237892000000000081e+01 2.939459000000000000e+11
4.337607000000000568e+01 3.011811000000000000e+11
4.437321999999999633e+01 3.084396000000000000e+11
4.537037000000000120e+01 3.157220000000000000e+11
4.636751999999999896e+01 3.230290000000000000e+11
4.736467000000000382e+01 3.303611000000000000e+11
4.836181999999999448e+01 3.377192000000000000e+11
4.935896999999999935e+01 3.451038000000000000e+11
5.035613000000000739e+01 3.525157000000000000e+11
5.135327999999999804e+01 3.599555000000000000e+11
5.235041999999999973e+01 3.674239000000000000e+11
5.334758000000000067e+01 3.749216000000000000e+11
5.434473000000000553e+01 3.824492000000000000e+11
5.534187999999999619e+01 3.900076000000000000e+11
5.633904000000000423e+01 3.975973000000000000e+11
5.733618999999999488e+01 4.052192000000000000e+11
5.833332999999999657e+01 4.128738000000000000e+11
5.933049000000000461e+01 4.205619000000000000e+11
6.032764000000000237e+01 4.282841000000000000e+11
6.132479000000000013e+01 4.360413000000000000e+11
6.232193999999999789e+01 4.438341000000000000e+11
6.331909000000000276e+01 4.516633000000000000e+11
6.431624000000000763e+01 4.595294000000000000e+11
6.531338999999999828e+01 4.674333000000000000e+11
6.631054000000000315e+01 4.753757000000000000e+11
6.730769000000000801e+01 4.833573000000000000e+11
6.830485000000000184e+01 4.913787000000000000e+11
6.930199000000000353e+01 4.994408000000000000e+11
7.029914999999999736e+01 5.075441000000000000e+11
7.129630000000000223e+01 5.156895000000000000e+11
7.229344999999999288e+01 5.238775000000000000e+11
7.329059999999999775e+01 5.321090000000000000e+11
7.428775000000000261e+01 5.403847000000000000e+11
7.528489999999999327e+01 5.487051000000000000e+11
7.628204999999999814e+01 5.570711000000000000e+11
7.727920999999999196e+01 5.654833000000000000e+11
7.827636000000001104e+01 5.739424000000000000e+11
7.927350999999998749e+01 5.824491000000000000e+11
8.027065999999999235e+01 5.910042000000000000e+11
8.126779999999999404e+01 5.996081000000000000e+11
8.226494999999999891e+01 6.082617000000000000e+11
8.326211999999999591e+01 6.169657000000000000e+11
8.425927000000000078e+01 6.257206000000000000e+11
8.525641000000000247e+01 6.345271000000000000e+11
8.625356000000000734e+01 6.433860000000000000e+11
8.725070999999999799e+01 6.522978000000000000e+11
8.824785999999998864e+01 6.612632000000000000e+11
8.924500999999999351e+01 6.702829000000000000e+11
9.024216999999998734e+01 6.793575000000000000e+11
9.123931999999999221e+01 6.884876000000000000e+11
9.223646000000000811e+01 6.976739000000000000e+11
9.323362000000000194e+01 7.069169000000000000e+11
9.423077000000000680e+01 7.162174000000000000e+11
9.522791999999999746e+01 7.255759000000000000e+11
9.622507000000000232e+01 7.349930000000000000e+11
9.722222999999999615e+01 7.444692000000000000e+11
9.821936999999999784e+01 7.540053000000000000e+11
9.921651999999998850e+01 7.636018000000000000e+11
1.002137000000000029e+02 7.732593000000000000e+11
1.012107999999999919e+02 7.829783000000000000e+11
1.022079999999999984e+02 7.927594000000000000e+11
1.032051000000000016e+02 8.026033000000000000e+11
1.042023000000000081e+02 8.125104000000000000e+11
1.051993999999999971e+02 8.224813000000000000e+11
1.061965999999999894e+02 8.325166000000000000e+11
1.071937000000000069e+02 8.426168000000000000e+11
1.081908999999999992e+02 8.527824000000000000e+11
1.091879999999999882e+02 8.630140000000000000e+11
1.101852000000000089e+02 8.733121000000000000e+11
1.111822999999999979e+02 8.836773000000000000e+11
1.121795000000000044e+02 8.941099000000000000e+11
1.131766000000000076e+02 9.046107000000000000e+11
1.141738000000000000e+02 9.151800000000000000e+11
1.151709000000000032e+02 9.258184000000000000e+11
1.161680999999999955e+02 9.365264000000000000e+11
1.171651999999999987e+02 9.473045000000000000e+11
1.181624000000000052e+02 9.581530000000000000e+11
1.191594999999999942e+02 9.690727000000000000e+11
1.201567000000000149e+02 9.800640000000000000e+11
1.211538000000000039e+02 9.911272000000000000e+11
1.221509999999999962e+02 1.002263000000000000e+12
1.231482000000000028e+02 1.013472000000000000e+12
1.241453000000000060e+02 1.024754000000000000e+12
1.251423999999999950e+02 1.036110000000000000e+12
1.261396000000000015e+02 1.047541000000000000e+12
1.271367999999999938e+02 1.059046000000000000e+12
1.281338999999999828e+02 1.070627000000000000e+12
1.291311000000000035e+02 1.082283000000000000e+12
1.301281999999999925e+02 1.094016000000000000e+12
1.311254000000000133e+02 1.105826000000000000e+12
1.321225000000000023e+02 1.117713000000000000e+12
1.331196999999999946e+02 1.129677000000000000e+12
1.341168000000000120e+02 1.141720000000000000e+12
1.351140000000000043e+02 1.153841000000000000e+12
1.361110999999999933e+02 1.166042000000000000e+12
1.371083000000000141e+02 1.178322000000000000e+12
1.381054000000000030e+02 1.190682000000000000e+12
1.391025999999999954e+02 1.203122000000000000e+12
1.400997000000000128e+02 1.215643000000000000e+12
1.410969000000000051e+02 1.228246000000000000e+12
1.420939999999999941e+02 1.240931000000000000e+12
1.430911999999999864e+02 1.253698000000000000e+12
1.440883000000000038e+02 1.266548000000000000e+12
1.450854999999999961e+02 1.279481000000000000e+12
1.460825999999999851e+02 1.292498000000000000e+12
1.470798000000000059e+02 1.305600000000000000e+12
1.480768999999999949e+02 1.318786000000000000e+12
1.490740999999999872e+02 1.332057000000000000e+12
1.500712000000000046e+02 1.345415000000000000e+12
1.510683999999999969e+02 1.358859000000000000e+12
1.520654999999999859e+02 1.372389000000000000e+12
1.530627000000000066e+02 1.386007000000000000e+12
1.540597999999999956e+02 1.399713000000000000e+12
1.550570000000000164e+02 1.413508000000000000e+12
1.560541000000000054e+02 1.427391000000000000e+12
1.570512999999999977e+02 1.441364000000000000e+12
1.580484000000000151e+02 1.455427000000000000e+12
1.590456000000000074e+02 1.469580000000000000e+12
1.600427999999999997e+02 1.483825000000000000e+12
1.610398999999999887e+02 1.498161000000000000e+12
1.620370000000000061e+02 1.512590000000000000e+12
1.630341999999999985e+02 1.527112000000000000e+12
1.640312999999999874e+02 1.541727000000000000e+12
1.650285000000000082e+02 1.556436000000000000e+12
1.660255999999999972e+02 1.571240000000000000e+12
1.670227999999999895e+02 1.586140000000000000e+12
1.680199000000000069e+02 1.601135000000000000e+12
1.690170999999999992e+02 1.616227000000000000e+12
1.700141999999999882e+02 1.631416000000000000e+12
1.710114000000000090e+02 1.646703000000000000e+12
1.720084999999999980e+02 1.662089000000000000e+12
1.730057000000000187e+02 1.677573000000000000e+12
1.740028999999999826e+02 1.693158000000000000e+12
1.750000000000000284e+02 1.708843000000000000e+12
1.759971000000000174e+02 1.724629000000000000e+12
1.769942999999999813e+02 1.740517000000000000e+12
1.779915000000000020e+02 1.756508000000000000e+12
1.789885999999999910e+02 1.772602000000000000e+12
1.799858000000000118e+02 1.788801000000000000e+12
1.809829000000000008e+02 1.805104000000000000e+12
1.819800999999999931e+02 1.821513000000000000e+12
1.829772000000000105e+02 1.838028000000000000e+12
1.839744000000000028e+02 1.854650000000000000e+12
1.849714999999999918e+02 1.871380000000000000e+12
1.859687000000000126e+02 1.888218000000000000e+12
1.869658000000000015e+02 1.905166000000000000e+12
1.879629999999999939e+02 1.922225000000000000e+12
1.889601000000000113e+02 1.939394000000000000e+12
1.899572999999999752e+02 1.956675000000000000e+12
1.909544000000000210e+02 1.974069000000000000e+12
1.919515999999999849e+02 1.991576000000000000e+12
1.929486999999999739e+02 2.009198000000000000e+12
1.939458999999999946e+02 2.026935000000000000e+12
1.949429999999999836e+02 2.044788000000000000e+12
1.959402000000000044e+02 2.062758000000000000e+12
1.969372999999999934e+02 2.080846000000000000e+12
1.979345000000000141e+02 2.099053000000000000e+12
1.989316000000000031e+02 2.117379000000000000e+12
1.999288000000000238e+02 2.135825000000000000e+12
2.009259999999999877e+02 2.154393000000000000e+12
2.019231000000000051e+02 2.173084000000000000e+12
2.029202000000000226e+02 2.191897000000000000e+12
2.039173999999999864e+02 2.210835000000000000e+12
2.049145000000000039e+02 2.229898000000000000e+12
2.059116999999999962e+02 2.249087000000000000e+12
2.069087999999999852e+02 2.268403000000000000e+12
2.079060000000000059e+02 2.287847000000000000e+12
2.089030999999999949e+02 2.307420000000000000e+12
2.099002999999999872e+02 2.327123000000000000e+12
2.108974000000000046e+02 2.346956000000000000e+12
2.118945999999999970e+02 2.366922000000000000e+12
2.128916999999999859e+02 2.387020000000000000e+12
2.138889000000000067e+02 2.407253000000000000e+12
2.148859999999999957e+02 2.427620000000000000e+12
2.158832000000000164e+02 2.448123000000000000e+12
2.168803000000000054e+02 2.468763000000000000e+12
2.178775000000000261e+02 2.489540000000000000e+12
2.188746000000000151e+02 2.510457000000000000e+12
2.198717999999999790e+02 2.531514000000000000e+12
2.208689000000000249e+02 2.552711000000000000e+12
2.218660999999999888e+02 2.574051000000000000e+12
2.228633000000000095e+02 2.595533000000000000e+12
2.238603999999999985e+02 2.617160000000000000e+12
2.248575999999999908e+02 2.638932000000000000e+12
2.258547000000000082e+02 2.660849000000000000e+12
2.268519000000000005e+02 2.682914000000000000e+12
2.278489999999999895e+02 2.705127000000000000e+12
2.288461000000000070e+02 2.727489000000000000e+12
2.298432999999999993e+02 2.750002000000000000e+12
2.308404999999999916e+02 2.772666000000000000e+12
2.318376000000000090e+02 2.795482000000000000e+12
2.328348000000000013e+02 2.818452000000000000e+12
2.338319000000000187e+02 2.841576000000000000e+12
2.348290999999999826e+02 2.864856000000000000e+12
2.358261999999999716e+02 2.888292000000000000e+12
2.368233999999999924e+02 2.911886000000000000e+12
2.378204999999999814e+02 2.935638000000000000e+12
2.388177000000000021e+02 2.959550000000000000e+12
2.398147999999999911e+02 2.983623000000000000e+12
2.408120000000000118e+02 3.007857000000000000e+12
2.418091000000000008e+02 3.032255000000000000e+12
2.428063000000000216e+02 3.056816000000000000e+12
2.438034000000000106e+02 3.081542000000000000e+12
2.448006000000000029e+02 3.106433000000000000e+12
2.457977000000000203e+02 3.131492000000000000e+12
2.467948999999999842e+02 3.156718000000000000e+12
2.477920000000000016e+02 3.182113000000000000e+12
2.487891999999999939e+02 3.207678000000000000e+12
2.497863000000000113e+02 3.233414000000000000e+12
2.507835000000000036e+02 3.259322000000000000e+12
2.517805999999999926e+02 3.285403000000000000e+12
2.527777999999999849e+02 3.311657000000000000e+12
2.537749000000000024e+02 3.338086000000000000e+12
2.547720999999999947e+02 3.364691000000000000e+12
2.557691999999999837e+02 3.391472000000000000e+12
2.567664000000000328e+02 3.418431000000000000e+12
2.577635000000000218e+02 3.445568000000000000e+12
2.587606999999999857e+02 3.472885000000000000e+12
2.597578000000000316e+02 3.500382000000000000e+12
2.607549999999999955e+02 3.528060000000000000e+12
2.617522000000000162e+02 3.555920000000000000e+12
2.627493000000000052e+02 3.583963000000000000e+12
2.637463999999999942e+02 3.612191000000000000e+12
2.647436000000000149e+02 3.640602000000000000e+12
2.657407999999999788e+02 3.669199000000000000e+12
2.667378999999999678e+02 3.697982000000000000e+12
2.677350000000000136e+02 3.726953000000000000e+12
2.687321999999999775e+02 3.756110000000000000e+12
2.697292999999999665e+02 3.785457000000000000e+12
2.707264999999999873e+02 3.814993000000000000e+12
2.717235999999999763e+02 3.844719000000000000e+12
2.727207999999999970e+02 3.874636000000000000e+12
2.737180000000000177e+02 3.904744000000000000e+12
2.747151000000000067e+02 3.935044000000000000e+12
2.757122999999999706e+02 3.965537000000000000e+12
2.767094000000000165e+02 3.996223000000000000e+12
2.777065999999999804e+02 4.027103000000000000e+12
2.787036999999999694e+02 4.058178000000000000e+12
2.797008999999999901e+02 4.089448000000000000e+12
2.806979999999999791e+02 4.120913000000000000e+12
2.816951999999999998e+02 4.152575000000000000e+12
2.826922999999999888e+02 4.184433000000000000e+12
2.836895000000000095e+02 4.216488000000000000e+12
2.846865999999999985e+02 4.248740000000000000e+12
2.856838000000000193e+02 4.281191000000000000e+12
2.866809000000000083e+02 4.313839000000000000e+12
2.876781000000000290e+02 4.346686000000000000e+12
2.886752000000000180e+02 4.379732000000000000e+12
2.896723999999999819e+02 4.412977000000000000e+12
2.906695000000000277e+02 4.446421000000000000e+12
2.916666999999999916e+02 4.480065000000000000e+12
2.926638000000000375e+02 4.513908000000000000e+12
2.936610000000000014e+02 4.547951000000000000e+12
2.946580999999999904e+02 4.582194000000000000e+12
2.956553000000000111e+02 4.616636000000000000e+12
2.966524000000000001e+02 4.651279000000000000e+12
2.976496000000000208e+02 4.686122000000000000e+12
2.986467000000000098e+02 4.721164000000000000e+12
2.996439000000000306e+02 4.756406000000000000e+12
3.006410000000000196e+02 4.791847000000000000e+12
3.016381999999999834e+02 4.827488000000000000e+12
3.026353000000000293e+02 4.863327000000000000e+12
3.036324999999999932e+02 4.899366000000000000e+12
3.046295999999999822e+02 4.935602000000000000e+12
3.056268000000000029e+02 4.972036000000000000e+12
3.066239999999999668e+02 5.008668000000000000e+12
3.076211000000000126e+02 5.045497000000000000e+12
3.086182000000000016e+02 5.082522000000000000e+12
3.096153999999999655e+02 5.119743000000000000e+12
3.106125000000000114e+02 5.157159000000000000e+12
3.116096999999999753e+02 5.194768000000000000e+12
3.126067999999999643e+02 5.232571000000000000e+12
3.136039999999999850e+02 5.270567000000000000e+12
3.146010999999999740e+02 5.308754000000000000e+12
3.155982999999999947e+02 5.347132000000000000e+12
3.165953999999999837e+02 5.385699000000000000e+12
3.175925999999999476e+02 5.424455000000000000e+12
3.185896999999999935e+02 5.463397000000000000e+12
3.195868999999999573e+02 5.502526000000000000e+12
3.205841000000000349e+02 5.541839000000000000e+12
3.215811999999999671e+02 5.581334000000000000e+12
3.225783000000000129e+02 5.621011000000000000e+12
3.235754999999999768e+02 5.660868000000000000e+12
3.245726000000000226e+02 5.700903000000000000e+12
3.255697999999999865e+02 5.741114000000000000e+12
3.265669000000000324e+02 5.781500000000000000e+12
3.275640999999999963e+02 5.822058000000000000e+12
3.285612999999999602e+02 5.862786000000000000e+12
3.295584000000000060e+02 5.903683000000000000e+12
3.305555999999999699e+02 5.944746000000000000e+12
3.315527000000000157e+02 5.985973000000000000e+12
3.325498999999999796e+02 6.027360000000000000e+12
3.335470000000000255e+02 6.068907000000000000e+12
3.345441999999999894e+02 6.110610000000000000e+12
3.355413000000000352e+02 6.152466000000000000e+12
3.365384999999999991e+02 6.194473000000000000e+12
3.375356000000000449e+02 6.236627000000000000e+12
3.385328000000000088e+02 6.278925000000000000e+12
3.395298999999999978e+02 6.321365000000000000e+12
3.405271000000000186e+02 6.363943000000000000e+12
3.415242000000000075e+02 6.406656000000000000e+12
3.425214000000000283e+02 6.449499000000000000e+12
3.435185999999999922e+02 6.492471000000000000e+12
3.445156999999999812e+02 6.535565000000000000e+12
3.455129000000000019e+02 6.578780000000000000e+12
3.465099999999999909e+02 6.622109000000000000e+12
3.475070999999999799e+02 6.665550000000000000e+12
3.485043000000000006e+02 6.709099000000000000e+12
3.495013999999999896e+02 6.752750000000000000e+12
3.504986000000000104e+02 6.796499000000000000e+12
3.514956999999999994e+02 6.840341000000000000e+12
3.524929000000000201e+02 6.884271000000000000e+12
3.534900000000000091e+02 6.928285000000000000e+12
3.544872000000000298e+02 6.972378000000000000e+12
3.554842999999999620e+02 7.016543000000000000e+12
3.564815000000000396e+02 7.060775000000000000e+12
3.574787000000000035e+02 7.105069000000000000e+12
3.584757999999999925e+02 7.149418000000000000e+12
3.594728999999999814e+02 7.193818000000000000e+12
3.604701000000000022e+02 7.238261000000000000e+12
3.614671999999999912e+02 7.282741000000000000e+12
3.624643999999999551e+02 7.327253000000000000e+12
3.634615000000000009e+02 7.371789000000000000e+12
3.644586999999999648e+02 7.416340999999999023e+12
3.654559000000000424e+02 7.460904999999999023e+12
3.664529999999999745e+02 7.505472000000000000e+12
3.674501000000000204e+02 7.550034000000000000e+12
3.684472999999999843e+02 7.594584999999999023e+12
3.694444000000000301e+02 7.639116000000000000e+12
3.704415999999999940e+02 7.683619000000000977e+12
3.714387000000000398e+02 7.728087000000000977e+12
3.724359000000000037e+02 7.772512000000000000e+12
3.734330999999999676e+02 7.816883000000000977e+12
3.744302000000000135e+02 7.861192999999999023e+12
3.754273999999999774e+02 7.905434000000000000e+12
3.764245000000000232e+02 7.949595000000000977e+12
3.774216999999999871e+02 7.993668000000000000e+12
3.784188000000000329e+02 8.037642000000000000e+12
3.794159999999999968e+02 8.081508999999999023e+12
3.804131000000000427e+02 8.125256999999999023e+12
3.814103000000000065e+02 8.168878000000000000e+12
3.824073999999999955e+02 8.212360999999999023e+12
3.834046000000000163e+02 8.255694000000000000e+12
3.844017000000000053e+02 8.298868000000000000e+12
3.853989000000000260e+02 8.341872000000000000e+12
3.863960000000000150e+02 8.384692000000000000e+12
3.873931999999999789e+02 8.427319000000000977e+12
3.883902999999999679e+02 8.469742000000000000e+12
3.893874999999999886e+02 8.511948000000000000e+12
3.903845999999999776e+02 8.553923000000000977e+12
3.913817999999999984e+02 8.595656999999999023e+12
3.923788999999999874e+02 8.637136999999999023e+12
3.933761000000000081e+02 8.678350000000000000e+12
3.943731999999999971e+02 8.719283000000000977e+12
3.953702999999999861e+02 8.759923000000000977e+12
3.963675000000000068e+02 8.800255000000000000e+12
3.973645999999999958e+02 8.840267000000000000e+12
3.983618000000000166e+02 8.879944000000000000e+12
3.993589000000000055e+02 8.919273000000000000e+12
4.003560999999999694e+02 8.958237000000000000e+12
4.013532999999999902e+02 8.996823000000000000e+12
4.023505000000000109e+02 9.035017000000000000e+12
4.033475999999999999e+02 9.072802000000000000e+12
4.043446999999999889e+02 9.110165000000000000e+12
4.053418999999999528e+02 9.147087000000000000e+12
4.063391000000000304e+02 9.183554000000000000e+12
4.073361999999999625e+02 9.219549000000000000e+12
4.083333000000000084e+02 9.255057000000000000e+12
4.093304999999999723e+02 9.290060000000000000e+12
4.103277000000000498e+02 9.324542000000000000e+12
4.113247999999999820e+02 9.358485000000000000e+12
4.123219000000000278e+02 9.391873000000000000e+12
4.133190999999999917e+02 9.424686000000000000e+12
4.143162000000000376e+02 9.456907000000000000e+12
4.153134000000000015e+02 9.488518000000000000e+12
4.163105000000000473e+02 9.519500000000000000e+12
4.173077000000000112e+02 9.549836000000000000e+12
4.183048999999999751e+02 9.579504000000000000e+12
4.193020000000000209e+02 9.608487000000000000e+12
4.202991999999999848e+02 9.636764000000000000e+12
4.212963000000000306e+02 9.664316000000000000e+12
4.222934999999999945e+02 9.691121000000000000e+12
4.232906000000000404e+02 9.717160000000000000e+12
4.242878000000000043e+02 9.742411000000000000e+12
4.252848999999999933e+02 9.766854000000000000e+12
4.262821000000000140e+02 9.790466000000000000e+12
4.272792000000000030e+02 9.813226000000000000e+12
4.282764000000000237e+02 9.835110000000000000e+12
4.292735000000000127e+02 9.856097000000000000e+12
4.302707000000000335e+02 9.876163000000000000e+12
4.312678000000000225e+02 9.895284000000000000e+12
4.322649999999999864e+02 9.913438000000000000e+12
4.332620999999999754e+02 9.930598000000000000e+12
4.342592999999999961e+02 9.946741000000000000e+12
4.352563999999999851e+02 9.961840000000000000e+12
4.362534999999999741e+02 9.975870000000000000e+12
4.372506999999999948e+02 9.988805000000000000e+12
4.382479000000000156e+02 1.000062000000000000e+13
4.392450000000000045e+02 1.001128000000000000e+13
4.402420999999999935e+02 1.002077000000000000e+13
4.412393000000000143e+02 1.002904000000000000e+13
4.422365000000000350e+02 1.003609000000000000e+13
4.432335999999999672e+02 1.004187000000000000e+13
4.442307999999999879e+02 1.004635000000000000e+13
4.452278999999999769e+02 1.004950000000000000e+13
4.462250999999999976e+02 1.005130000000000000e+13
4.472223000000000184e+02 1.005171000000000000e+13
4.482193999999999505e+02 1.005069000000000000e+13
4.492164999999999964e+02 1.004821000000000000e+13
4.502136999999999603e+02 1.004424000000000000e+13
4.512109000000000378e+02 1.003875000000000000e+13
4.522079999999999700e+02 1.003169000000000000e+13
4.532051000000000158e+02 1.002303000000000000e+13
4.542022999999999797e+02 1.001273000000000000e+13
4.551994000000000256e+02 1.000076000000000000e+13
4.561965999999999894e+02 9.987072000000000000e+12
4.571937000000000353e+02 9.971631000000000000e+12
4.581908999999999992e+02 9.954396000000000000e+12
4.591880000000000450e+02 9.935328000000000000e+12
4.601852000000000089e+02 9.914384000000000000e+12
4.611823999999999728e+02 9.891523000000000000e+12
4.621795000000000186e+02 9.866704000000000000e+12
4.631766999999999825e+02 9.839885000000000000e+12
4.641738000000000284e+02 9.811021000000000000e+12
4.651709999999999923e+02 9.780073000000000000e+12
4.661681000000000381e+02 9.746997000000000000e+12
4.671653000000000020e+02 9.711751000000000000e+12
4.681624000000000478e+02 9.674293000000000000e+12
4.691596000000000117e+02 9.634582000000000000e+12
4.701567000000000007e+02 9.592578000000000000e+12
4.711539000000000215e+02 9.548240000000000000e+12
4.721510000000000105e+02 9.501531000000000000e+12
4.731482000000000312e+02 9.452413000000000000e+12
4.741453000000000202e+02 9.400852000000000000e+12
4.751424000000000092e+02 9.346813000000000000e+12
4.761395999999999731e+02 9.290266000000000000e+12
4.771367000000000189e+02 9.231185000000000000e+12
4.781338999999999828e+02 9.169541000000000000e+12
4.791311000000000035e+02 9.105315000000000000e+12
4.801281999999999925e+02 9.038488000000000000e+12
4.811254000000000133e+02 8.969047000000000000e+12
4.821225000000000023e+02 8.896982000000000000e+12
4.831195999999999913e+02 8.822290000000000000e+12
4.841168000000000120e+02 8.744972999999999023e+12
4.851140000000000327e+02 8.665036999999999023e+12
4.861110999999999649e+02 8.582495000000000977e+12
4.871082000000000107e+02 8.497368999999999023e+12
4.881053999999999746e+02 8.409686000000000000e+12
4.891025999999999954e+02 8.319480999999999023e+12
4.900998000000000161e+02 8.226798000000000000e+12
4.910968999999999482e+02 8.131686000000000000e+12
4.920939999999999941e+02 8.034207000000000977e+12
4.930911999999999580e+02 7.934428000000000000e+12
4.940883000000000038e+02 7.832426000000000000e+12
4.950854999999999677e+02 7.728288000000000000e+12
4.960826000000000136e+02 7.622108000000000000e+12
4.970797999999999774e+02 7.513992000000000000e+12
4.980769000000000233e+02 7.404051000000000977e+12
4.990739999999999554e+02 7.292410000000000000e+12
5.000712000000000330e+02 7.179196000000000000e+12
5.010683999999999969e+02 7.064548000000000000e+12
5.020655000000000427e+02 6.948612000000000000e+12
5.030627000000000066e+02 6.831542000000000000e+12
5.040598000000000525e+02 6.713494000000000000e+12
5.050570000000000164e+02 6.594635000000000000e+12
5.060541000000000622e+02 6.475133000000000000e+12
5.070513000000000261e+02 6.355161000000000000e+12
5.080484999999999900e+02 6.234895000000000000e+12
5.090456000000000358e+02 6.114513000000000000e+12
5.100427999999999997e+02 5.994193000000000000e+12
5.110399000000000456e+02 5.874112000000000000e+12
5.120371000000000095e+02 5.754448000000000000e+12
5.130342000000000553e+02 5.635372000000000000e+12
5.140313999999999623e+02 5.517056000000000000e+12
5.150285000000000082e+02 5.399663000000000000e+12
5.160255999999999403e+02 5.283354000000000000e+12
5.170228000000000748e+02 5.168280000000000000e+12
5.180199000000000069e+02 5.054586000000000000e+12
5.190170999999999140e+02 4.942407000000000000e+12
5.200141999999999598e+02 4.831872000000000000e+12
5.210113999999999805e+02 4.723095000000000000e+12
5.220086000000000013e+02 4.616183000000000000e+12
5.230056999999999334e+02 4.511234000000000000e+12
5.240029000000000678e+02 4.408331000000000000e+12
5.250000000000000000e+02 4.307549000000000000e+12
5.259971000000000458e+02 4.208950000000000000e+12
5.269942999999999529e+02 4.112587000000000000e+12
5.279913999999999987e+02 4.018501000000000000e+12
5.289886000000000195e+02 3.926722000000000000e+12
5.299857000000000653e+02 3.837271000000000000e+12
5.309828999999999724e+02 3.750160000000000000e+12
5.319800999999999931e+02 3.665391000000000000e+12
5.329772000000000389e+02 3.582957000000000000e+12
5.339743999999999460e+02 3.502844000000000000e+12
5.349714999999999918e+02 3.425031000000000000e+12
5.359687000000000126e+02 3.349489000000000000e+12
5.369658000000000584e+02 3.276185000000000000e+12
5.379629999999999654e+02 3.205080000000000000e+12
5.389601999999999862e+02 3.136129000000000000e+12
5.399573000000000320e+02 3.069285000000000000e+12
5.409543999999999642e+02 3.004497000000000000e+12
5.419515999999999849e+02 2.941711000000000000e+12
5.429487000000000307e+02 2.880872000000000000e+12
5.439459000000000515e+02 2.821920000000000000e+12
5.449429999999999836e+02 2.764797000000000000e+12
5.459402000000000044e+02 2.709444000000000000e+12
5.469374000000000251e+02 2.655800000000000000e+12
5.479344999999999573e+02 2.603805000000000000e+12
5.489316999999999780e+02 2.553399000000000000e+12
5.499288000000000238e+02 2.504524000000000000e+12
5.509259999999999309e+02 2.457119000000000000e+12
5.519230999999999767e+02 2.411129000000000000e+12
5.529202999999999975e+02 2.366496000000000000e+12
5.539174000000000433e+02 2.323166000000000000e+12
5.549144999999999754e+02 2.281085000000000000e+12
5.559116999999999962e+02 2.240203000000000000e+12
5.569087999999999283e+02 2.200468000000000000e+12
5.579060000000000628e+02 2.161832000000000000e+12
5.589030999999999949e+02 2.124249000000000000e+12
5.599003000000000156e+02 2.087673000000000000e+12
5.608973999999999478e+02 2.052063000000000000e+12
5.618945999999999685e+02 2.017376000000000000e+12
5.628917999999999893e+02 1.983573000000000000e+12
5.638888999999999214e+02 1.950616000000000000e+12
5.648861000000000558e+02 1.918469000000000000e+12
5.658831999999999880e+02 1.887098000000000000e+12
5.668803000000000338e+02 1.856470000000000000e+12
5.678774999999999409e+02 1.826553000000000000e+12
5.688745999999999867e+02 1.797319000000000000e+12
5.698718000000000075e+02 1.768738000000000000e+12
5.708690000000000282e+02 1.740783000000000000e+12
5.718660999999999603e+02 1.713430000000000000e+12
5.728632999999999811e+02 1.686654000000000000e+12
5.738604000000000269e+02 1.660431000000000000e+12
5.748575000000000728e+02 1.634740000000000000e+12
5.758546999999999798e+02 1.609561000000000000e+12
5.768519000000000005e+02 1.584873000000000000e+12
5.778490000000000464e+02 1.560658000000000000e+12
5.788461999999999534e+02 1.536898000000000000e+12
5.798433999999999742e+02 1.513577000000000000e+12
5.808405000000000200e+02 1.490677000000000000e+12
5.818376000000000658e+02 1.468185000000000000e+12
5.828347999999999729e+02 1.446085000000000000e+12
5.838319000000000187e+02 1.424364000000000000e+12
5.848291000000000395e+02 1.403010000000000000e+12
5.858261999999999716e+02 1.382008000000000000e+12
5.868233999999999924e+02 1.361349000000000000e+12
5.878205000000000382e+02 1.341021000000000000e+12
5.888176999999999452e+02 1.321012000000000000e+12
5.898147999999999911e+02 1.301313000000000000e+12
5.908119000000000369e+02 1.281915000000000000e+12
5.918091000000000577e+02 1.262807000000000000e+12
5.928062999999999647e+02 1.243982000000000000e+12
5.938034999999999854e+02 1.225430000000000000e+12
5.948006000000000313e+02 1.207144000000000000e+12
5.957976999999999634e+02 1.189117000000000000e+12
5.967948999999999842e+02 1.171340000000000000e+12
5.977920000000000300e+02 1.153807000000000000e+12
5.987892000000000507e+02 1.136511000000000000e+12
5.997862999999999829e+02 1.119445000000000000e+12
6.007835000000000036e+02 1.102604000000000000e+12
6.017805999999999358e+02 1.085981000000000000e+12
6.027776999999999816e+02 1.069571000000000000e+12
6.037749000000000024e+02 1.053369000000000000e+12
6.047720000000000482e+02 1.037368000000000000e+12
6.057691999999999553e+02 1.021564000000000000e+12
6.067663999999999760e+02 1.005953000000000000e+12
6.077635999999999967e+02 9.905284000000000000e+11
6.087606999999999289e+02 9.752868000000000000e+11
6.097577999999999747e+02 9.602237000000000000e+11
6.107549999999999955e+02 9.453347000000000000e+11
6.117521000000000413e+02 9.306158000000000000e+11
6.127492999999999483e+02 9.160628000000000000e+11
6.137465000000000828e+02 9.016720000000000000e+11
6.147436000000000149e+02 8.874399000000000000e+11
6.157407000000000608e+02 8.733625000000000000e+11
6.167378999999999678e+02 8.594365000000000000e+11
6.177350000000000136e+02 8.456585000000000000e+11
6.187322000000000344e+02 8.320251000000000000e+11
6.197293000000000802e+02 8.185331000000000000e+11
6.207264999999999873e+02 8.051796000000000000e+11
6.217237000000000080e+02 7.919612000000000000e+11
6.227208000000000538e+02 7.788752000000000000e+11
6.237178999999999860e+02 7.659186000000000000e+11
6.247151000000000067e+02 7.530887000000000000e+11
6.257123000000000275e+02 7.403826000000000000e+11
6.267093999999999596e+02 7.277978000000000000e+11
6.277066000000000940e+02 7.153314000000000000e+11
6.287038000000000011e+02 7.029812000000000000e+11
6.297009000000000469e+02 6.907445000000000000e+11
6.306981000000000677e+02 6.786190000000000000e+11
6.316952000000001135e+02 6.666021000000000000e+11
6.326922999999999320e+02 6.546917000000000000e+11
6.336894999999999527e+02 6.428853000000000000e+11
6.346865999999999985e+02 6.311808000000000000e+11
6.356837999999999056e+02 6.195760000000000000e+11
6.366808999999999514e+02 6.080686000000000000e+11
6.376780999999999722e+02 5.966566000000000000e+11
6.386752000000000180e+02 5.853380000000000000e+11
6.396723999999999251e+02 5.741107000000000000e+11
6.406694999999999709e+02 5.629727000000000000e+11
6.416666999999999916e+02 5.519220000000000000e+11
6.426637999999999238e+02 5.409566000000000000e+11
6.436609999999999445e+02 5.300748000000000000e+11
6.446580999999999904e+02 5.192745000000000000e+11
6.456552000000000362e+02 5.085540000000000000e+11
6.466523999999999432e+02 4.979115000000000000e+11
6.476495999999999640e+02 4.873451000000000000e+11
6.486467000000000098e+02 4.768531000000000000e+11
6.496438000000000557e+02 4.664338000000000000e+11
6.506409999999999627e+02 4.560855000000000000e+11
6.516381999999999834e+02 4.458064000000000000e+11
6.526353000000000293e+02 4.355948000000000000e+11
6.536324000000000751e+02 4.254492000000000000e+11
6.546295999999999822e+02 4.153679000000000000e+11
6.556268000000000029e+02 4.053493000000000000e+11
6.566239000000000487e+02 3.953917000000000000e+11
6.576210999999999558e+02 3.854937000000000000e+11
6.586182000000000016e+02 3.756536000000000000e+11
6.596154000000000224e+02 3.658699000000000000e+11
6.606125999999999294e+02 3.561410000000000000e+11
6.616096999999999753e+02 3.464655000000000000e+11
6.626068999999999960e+02 3.368418000000000000e+11
6.636040000000000418e+02 3.272685000000000000e+11
6.646011999999999489e+02 3.177441000000000000e+11
6.655982999999999947e+02 3.082670000000000000e+11
6.665954000000000406e+02 2.988359000000000000e+11
6.675926000000000613e+02 2.894493000000000000e+11
6.685897999999999683e+02 2.801057000000000000e+11
6.695869999999999891e+02 2.708038000000000000e+11
6.705841000000000349e+02 2.615420000000000000e+11
6.715811999999999671e+02 2.523191000000000000e+11
6.725783999999999878e+02 2.431336000000000000e+11
6.735756000000000085e+02 2.339841000000000000e+11
6.745726999999999407e+02 2.248691000000000000e+11
6.755697999999999865e+02 2.157875000000000000e+11
6.765670000000000073e+02 2.067376000000000000e+11
6.775641000000000531e+02 1.977183000000000000e+11
6.785612999999999602e+02 1.887281000000000000e+11
6.795584000000000060e+02 1.797656000000000000e+11
6.805556000000000267e+02 1.708296000000000000e+11
6.815527000000000726e+02 1.619187000000000000e+11
6.825498000000001184e+02 1.530314000000000000e+11
6.835470000000000255e+02 1.441666000000000000e+11
6.845440999999999576e+02 1.353229000000000000e+11
6.855413000000000920e+02 1.264990000000000000e+11
6.865383999999999105e+02 1.176936000000000000e+11
6.875357000000000198e+02 1.089053000000000000e+11
6.885328000000000657e+02 1.001329000000000000e+11
6.895299000000001115e+02 9.137515000000000000e+10
6.905271000000000186e+02 8.263079000000000000e+10
6.915243000000000393e+02 7.389860000000000000e+10
6.925212999999999965e+02 6.517734000000000000e+10
6.935185000000000173e+02 5.646584000000000000e+10
6.945157000000000380e+02 4.776292000000000000e+10
6.955127999999999702e+02 3.906743000000000000e+10
6.965099000000000160e+02 3.037826000000000000e+10
6.975070999999999231e+02 2.169432000000000000e+10
6.985043000000000575e+02 1.301449000000000000e+10
6.995013999999999896e+02 8.675381000000000000e+09
